0.127196166664 [0.117929525673] [0.136462807655]
0.12620114907649999 [0.111419312656] [0.140982985497]
0.121583633125 [0.104441806674] [0.138725459576]
0.1161696985365 [0.098414182663] [0.13392521441]
0.1115965060892 [0.0948033705354] [0.128389641643]
0.10817671194665 [0.0937113389373] [0.122642084956]
0.10570260509845 [0.0941542908549] [0.117250919342]
0.10375886037925 [0.0949436202645] [0.112574100494]
0.10222135111675 [0.0952665656805] [0.109176136553]
0.1009847186504 [0.0953986048698] [0.106570832431]
0.10151560977075 [0.0980153009295] [0.105015918612]
0.10372702032299999 [0.103259630501] [0.104194410145]
0.106097057462 [0.108806706965] [0.103387407959]
0.1070530749855 [0.111863091588] [0.102243058383]
0.106714256108 [0.112946845591] [0.100481666625]
0.1068252883851 [0.114281721413] [0.0993688553572]
0.1104195788505 [0.120424114168] [0.100415043533]
0.11998395621800001 [0.135169476271] [0.104798436165]
0.1344261430205 [0.155778735876] [0.113073550165]
0.1491414010525 [0.173810750246] [0.124472051859]
0.15899220108950002 [0.184142798185] [0.133841603994]
0.16293033957449998 [0.186288371682] [0.139572307467]
0.16603478789300002 [0.189602434635] [0.142467141151]
0.169046327472 [0.193732634187] [0.144360020757]
0.170583926141 [0.197150841355] [0.144017010927]
0.171615719795 [0.198810532689] [0.144420906901]
0.17239581048449998 [0.199551954865] [0.145239666104]
0.17449221015 [0.202060803771] [0.146923616529]
0.1780240684745 [0.207420170307] [0.148627966642]
0.181277304888 [0.214808300138] [0.147746309638]
0.180987752974 [0.221471533179] [0.140503972769]
0.177889816463 [0.224900856614] [0.130878776312]
0.173797160387 [0.224359512329] [0.123234808445]
0.1680130921305 [0.218150436878] [0.117875747383]
0.162190668285 [0.210449025035] [0.113932311535]
0.15633995086 [0.201565727592] [0.111114174128]
0.1503800190985 [0.191472843289] [0.109287194908]
0.147663194686 [0.186762601137] [0.108563788235]
0.1480311118065 [0.188173666596] [0.107888557017]
0.148596536368 [0.189509227872] [0.107683844864]
0.15015415102250002 [0.191263869405] [0.10904443264]
0.1489757746455 [0.186097845435] [0.111853703856]
0.145712662488 [0.176079660654] [0.115345664322]
0.143040638417 [0.165849894285] [0.120231382549]
0.139920793474 [0.154283896089] [0.125557690859]
0.136658206582 [0.143267303705] [0.130049109459]
0.1344334185125 [0.134635522962] [0.134231314063]
0.1337538585065 [0.128963112831] [0.138544604182]
0.13411501795050002 [0.125754922628] [0.142475113273]
0.1362389475105 [0.124599829316] [0.147878065705]
0.13944228738550002 [0.125241726637] [0.153642848134]
0.1424455568195 [0.126810058951] [0.158081054688]
0.14297065883850002 [0.126600116491] [0.159341201186]
0.14119932055450002 [0.125132784247] [0.157265856862]
0.1382076106965 [0.123188026249] [0.153227195144]
0.1355739459395 [0.122106984258] [0.149040907621]
0.1350379697975 [0.123672433197] [0.146403506398]
0.136011555791 [0.127587273717] [0.144435837865]
0.139073505998 [0.133504316211] [0.144642695785]
0.143078967929 [0.140882894397] [0.145275041461]
0.147555857897 [0.147443145514] [0.14766857028]
0.1504738107325 [0.151455059648] [0.149492561817]
0.1508403643965 [0.151601359248] [0.150079369545]
0.1486260145905 [0.149551019073] [0.147701010108]
0.1459489017725 [0.147788390517] [0.144109413028]
0.143433369696 [0.147842571139] [0.139024168253]
0.141873039305 [0.147685214877] [0.136060863733]
0.1416015625 [0.146827608347] [0.136375516653]
0.1407194808125 [0.145422384143] [0.136016577482]
0.14038388431100002 [0.143099576235] [0.137668192387]
0.1432153359055 [0.144643947482] [0.141786724329]
0.1511373519895 [0.152654275298] [0.149620428681]
0.158049099147 [0.159370049834] [0.15672814846]
0.1609075292945 [0.160770282149] [0.16104477644]
0.16283236444 [0.16313482821] [0.16252990067]
0.16500952094799998 [0.167729139328] [0.162289902568]
0.16825480014049998 [0.174788460135] [0.161721140146]
0.1729648038745 [0.183468654752] [0.162460952997]
0.178551495075 [0.191512003541] [0.165590986609]
0.1842134296895 [0.197267740965] [0.171159118414]
0.19066100567549998 [0.201764836907] [0.179557174444]
0.1987874284385 [0.207664430141] [0.189910426736]
0.2089667245745 [0.218155786395] [0.199777662754]
0.222439080477 [0.239468023181] [0.205410137773]
0.23583899438400002 [0.262856245041] [0.208821743727]
0.2457318902015 [0.28045964241] [0.211004137993]
0.2522779107095 [0.289491027594] [0.215064793825]
0.251876115799 [0.286871343851] [0.216880887747]
0.2440639436245 [0.275802880526] [0.212325006723]
0.2337238639595 [0.261282414198] [0.206165313721]
0.22689207643249998 [0.25208735466] [0.201696798205]
0.22255601733949998 [0.245638266206] [0.199473768473]
0.2198208794 [0.240732327104] [0.198909431696]
0.217905782163 [0.23735705018] [0.198454514146]
0.2170204892755 [0.235635533929] [0.198405444622]
0.218133173883 [0.236349567771] [0.199916779995]
0.220744483173 [0.241178393364] [0.200310572982]
0.224827170372 [0.251817554235] [0.197836786509]
0.22884542495 [0.266089826822] [0.191601023078]
0.2332339584825 [0.280570954084] [0.185896962881]
0.237912893295 [0.293897539377] [0.181928247213]
0.24360685050449998 [0.307053148746] [0.180160552263]
0.2516047358515 [0.320821464062] [0.182388007641]
0.263321958482 [0.336010575294] [0.19063334167]
0.2756942510605 [0.34864756465] [0.202740937471]
0.287427097559 [0.359386175871] [0.215468019247]
0.2974195107815 [0.369785636663] [0.2250533849]
0.303995802999 [0.377029627562] [0.230961978436]
0.308696359396 [0.383085638285] [0.234307080507]
0.3108841106295 [0.3863453269] [0.235422894359]
0.310479842126 [0.386836081743] [0.234123602509]
0.30826087296 [0.383445858955] [0.233075886965]
0.3062764555215 [0.376919567585] [0.235633343458]
0.305860735476 [0.366650283337] [0.245071187615]
0.3086583912375 [0.354571938515] [0.26274484396]
0.313612550497 [0.341278553009] [0.285946547985]
0.3161085397005 [0.329585283995] [0.302631795406]
0.310792297125 [0.313742816448] [0.307841777802]
0.30201259255400004 [0.303066492081] [0.300958693027]
0.29604078829299996 [0.302477747202] [0.289603829384]
0.289484515786 [0.299905031919] [0.279063999653]
0.28334710001950003 [0.294323176146] [0.272371023893]
0.27960520982750003 [0.288977622986] [0.270232796669]
