0.143807478249 [0.17459654808] [0.113018408418]
0.142425540835 [0.174797818065] [0.110053263605]
0.1397662460805 [0.173901826143] [0.105630666018]
0.137487988919 [0.172964930534] [0.102011047304]
0.13574910908920002 [0.171865329146] [0.0996328890324]
0.1355340629815 [0.171107843518] [0.099960282445]
0.1372390016915 [0.171890243888] [0.102587759495]
0.140241779387 [0.173010542989] [0.107473015785]
0.1436381116505 [0.173833250999] [0.113442972302]
0.1492959596215 [0.177752047777] [0.120839871466]
0.1578375324605 [0.184348851442] [0.131326213479]
0.171203121543 [0.194833606482] [0.147572636604]
0.18737339228400002 [0.206314459443] [0.168432325125]
0.2036329060795 [0.216978132725] [0.190287679434]
0.2176400050525 [0.228688910604] [0.206591099501]
0.22589171677800002 [0.238792493939] [0.212990939617]
0.22968222200900001 [0.247030630708] [0.21233381331]
0.233155503869 [0.254915565252] [0.211395442486]
0.23660440743 [0.262761741877] [0.210447072983]
0.2385300025345 [0.269698500633] [0.207361504436]
0.2385562360285 [0.274930089712] [0.202182382345]
0.237259678543 [0.277108639479] [0.197410717607]
0.23373486101649998 [0.274514973164] [0.192954748869]
0.22814509272599998 [0.266400665045] [0.189889520407]
0.220257669687 [0.253616839647] [0.186898499727]
0.211954265833 [0.240938603878] [0.182969927788]
0.20625392347549998 [0.233103305101] [0.17940454185]
0.20312551409000001 [0.229383811355] [0.176867216825]
0.202480264008 [0.227551013231] [0.177409514785]
0.20324359089150001 [0.225099951029] [0.181387230754]
0.203977741301 [0.220421254635] [0.187534227967]
0.203031979501 [0.215327709913] [0.190736249089]
0.20158461481349998 [0.212248340249] [0.190920889378]
0.19892144203200002 [0.209016129375] [0.188826754689]
0.1962740644815 [0.206091552973] [0.18645657599]
0.19322594255199999 [0.202516302466] [0.183935582638]
0.18886051326999997 [0.194850832224] [0.182870194316]
0.1809110343455 [0.182591333985] [0.179230734706]
0.170169301331 [0.167547225952] [0.17279137671]
0.161030724645 [0.153513863683] [0.168547585607]
0.15515222400450002 [0.142542511225] [0.167761936784]
0.1530967205765 [0.136172473431] [0.170020967722]
0.154361002147 [0.134400680661] [0.174321323633]
0.158126525581 [0.135590687394] [0.180662363768]
0.16324779391299998 [0.139191493392] [0.187304094434]
0.169810526073 [0.144000247121] [0.195620805025]
0.17739574611199999 [0.148787170649] [0.206004321575]
0.183391742408 [0.149482131004] [0.217301353812]
0.18386436253799998 [0.142881214619] [0.224847510457]
0.17697175592199998 [0.131560236216] [0.222383275628]
0.167313110083 [0.121501125395] [0.213125094771]
0.1584676727655 [0.11547985673] [0.201455488801]
0.1551026292145 [0.115163587034] [0.195041671395]
0.1568787060675 [0.120103947818] [0.193653464317]
0.1622924506665 [0.128578647971] [0.196006253362]
0.169138468802 [0.13830769062] [0.199969246984]
0.1755303665995 [0.146498426795] [0.204562306404]
0.1796334311365 [0.151046395302] [0.208220466971]
0.1809514015915 [0.15236710012] [0.209535703063]
0.179492853582 [0.150980204344] [0.20800550282]
0.1763666197655 [0.148208260536] [0.204524978995]
0.17293475568299999 [0.145797297359] [0.200072214007]
0.170677408576 [0.145228952169] [0.196125864983]
0.1707582324745 [0.147005572915] [0.194510892034]
0.173664279282 [0.150801807642] [0.196526750922]
0.1790462061765 [0.155315592885] [0.202776819468]
0.1859557852145 [0.158978193998] [0.212933376431]
0.1946593746545 [0.163026466966] [0.226292282343]
0.20135016739349998 [0.166674003005] [0.236026331782]
0.2063604071735 [0.171501353383] [0.241219460964]
0.208014264703 [0.176361128688] [0.239667400718]
0.2079379409555 [0.17906691134] [0.236808970571]
0.2089459598065 [0.182785049081] [0.235106870532]
0.209053367376 [0.185331970453] [0.232774764299]
0.20844191312799998 [0.186998844147] [0.229884982109]
0.2064261883495 [0.186200812459] [0.22665156424]
0.2027361541985 [0.184635341167] [0.22083696723]
0.198489032686 [0.183685168624] [0.213292896748]
0.1956348642705 [0.185064777732] [0.206204950809]
0.19591800868499998 [0.190479621291] [0.201356396079]
0.1999491751195 [0.200611487031] [0.199286863208]
0.208657003939 [0.21432043612] [0.202993571758]
0.2206862568855 [0.230581462383] [0.210791051388]
0.234140574932 [0.246225431561] [0.222055718303]
0.2451866939665 [0.256880015135] [0.233493372798]
0.250345490873 [0.26109752059] [0.239593461156]
0.24461466074 [0.255785256624] [0.233444064856]
0.2333115786315 [0.243327379227] [0.223295778036]
0.2239919900895 [0.23135201633] [0.216631963849]
0.219035334885 [0.223789975047] [0.214280694723]
0.21916142106050002 [0.221307992935] [0.217014849186]
0.222495511174 [0.223980501294] [0.221010521054]
0.2269824519755 [0.229176864028] [0.224788039923]
0.23141372203799998 [0.234653383493] [0.228174060583]
0.236371360719 [0.239296734333] [0.233445987105]
0.24203473329550002 [0.244212642312] [0.239856824279]
0.248973108828 [0.251263678074] [0.246682539582]
0.2556154578925 [0.261213719845] [0.25001719594]
0.26143232733 [0.273639947176] [0.249224707484]
0.2669980973005 [0.288305282593] [0.245690912008]
0.271407186985 [0.301380008459] [0.241434365511]
0.272032737732 [0.309524893761] [0.234540581703]
0.27402236312600003 [0.321201711893] [0.226843014359]
0.2796723246575 [0.33770775795] [0.221636891365]
0.2884045615795 [0.35956299305] [0.217246130109]
0.2911646962165 [0.370913147926] [0.211416244507]
0.289196230471 [0.374884843826] [0.203507617116]
0.28383760899300003 [0.371745228767] [0.195929989219]
0.275463886559 [0.362346738577] [0.188581034541]
0.2662404626605 [0.350993812084] [0.181487113237]
0.2571183145045 [0.338588476181] [0.175648152828]
0.2482300922275 [0.324394077063] [0.172066107392]
0.2397974655035 [0.308194667101] [0.171400263906]
0.23269759118549999 [0.291560590267] [0.173834592104]
0.22765065729649997 [0.277224749327] [0.178076565266]
0.2251133322715 [0.268508195877] [0.181718468666]
0.225202009082 [0.267474383116] [0.182929635048]
0.227851584554 [0.27447116375] [0.181232005358]
0.2311219275 [0.282910525799] [0.179333329201]
0.23399233073000003 [0.2920178473] [0.17596681416]
0.23400471359500002 [0.294975876808] [0.173033550382]
0.2319879606365 [0.292234510183] [0.17174141109]
0.23113813251249998 [0.287976145744] [0.174300119281]
0.2329928278925 [0.285206317902] [0.180779337883]
0.23813200742 [0.285644173622] [0.190619841218]
0.2462002187965 [0.291581571102] [0.200818866491]
0.2540256232025 [0.299370586872] [0.208680659533]
0.2580437138675 [0.303534477949] [0.212552949786]
0.25820913165799997 [0.303916573524] [0.212501689792]
0.2560198679565 [0.302352696657] [0.209687039256]
0.25314047932649997 [0.30016720295] [0.206113755703]
0.25029194355 [0.295592457056] [0.204991430044]
0.2488914728165 [0.28909099102] [0.208691954613]
0.2496378943325 [0.282684594393] [0.216591194272]
0.2534802481535 [0.278574496508] [0.228385999799]
0.25854835659250003 [0.277144521475] [0.23995219171]
0.263839408755 [0.277227282524] [0.250451534986]
0.26766596734500003 [0.276724696159] [0.258607238531]
0.2668585032225 [0.273587435484] [0.260129570961]
0.26348689198499997 [0.265563666821] [0.261410117149]
0.260470226407 [0.254446297884] [0.26649415493]
0.2599841430785 [0.248044088483] [0.271924197674]
0.260966643691 [0.246697127819] [0.275236159563]
0.2625569850205 [0.248306185007] [0.276807785034]
0.2636596262455 [0.250666439533] [0.276652812958]
0.26472611725350004 [0.252719253302] [0.276732981205]
0.26445107162000003 [0.251594334841] [0.277307808399]
