0.194648578763 [0.247022941709] [0.142274215817]
0.1980838552115 [0.259027659893] [0.13714005053]
0.20071816444399998 [0.269025504589] [0.132410824299]
0.203354097903 [0.276818454266] [0.12988974154]
0.20760354399699998 [0.285050362349] [0.130156725645]
0.211535528302 [0.290731549263] [0.132339507341]
0.21526402235000003 [0.296437680721] [0.134090363979]
0.21829032897950001 [0.302298426628] [0.134282231331]
0.22180136293199998 [0.311166197062] [0.132436528802]
0.227980554104 [0.326220601797] [0.129740506411]
0.23709839582449999 [0.345073491335] [0.129123300314]
0.246160186827 [0.361565470695] [0.130754902959]
0.2525726482275 [0.37185433507] [0.133290961385]
0.255155161023 [0.375358998775] [0.134951323271]
0.25390205532300003 [0.371915370226] [0.13588874042]
0.2524130791425 [0.367282599211] [0.137543559074]
0.2521249726415 [0.363634049892] [0.140615895391]
0.2540484815835 [0.363237828016] [0.144859135151]
0.257556520402 [0.36604475975] [0.149068281054]
0.2606501430275 [0.368445903063] [0.152854382992]
0.262460172176 [0.367700129747] [0.157220214605]
0.262204438448 [0.36240541935] [0.162003457546]
0.2601754665375 [0.35308483243] [0.167266100645]
0.25766594708 [0.344900965691] [0.170430928469]
0.2521798536185 [0.334239840508] [0.170119866729]
0.248212844133 [0.328679591417] [0.167746096849]
0.24175772815950003 [0.317175716162] [0.166339740157]
0.23536549508550003 [0.303702175617] [0.167028814554]
0.22793485224249999 [0.289108425379] [0.166761279106]
0.2214502617715 [0.275515973568] [0.167384549975]
0.216101631522 [0.26422137022] [0.167981892824]
0.21130809187850003 [0.254497170448] [0.168119013309]
0.207157030702 [0.245163202286] [0.169150859118]
0.20088575035349998 [0.232187330723] [0.169584169984]
0.191944628954 [0.218586474657] [0.165302783251]
0.1832762807605 [0.209256827831] [0.15729573369]
0.17662034928800002 [0.204998329282] [0.148242369294]
0.170329272747 [0.201233968139] [0.139424577355]
0.1647825986145 [0.196417018771] [0.133148178458]
0.1588658988475 [0.189135789871] [0.128596007824]
0.15354850888299998 [0.181001618505] [0.126095399261]
0.1518673449755 [0.177424281836] [0.126310408115]
0.155043467879 [0.18106752634] [0.129019409418]
0.162296928465 [0.191474229097] [0.133119627833]
0.1714027747515 [0.205028191209] [0.137777358294]
0.178354948759 [0.215797826648] [0.14091207087]
0.1818333268165 [0.221008732915] [0.142657920718]
0.181936457753 [0.221686169505] [0.142186746001]
0.1803323999045 [0.220092654228] [0.140572145581]
0.1791878640655 [0.219325229526] [0.139050498605]
0.1799054220315 [0.219977587461] [0.139833256602]
0.18435471504950002 [0.223733752966] [0.144975677133]
0.191337168217 [0.227505668998] [0.155168667436]
0.1968753263355 [0.225819155574] [0.167931497097]
0.199116103351 [0.220255732536] [0.177976474166]
0.1965987458825 [0.212942510843] [0.180254980922]
0.19117368757699998 [0.206130802631] [0.176216572523]
0.185818709433 [0.204343602061] [0.167293816805]
0.1837030425665 [0.206937268376] [0.160468816757]
0.1855302602055 [0.212014317513] [0.159046202898]
0.189243525267 [0.214993461967] [0.163493588567]
0.195213906467 [0.217088311911] [0.173339501023]
0.203006617725 [0.218473017216] [0.187540218234]
0.212383814156 [0.219981536269] [0.204786092043]
0.222847171128 [0.222227394581] [0.223466947675]
0.233620978892 [0.226879000664] [0.24036295712]
0.24266619235300002 [0.233518704772] [0.251813679934]
0.24947432428600003 [0.242866262794] [0.256082385778]
0.25430405139949996 [0.253161787987] [0.255446314812]
