0.1899516433475 [0.212192222476] [0.167711064219]
0.1891349107025 [0.208982288837] [0.169287532568]
0.1887164711955 [0.207370117307] [0.170062825084]
0.18907569348800002 [0.208343192935] [0.169808194041]
0.19043375551699998 [0.211705967784] [0.16916154325]
0.1893774196505 [0.211449623108] [0.167305216193]
0.184732288122 [0.205948382616] [0.163516193628]
0.177871465683 [0.195997819304] [0.159745112062]
0.172465920448 [0.188516899943] [0.156414940953]
0.1692331805825 [0.185058042407] [0.153408318758]
0.168296739459 [0.185563609004] [0.151029869914]
0.166618175805 [0.185362517834] [0.147873833776]
0.160844258964 [0.180056452751] [0.141632065177]
0.1569747328755 [0.177146941423] [0.136802524328]
0.156541779637 [0.179462984204] [0.13362057507]
0.1570931598545 [0.18134278059] [0.132843539119]
0.1580879092215 [0.181402027607] [0.134773790836]
0.158550448716 [0.179153323174] [0.137947574258]
0.158044464886 [0.174990028143] [0.141098901629]
0.1575848385695 [0.170668125153] [0.144501551986]
0.160272307694 [0.169070467353] [0.151474148035]
0.1674491763115 [0.173365458846] [0.161532893777]
0.174644432962 [0.178621158004] [0.17066770792]
0.1796954497695 [0.186637014151] [0.172753885388]
0.1813917309045 [0.19251999259] [0.170263469219]
0.1818777248265 [0.192509248853] [0.1712462008]
0.1798606440425 [0.185873731971] [0.173847556114]
0.17656634748 [0.175081983209] [0.178050711751]
0.173208154738 [0.162111625075] [0.184304684401]
0.1718978509305 [0.15169942379] [0.192096278071]
0.1695427522065 [0.144725084305] [0.194360420108]
0.167197331786 [0.140790000558] [0.193604663014]
0.16646070033299998 [0.139257892966] [0.1936635077]
0.165601491928 [0.140794470906] [0.19040851295]
0.16452759504300002 [0.143441081047] [0.185614109039]
0.161244809628 [0.145463302732] [0.177026316524]
0.1570263653995 [0.145783826709] [0.16826890409]
0.1535109430555 [0.144255369902] [0.162766516209]
0.151566825807 [0.142334997654] [0.16079865396]
0.15136491507299998 [0.141957461834] [0.160772368312]
0.1513072922825 [0.142091870308] [0.160522714257]
0.15153311193 [0.144976720214] [0.158089503646]
0.153070829809 [0.15222427249] [0.153917387128]
0.1572609767315 [0.163001269102] [0.151520684361]
0.1640241891145 [0.178331360221] [0.149717018008]
0.1742421090605 [0.199306294322] [0.149177923799]
0.185726381838 [0.220645293593] [0.150807470083]
0.19325312227000002 [0.232440903783] [0.154065340757]
0.195722639561 [0.232374608517] [0.159070670605]
0.19479200989 [0.22385276854] [0.16573125124]
0.193849980831 [0.213355377316] [0.174344584346]
0.1952004283665 [0.205664053559] [0.184736803174]
0.19795221835350002 [0.201412707567] [0.19449172914]
0.200459368527 [0.199536442757] [0.201382294297]
0.20395871251800002 [0.202314928174] [0.205602496862]
0.2093713656065 [0.209386229515] [0.209356501698]
0.215096466243 [0.21657384932] [0.213619083166]
0.22060729563249998 [0.223127067089] [0.218087524176]
0.226329989731 [0.226412788033] [0.226247191429]
0.232118986547 [0.22731539607] [0.236922577024]
0.23557110875850001 [0.227361485362] [0.243780732155]
0.236347973347 [0.229791581631] [0.242904365063]
0.23792590945949998 [0.235091418028] [0.240760400891]
0.240380421281 [0.242232576013] [0.238528266549]
0.24392914027 [0.250945389271] [0.236912891269]
0.2506112381815 [0.260218083858] [0.241004392505]
0.258977197111 [0.268444746733] [0.249509647489]
0.2690364420415 [0.276981711388] [0.261091172695]
0.281299248338 [0.28461638093] [0.277982115746]
0.2925422489645 [0.296349525452] [0.288734972477]
0.301728308201 [0.307719439268] [0.295737177134]
0.30830119550199997 [0.314919054508] [0.301683336496]
0.30775444209549996 [0.315657019615] [0.299851864576]
0.29959520697599995 [0.310723811388] [0.288466602564]
0.28826352953900003 [0.304409921169] [0.272117137909]
0.27850365638749996 [0.297642469406] [0.259364843369]
0.2724039554595 [0.292652636766] [0.252155274153]
0.266058139503 [0.290687292814] [0.241428986192]
0.26023444533350004 [0.293433487415] [0.227035403252]
0.257597103715 [0.297946810722] [0.217247396708]
0.2586040347815 [0.305258870125] [0.211949199438]
0.2613333910705 [0.312625616789] [0.210041165352]
0.262489974499 [0.315505087376] [0.209474861622]
0.2588149532675 [0.309758961201] [0.207870945334]
0.24986213445650002 [0.295277416706] [0.204446852207]
0.2388559877875 [0.277054548264] [0.200657427311]
0.230389580131 [0.262561321259] [0.198217839003]
0.2287832945585 [0.259173125029] [0.198393464088]
0.2326558604835 [0.264064282179] [0.201247438788]
0.24050334095950002 [0.275470197201] [0.205536484718]
0.250517256558 [0.290127635002] [0.210906878114]
0.264216065407 [0.304179906845] [0.224252223969]
0.27827270329 [0.314203828573] [0.242341578007]
0.290274456143 [0.320088356733] [0.260460555553]
0.29997326433649996 [0.323399990797] [0.276546537876]
0.30551913380600004 [0.327185630798] [0.283852636814]
0.306471556425 [0.333784133196] [0.279158979654]
0.3071728348735 [0.341264367104] [0.273081302643]
0.3052472621205 [0.341773480177] [0.268721044064]
0.3042118400335 [0.338877469301] [0.269546210766]
0.3056247234345 [0.337950140238] [0.273299306631]
0.305693075061 [0.335560590029] [0.275825560093]
0.30241946876049997 [0.329679429531] [0.27515950799]
0.296582520008 [0.317846298218] [0.275318741798]
0.29110270738599997 [0.302361637354] [0.279843777418]
0.285048648715 [0.28712117672] [0.28297612071]
0.2775094509125 [0.272254854441] [0.282764047384]
0.26943643391149996 [0.261858582497] [0.277014285326]
0.26231981813899996 [0.252888649702] [0.271750986576]
0.257658585906 [0.248111784458] [0.267205387354]
0.255116865039 [0.247739702463] [0.262494027615]
0.252771511674 [0.247168451548] [0.2583745718]
0.2530916035175 [0.251299381256] [0.254883825779]
0.25750532746349997 [0.262956231833] [0.252054423094]
0.268121793866 [0.284116744995] [0.252126842737]
0.281130552292 [0.310887813568] [0.251373291016]
0.29237164557 [0.335395753384] [0.249347537756]
0.3015220686795 [0.355333149433] [0.247710987926]
0.30657371878649997 [0.370128154755] [0.243019282818]
0.3086221963165 [0.380756229162] [0.236488163471]
0.3090836554765 [0.388133376837] [0.230033934116]
0.30890797823649996 [0.392925530672] [0.224890425801]
0.3099491521715 [0.395551145077] [0.224347159266]
0.3137742057445 [0.396930277348] [0.230618134141]
0.32273661345250004 [0.3994602561] [0.246012970805]
