0.1716202273965 [0.164710044861] [0.178530409932]
0.1718065962195 [0.160653620958] [0.182959571481]
0.1705217957495 [0.156093031168] [0.184950560331]
0.168263614178 [0.150962084532] [0.185565143824]
0.1641902178525 [0.145205378532] [0.183175057173]
0.1596738621595 [0.139360919595] [0.179986804724]
0.15625969320549998 [0.135443150997] [0.177076235414]
0.1533235386015 [0.132523298264] [0.174123778939]
0.1515045836565 [0.131666705012] [0.171342462301]
0.15071006864300002 [0.133479192853] [0.167940944433]
0.15059043467049998 [0.139148384333] [0.162032485008]
0.1522748991845 [0.148076087236] [0.156473711133]
0.1567135825755 [0.160717904568] [0.152709260583]
0.16168716549849999 [0.174401849508] [0.148972481489]
0.1654365435245 [0.185381919146] [0.145491167903]
0.1688438951965 [0.194429531693] [0.1432582587]
0.17143496125899998 [0.201293185353] [0.141576737165]
0.1733710467815 [0.208692133427] [0.138049960136]
0.17737025022500003 [0.218353331089] [0.136387169361]
0.183105997741 [0.22835278511] [0.137859210372]
0.193045020103 [0.241509661078] [0.144580379128]
0.203800871968 [0.253193467855] [0.154408276081]
0.2125854715705 [0.259699583054] [0.165471360087]
0.21954001486299998 [0.264086514711] [0.174993515015]
0.22319727391 [0.266441911459] [0.179952636361]
0.2239286974075 [0.267338693142] [0.180518701673]
0.21890190243700003 [0.263373225927] [0.174430578947]
0.2125051245095 [0.25473228097] [0.170277968049]
0.2043050155045 [0.241451665759] [0.16715836525]
0.1952265202995 [0.225486040115] [0.164967000484]
0.187008135021 [0.20981182158] [0.164204448462]
0.18148985505100002 [0.197392851114] [0.165586858988]
0.18009051680600002 [0.189206823707] [0.170974209905]
0.183000408113 [0.184630393982] [0.181370422244]
0.187771834433 [0.182253777981] [0.193289890885]
0.18824607878900002 [0.180996865034] [0.195495292544]
0.188280902803 [0.180971875787] [0.195589929819]
0.1883841529485 [0.180162787437] [0.19660551846]
0.1894601508975 [0.1800981462] [0.198822155595]
0.193117149174 [0.181639894843] [0.204594403505]
0.2022889479995 [0.190471470356] [0.214106425643]
0.2196974158285 [0.211270496249] [0.228124335408]
0.2458107843995 [0.242896869779] [0.24872469902]
0.2735148221255 [0.274084091187] [0.272945553064]
0.297159090638 [0.303408205509] [0.290909975767]
0.312384620309 [0.327254712582] [0.297514528036]
0.321245372295 [0.340674191713] [0.301816552877]
0.32738660275950004 [0.345910817385] [0.308862388134]
0.334205061197 [0.34891089797] [0.319499224424]
0.343587771058 [0.359165430069] [0.328010112047]
0.35148495435750005 [0.37212407589] [0.330845832825]
0.357124567032 [0.38559794426] [0.328651189804]
0.36109766364100004 [0.39630779624] [0.325887531042]
0.362141340971 [0.402028769255] [0.322253912687]
0.36114689707750003 [0.401625752449] [0.320668041706]
0.35653756558899996 [0.394541591406] [0.318533539772]
0.34699639678000005 [0.381103485823] [0.312889307737]
0.3351618796585 [0.36396291852] [0.306360840797]
0.3224387317895 [0.343218803406] [0.301658660173]
0.312530130148 [0.323763459921] [0.301296800375]
0.30529233813300005 [0.308338195086] [0.30224648118]
0.3008597642185 [0.30009546876] [0.301624059677]
0.2993677556515 [0.295979529619] [0.302755981684]
0.296768963337 [0.292476892471] [0.301061034203]
0.2911860644815 [0.286964893341] [0.295407235622]
0.28515802323850004 [0.27865049243] [0.291665554047]
0.2793099582195 [0.266487807035] [0.292132109404]
0.275359809399 [0.256123453379] [0.294596165419]
0.27465014159650003 [0.253694593906] [0.295605689287]
0.27589276433 [0.258660823107] [0.293124705553]
0.27742299437499995 [0.266865491867] [0.287980496883]
0.2790941745045 [0.275222629309] [0.2829657197]
0.27890031039700003 [0.281890898943] [0.275909721851]
0.2760866880415 [0.285154342651] [0.267019033432]
0.27371722459799996 [0.286662966013] [0.260771483183]
0.2723172158005 [0.289008319378] [0.255626112223]
0.268619775772 [0.288453668356] [0.248785883188]
0.265234813094 [0.284228444099] [0.246241182089]
0.264968939126 [0.280880004168] [0.249057874084]
0.265381574631 [0.279424071312] [0.25133907795]
0.2653455734255 [0.278141975403] [0.252549171448]
0.262620702386 [0.273110866547] [0.252130538225]
0.2571998089555 [0.263229697943] [0.251169919968]
0.2499104961755 [0.249217644334] [0.250603348017]
0.2439247220755 [0.233990252018] [0.253859192133]
0.24291116744250002 [0.222789689898] [0.263032644987]
0.2478741556405 [0.219278514385] [0.276469796896]
0.256861589849 [0.224376961589] [0.289346218109]
0.268779337406 [0.236301898956] [0.301256775856]
0.280329108238 [0.250466585159] [0.310191631317]
0.2910111695525 [0.265185177326] [0.316837161779]
0.2964755147695 [0.279359221458] [0.313591808081]
0.29714769125 [0.291000932455] [0.303294450045]
0.294800788164 [0.299488544464] [0.290113031864]
0.2908094376325 [0.304863542318] [0.276755332947]
0.286460489035 [0.310084819794] [0.262836158276]
0.2856051623825 [0.31788289547] [0.253327429295]
0.2894541174175 [0.330238133669] [0.248670101166]
0.29469724744549997 [0.344418615103] [0.244975879788]
0.2973504811525 [0.356515437365] [0.23818552494]
0.299257941544 [0.364891082048] [0.23362480104]
0.299096383154 [0.367028713226] [0.231164053082]
0.296054340899 [0.364009767771] [0.228098914027]
0.29462426900850003 [0.363134711981] [0.226113826036]
0.29453986138099997 [0.362923324108] [0.226156398654]
0.2940497398375 [0.360253423452] [0.227846056223]
0.292530849576 [0.354235947132] [0.23082575202]
0.2939939945935 [0.353966504335] [0.234021484852]
0.2987046018245 [0.359021753073] [0.238387450576]
0.3048065677285 [0.366637945175] [0.242975190282]
0.311178095639 [0.37491324544] [0.247442945838]
0.314475722611 [0.380500108004] [0.248451337218]
0.3155079632995 [0.384892642498] [0.246123284101]
0.31587026268249996 [0.386647045612] [0.245093479753]
0.3151766583325 [0.386402189732] [0.243951126933]
0.3140842169525 [0.388059318066] [0.240109115839]
0.3109937384725 [0.392113149166] [0.229874327779]
0.30669422447649997 [0.396039277315] [0.217349171638]
0.30265216529399996 [0.399385094643] [0.205919235945]
0.298451572657 [0.398704260588] [0.198198884726]
0.2930598407985 [0.390893161297] [0.1952265203]
0.286802358925 [0.376883536577] [0.196721181273]
0.2805255129935 [0.357768446207] [0.20328257978]
0.2772539556025 [0.343787163496] [0.210720747709]
0.277735643089 [0.335454285145] [0.220017001033]
0.28117980063 [0.332472622395] [0.229886978865]
0.28577947616550003 [0.332086086273] [0.239472866058]
0.2905547693375 [0.332793682814] [0.248315855861]
0.2929103821515 [0.329621344805] [0.256199419498]
0.2930468767885 [0.321779429913] [0.264314323664]
0.291930913925 [0.31023940444] [0.27362242341]
0.2916336506605 [0.297249525785] [0.286017775536]
0.29409550130350004 [0.287079691887] [0.30111131072]
0.3004941046235 [0.281035840511] [0.319952368736]
0.313623771071 [0.280616164207] [0.346631377935]
0.3291058540345 [0.28446701169] [0.373744696379]
0.3405261039735 [0.287216991186] [0.393835216761]
0.347233131528 [0.290090709925] [0.404375553131]
0.35081808269000003 [0.294390082359] [0.407246083021]
0.3490293473005 [0.297002583742] [0.401056110859]
0.3420130461455 [0.298654168844] [0.385371923447]
0.337683185935 [0.296116262674] [0.379250109196]
0.334286928177 [0.291167140007] [0.377406716347]
0.33293698728050003 [0.289316833019] [0.376557141542]
0.331327408552 [0.291132509708] [0.371522307396]
0.33072514832050004 [0.294997274876] [0.366453021765]
0.329978376627 [0.298928648233] [0.361028105021]
0.3257716596125 [0.297999978065] [0.35354334116]
0.31682020425799995 [0.292720347643] [0.340920060873]
0.30579136312 [0.28884640336] [0.32273632288]
