0.28901787102200005 [0.312240004539] [0.265795737505]
0.29746419191350004 [0.322075039148] [0.272853344679]
0.3049798309805 [0.332738131285] [0.277221530676]
0.310905262828 [0.340141415596] [0.28166911006]
0.3172454535965 [0.349073439837] [0.285417467356]
0.322913229465 [0.359222143888] [0.286604315042]
0.32752874493600004 [0.366248786449] [0.288808703423]
0.3277571946385 [0.364870131016] [0.290644258261]
0.3240278363225 [0.358243435621] [0.289812237024]
0.315087646246 [0.345769792795] [0.284405499697]
0.30308654904349996 [0.329597145319] [0.276575952768]
0.293940499425 [0.321862310171] [0.266018688679]
0.2849103808405 [0.316333085299] [0.253487676382]
0.2747592404485 [0.30822712183] [0.241291359067]
0.26308342069400004 [0.294681996107] [0.231484845281]
0.2525496855375 [0.279561012983] [0.225538358092]
0.24416405707599997 [0.26506870985] [0.223259404302]
0.23625611513849998 [0.251275449991] [0.221236780286]
0.22911554574999998 [0.240916833282] [0.217314258218]
0.2228587642315 [0.233935132623] [0.21178239584]
0.2184592336415 [0.23040702939] [0.206511437893]
0.2178876996045 [0.231526985765] [0.204248413444]
0.222563393414 [0.239096239209] [0.206030547619]
0.22975294292 [0.249592855573] [0.209913030267]
0.238434039056 [0.261621266603] [0.215246811509]
0.24747720360750003 [0.272895753384] [0.222058653831]
0.257450990379 [0.285817176104] [0.229084804654]
0.270171523094 [0.302939414978] [0.23740363121]
0.276444874704 [0.313390105963] [0.239499643445]
0.28004892915449997 [0.318858236074] [0.241239622235]
0.2848046943545 [0.323803007603] [0.245806381106]
0.2889206260445 [0.329368591309] [0.24847266078]
0.293045476079 [0.335638910532] [0.250452041626]
0.296724155545 [0.340182304382] [0.253266006708]
0.2992692589755 [0.341226547956] [0.257311969995]
0.30099876225 [0.340011119843] [0.261986404657]
0.3004352748395 [0.336488813162] [0.264381736517]
0.296439811587 [0.329864442348] [0.263015180826]
0.2863989025355 [0.320784538984] [0.252013266087]
0.2710808217525 [0.308391034603] [0.233770608902]
0.254175312817 [0.291808605194] [0.21654202044]
0.238175302744 [0.271240115166] [0.205110490322]
0.222067758441 [0.246632739902] [0.19750277698]
0.21064414829 [0.227104410529] [0.194183886051]
0.2039824798705 [0.214128255844] [0.193836703897]
0.2009744793175 [0.206836149096] [0.195112809539]
0.1998827829955 [0.204515144229] [0.195250421762]
0.196808382869 [0.201134249568] [0.19248251617]
0.1908232867715 [0.194572538137] [0.187074035406]
0.1830899715425 [0.186445251107] [0.179734691978]
0.1752586737275 [0.179214194417] [0.171303153038]
0.168779157102 [0.174387618899] [0.163170695305]
0.1639558300375 [0.171862825751] [0.156048834324]
0.1607643142345 [0.170288205147] [0.151240423322]
0.15970940887950003 [0.168792486191] [0.150626331568]
0.1601719632745 [0.167359963059] [0.15298396349]
0.1640233099465 [0.16733917594] [0.160707443953]
0.1710738390685 [0.169662922621] [0.172484755516]
0.17778152227400001 [0.173599988222] [0.181963056326]
0.178332105279 [0.175679162145] [0.180985048413]
0.175686098635 [0.175849497318] [0.175522699952]
0.17459507286550002 [0.176667794585] [0.172522351146]
0.1750379726295 [0.179375931621] [0.170700013638]
0.17334452271450002 [0.17811588943] [0.168573155999]
0.1737864613535 [0.178797155619] [0.168775767088]
0.176062688231 [0.182726219296] [0.169399157166]
0.181684322655 [0.19017881155] [0.17318983376]
0.190138489008 [0.20017182827] [0.180105149746]
