0.303395062685 [0.236716747284] [0.370073378086]
0.30235351622100004 [0.245691627264] [0.359015405178]
0.3069335073235 [0.261400282383] [0.352466732264]
0.315092295408 [0.277054160833] [0.353130429983]
0.3249945640565 [0.287133395672] [0.362855732441]
0.3355983644725 [0.290337026119] [0.380859702826]
0.346211120486 [0.291265785694] [0.401156455278]
0.355753049254 [0.293125391006] [0.418380707502]
0.361769303679 [0.296363741159] [0.427174866199]
0.365667581558 [0.301053494215] [0.430281668901]
0.368890479207 [0.307580381632] [0.430200576782]
0.371859490871 [0.314812123775] [0.428906857967]
0.3765037208795 [0.323516845703] [0.429490596056]
0.38509349525000003 [0.335594058037] [0.434592932463]
0.3987814337015 [0.351597100496] [0.445965766907]
0.416083991528 [0.36923801899] [0.462929964066]
0.430725544691 [0.379664003849] [0.481787085533]
0.43681448698049996 [0.377507120371] [0.49612185359]
0.430855974555 [0.364009976387] [0.497701972723]
0.4176776856185 [0.348566681147] [0.48678869009]
0.40431210398649997 [0.339727014303] [0.46889719367]
0.3912992328405 [0.33568251133] [0.446915954351]
0.376909866929 [0.333499878645] [0.420319855213]
0.364938825369 [0.331213057041] [0.398664593697]
0.356341674924 [0.327017337084] [0.385666012764]
0.3498164117335 [0.320897459984] [0.378735363483]
0.3442919403315 [0.312702655792] [0.375881224871]
0.34333871304999997 [0.30893650651] [0.37774091959]
0.344903573394 [0.310122638941] [0.379684507847]
0.344618424773 [0.311413556337] [0.377823293209]
0.34204134345049997 [0.311145454645] [0.372937232256]
0.33951745927349997 [0.310350626707] [0.36868429184]
0.34045818448099996 [0.312049508095] [0.368866860867]
0.3446977883575 [0.314498364925] [0.37489721179]
0.35136403143399997 [0.318237900734] [0.384490162134]
0.359382763505 [0.321342051029] [0.397423475981]
0.3712176829575 [0.327239692211] [0.415195673704]
0.38416774570900003 [0.333357095718] [0.4349783957]
0.39626909792450005 [0.341149300337] [0.451388895512]
0.40669840574250005 [0.350249618292] [0.463147193193]
0.4128371179105 [0.359885334969] [0.465788900852]
0.413085475564 [0.369761317968] [0.45640963316]
0.4108401834965 [0.383837521076] [0.437842845917]
0.407063737512 [0.400937944651] [0.413189530373]
0.404362037778 [0.416342526674] [0.392381548882]
0.4008770287035 [0.42442792654] [0.377326130867]
0.39820143580449996 [0.42863047123] [0.367772400379]
0.3993085473775 [0.432810693979] [0.365806400776]
0.4037788808345 [0.43908649683] [0.368471264839]
0.40855395793899996 [0.446223318577] [0.370884597301]
0.413451611996 [0.455480575562] [0.37142264843]
0.421373158693 [0.471947997808] [0.370798319578]
0.4281179606915 [0.487723648548] [0.368512272835]
0.429708749056 [0.497437030077] [0.361980468035]
0.43202951550450003 [0.507683753967] [0.356375277042]
0.43543003499550004 [0.517282545567] [0.353577524424]
0.4408011883495 [0.526564776897] [0.355037599802]
0.44723445177099996 [0.535229146481] [0.359239757061]
0.4526715874675 [0.538006126881] [0.367337048054]
0.45672631263749996 [0.536388337612] [0.377064287663]
0.45771244168299996 [0.529182612896] [0.38624227047]
0.4526478350165 [0.512249231339] [0.393046438694]
0.444193676114 [0.492514163256] [0.395873188972]
0.4344590604305 [0.474135547876] [0.394782572985]
0.4254652559755 [0.45990011096] [0.391030400991]
0.4191455096005 [0.451256662607] [0.387034356594]
0.416536062956 [0.446749120951] [0.386323004961]
0.4164218455555 [0.443936556578] [0.388907134533]
0.4172706604005 [0.441635280848] [0.392906039953]
0.4178858101365 [0.439139962196] [0.396631658077]
0.4180791378025 [0.436305612326] [0.399852663279]
0.416795939207 [0.432234197855] [0.401357680559]
0.4145498126745 [0.425101161003] [0.403998464346]
0.41299058496950003 [0.414206147194] [0.411775022745]
0.41211485862700004 [0.401568561792] [0.422661155462]
0.4119521826505 [0.391400158405] [0.432504206896]
0.4132411777975 [0.387366831303] [0.439115524292]
0.418326035142 [0.392371565104] [0.44428050518]
0.427092388272 [0.404326945543] [0.449857831001]
0.4356376230715 [0.417211383581] [0.454063862562]
0.4426608234645 [0.429254680872] [0.456066966057]
0.4437790215015 [0.434093654156] [0.453464388847]
0.4382569491865 [0.428560912609] [0.447952985764]
0.42863266170049996 [0.41608068347] [0.441184639931]
0.4186750352385 [0.401962220669] [0.435387849808]
0.4088328629735 [0.388963490725] [0.428702235222]
0.397993937135 [0.37911939621] [0.41686847806]
0.3869559019805 [0.373275995255] [0.400635808706]
0.377467229962 [0.372191905975] [0.382742553949]
0.36910246312600004 [0.373164206743] [0.365040719509]
0.3599389493465 [0.369877696037] [0.350000202656]
0.3509965837 [0.363396197557] [0.338596969843]
0.345273375511 [0.358561724424] [0.331985026598]
0.3432947695255 [0.356366872787] [0.330222666264]
0.3452612012625 [0.358078718185] [0.33244368434]
0.3516921103 [0.364823818207] [0.338560402393]
0.3626787364485 [0.377003759146] [0.348353713751]
0.37682662904249997 [0.39262419939] [0.361029058695]
0.39272783696650004 [0.409679204226] [0.375776469707]
0.4084309637545 [0.424372285604] [0.392489641905]
0.42227672040450004 [0.435394197702] [0.409159243107]
0.4347995221615 [0.442752301693] [0.42684674263]
0.446730554104 [0.447844833136] [0.445616275072]
0.4600574970245 [0.452620208263] [0.467494785786]
0.47603307664399996 [0.459540307522] [0.492525845766]
0.495469197631 [0.470196157694] [0.520742237568]
0.5151627212765 [0.480786174536] [0.549539268017]
0.5335552245374999 [0.495118230581] [0.571992218494]
0.5476487874985 [0.508221685886] [0.587075889111]
0.5552301704885 [0.516802310944] [0.593658030033]
0.5573062598705 [0.522599756718] [0.592012763023]
0.5537908375264999 [0.525930166245] [0.581651508808]
0.5495703220370001 [0.527267456055] [0.571873188019]
0.5415233075620001 [0.523324251175] [0.559722363949]
0.5251258015635 [0.504213392735] [0.546038210392]
0.502564102411 [0.477834820747] [0.527293384075]
0.479299604893 [0.450845360756] [0.50775384903]
0.4557250887155 [0.425249218941] [0.48620095849]
0.4326329380275 [0.402635365725] [0.46263051033]
0.41378900408749997 [0.38581609726] [0.441761910915]
0.400638133287 [0.375385344028] [0.425890922546]
0.391349926591 [0.369475930929] [0.413223922253]
0.387249752879 [0.3691829741] [0.405316531658]
0.388025701046 [0.373697727919] [0.402353674173]
0.39229501783849996 [0.379614621401] [0.404975414276]
