0.28062947839499996 [0.314986288548] [0.246272668242]
0.2748343274 [0.303249269724] [0.246419385076]
0.2703291326765 [0.295202314854] [0.245455950499]
0.2670672386885 [0.289924025536] [0.244210451841]
0.2660714015365 [0.287296295166] [0.244846507907]
0.26654773950599997 [0.283309310675] [0.249786168337]
0.271198362112 [0.280755341053] [0.261641383171]
0.279232233763 [0.280946195126] [0.2775182724]
0.2889272272585 [0.28401017189] [0.293844282627]
0.295832335949 [0.288210898638] [0.30345377326]
0.2955019176005 [0.289688646793] [0.301315188408]
0.2914859503505 [0.288689613342] [0.294282287359]
0.28642772138100003 [0.285892635584] [0.286962807178]
0.28199365735049997 [0.28493732214] [0.279049992561]
0.278434857726 [0.285918802023] [0.270950913429]
0.2770944684745 [0.291624188423] [0.262564748526]
0.2817871421575 [0.305474579334] [0.258099704981]
0.29092237353350003 [0.325478345156] [0.256366401911]
0.301698356867 [0.349909961224] [0.25348675251]
0.31254284083850004 [0.374901562929] [0.250184118748]
0.3166256844995 [0.390246838331] [0.243004530668]
0.31012251228099996 [0.388381242752] [0.23186378181]
0.299570173025 [0.380802720785] [0.218337625265]
0.293252430856 [0.378653049469] [0.207851812243]
0.29107953608049997 [0.37970790267] [0.202451169491]
0.290648423135 [0.379558265209] [0.201738581061]
0.2924984991555 [0.379775077105] [0.205221921206]
0.2962040528655 [0.381705701351] [0.21070240438]
0.3012414723635 [0.385544896126] [0.216938048601]
0.3072052001955 [0.389858007431] [0.22455239296]
0.310781344771 [0.39092823863] [0.230634450912]
0.3092438429595 [0.385045439005] [0.233442246914]
0.3018191084265 [0.370557576418] [0.233080640435]
0.2891850695015 [0.349070996046] [0.229299142957]
0.2732619270685 [0.327583551407] [0.21894030273]
0.257516570389 [0.308099389076] [0.206933751702]
0.2476921230555 [0.295568525791] [0.19981572032]
0.239577792585 [0.282709121704] [0.196446463466]
0.2306732162835 [0.267888456583] [0.193457975984]
0.22013012319800002 [0.252490341663] [0.187769904733]
0.20657771825799998 [0.234790056944] [0.178365379572]
0.193856105208 [0.22077037394] [0.166941836476]
0.182880729437 [0.209201961756] [0.156559497118]
0.17486578971150002 [0.200052171946] [0.149679407477]
0.1692586392165 [0.191748395562] [0.146768882871]
0.165542557836 [0.1847473979] [0.146337717772]
0.162573330104 [0.179202571511] [0.145944088697]
0.16057609766699998 [0.175357401371] [0.145794793963]
0.158477596939 [0.171283692122] [0.145671501756]
0.155064545572 [0.163927137852] [0.146201953292]
0.1502422988415 [0.153967797756] [0.146516799927]
0.14584095776099998 [0.144605189562] [0.14707672596]
0.142997942865 [0.135868549347] [0.150127336383]
0.145082823932 [0.134154483676] [0.156011164188]
0.153726182878 [0.142091989517] [0.165360376239]
0.166615664959 [0.154438823462] [0.178792506456]
0.1804496794935 [0.16759134829] [0.193308010697]
0.196419194341 [0.183234483004] [0.209603905678]
0.2082048654555 [0.194462165236] [0.221947565675]
0.216049812734 [0.201766043901] [0.230333581567]
0.22018729150299998 [0.207313030958] [0.233061552048]
0.221465885639 [0.212237924337] [0.230693846941]
0.22130140662199999 [0.216432616115] [0.226170197129]
0.222876623273 [0.221963554621] [0.223789691925]
0.22808837145549998 [0.229971319437] [0.226205423474]
0.2375637888905 [0.241930991411] [0.23319658637]
0.25049909949300003 [0.257276624441] [0.243721574545]
0.262192949653 [0.270109176636] [0.25427672267]
0.27049840986749996 [0.278804332018] [0.262192487717]
0.275230407715 [0.282311588526] [0.268149226904]
0.2770557403565 [0.281189709902] [0.272921770811]
