0.215992614627 [0.231371149421] [0.200614079833]
0.2050686851145 [0.225471645594] [0.184665724635]
0.19808358699099998 [0.222738981247] [0.173428192735]
0.1937145292755 [0.222886279225] [0.164542779326]
0.191970571876 [0.225836694241] [0.158104449511]
0.19482648372650002 [0.233784630895] [0.155868336558]
0.2026371881365 [0.248346745968] [0.156927630305]
0.2129148095845 [0.266321778297] [0.159507840872]
0.2216584980485 [0.281757831573] [0.161559164524]
0.2258373722435 [0.290236800909] [0.161437943578]
0.2222254574295 [0.284980177879] [0.15947073698]
0.216916225851 [0.276149451733] [0.157682999969]
0.21444794535649997 [0.270655542612] [0.158240348101]
0.216520570219 [0.27066770196] [0.162373438478]
0.22300484776499999 [0.274901896715] [0.171107798815]
0.23330078274 [0.282122761011] [0.184478804469]
0.2451898157595 [0.286605030298] [0.203774601221]
0.25605479627850003 [0.289182394743] [0.222927197814]
0.2623016387225 [0.287492573261] [0.237110704184]
0.26293770968950003 [0.2826846838] [0.243190735579]
0.2588108852505 [0.274864524603] [0.242757245898]
0.25424468517300003 [0.268015503883] [0.240473866463]
0.2522998899225 [0.263301879168] [0.241297900677]
0.2523109167815 [0.260561555624] [0.244060277939]
0.25718329846849997 [0.263573467731] [0.250793129206]
0.267379015684 [0.273433446884] [0.261324584484]
0.2802165299655 [0.288473904133] [0.271959155798]
0.29514886438849997 [0.308866322041] [0.281431406736]
0.3060947805645 [0.329931229353] [0.282258331776]
0.312329992652 [0.348266154528] [0.276393830776]
0.3158475458625 [0.364157944918] [0.267537146807]
0.312128290534 [0.369739025831] [0.254517555237]
0.3040346130725 [0.368405640125] [0.23966358602]
0.29590480029599997 [0.365782886744] [0.226026713848]
0.2850424870845 [0.354710847139] [0.21537412703]
0.27402202039949997 [0.340117484331] [0.207926556468]
0.2611197009685 [0.319618523121] [0.202620878816]
0.24687781184899998 [0.293959408998] [0.1997962147]
0.236993521452 [0.275305718184] [0.19868132472]
0.23043711483450002 [0.263378500938] [0.197495728731]
0.22509514540449999 [0.255780428648] [0.194409862161]
0.222321115434 [0.250334084034] [0.194308146834]
0.22294547408850002 [0.248201489449] [0.197689458728]
0.2257162034515 [0.249033376575] [0.202399030328]
0.22827678173799998 [0.252026587725] [0.204526975751]
0.2329748645425 [0.256804585457] [0.209145143628]
0.2377438098195 [0.261616289616] [0.213871330023]
0.243084639311 [0.265525907278] [0.220643371344]
0.248843587935 [0.26835590601] [0.22933126986]
0.25429572165000003 [0.271618127823] [0.236973315477]
0.261721216142 [0.277788758278] [0.245653674006]
0.2697596400975 [0.285140663385] [0.25437861681]
0.277291879058 [0.293217152357] [0.261366605759]
0.2815343439575 [0.297587305307] [0.265481382608]
0.2820919305085 [0.297907441854] [0.266276419163]
0.28216956555850004 [0.299662262201] [0.264676868916]
0.285212263465 [0.305464476347] [0.264960050583]
0.2904353290795 [0.314595967531] [0.266274690628]
0.2943797409535 [0.321969628334] [0.266789853573]
0.297124028206 [0.326352983713] [0.267895072699]
0.29574640095250004 [0.320900887251] [0.270591914654]
0.2925875782965 [0.307545810938] [0.277629345655]
0.2882912158965 [0.292639553547] [0.283942878246]
0.286687284708 [0.280701041222] [0.292673528194]
0.2855711728335 [0.267986595631] [0.303155750036]
0.285885721445 [0.256403595209] [0.315367847681]
0.2872374132275 [0.249127045274] [0.325347781181]
0.28854572773 [0.247159957886] [0.329931497574]
0.2876656353475 [0.245227575302] [0.330103695393]
0.283708922565 [0.241618975997] [0.325798869133]
0.27757500857100004 [0.235955759883] [0.319194257259]
0.270123325288 [0.226355358958] [0.313891291618]
0.264107495546 [0.215723931789] [0.312491059303]
0.2612902224065 [0.20676279068] [0.315817654133]
0.2569189220665 [0.199809372425] [0.314028471708]
0.248063214123 [0.194811686873] [0.301314741373]
0.238849110901 [0.191453889012] [0.28624433279]
0.230589739978 [0.188710734248] [0.272468745708]
0.22010282427100003 [0.184647932649] [0.255557715893]
0.2060954645275 [0.180902823806] [0.231288105249]
0.1885413825515 [0.177351340652] [0.199731424451]
0.17256000638 [0.175705820322] [0.169414192438]
0.1632119119165 [0.178932532668] [0.147491291165]
0.1597400829195 [0.183620408177] [0.135859757662]
0.1577181592585 [0.183110192418] [0.132326126099]
0.1545783132315 [0.177044764161] [0.132111862302]
0.15038936585149998 [0.16971206665] [0.131066665053]
0.145461820066 [0.162098586559] [0.128825053573]
0.141150817275 [0.157033294439] [0.125268340111]
0.1382743418215 [0.154861047864] [0.121687635779]
0.135971546173 [0.153312921524] [0.118630170822]
0.1331278569995 [0.149992108345] [0.116263605654]
0.130734473467 [0.14565743506] [0.115811511874]
0.128184881061 [0.139742955565] [0.116626806557]
0.1261991709475 [0.134260758758] [0.118137583137]
0.124627456069 [0.128785073757] [0.120469838381]
0.125062536448 [0.126864120364] [0.123260952532]
0.126650571823 [0.127659887075] [0.125641256571]
0.1280028671025 [0.129825621843] [0.126180112362]
0.129110023379 [0.133333995938] [0.12488605082]
0.131700593978 [0.139084637165] [0.124316550791]
0.1368011012675 [0.147945597768] [0.125656604767]
0.143429033458 [0.158447578549] [0.128410488367]
0.1501282677055 [0.170175477862] [0.130081057549]
0.15696455538249998 [0.182169884443] [0.131759226322]
0.163484804332 [0.192494302988] [0.134475305676]
0.16902237385500002 [0.197872087359] [0.140172660351]
0.1739882975815 [0.200812861323] [0.14716373384]
0.17882968485349998 [0.2024089396] [0.155250430107]
0.181143179536 [0.200380206108] [0.161906152964]
0.180469959974 [0.194898948073] [0.166040971875]
0.1772779673335 [0.189565852284] [0.164990082383]
0.174939036369 [0.185643151402] [0.164234921336]
0.1737847328185 [0.184540629387] [0.16302883625]
0.173060707748 [0.184843733907] [0.161277681589]
0.17072154581549998 [0.185334712267] [0.156108379364]
0.16745661199099998 [0.181236028671] [0.153677195311]
0.162841781974 [0.172289505601] [0.153394058347]
0.1566323414445 [0.160448983312] [0.152815699577]
0.1500739082695 [0.148947924376] [0.151199892163]
0.14313954114900002 [0.138407588005] [0.147871494293]
0.1353952288625 [0.128360569477] [0.142429888248]
