0.2699637264015 [0.289309591055] [0.250617861748]
0.274704113603 [0.292852044106] [0.2565561831]
0.27771504223349996 [0.294277340174] [0.261152744293]
0.27996239066149997 [0.292066216469] [0.267858564854]
0.282366320491 [0.289234697819] [0.275497943163]
0.28866507112999995 [0.286653786898] [0.290676355362]
0.29634062945850004 [0.284715116024] [0.307966142893]
0.2995700091125 [0.280111342669] [0.319028675556]
0.296451061964 [0.273868352175] [0.319033771753]
0.2895800620315 [0.269052416086] [0.310107707977]
0.283248260617 [0.268850713968] [0.297645807266]
0.278925329447 [0.273394048214] [0.28445661068]
0.2756596654655 [0.279154747725] [0.272164583206]
0.270718500018 [0.281434059143] [0.260002940893]
0.261248603463 [0.275214731693] [0.247282475233]
0.24740142375250002 [0.258685529232] [0.236117318273]
0.234210833907 [0.238633498549] [0.229788169265]
0.2218142449855 [0.219558387995] [0.224070101976]
0.212888918817 [0.206333696842] [0.219444140792]
0.209659397602 [0.199133068323] [0.220185726881]
0.2112747952345 [0.197530537844] [0.225019052625]
0.216534651816 [0.200968548656] [0.232100754976]
0.2246847227215 [0.208790823817] [0.240578621626]
0.2349697425965 [0.219037637115] [0.250901848078]
0.245989345014 [0.229216232896] [0.262762457132]
0.25640838593250004 [0.238818153739] [0.273998618126]
0.2635873258115 [0.246018022299] [0.281156629324]
0.26768419146550004 [0.253249824047] [0.282118558884]
0.2705915123225 [0.262767076492] [0.278415948153]
0.27430959045900005 [0.27498960495] [0.273629575968]
0.277930095792 [0.285752296448] [0.270107895136]
0.281037554145 [0.293823301792] [0.268251806498]
0.28378669917599997 [0.300648570061] [0.266924828291]
0.2861874848605 [0.307004213333] [0.265370756388]
0.2857325673105 [0.309179008007] [0.262286126614]
0.28021477162849995 [0.305261909962] [0.255167633295]
0.2733454853295 [0.293700814247] [0.252990156412]
0.2631977796555 [0.278232514858] [0.248163044453]
0.254919037223 [0.263010978699] [0.246827095747]
0.2479161247615 [0.249546810985] [0.246285438538]
0.242639295757 [0.239695668221] [0.245582923293]
0.23895880579950002 [0.2322909832] [0.245626628399]
0.236828021705 [0.22590392828] [0.24775211513]
0.2360520660875 [0.219638496637] [0.252465635538]
0.2365320548415 [0.214376702905] [0.258687406778]
0.23853097111 [0.213161572814] [0.263900369406]
0.240840956569 [0.215356975794] [0.266324937344]
0.24251890927550002 [0.217425331473] [0.267612487078]
0.2436952069405 [0.218037053943] [0.269353359938]
0.244903676212 [0.218186840415] [0.271620512009]
0.2438765987755 [0.217049881816] [0.270703315735]
0.2407159134745 [0.215635284781] [0.265796542168]
0.2384457811715 [0.216418221593] [0.26047334075]
0.2370884642005 [0.217507973313] [0.256668955088]
0.23755531758100001 [0.219008252025] [0.256102383137]
0.2369326129555 [0.218323096633] [0.255542129278]
0.23238191753600002 [0.212670460343] [0.252093374729]
0.2207269445065 [0.199790298939] [0.241663590074]
0.2071875706315 [0.185145869851] [0.229229271412]
0.1932069286705 [0.170627102256] [0.215786755085]
0.182211205363 [0.158785894513] [0.205636516213]
0.175375200808 [0.152758464217] [0.197991937399]
0.1697750389575 [0.149520993233] [0.190029084682]
0.167008407414 [0.150197267532] [0.183819547296]
0.165200024843 [0.15480235219] [0.175597697496]
0.16670221090350001 [0.162871912122] [0.170532509685]
0.170294068754 [0.172456070781] [0.168132066727]
0.1741221323605 [0.181017696857] [0.167226567864]
0.1761777624485 [0.188444033265] [0.163911491632]
0.1776580512525 [0.195404723287] [0.159911379218]
0.1806563809515 [0.20500151813] [0.156311243773]
0.1863440424205 [0.217973768711] [0.15471431613]
0.1940840780735 [0.233987957239] [0.154180198908]
0.20248804986500002 [0.252423733473] [0.152552366257]
0.21116114407749997 [0.274095982313] [0.148226305842]
0.220191091299 [0.299063563347] [0.141318619251]
0.22887955606 [0.321852087975] [0.135907024145]
0.2403410077095 [0.345487952232] [0.135194063187]
0.2537990659475 [0.36766192317] [0.139936208725]
0.26488940417749995 [0.382169514894] [0.147609293461]
0.27411732822650003 [0.392825722694] [0.155408933759]
0.2824735194445 [0.403066366911] [0.161880671978]
0.289991930127 [0.410161614418] [0.169822245836]
0.298545472324 [0.417528420687] [0.179562523961]
0.30530064553 [0.422956436872] [0.187644854188]
0.3080441951755 [0.420918464661] [0.19516992569]
0.3049044460055 [0.41546729207] [0.194341599941]
0.3021151944995 [0.408033341169] [0.19619704783]
0.303206056356 [0.400477558374] [0.205934554338]
0.3058435991405 [0.394310861826] [0.217376336455]
0.3109779134395 [0.391802161932] [0.230153664947]
0.31806538254 [0.390795022249] [0.245335742831]
0.32708100974550003 [0.390437066555] [0.263724952936]
0.33290778100499996 [0.389284282923] [0.276531279087]
0.3332964926955 [0.386209160089] [0.280383825302]
0.3297713547945 [0.384155541658] [0.275387167931]
0.32469505071649996 [0.38276001811] [0.266630083323]
0.3197809755805 [0.3814265728] [0.258135378361]
0.3163521140815 [0.37961524725] [0.253088980913]
0.3124607130885 [0.375649243593] [0.249272182584]
0.307684421539 [0.36926305294] [0.246105790138]
0.304312042892 [0.367131799459] [0.241492286325]
0.3025429695845 [0.366985023022] [0.238100916147]
0.307370178401 [0.365398317575] [0.249342039227]
0.313868433237 [0.361940771341] [0.265796095133]
0.3104793429375 [0.357205837965] [0.26375284791]
0.305127441883 [0.351750612259] [0.258504271507]
0.299565240741 [0.345119506121] [0.254010975361]
0.2979758530855 [0.340827137232] [0.255124568939]
0.299405038357 [0.337531447411] [0.261278629303]
0.300663381815 [0.330636352301] [0.270690411329]
0.3002980947495 [0.320521205664] [0.280074983835]
0.295270189643 [0.304571777582] [0.285968601704]
0.285430714488 [0.285146206617] [0.285715222359]
0.27242963016050004 [0.266342788935] [0.278516471386]
0.255370274186 [0.248576134443] [0.262164413929]
0.23730306327349998 [0.234295710921] [0.240310415626]
0.218603692949 [0.216559007764] [0.220648378134]
0.201318055391 [0.20105227828] [0.201583832502]
0.1883443146945 [0.190501853824] [0.186186775565]
0.177320890129 [0.183141857386] [0.171499922872]
0.16935914009800002 [0.178857892752] [0.159860387444]
