0.210902877152 [0.186656147242] [0.235149607062]
0.2078767195345 [0.179935857654] [0.235817581415]
0.202797986567 [0.171937525272] [0.233658447862]
0.19721949845550002 [0.163811519742] [0.230627477169]
0.1913213282825 [0.156147181988] [0.226495474577]
0.18425022065649999 [0.148782029748] [0.219718411565]
0.17530579865 [0.141212269664] [0.209399327636]
0.16463381797100002 [0.132659122348] [0.196608513594]
0.1533983536065 [0.122001476586] [0.184795230627]
0.143571525812 [0.108072251081] [0.179070800543]
0.143571525812 [0.108072251081] [0.179070800543]
0.143571525812 [0.108072251081] [0.179070800543]
0.143571525812 [0.108072251081] [0.179070800543]
0.143571525812 [0.108072251081] [0.179070800543]
0.143571525812 [0.108072251081] [0.179070800543]
0.143571525812 [0.108072251081] [0.179070800543]
0.143571525812 [0.108072251081] [0.179070800543]
0.143571525812 [0.108072251081] [0.179070800543]
0.143571525812 [0.108072251081] [0.179070800543]
0.143571525812 [0.108072251081] [0.179070800543]
0.0775819532571 [0.108072251081] [0.0470916554332]
0.0783933624623 [0.108072251081] [0.0487144738436]
0.0795844867823 [0.108072251081] [0.0510967224836]
0.08106712438145 [0.108072251081] [0.0540619976819]
0.08276462927435001 [0.108072251081] [0.0574570074677]
0.0844344962386 [0.108072251081] [0.0607967413962]
0.0858361460266 [0.108072251081] [0.0636000409722]
0.086875144392 [0.108072251081] [0.065678037703]
0.08765798062065 [0.108072251081] [0.0672437101603]
0.0883989036081 [0.108072251081] [0.0687255561352]
0.16560332477085 [0.260581254959] [0.0706253945827]
0.16451505199084998 [0.255738437176] [0.0732916668057]
0.16711756959559998 [0.251541286707] [0.0826938524842]
0.173068493605 [0.245409727097] [0.100727260113]
0.1832781881095 [0.237306430936] [0.129249945283]
0.196427643299 [0.226064682007] [0.166790604591]
0.208247356117 [0.210601359606] [0.205893352628]
0.21328665316099998 [0.190677791834] [0.235895514488]
0.204383954406 [0.169757589698] [0.239010319114]
0.1840250492095 [0.152044251561] [0.216005846858]
0.1648897007105 [0.141975700855] [0.187803700566]
0.155733577907 [0.141487240791] [0.169979915023]
0.153160467744 [0.14347589016] [0.162845045328]
0.15832416713199998 [0.152819961309] [0.163828372955]
0.16791898012200002 [0.166423916817] [0.169414043427]
0.1793371066455 [0.181682363153] [0.176991850138]
0.1907016038895 [0.197203367949] [0.18419983983]
0.1997314095495 [0.210803553462] [0.188659265637]
0.2047648653385 [0.220696598291] [0.188833132386]
0.204731218517 [0.226013287902] [0.183449149132]
0.2007637917995 [0.228212475777] [0.173315107822]
0.19755292683800002 [0.232368290424] [0.162737563252]
0.19993097335100002 [0.243131071329] [0.156730875373]
0.210296161473 [0.262730628252] [0.157861694694]
0.2282732874155 [0.290328502655] [0.166218072176]
0.25131187588000004 [0.322477310896] [0.180146440864]
0.276343636215 [0.354912221432] [0.197775050998]
0.29892301559449996 [0.38158223033] [0.216263800859]
0.3134821206335 [0.399256885052] [0.227707356215]
0.3206636607645 [0.409564167261] [0.231763154268]
0.320504784584 [0.411331415176] [0.229678153992]
0.3142122775315 [0.404337733984] [0.224086821079]
0.301841124892 [0.387779563665] [0.215902686119]
0.2872581109405 [0.369174897671] [0.20534132421]
0.27544720470899997 [0.356702029705] [0.194192379713]
0.27011110633650004 [0.353584647179] [0.186637565494]
0.26861272007250003 [0.354929119349] [0.182296320796]
0.2663260772825 [0.3534476161] [0.179204538465]
0.2588494345545 [0.344291716814] [0.173407152295]
0.249512337148 [0.332681298256] [0.16634337604]
