0.122213162482 [0.140506282449] [0.103920042515]
0.1170895285903 [0.145049139857] [0.0891299173236]
0.11688294634214999 [0.142624914646] [0.0911409780383]
0.11301045492315 [0.132482528687] [0.0935383811593]
0.10787027701725 [0.119542904198] [0.0961976498365]
0.10362418740985 [0.1087288782] [0.0985194966197]
0.10096225515009999 [0.102156944573] [0.0997675657272]
0.09971908852445 [0.100016005337] [0.0994221717119]
0.0994352772833 [0.101362898946] [0.0975076556206]
0.09889468923215 [0.104078963399] [0.0937104150653]
0.09213357791305 [0.102219350636] [0.0820478051901]
0.08829152956604999 [0.0986503884196] [0.0779326707125]
0.08348270505665 [0.0935523435473] [0.073413066566]
0.07597184926270001 [0.0869791805744] [0.064964517951]
0.0691276341677 [0.0793404579163] [0.0589148104191]
0.0657195188105 [0.0713366642594] [0.0601023733616]
0.0621529482305 [0.0642035230994] [0.0601023733616]
0.05985866859555 [0.0596149638295] [0.0601023733616]
0.059775274246950005 [0.0594481751323] [0.0601023733616]
0.0628636069596 [0.0656248405576] [0.0601023733616]
0.0706804394722 [0.0812585055828] [0.0601023733616]
0.0706804394722 [0.0812585055828] [0.0601023733616]
0.0706804394722 [0.0812585055828] [0.0601023733616]
0.0706804394722 [0.0812585055828] [0.0601023733616]
0.0706804394722 [0.0812585055828] [0.0601023733616]
0.0706804394722 [0.0812585055828] [0.0601023733616]
0.0706804394722 [0.0812585055828] [0.0601023733616]
0.0706804394722 [0.0812585055828] [0.0601023733616]
0.0706804394722 [0.0812585055828] [0.0601023733616]
0.0706804394722 [0.0812585055828] [0.0601023733616]
0.0706804394722 [0.0812585055828] [0.0601023733616]
0.0706804394722 [0.0812585055828] [0.0601023733616]
0.0706804394722 [0.0812585055828] [0.0601023733616]
0.0706804394722 [0.0812585055828] [0.0601023733616]
0.1148278191688 [0.169553264976] [0.0601023733616]
0.11640314012780001 [0.172703906894] [0.0601023733616]
0.146516043693 [0.183872327209] [0.109159760177]
0.1525406427685 [0.199620559812] [0.105460725725]
0.1587737351655 [0.215892150998] [0.101655319333]
0.1639234237375 [0.229253649712] [0.098593197763]
0.1669475063679 [0.237467616796] [0.0964273959398]
0.16784010454995 [0.241785958409] [0.0938942506909]
0.167839232832 [0.245229631662] [0.090448834002]
0.16703329607835 [0.247974693775] [0.0860918983817]
0.16646840050825 [0.250238120556] [0.0826986804605]
0.1659592315556 [0.251239717007] [0.0806787461042]
0.16654667630815 [0.253096133471] [0.0799972191453]
0.16909554600715 [0.257892459631] [0.0802986323833]
0.17084433510910002 [0.262049674988] [0.0796389952302]
0.17039898410455 [0.261459976435] [0.0793379917741]
0.16541207209215 [0.251551300287] [0.0792728438973]
0.15750420093515 [0.235064014792] [0.0799443870783]
0.15024840459240002 [0.2181340307] [0.0823627784848]
0.14664709195495002 [0.206272482872] [0.0870217010379]
0.14720934629420002 [0.200735121965] [0.0936835706234]
0.1505619622765 [0.199148803949] [0.101975120604]
0.1552667990325 [0.198032721877] [0.112500876188]
0.161471426487 [0.19550716877] [0.127435684204]
0.1705229356885 [0.191881522536] [0.149164348841]
0.1844065412875 [0.188439816236] [0.180373266339]
0.206080034375 [0.186275497079] [0.225884571671]
0.2348100170495 [0.185068920255] [0.284551113844]
0.2705431059005 [0.184341296554] [0.356744915247]
0.3096038401125 [0.184349507093] [0.434858173132]
0.3408023789525 [0.186744734645] [0.49486002326]
0.36205095797750003 [0.193148985505] [0.53095293045]
0.379191510379 [0.204247936606] [0.554135084152]
0.3904087021945 [0.216051414609] [0.56476598978]
0.3969677835705 [0.222021073103] [0.571914494038]
0.3956985622645 [0.21825876832] [0.573138356209]
0.38839960098250004 [0.207909941673] [0.568889260292]
0.37982732802599994 [0.197469010949] [0.562185645103]
0.3707194626335 [0.190125703812] [0.551313221455]
0.3634244278075 [0.186223104596] [0.540625751019]
0.355651989579 [0.183214455843] [0.528089523315]
0.34730949252849996 [0.179885670543] [0.514733314514]
0.3389720618725 [0.176780104637] [0.501164019108]
0.3313139230015 [0.174669593573] [0.48795825243]
0.32569824159149996 [0.175239533186] [0.476156949997]
0.3223704844715 [0.180116981268] [0.464623987675]
0.321537382901 [0.189910396934] [0.453164368868]
0.3233450204135 [0.204619854689] [0.442070186138]
0.326672114432 [0.221305623651] [0.432038605213]
0.3305862173435 [0.236579790711] [0.424592643976]
0.3335594162345 [0.24724791944] [0.419870913029]
0.336508259177 [0.254803448915] [0.418213069439]
0.34095533192149996 [0.262317329645] [0.419593334198]
0.3483808487655 [0.273328155279] [0.423433542252]
0.3593628555535 [0.289435505867] [0.42929020524]
0.3728118389845 [0.308920055628] [0.436703622341]
0.3834197372195 [0.32779058814] [0.439048886299]
0.3874334692955 [0.343836426735] [0.431030511856]
0.3846074193715 [0.355598151684] [0.413616687059]
0.3789067715405 [0.363954722881] [0.3938588202]
0.372668311 [0.369096487761] [0.376240134239]
