0.139201648533 [0.143329054117] [0.135074242949]
0.119603898376 [0.122551985085] [0.116655811667]
0.102354038507 [0.10526265204] [0.099445424974]
0.09107050299645 [0.0934378504753] [0.0887031555176]
0.08573564514515 [0.086711153388] [0.0847601369023]
0.0847877897322 [0.0838674083352] [0.0857081711292]
0.0845071896911 [0.0806896090508] [0.0883247703314]
0.08398025482895 [0.0781158283353] [0.0898446813226]
0.0826658271253 [0.0759511291981] [0.0893805250525]
0.0808171592653 [0.0741423815489] [0.0874919369817]
0.07817290723325 [0.0725427791476] [0.0838030353189]
0.07437951490285 [0.0705655515194] [0.0781934782863]
0.0688026249409 [0.0676392167807] [0.0699660331011]
0.0622637681663 [0.0637048184872] [0.0608227178454]
0.056729076430200004 [0.0599209219217] [0.0535372309387]
0.05367925949395 [0.0580916553736] [0.0492668636143]
0.054009195417150005 [0.0602897852659] [0.0477286055684]
0.0536846946925 [0.0602897852659] [0.0470796041191]
0.0526169091463 [0.0602897852659] [0.0449440330267]
0.05075811222195 [0.0602897852659] [0.041226439178]
0.0487537179142 [0.0602897852659] [0.0372176505625]
0.04709764569995 [0.0602897852659] [0.033905506134]
0.0861496236173 [0.140724048018] [0.0315751992166]
0.0958573697134 [0.161703571677] [0.0300111677498]
0.104101621546 [0.178868249059] [0.029334994033]
0.11036031693205 [0.191111013293] [0.0296096205711]
0.11474610678845 [0.198235824704] [0.0312563888729]
0.11830116249599999 [0.201763823628] [0.034838501364]
0.12185976468035 [0.203132838011] [0.0405866913497]
0.1253988053651 [0.202762231231] [0.0480353794992]
0.126941397786 [0.198174640536] [0.055708155036]
0.12335406616354999 [0.184942349792] [0.0617657825351]
0.11525094136595 [0.16382548213] [0.0666764006019]
0.10791084542894999 [0.14270195365] [0.0731197372079]
0.1093293018641 [0.134520247579] [0.0841383561492]
0.11509392410500001 [0.126980423927] [0.103207424283]
0.12442709133 [0.120994918048] [0.127859264612]
0.1344317831095 [0.117105491459] [0.15175807476]
0.1439380943775 [0.114367738366] [0.173508450389]
0.153626088053 [0.111822970212] [0.195429205894]
0.164885647595 [0.10939180851] [0.22037948668]
0.1761272475125 [0.107423260808] [0.244831234217]
0.1848114319145 [0.106490172446] [0.263132691383]
0.18866879493 [0.106724098325] [0.270613491535]
0.18804977834199998 [0.10800409317] [0.268095463514]
0.1854073740545 [0.110544033349] [0.26027071476]
0.18492958322199998 [0.116306640208] [0.253552526236]
0.18973968923099999 [0.128661423922] [0.25081795454]
0.2032915204765 [0.152352690697] [0.254230350256]
0.2287603914735 [0.194929808378] [0.262590974569]
0.266110137105 [0.261867940426] [0.270352333784]
0.3003363162275 [0.331752210855] [0.2689204216]
0.300708860159 [0.340546041727] [0.260871678591]
0.259985499084 [0.273117333651] [0.246853664517]
0.21926336735500002 [0.203507602215] [0.235019132495]
0.19233150035149998 [0.158634886146] [0.226028114557]
0.1765383407475 [0.1346668154] [0.218409866095]
0.167117293924 [0.122429125011] [0.211805462837]
0.1610993407665 [0.116445876658] [0.205752804875]
0.157338142395 [0.112913280725] [0.201763004065]
0.15595504269 [0.110125057399] [0.201785027981]
0.1568690910935 [0.108076632023] [0.205661550164]
0.1603176780045 [0.107525356114] [0.213109999895]
0.165767394006 [0.108463183045] [0.223071604967]
0.172455634922 [0.11041340977] [0.234497860074]
0.18020790815350002 [0.112568154931] [0.247847661376]
0.18857654929200002 [0.114365011454] [0.26278808713]
0.19662598148000002 [0.117031522095] [0.276220440865]
0.202839035541 [0.123355127871] [0.282322943211]
0.209022551775 [0.136913597584] [0.281131505966]
0.21448125690250003 [0.161249920726] [0.267712593079]
0.223191998899 [0.199884578586] [0.246499419212]
0.236239276826 [0.246533438563] [0.225945115089]
0.2469741106035 [0.285451710224] [0.208496510983]
0.2508885636925 [0.305684030056] [0.196093097329]
0.25072910636650003 [0.313419193029] [0.188039019704]
0.241010323167 [0.302913486958] [0.179107159376]
0.2177360206845 [0.27225252986] [0.163219511509]
0.18749975413050002 [0.234482079744] [0.140517428517]
0.16006613150250001 [0.202862977982] [0.117269285023]
0.13995373249055 [0.182075381279] [0.0978320837021]
0.1268484927712 [0.170284286141] [0.0834126994014]
0.1187826655803 [0.163559094071] [0.0740062370896]
0.11358085274679999 [0.158995568752] [0.0681661367416]
0.10988649353405 [0.155478715897] [0.0642942711711]
0.1069059707226 [0.152401030064] [0.0614109113812]
0.1039812788368 [0.149179801345] [0.0587827563286]
0.1010800879447 [0.145515605807] [0.0566445700824]
0.0981643553822 [0.141434818506] [0.0548938922584]
0.09534659236665 [0.137288480997] [0.0534047037363]
0.09395972453035 [0.135688707232] [0.0522307418287]
0.09591152519005 [0.140180692077] [0.0516423583031]
0.10271720960735001 [0.153367549181] [0.0520668700337]
0.11532782576985001 [0.176556363702] [0.0540992878377]
0.13388042896990002 [0.209328249097] [0.0584326088428]
0.1538453958928 [0.242418989539] [0.0652718022466]
0.1704314127564 [0.266463279724] [0.0743995457888]
0.18086535111094998 [0.278486847878] [0.0832438543439]
0.18518946692334998 [0.281473457813] [0.0889054760337]
0.1861379668118 [0.28133058548] [0.0909453481436]
0.18608010187735 [0.280349165201] [0.0918110385537]
0.18646446242915 [0.279622852802] [0.0933060720563]
0.18816473707545 [0.279861718416] [0.0964677557349]
0.190358124673 [0.280436903238] [0.100279346108]
0.191491667181 [0.279982924461] [0.103000409901]
0.19123938679699998 [0.278549283743] [0.103929489851]
0.18981243297449998 [0.275822967291] [0.103801898658]
0.1900324709715 [0.275822967291] [0.104241974652]
0.191331308335 [0.275822967291] [0.106839649379]
0.1942676082255 [0.275822967291] [0.11271224916]
0.19846742227699998 [0.275822967291] [0.121111877263]
0.19322308152950002 [0.256399303675] [0.130046859384]
0.19367534667300002 [0.249440312386] [0.13791038096]
0.189746595919 [0.233717530966] [0.145775660872]
0.181538850069 [0.208205655217] [0.154872044921]
0.16515206545549999 [0.166474729776] [0.163829401135]
0.146622966975 [0.121017076075] [0.172228857875]
0.1282451264561 [0.0871992185712] [0.169291034341]
0.10990189015855001 [0.0674974471331] [0.152306333184]
0.0924067646267 [0.0575159043074] [0.127297624946]
0.07908935658655 [0.0536845810711] [0.104494132102]
0.07119413278995 [0.0538750849664] [0.0885131806135]
0.0678230021149 [0.0566700659692] [0.0789759382606]
0.06622917018829999 [0.0585622452199] [0.0738960951567]
0.06615698337555 [0.0609848499298] [0.0713291168213]
0.06660094484689999 [0.0634429380298] [0.069758951664]
0.06710167601705 [0.065837867558] [0.0683654844761]
0.06755812093615 [0.0680608898401] [0.0670553520322]
0.06804835423825001 [0.0700941607356] [0.0660025477409]
0.06864799186585 [0.0720778033137] [0.065218180418]
0.06983415037395 [0.0747957900167] [0.0648725107312]
0.0727978944778 [0.0801820904016] [0.065413698554]
0.07934933900835 [0.0913467779756] [0.0673519000411]
0.09239869564785 [0.112748846412] [0.0720485448837]
0.11614644899974999 [0.150564670563] [0.0817282274365]
0.1537947580215 [0.207115963101] [0.100473552942]
0.2010588124395 [0.268490165472] [0.133627459407]
0.2467686235905 [0.307498365641] [0.18603888154]
0.2851514667275 [0.319964617491] [0.250338315964]
0.31276658177399996 [0.322407305241] [0.303125858307]
0.325198844075 [0.321950882673] [0.328446805477]
0.32861009240149996 [0.320337325335] [0.336882859468]
0.33046731352799996 [0.318784505129] [0.342150121927]
0.3350746035575 [0.320323050022] [0.349826157093]
0.346681967378 [0.329839974642] [0.363523960114]
0.3674141466615 [0.349891811609] [0.384936481714]
0.3937633931635 [0.376354396343] [0.411172389984]
0.4202190488575 [0.405924886465] [0.43451321125]
0.43934820592449997 [0.432861745358] [0.445834666491]
0.45152311027049996 [0.454651683569] [0.448394536972]
0.4587001502515 [0.471217662096] [0.446182638407]
0.45893390476749996 [0.478829979897] [0.439037829638]
0.44928470253950004 [0.471649646759] [0.42691975832]
0.4284188747405 [0.448736220598] [0.408101528883]
0.40359726548200003 [0.420198142529] [0.386996388435]
0.3816266953945 [0.395777255297] [0.367476135492]
0.3666594624515 [0.379426091909] [0.353892832994]
0.35831274092200005 [0.372112810612] [0.344512671232]
0.35452783107749997 [0.37150195241] [0.337553709745]
0.351969823241 [0.372675538063] [0.331264108419]
0.3482193052765 [0.371689766645] [0.324748843908]
