0.2592523023485 [0.17515848577] [0.343346118927]
0.239997148514 [0.154701173306] [0.325293123722]
0.232052817941 [0.147679448128] [0.316426187754]
0.230290174484 [0.148278236389] [0.312302112579]
0.22899153828649998 [0.151792377234] [0.306190699339]
0.22285501658899998 [0.154221177101] [0.291488856077]
0.210429556668 [0.154421016574] [0.266438096762]
0.1983966082335 [0.152669802308] [0.244123414159]
0.191518612206 [0.151526838541] [0.231510385871]
0.19028653949500002 [0.152558326721] [0.228014752269]
0.191522978246 [0.155212372541] [0.227833583951]
0.1908535137775 [0.157494828105] [0.22421219945]
0.183556988835 [0.155981749296] [0.211132228374]
0.1711979582905 [0.151797324419] [0.190598592162]
0.15825305134099998 [0.146853551269] [0.169652551413]
0.14882299304000002 [0.143341213465] [0.154304772615]
0.143703341484 [0.141049742699] [0.146356940269]
0.142039991915 [0.139577627182] [0.144502356648]
0.141869880259 [0.137722954154] [0.146016806364]
0.1415386125445 [0.134944468737] [0.148132756352]
0.140559501946 [0.131682872772] [0.14943613112]
0.138829499483 [0.128242537379] [0.149416461587]
0.1361360810695 [0.124588258564] [0.147683903575]
0.13199678435950002 [0.119984455407] [0.144009113312]
0.125681810081 [0.113692522049] [0.137671098113]
0.1182216256855 [0.105923041701] [0.13052020967]
0.11309162899865 [0.0991732105613] [0.127010047436]
0.11571163311605 [0.0972917154431] [0.134131550789]
0.131058041006 [0.104252181947] [0.157863900065]
0.162790428847 [0.123960070312] [0.201620787382]
0.206582017243 [0.157600238919] [0.255563795567]
0.24099902063599998 [0.195371761918] [0.286626279354]
0.24861907959000001 [0.222783267498] [0.274454891682]
0.2396104335785 [0.235846057534] [0.243374809623]
0.232683137059 [0.246276080608] [0.21909019351]
0.233023941517 [0.258848428726] [0.207199454308]
0.237370379269 [0.271483719349] [0.203257039189]
0.24168762564649998 [0.281857430935] [0.201517820358]
0.24439641088249997 [0.289260447025] [0.19953237474]
0.24667350202799998 [0.295601993799] [0.197745010257]
0.2493966892365 [0.302107483149] [0.196685895324]
0.2530135661365 [0.310056746006] [0.195970386267]
0.257524453104 [0.320295631886] [0.194753274322]
0.2629099190235 [0.332655251026] [0.193164587021]
0.269912175834 [0.346691638231] [0.193132713437]
0.279437340796 [0.360590547323] [0.198284134269]
0.2941077277065 [0.376017153263] [0.21219830215]
0.3120975866915 [0.391393899918] [0.232801273465]
0.33084829151649997 [0.404676318169] [0.257020264864]
0.345996916294 [0.414791047573] [0.277202785015]
0.35472393035899996 [0.41973605752] [0.289711803198]
0.35992287099349995 [0.423198014498] [0.296647727489]
0.3666108250615 [0.428234606981] [0.304987043142]
0.3775038570165 [0.437079757452] [0.317927956581]
0.39080421626600004 [0.448137521744] [0.333470910788]
0.4009806215765 [0.456810683012] [0.345150560141]
0.40213690698149995 [0.459007740021] [0.345266073942]
0.3933100402355 [0.453619718552] [0.333000361919]
0.380166947842 [0.446736901999] [0.313596993685]
0.36986851692199996 [0.443192094564] [0.29654493928]
0.364283964038 [0.44361910224] [0.284948825836]
0.362622886896 [0.448013991117] [0.277231782675]
0.3631693720815 [0.455384790897] [0.270953953266]
0.3654403835535 [0.464163482189] [0.266717284918]
0.37063014507299996 [0.475996375084] [0.265263915062]
0.3794449716805 [0.491421341896] [0.267468601465]
0.38989835977549997 [0.509454548359] [0.270342171192]
0.3980089873075 [0.525747179985] [0.27027079463]
0.397825345397 [0.534452557564] [0.26119813323]
0.387020163238 [0.531209409237] [0.242830917239]
0.3718887120485 [0.521438598633] [0.222338825464]
0.35875055193899996 [0.51032269001] [0.207178413868]
0.3501092642545 [0.502142071724] [0.198076456785]
0.3466761410235 [0.498084068298] [0.195268213749]
0.3467769771815 [0.495680809021] [0.197873145342]
0.347969926894 [0.492534041405] [0.203405812383]
0.3493857309225 [0.488586544991] [0.210184916854]
0.35226028412599997 [0.486532866955] [0.217987701297]
0.356337353587 [0.487282991409] [0.225391715765]
0.360729962587 [0.489541262388] [0.231918662786]
0.36343280971049996 [0.491253018379] [0.235612601042]
0.36390285939 [0.491608858109] [0.236196860671]
0.363738387823 [0.491819709539] [0.235657066107]
0.3663340210915 [0.495059102774] [0.237608939409]
0.3756696879865 [0.504861474037] [0.246477901936]
0.3947631418705 [0.522963702679] [0.266562581062]
0.42429743707149997 [0.546300411224] [0.302294462919]
0.46192128956299994 [0.570400774479] [0.353441804647]
0.4927062094215 [0.586195647717] [0.399216771126]
0.5046361982825001 [0.591213166714] [0.418059229851]
0.501435995102 [0.586995065212] [0.415876924992]
0.4954852610825 [0.581721961498] [0.409248560667]
0.49116270244149995 [0.574291288853] [0.40803411603]
0.489732697606 [0.566438615322] [0.41302677989]
0.492118671536 [0.559538185596] [0.424699157476]
0.4956807792185 [0.553042292595] [0.438319265842]
0.4965393990275 [0.543744564056] [0.449334233999]
0.491437584162 [0.528791546822] [0.454083621502]
0.482419192791 [0.512054443359] [0.452783942223]
0.4737404435875 [0.496799528599] [0.450681358576]
0.469147413969 [0.485425293446] [0.452869534492]
0.471205130219 [0.480945885181] [0.461464375257]
0.4781967103485 [0.482956528664] [0.473436892033]
0.488460510969 [0.490618497133] [0.486302524805]
0.5021082907915 [0.504415810108] [0.499800771475]
0.5182681381700001 [0.52260351181] [0.51393276453]
0.536142081022 [0.544586718082] [0.527697443962]
0.5544078052045001 [0.569300413132] [0.539515197277]
0.5712552070615 [0.595915317535] [0.546595096588]
0.585882931948 [0.622103571892] [0.549662292004]
0.598979711533 [0.646071851254] [0.551887571812]
0.6071011424065 [0.664017796516] [0.550184488297]
0.609942615032 [0.67441534996] [0.545469880104]
0.609120070934 [0.679129838943] [0.539110302925]
0.606221050024 [0.680911362171] [0.531530737877]
0.6009541451930001 [0.680720388889] [0.521187901497]
0.5949677526955 [0.677991330624] [0.511944174767]
0.5893070101735001 [0.673936963081] [0.504677057266]
0.583606809378 [0.669252932072] [0.497960686684]
0.5765492469075 [0.664979040623] [0.488119453192]
0.5664681345225 [0.658886194229] [0.474050074816]
0.551690399647 [0.648063838482] [0.455316960812]
0.532822817564 [0.630810379982] [0.434835255146]
0.50975163281 [0.603945553303] [0.415557712317]
