0.10480408370495001 [0.0845042616129] [0.125103905797]
0.10616391152145001 [0.0845042616129] [0.12782356143]
0.10786741226895 [0.0845042616129] [0.131230562925]
0.10942266136395 [0.0845042616129] [0.134341061115]
0.11027602106345 [0.0845042616129] [0.136047780514]
0.11046001315095 [0.0845042616129] [0.136415764689]
0.11045959591845 [0.0845042616129] [0.136414930224]
0.10963483154795 [0.0845042616129] [0.134765401483]
0.10675320774295 [0.0845042616129] [0.129002153873]
0.10137519985445001 [0.0845042616129] [0.118246138096]
0.09489691257495 [0.0845042616129] [0.105289563537]
0.08928823098540001 [0.0845042616129] [0.0940722003579]
0.08484995365145001 [0.0845042616129] [0.08519564569]
0.0804525241256 [0.0845042616129] [0.0764007866383]
0.07917612418535 [0.0845042616129] [0.0738479867578]
0.07745869085195001 [0.0845042616129] [0.070413120091]
0.0751458965242 [0.0845042616129] [0.0657875314355]
0.07227611728015 [0.0845042616129] [0.0600479729474]
0.06907803565265 [0.0845042616129] [0.0536518096924]
0.06584394164385 [0.0845042616129] [0.0471836216748]
0.06288669630885001 [0.0845042616129] [0.0412691310048]
0.0604524128139 [0.0845042616129] [0.0364005640149]
0.0587805788964 [0.0845042616129] [0.0330568961799]
0.05803468264640001 [0.0845042616129] [0.0315651036799]
0.05827579647305001 [0.0845042616129] [0.0320473313332]
0.05827579647305001 [0.0845042616129] [0.0320473313332]
0.05827579647305001 [0.0845042616129] [0.0320473313332]
0.05827579647305001 [0.0845042616129] [0.0320473313332]
0.05827579647305001 [0.0845042616129] [0.0320473313332]
0.05827579647305001 [0.0845042616129] [0.0320473313332]
0.05827579647305001 [0.0845042616129] [0.0320473313332]
0.05827579647305001 [0.0845042616129] [0.0320473313332]
0.05827579647305001 [0.0845042616129] [0.0320473313332]
0.05827579647305001 [0.0845042616129] [0.0320473313332]
0.05827579647305001 [0.0845042616129] [0.0320473313332]
0.05827579647305001 [0.0845042616129] [0.0320473313332]
0.05827579647305001 [0.0845042616129] [0.0320473313332]
0.05827579647305001 [0.0845042616129] [0.0320473313332]
0.05827579647305001 [0.0845042616129] [0.0320473313332]
0.05827579647305001 [0.0845042616129] [0.0320473313332]
0.05827579647305001 [0.0845042616129] [0.0320473313332]
0.11814378946995001 [0.0845042616129] [0.151783317327]
0.11764026433245 [0.0845042616129] [0.150776267052]
0.11751867085695 [0.0845042616129] [0.150533080101]
0.11755488067845 [0.0845042616129] [0.150605499744]
0.11719629168495001 [0.0845042616129] [0.149888321757]
0.11590906977645 [0.0845042616129] [0.14731387794]
0.11424677818995001 [0.0845042616129] [0.143989294767]
0.11269134283045 [0.0845042616129] [0.140878424048]
0.11137751489895001 [0.0845042616129] [0.138250768185]
0.11010204255595 [0.0845042616129] [0.135699823499]
0.10862563550495 [0.0845042616129] [0.132747009397]
0.10252025723445 [0.0845042616129] [0.120536252856]
0.10103053972145 [0.0845042616129] [0.11755681783]
0.16886486858150002 [0.222894832492] [0.114834904671]
0.1688841581345 [0.222894832492] [0.114873483777]
0.1681176424025 [0.222894832492] [0.113340452313]
0.1659708842635 [0.222894832492] [0.109046936035]
0.163186285645 [0.222894832492] [0.103477738798]
0.16063995286830002 [0.222894832492] [0.0983850732446]
0.15967910364275 [0.222894832492] [0.0964633747935]
0.16002988070255 [0.222894832492] [0.0971649289131]
0.1615071296695 [0.222894832492] [0.100119426847]
0.1627438925205 [0.222894832492] [0.102592952549]
0.16224507615 [0.222894832492] [0.101595319808]
0.162115406245 [0.222894832492] [0.101335979998]
0.1640821807085 [0.222894832492] [0.105269528925]
0.1640821807085 [0.222894832492] [0.105269528925]
0.1640821807085 [0.222894832492] [0.105269528925]
0.1640821807085 [0.222894832492] [0.105269528925]
0.1640821807085 [0.222894832492] [0.105269528925]
0.1640821807085 [0.222894832492] [0.105269528925]
0.1640821807085 [0.222894832492] [0.105269528925]
0.1640821807085 [0.222894832492] [0.105269528925]
0.1640821807085 [0.222894832492] [0.105269528925]
0.1640821807085 [0.222894832492] [0.105269528925]
0.1640821807085 [0.222894832492] [0.105269528925]
0.1640821807085 [0.222894832492] [0.105269528925]
0.1640821807085 [0.222894832492] [0.105269528925]
0.1640821807085 [0.222894832492] [0.105269528925]
0.1640821807085 [0.222894832492] [0.105269528925]
0.11985707841820001 [0.222894832492] [0.0168193243444]
0.12153877876705 [0.222894832492] [0.0201827250421]
0.12405182421215001 [0.222894832492] [0.0252088159323]
0.0228800107725 [0.0142213413492] [0.0315386801958]
0.0255761295557 [0.0129988715053] [0.0381533876061]
0.02857094677165 [0.0130516225472] [0.0440902709961]
0.0312226493843 [0.0137115987018] [0.0487337000668]
0.03349833050745 [0.0146973403171] [0.0522993206978]
0.0355855729431 [0.0158471055329] [0.0553240403533]
0.037745045498 [0.0172396600246] [0.0582504309714]
0.03990179672835 [0.0188277624547] [0.060975831002]
0.0419902168214 [0.0207457542419] [0.0632346794009]
0.0507703414187 [0.0215744059533] [0.0799662768841]
0.0601985482499 [0.0229292865843] [0.0974678099155]
0.07040145620714999 [0.0251523777843] [0.11565053463]
0.07975777797389999 [0.0267281793058] [0.132787376642]
0.08554133214055 [0.0277373529971] [0.143345311284]
0.0880895406006 [0.0343804955482] [0.141798585653]
0.08925760164839999 [0.0443776920438] [0.134137511253]
0.091487949714 [0.056594517082] [0.126381382346]
0.09390417858965 [0.0671151280403] [0.120693229139]
0.0953748077155 [0.073940128088] [0.116809487343]
0.09594276919975 [0.0780048668385] [0.113880671561]
0.09598534554259999 [0.0808550789952] [0.11111561209]
0.09542488306755 [0.0828558504581] [0.107993915677]
0.09461004659535 [0.0845995023847] [0.104620590806]
0.0937167890372 [0.0862714350224] [0.101162143052]
0.09280346706510001 [0.088363006711] [0.0972439274192]
0.09264546260234999 [0.0923210456967] [0.092969879508]
0.0948525480924 [0.10046967864] [0.0892354175448]
0.1028195060789 [0.117312863469] [0.0883261486888]
0.1210913062094 [0.148199215531] [0.0939833968878]
0.1489026919005 [0.191350698471] [0.10645468533]
0.17618410289300002 [0.231182008982] [0.121186196804]
0.1929794326425 [0.252672016621] [0.133286848664]
0.20139124244450002 [0.261179387569] [0.14160309732]
0.2013645246625 [0.258893966675] [0.14383508265]
0.1899416297675 [0.244631320238] [0.135251939297]
0.1699871383605 [0.226362675428] [0.113611601293]
0.1490702368317 [0.210222586989] [0.0879178866744]
0.13350626453775 [0.198818996549] [0.0681935325265]
0.12353806570164999 [0.190883874893] [0.0561922565103]
0.11776910163439999 [0.185470461845] [0.0500677414238]
0.11346403509355 [0.179841831326] [0.0470862388611]
0.1082835067062 [0.171324536204] [0.0452424772084]
