0.04731448180975 [0.047131896019] [0.0474970676005]
0.04865295253695 [0.0494148544967] [0.0478910505772]
0.05135633423925 [0.053296495229] [0.0494161732495]
0.0568039305508 [0.0598969608545] [0.0537109002471]
0.0663352534175 [0.0702542662621] [0.0624162405729]
0.08108495920895001 [0.0850752070546] [0.0770947113633]
0.10123551636925 [0.103807851672] [0.0986631810665]
0.12411325797450001 [0.122206144035] [0.126020371914]
0.1452067270875 [0.135830461979] [0.154582992196]
0.16089913249049997 [0.14315982163] [0.178638443351]
0.170070581138 [0.14553655684] [0.194604605436]
0.171201810241 [0.140914395452] [0.20148922503]
0.16046088933949998 [0.125661671162] [0.195260107517]
0.1412969864905 [0.103721417487] [0.178872555494]
0.129799634218 [0.100987896323] [0.158611372113]
0.12250402197225001 [0.0992135331035] [0.145794510841]
0.12130339443694999 [0.0979678630829] [0.144638925791]
0.12637423351415 [0.0976430103183] [0.15510545671]
0.13593214377785 [0.0993776395917] [0.172486647964]
0.14633272215749998 [0.103879772127] [0.188785672188]
0.155308827758 [0.1104747504] [0.200142905116]
0.161536600441 [0.116453878582] [0.2066193223]
0.164161745459 [0.118380196393] [0.209943294525]
0.1627812758085 [0.11453102529] [0.211031526327]
0.1577363349495 [0.104954563081] [0.210518106818]
0.156967077404 [0.104954563081] [0.208979591727]
0.1558557115495 [0.104954563081] [0.206756860018]
0.154937725514 [0.104954563081] [0.204920887947]
0.155033137649 [0.104954563081] [0.205111712217]
0.1562048755585 [0.104954563081] [0.207455188036]
0.1570873744785 [0.104954563081] [0.209220185876]
0.206738717854 [0.207189142704] [0.206288293004]
0.198328472674 [0.200101956725] [0.196554988623]
0.18892481923100002 [0.198740005493] [0.179109632969]
0.18028578907249998 [0.203380182385] [0.15719139576]
0.1729142889385 [0.212025508285] [0.133803069592]
0.166264727712 [0.221290752292] [0.111238703132]
0.16104130819435 [0.229991942644] [0.0920906737447]
0.1580787785353 [0.236157163978] [0.0800003930926]
0.15867657586935 [0.243413463235] [0.0739396885037]
0.16113297641285002 [0.24911595881] [0.0731499940157]
0.1633402816951 [0.251374721527] [0.0753058418632]
0.16420300677435 [0.249207273126] [0.0791987404227]
0.16457299888155 [0.245402887464] [0.0837431102991]
0.1648035831749 [0.240632072091] [0.0889750942588]
0.16670976951735 [0.237874567509] [0.0955449715257]
0.1707236245275 [0.23718328774] [0.104263961315]
0.174057345837 [0.236034467816] [0.112080223858]
0.17797460407 [0.239340409636] [0.116608798504]
0.17853241413850002 [0.240419954062] [0.116644874215]
0.17729209736 [0.238625600934] [0.115958593786]
0.1757899969815 [0.233917862177] [0.117662131786]
0.174388408661 [0.227140873671] [0.121635943651]
0.17024691775450002 [0.215873926878] [0.124619908631]
0.161328293383 [0.199361756444] [0.123294830322]
0.146578170359 [0.178823471069] [0.114332869649]
0.1286446303128 [0.158561453223] [0.0987278074026]
0.11249963939204999 [0.143221586943] [0.0817776918411]
0.1016520261763 [0.135463222861] [0.0678408294916]
0.09701135195774999 [0.135463222861] [0.0585594810545]
0.09430876001699999 [0.135463222861] [0.053154297173]
0.09277497231944999 [0.135463222861] [0.0500867217779]
0.09189247712479999 [0.135463222861] [0.0483217313886]
0.0914556290953 [0.135463222861] [0.0474480353296]
0.0915808435528 [0.135463222861] [0.0476984642446]
0.18926568515574999 [0.329211056232] [0.0493203140795]
0.1813843138518 [0.310316562653] [0.0524520650506]
0.17355797998605 [0.290469020605] [0.0566469393671]
0.1673965938388 [0.27428355813] [0.0605096295476]
0.1647180840375 [0.264919161797] [0.064517006278]
0.16591252014055002 [0.26159337163] [0.0702316686511]
0.17097590118625 [0.26108944416] [0.0808623582125]
0.180379446596 [0.259755551815] [0.101003341377]
0.1959106326105 [0.255280852318] [0.136540412903]
0.219131626189 [0.247759521008] [0.19050373137]
0.24460182338949998 [0.238824531436] [0.250379115343]
0.2614820450545 [0.230255305767] [0.292708784342]
0.264209963381 [0.216500893235] [0.311919033527]
0.26426156610249996 [0.20600001514] [0.322523117065]
0.264866068959 [0.198812931776] [0.330919206142]
0.2634684145455 [0.194497853518] [0.332438975573]
0.25835271924750003 [0.192822530866] [0.323882907629]
0.251037932932 [0.192872330546] [0.309203535318]
0.24429620057350002 [0.194125339389] [0.294467061758]
0.23994047194700002 [0.196772113442] [0.283108830452]
0.2390116229655 [0.20201151073] [0.276011735201]
0.24212698638449998 [0.21164765954] [0.272606313229]
0.2498141750695 [0.226972535253] [0.272655814886]
0.2627983912825 [0.248359486461] [0.277237296104]
0.28253544867049996 [0.27681183815] [0.288259059191]
0.30979518592349997 [0.312043815851] [0.307546555996]
0.3442081213 [0.352211147547] [0.336205095053]
0.38229703903199996 [0.394190341234] [0.37040373683]
0.4173375219105 [0.430333018303] [0.404342025518]
0.446333169937 [0.461296617985] [0.431369721889]
0.473188266158 [0.490234911442] [0.456141620874]
0.502007499337 [0.521323800087] [0.482691198587]
0.5361299812795 [0.557512819767] [0.514747142792]
0.567404747009 [0.590170919895] [0.544638574123]
0.5915238559245 [0.611569285393] [0.571478426456]
0.6040389835835 [0.619096577168] [0.588981389999]
0.6036026477815 [0.612026810646] [0.595178484917]
0.5676663517955 [0.585969090462] [0.549363613129]
0.47777228057349996 [0.534763038158] [0.420781522989]
0.369692325592 [0.467457264662] [0.271927386522]
0.285007916391 [0.401343405247] [0.168672427535]
0.228722222149 [0.345214128494] [0.112230315804]
0.1926115304232 [0.301190853119] [0.0840322077274]
0.16877207159995 [0.266934454441] [0.0706096887589]
0.15195127204055 [0.239294707775] [0.0646078363061]
0.13907418958845 [0.216140255332] [0.0620081238449]
0.12919784709815 [0.197501257062] [0.0608944371343]
0.12253709323725 [0.184295073152] [0.0607791133225]
0.11900151148455 [0.176624298096] [0.0613787248731]
0.1180708892645 [0.173873573542] [0.062268204987]
0.11934177204985 [0.175740912557] [0.0629426315427]
0.12237894535075 [0.181342571974] [0.0634153187275]
0.1274507604541 [0.190552145243] [0.0643493756652]
0.1352997347715 [0.203334987164] [0.067264482379]
0.14753477275355 [0.221145674586] [0.0739238709211]
0.1668720506134 [0.246924117208] [0.0868199840188]
0.195843424648 [0.281796276569] [0.109890572727]
