0.08913945406675 [0.0954684689641] [0.0828104391694]
0.0857840441167 [0.0930219367146] [0.0785461515188]
0.0836271084845 [0.0931113511324] [0.0741428658366]
0.08289736509325 [0.0946318879724] [0.0711628422141]
0.08375492691995001 [0.096914306283] [0.0705955475569]
0.0864395648242 [0.100452937186] [0.0724261924624]
0.09150962159035 [0.106524683535] [0.0764945596457]
0.100210700184 [0.117013916373] [0.083407483995]
0.1147354729472 [0.134600549936] [0.0948703959584]
0.138575408608 [0.162897586823] [0.114253230393]
0.1718081757425 [0.202620372176] [0.140995979309]
0.20603513717650002 [0.244432777166] [0.167637497187]
0.23308081179850001 [0.273353785276] [0.192807838321]
0.2437254562975 [0.286254823208] [0.201196089387]
0.2464153766635 [0.285447955132] [0.207382798195]
0.243823505938 [0.274287551641] [0.213359460235]
0.24982921034099997 [0.27623000741] [0.223428413272]
0.259387686849 [0.280348926783] [0.238426446915]
0.2725032567975 [0.287389606237] [0.257616907358]
0.286235719919 [0.295631587505] [0.276839852333]
0.2964972257615 [0.301469743252] [0.291524708271]
0.3000179231165 [0.301411151886] [0.298624694347]
0.2964561134575 [0.295730561018] [0.297181665897]
0.287763595581 [0.28805655241] [0.287470638752]
0.284717813134 [0.281964987516] [0.287470638752]
0.282312899828 [0.277155160904] [0.287470638752]
0.2792222201825 [0.270973801613] [0.287470638752]
0.2792222201825 [0.270973801613] [0.287470638752]
0.14316351711755 [0.270973801613] [0.0153532326221]
0.14407846052205 [0.270973801613] [0.0171831194311]
0.1450352212415 [0.270973801613] [0.01909664087]
0.14601572602995 [0.270973801613] [0.0210576504469]
0.1471858927981 [0.270973801613] [0.0233979839832]
0.14860374201095 [0.270973801613] [0.0262336824089]
0.1502670086921 [0.270973801613] [0.0295602157712]
0.1519588399679 [0.270973801613] [0.0329438783228]
0.15340529754765 [0.270973801613] [0.0358367934823]
0.15447007305925 [0.270973801613] [0.0379663445055]
0.15514197200545 [0.270973801613] [0.0393101423979]
0.1556342821569 [0.270973801613] [0.0402947627008]
0.1578505821527 [0.270973801613] [0.0447273626924]
0.16138119250545 [0.270973801613] [0.0517885833979]
0.16532394476239998 [0.26930180192] [0.0613460876048]
0.25540601089575 [0.438343763351] [0.0724682584405]
0.25985363125825 [0.435226798058] [0.0844804644585]
0.26131463050835 [0.425200819969] [0.0974284410477]
0.2482410706575 [0.384797096252] [0.111685045063]
0.256740912795 [0.384797096252] [0.128684729338]
0.26473993807999996 [0.384797096252] [0.144682779908]
0.27036301791649997 [0.384797096252] [0.155928939581]
0.2768360003825 [0.384797096252] [0.168874904513]
0.288854457438 [0.384797096252] [0.192911818624]
0.3064206168055 [0.384797096252] [0.228044137359]
0.3265189677475 [0.384797096252] [0.268240839243]
0.3442493528125 [0.384797096252] [0.303701609373]
0.3592336922885 [0.391405403614] [0.327061980963]
0.36020469665550003 [0.382261246443] [0.338148146868]
0.33444494009000003 [0.323506563902] [0.345383316278]
0.3125602304935 [0.273391544819] [0.351728916168]
0.29016551375349997 [0.229306131601] [0.351024895906]
0.2621977850795 [0.190410837531] [0.333984732628]
0.23233149200699998 [0.166957423091] [0.297705560923]
0.21024522930349998 [0.16374091804] [0.256749540567]
0.1946333870295 [0.164929866791] [0.224336907268]
0.186782769859 [0.172361046076] [0.201204493642]
0.183878570795 [0.185125336051] [0.182631805539]
0.182278648019 [0.199753805995] [0.164803490043]
0.177618637681 [0.211262524128] [0.143974751234]
0.1678661294285 [0.214956685901] [0.120775572956]
0.15668360889 [0.212548822165] [0.100818395615]
0.148042488843 [0.208531349897] [0.087553627789]
0.14432030916225 [0.207075506449] [0.0815651118755]
0.14709404483455 [0.213336259127] [0.0808518305421]
0.152918383479 [0.222243517637] [0.083593249321]
0.16010256484145 [0.231985092163] [0.0882200375199]
0.1678552255033 [0.241712093353] [0.0939983576536]
0.176540520042 [0.252048522234] [0.10103251785]
0.186656296253 [0.263960063457] [0.109352529049]
0.19643156975550002 [0.275154024363] [0.117709115148]
0.202189140022 [0.280704110861] [0.123674169183]
0.201841905713 [0.279046803713] [0.124637007713]
0.199612699449 [0.276011586189] [0.123213812709]
0.20220915600650002 [0.28001204133] [0.124406270683]
0.21408557146749999 [0.295389950275] [0.13278119266]
0.236192747951 [0.321006238461] [0.151379257441]
0.2675190120935 [0.353297531605] [0.181740492582]
0.301323592663 [0.382701665163] [0.219945520163]
0.33006559312350003 [0.407002747059] [0.253128439188]
0.346031352878 [0.421003133059] [0.271059572697]
0.352730035782 [0.427669674158] [0.277790397406]
0.35826043784649997 [0.43476587534] [0.281755000353]
0.365980505943 [0.444702118635] [0.287258893251]
0.3752542734145 [0.454984247684] [0.295524299145]
0.387842863798 [0.465154379606] [0.31053134799]
0.4067877680065 [0.475353032351] [0.338222503662]
0.43684715032599997 [0.490004062653] [0.383690237999]
0.4807202219965 [0.507242321968] [0.454198122025]
0.5310904085635 [0.519150018692] [0.543030798435]
0.5599032342435 [0.511519908905] [0.608286559582]
0.534074470401 [0.454439491034] [0.613709449768]
0.465740785003 [0.373607307673] [0.557874262333]
0.397066146135 [0.306738555431] [0.487393736839]
0.34666341543199997 [0.266859710217] [0.426467120647]
0.3131633773445 [0.24780164659] [0.378525108099]
0.2893792912365 [0.242673113942] [0.336085468531]
0.267906948924 [0.243673145771] [0.292140752077]
0.2446251660585 [0.243452519178] [0.245797812939]
0.2239483445885 [0.242154926062] [0.205741763115]
0.208200380206 [0.240426689386] [0.175974071026]
0.1971300020815 [0.239317044616] [0.154942959547]
0.1898181214925 [0.238267228007] [0.141369014978]
0.1843950897455 [0.237108811736] [0.131681367755]
0.180579677224 [0.235894337296] [0.125265017152]
0.1785555295645 [0.236228689551] [0.120882369578]
0.179795887321 [0.241021364927] [0.118570409715]
0.186098854989 [0.252903670073] [0.119294039905]
0.197884179652 [0.272230923176] [0.123537436128]
0.2145122662185 [0.297640919685] [0.131383612752]
0.23114297539 [0.320118844509] [0.142167106271]
0.2460688576105 [0.336436212063] [0.155701503158]
0.2627606019375 [0.352277100086] [0.173244103789]
0.284877330065 [0.374329775572] [0.195424884558]
0.313276067376 [0.406491458416] [0.220060676336]
0.343375682831 [0.441622614861] [0.245128750801]
0.3734898865225 [0.477318584919] [0.269661188126]
0.40433254838 [0.511467516422] [0.297197580338]
0.438275694847 [0.544391751289] [0.332159638405]
0.47559088468550004 [0.574390351772] [0.376791417599]
0.508744269609 [0.594252467155] [0.423236072063]
0.5205516517165 [0.600474596024] [0.440628707409]
0.5162300020455 [0.593041598797] [0.439418405294]
0.501183912158 [0.576935887337] [0.425431936979]
0.48109388351399995 [0.558932125568] [0.40325564146]
0.460333019495 [0.544197201729] [0.376468837261]
0.441688269377 [0.533544480801] [0.349832057953]
0.42476187646350005 [0.523561954498] [0.325961798429]
0.40705165267 [0.508274912834] [0.305828392506]
0.3883001804355 [0.486182510853] [0.290417850018]
0.3721659779545 [0.461440324783] [0.282891631126]
0.36245951056500003 [0.441630840302] [0.283288180828]
0.3610532283785 [0.431459337473] [0.290647119284]
0.3646882772445 [0.428362816572] [0.301013737917]
0.3680719733235 [0.426289051771] [0.309854894876]
0.369355544448 [0.421792656183] [0.316918432713]
0.3692109882835 [0.415260702372] [0.323161274195]
0.3669078201055 [0.409297019243] [0.324518620968]
0.3616719692945 [0.405708968639] [0.31763496995]
0.35883675515650004 [0.406341731548] [0.311331778765]
0.3589541763065 [0.407762825489] [0.310145527124]
