0.11923750489934999 [0.0972930192947] [0.141181990504]
0.11634773015975 [0.0939088612795] [0.13878659904]
0.11438132449979999 [0.0906410738826] [0.138121575117]
0.1133380867541 [0.0876528397202] [0.139023333788]
0.11335449293235 [0.0849361792207] [0.141772806644]
0.11434948444349999 [0.082746386528] [0.145952582359]
0.11632446572209999 [0.0822416171432] [0.150407314301]
0.11961537972095 [0.0852018818259] [0.154028877616]
0.1257575713097 [0.0940477475524] [0.157467395067]
0.1285892613232 [0.0940477475524] [0.163130775094]
0.13299090787770002 [0.0940477475524] [0.171934068203]
0.1385055668652 [0.0940477475524] [0.182963386178]
0.1426044441762 [0.0940477475524] [0.1911611408]
0.1426044441762 [0.0940477475524] [0.1911611408]
0.1426044441762 [0.0940477475524] [0.1911611408]
0.1426044441762 [0.0940477475524] [0.1911611408]
0.1426044441762 [0.0940477475524] [0.1911611408]
0.1426044441762 [0.0940477475524] [0.1911611408]
0.1426044441762 [0.0940477475524] [0.1911611408]
0.1426044441762 [0.0940477475524] [0.1911611408]
0.1426044441762 [0.0940477475524] [0.1911611408]
0.1426044441762 [0.0940477475524] [0.1911611408]
0.0801665596664 [0.0940477475524] [0.0662853717804]
0.07869696989655 [0.0940477475524] [0.0633461922407]
0.07823716290295 [0.0940477475524] [0.0624265782535]
0.07846466451885001 [0.0940477475524] [0.0628815814853]
0.0788993611932 [0.0940477475524] [0.063750974834]
0.07929901778699999 [0.0940477475524] [0.0645502880216]
0.0797200649977 [0.0940477475524] [0.065392382443]
0.08027216792104999 [0.0940477475524] [0.0664965882897]
0.0815481580794 [0.0940477475524] [0.0690485686064]
0.076954215765 [0.0848598629236] [0.0690485686064]
0.08021085709335 [0.0913731455803] [0.0690485686064]
0.08608194068069999 [0.103115312755] [0.0690485686064]
0.09429476782685 [0.1161146909] [0.0724748447537]
0.1032742448152 [0.12790350616] [0.0786449834704]
0.10855958983315 [0.12790350616] [0.0892156735063]
0.11682203784600001 [0.12790350616] [0.105740569532]
0.13116643577800002 [0.12790350616] [0.134429365396]
0.152164153755 [0.12790350616] [0.17642480135]
0.1751620918515 [0.12790350616] [0.222420677543]
0.190317489207 [0.12790350616] [0.252731472254]
0.190317489207 [0.12790350616] [0.252731472254]
0.192104764283 [0.131478056312] [0.252731472254]
0.197201155126 [0.141670837998] [0.252731472254]
0.206134557724 [0.159537643194] [0.252731472254]
0.218026265502 [0.18332105875] [0.252731472254]
0.223874613643 [0.195017755032] [0.252731472254]
0.1251522153615 [0.187046676874] [0.063257753849]
0.11384362727425 [0.161617353559] [0.0660699009895]
0.1008460856976 [0.130451485515] [0.0712406858802]
0.10249263420679999 [0.127037748694] [0.0779475197196]
0.10542036965465 [0.125643625855] [0.0851971134543]
0.10912268608785 [0.126508980989] [0.0917363911867]
0.1135326363147 [0.129791930318] [0.0972733423114]
0.11844972148499999 [0.135001301765] [0.101898141205]
0.123835835606 [0.141728848219] [0.105942822993]
0.1298246495425 [0.149984180927] [0.109665118158]
0.136513195932 [0.15986263752] [0.113163754344]
0.14349167793950002 [0.170605704188] [0.116377651691]
0.1563426852225 [0.180797383189] [0.131887987256]
0.1728727668525 [0.188752666116] [0.156992867589]
0.1924380511045 [0.197073787451] [0.187802314758]
0.1935805380345 [0.204917356372] [0.182243719697]
0.173079572618 [0.214220911264] [0.131938233972]
0.15565675869605 [0.22482778132] [0.0864857360721]
0.1493563093246 [0.237361982465] [0.0613506361842]
0.1497367806733 [0.251005768776] [0.0484677925706]
0.15334548056140002 [0.264386981726] [0.0423039793968]
0.15814667753875 [0.276430606842] [0.0398627482355]
0.16165752895155 [0.283889085054] [0.0394259728491]
0.16311801038665 [0.286474883556] [0.0397611372173]
0.16244157403685 [0.284736692905] [0.0401464551687]
0.15982159599655002 [0.279262125492] [0.0403810665011]
0.1561958976092 [0.271722465754] [0.0406693294644]
0.15250005014225 [0.263701766729] [0.0412983335555]
0.1498848609624 [0.257345795631] [0.0424239262938]
0.14861422218405002 [0.253119707108] [0.0441087372601]
0.1503186374901 [0.253917187452] [0.0467200875282]
0.15587029233570002 [0.260648548603] [0.0510920360684]
0.16703628376125 [0.275177359581] [0.0588952079415]
0.18472298234705 [0.296252667904] [0.0731932967901]
0.20955073833465002 [0.320283561945] [0.0988179147243]
0.24128141999250002 [0.343108773232] [0.139454066753]
0.2745997682215 [0.360847592354] [0.188351944089]
0.299379184842 [0.372587054968] [0.226171314716]
0.3123476579785 [0.379839330912] [0.244855985045]
0.318142488599 [0.384167224169] [0.252117753029]
0.3205927312375 [0.386510550976] [0.254674911499]
0.321105852723 [0.388082444668] [0.254129260778]
0.3220631927255 [0.391611605883] [0.252514779568]
0.327337324619 [0.400759756565] [0.253914892673]
0.34023997187599997 [0.418044477701] [0.262435466051]
0.3624184429645 [0.441486179829] [0.2833507061]
0.38742031157 [0.460884362459] [0.313956260681]
0.39475587010400004 [0.468275666237] [0.321236073971]
0.382731795311 [0.456808775663] [0.308654814959]
0.3563891202215 [0.427118569613] [0.28565967083]
0.33089885115600004 [0.398332595825] [0.263465106487]
0.310154490173 [0.375467538834] [0.244841441512]
0.2959870547055 [0.361963242292] [0.230010867119]
0.279704846442 [0.339928328991] [0.219481363893]
0.2529110386965 [0.294092327356] [0.211729750037]
0.21715262532200003 [0.230925261974] [0.20337998867]
0.184098653495 [0.175703063607] [0.192494243383]
0.159291781485 [0.139047041535] [0.179536521435]
0.1420725397765 [0.117772512138] [0.166372567415]
0.13073184713699998 [0.107344917953] [0.154118776321]
0.1236575469375 [0.104020491242] [0.143294602633]
0.11959379166350001 [0.104935124516] [0.134252458811]
0.11788737773899999 [0.107954993844] [0.127819761634]
0.117456030101 [0.111545786262] [0.12336627394]
0.117929074913 [0.114264294505] [0.121593855321]
0.119092579931 [0.115545868874] [0.122639290988]
0.1204664856195 [0.115328550339] [0.1256044209]
0.122128926218 [0.114298626781] [0.129959225655]
0.1249473504725 [0.113937444985] [0.13595725596]
0.13056345284 [0.117733895779] [0.143393009901]
0.14102251827700002 [0.130065381527] [0.151979655027]
0.158986926079 [0.156420513988] [0.16155333817]
0.1880107671025 [0.203473597765] [0.17254793644]
0.22802989929900003 [0.270481050014] [0.185578748584]
0.2689500749115 [0.336865782738] [0.201034367085]
0.29582408815649996 [0.373207956553] [0.21844021976]
0.309757165611 [0.381142884493] [0.238371446729]
0.32198706269300004 [0.381162643433] [0.262811481953]
0.33713489770899996 [0.382818847895] [0.291450947523]
0.3582791686055 [0.388031542301] [0.32852679491]
0.382799103856 [0.395328402519] [0.370269805193]
0.400216728449 [0.403113335371] [0.397320121527]
0.4018906652925 [0.411020427942] [0.392760902643]
0.39057511091249997 [0.415983319283] [0.365166902542]
0.3723312169315 [0.417870640755] [0.326791793108]
0.3553752154115 [0.419475913048] [0.291274517775]
0.343725606799 [0.420957684517] [0.266493529081]
0.3381091207265 [0.422275096178] [0.253943145275]
0.33796051144600003 [0.423675358295] [0.252245664597]
0.34111505746799997 [0.424405843019] [0.257824271917]
0.345592200756 [0.425526678562] [0.26565772295]
0.349304586649 [0.426004618406] [0.272604554892]
0.3504118174315 [0.424812346697] [0.276011288166]
0.3475377708675 [0.42078435421] [0.274291187525]
0.34165360033500003 [0.415194749832] [0.268112450838]
0.335863605142 [0.410883009434] [0.26084420085]
0.333968758583 [0.410723745823] [0.257213771343]
0.338704422116 [0.41535320878] [0.262055635452]
0.3503413647415 [0.422858864069] [0.277823865414]
0.367538690567 [0.431494265795] [0.303583115339]
0.3890067487955 [0.442601263523] [0.335412234068]
0.40792144835 [0.454330205917] [0.361512690783]
0.408282414079 [0.457571446896] [0.358993381262]
