0.0553577002138 [0.0775919854641] [0.0331234149635]
0.05331234447659999 [0.0735012739897] [0.0331234149635]
0.0519772116095 [0.0708310082555] [0.0331234149635]
0.050624357536450004 [0.0681253001094] [0.0331234149635]
0.048747790977350006 [0.0643721669912] [0.0331234149635]
0.0467395372689 [0.0603556595743] [0.0331234149635]
0.045297689735899996 [0.0574719645083] [0.0331234149635]
0.04468814097345 [0.0562528669834] [0.0331234149635]
0.04466069303455 [0.0561979711056] [0.0331234149635]
0.044544376432900004 [0.0559653379023] [0.0331234149635]
0.0437471456826 [0.0543708764017] [0.0331234149635]
0.0417233388871 [0.0503232628107] [0.0331234149635]
0.03923607990145 [0.0453487448394] [0.0331234149635]
0.0371930450201 [0.0412626750767] [0.0331234149635]
0.03603969700635 [0.0389559790492] [0.0331234149635]
0.03611573018135 [0.0391080453992] [0.0331234149635]
0.03729292564095 [0.0414624363184] [0.0331234149635]
0.0395139101893 [0.0459044054151] [0.0331234149635]
0.042742701247349996 [0.0523619875312] [0.0331234149635]
0.04670826345685 [0.0602931119502] [0.0331234149635]
0.0507011730224 [0.0682789310813] [0.0331234149635]
0.053633740171800004 [0.0741440653801] [0.0331234149635]
0.0547342244536 [0.0763450339437] [0.0331234149635]
0.05424975417555 [0.0753760933876] [0.0331234149635]
0.053360020741850006 [0.0735966265202] [0.0331234149635]
0.0530374329537 [0.0729514509439] [0.0331234149635]
0.05323656834665 [0.0733497217298] [0.0331234149635]
0.052880035713299994 [0.0726366564631] [0.0331234149635]
0.050070250406849995 [0.0670170858502] [0.0331234149635]
0.04439239762725 [0.055661380291] [0.0331234149635]
0.0384119860828 [0.0437005572021] [0.0331234149635]
0.03368520364165 [0.0342469923198] [0.0331234149635]
0.03035199269655 [0.0275805704296] [0.0331234149635]
0.02797153778375 [0.022819660604] [0.0331234149635]
0.026154985651400002 [0.0191865563393] [0.0331234149635]
0.0247645638883 [0.0164057128131] [0.0331234149635]
0.023724405094999998 [0.0143253952265] [0.0331234149635]
0.02297750813885 [0.0128316013142] [0.0331234149635]
0.022439269814649998 [0.0117551246658] [0.0331234149635]
0.02202075487005 [0.0109180947766] [0.0331234149635]
0.0217301119119 [0.0103368088603] [0.0331234149635]
0.0216280934401 [0.0101327719167] [0.0331234149635]
0.0218153707683 [0.0105073265731] [0.0331234149635]
0.02242118492725 [0.011718954891] [0.0331234149635]
0.0236963517964 [0.0142692886293] [0.0331234149635]
0.02615551743655 [0.0191876199096] [0.0331234149635]
0.0307384254411 [0.0283534359187] [0.0331234149635]
0.03867701254785 [0.0442306101322] [0.0331234149635]
0.0494762528688 [0.0658290907741] [0.0331234149635]
0.05931416340175 [0.08550491184] [0.0331234149635]
0.06685177050525 [0.100580126047] [0.0331234149635]
0.07123758085074999 [0.109351746738] [0.0331234149635]
0.06530166603625 [0.097479917109] [0.0331234149635]
0.051508573815249994 [0.069893732667] [0.0331234149635]
0.04043243266645 [0.0477414503694] [0.0331234149635]
0.0344107374549 [0.0356980599463] [0.0331234149635]
0.03136663138865 [0.0296098478138] [0.0331234149635]
0.03004816547035 [0.0269729159772] [0.0331234149635]
0.029657758772399997 [0.0261921025813] [0.0331234149635]
0.0297199264169 [0.0263164378703] [0.0331234149635]
0.0299378996715 [0.0267523843795] [0.0331234149635]
0.03015300631525 [0.027182597667] [0.0331234149635]
0.030221980065099997 [0.0273205451667] [0.0331234149635]
0.03005077596755 [0.0269781369716] [0.0331234149635]
0.0296928016469 [0.0262621883303] [0.0331234149635]
0.029316640459 [0.0255098659545] [0.0331234149635]
0.028982719406499997 [0.0248420238495] [0.0331234149635]
0.02877011243255 [0.0244168099016] [0.0331234149635]
0.02873399760575 [0.024344580248] [0.0331234149635]
0.02885580901055 [0.0245882030576] [0.0331234149635]
0.0291290599853 [0.0251347050071] [0.0331234149635]
0.0294779771939 [0.0258325394243] [0.0331234149635]
0.0297971079126 [0.0264708008617] [0.0331234149635]
0.0300114005804 [0.0268993861973] [0.0331234149635]
0.0300602372736 [0.0269970595837] [0.0331234149635]
0.02989878784865 [0.0266741607338] [0.0331234149635]
0.029512178152800002 [0.0259009413421] [0.0331234149635]
0.02908359840515 [0.0250437818468] [0.0331234149635]
0.028792879544199998 [0.0244623441249] [0.0331234149635]
0.028713516890999997 [0.0243036188185] [0.0331234149635]
0.0288572339341 [0.0245910529047] [0.0331234149635]
0.029375154525049997 [0.0256268940866] [0.0331234149635]
0.030662288889299998 [0.0282011628151] [0.0331234149635]
0.0333949420601 [0.0336664691567] [0.0331234149635]
0.03860219568015 [0.0440809763968] [0.0331234149635]
0.04795801453295 [0.0627926141024] [0.0331234149635]
0.0628812182695 [0.0926390215755] [0.0331234149635]
0.08249983750275 [0.131876260042] [0.0331234149635]
0.09878177009525 [0.164440125227] [0.0331234149635]
0.10584832541625 [0.178573235869] [0.0331234149635]
0.10773420147575 [0.182344987988] [0.0331234149635]
0.10906246118224999 [0.185001507401] [0.0331234149635]
0.10900705866525 [0.184890702367] [0.0331234149635]
0.10720144771024999 [0.181279480457] [0.0331234149635]
0.10427287034675 [0.17542232573] [0.0331234149635]
