0.028506685979649997 [0.0238899569958] [0.0331234149635]
0.028966131620099998 [0.0248088482767] [0.0331234149635]
0.0290693230927 [0.0250152312219] [0.0331234149635]
0.02884822152555 [0.0245730280876] [0.0331234149635]
0.02874179556965 [0.0243601761758] [0.0331234149635]
0.0285878488794 [0.0240522827953] [0.0331234149635]
0.02823144942525 [0.023339483887] [0.0331234149635]
0.02763650286945 [0.0221495907754] [0.0331234149635]
0.026876404881499998 [0.0206293947995] [0.0331234149635]
0.02617587149145 [0.0192283280194] [0.0331234149635]
0.026096817106000002 [0.0190702192485] [0.0331234149635]
0.026739182882 [0.0203549508005] [0.0331234149635]
0.02762172184885 [0.0221200287342] [0.0331234149635]
0.02839068416505 [0.0236579533666] [0.0331234149635]
0.02875350788235 [0.0243836008012] [0.0331234149635]
0.02864300552755 [0.0241625960916] [0.0331234149635]
0.02824626024815 [0.0233691055328] [0.0331234149635]
0.027648271992799997 [0.0221731290221] [0.0331234149635]
0.026865608990199998 [0.0206078030169] [0.0331234149635]
0.02604390401395 [0.0189643930644] [0.0331234149635]
0.0251976745203 [0.0172719340771] [0.0331234149635]
0.024439641274499997 [0.0157558675855] [0.0331234149635]
0.024439641274499997 [0.0157558675855] [0.0331234149635]
0.024439641274499997 [0.0157558675855] [0.0331234149635]
0.024439641274499997 [0.0157558675855] [0.0331234149635]
0.024439641274499997 [0.0157558675855] [0.0331234149635]
0.024439641274499997 [0.0157558675855] [0.0331234149635]
0.024439641274499997 [0.0157558675855] [0.0331234149635]
0.024439641274499997 [0.0157558675855] [0.0331234149635]
0.024439641274499997 [0.0157558675855] [0.0331234149635]
0.024439641274499997 [0.0157558675855] [0.0331234149635]
0.08349290303875 [0.133862391114] [0.0331234149635]
0.07982070557774999 [0.126517996192] [0.0331234149635]
0.07513166032725 [0.117139905691] [0.0331234149635]
0.06934799812725 [0.105572581291] [0.0331234149635]
0.0635255742818 [0.0939277336001] [0.0331234149635]
0.0550753604621 [0.0770273059607] [0.0331234149635]
0.044624919071799996 [0.0561264231801] [0.0331234149635]
0.036233067512499995 [0.0393427200615] [0.0331234149635]
0.0307662067935 [0.0284089986235] [0.0331234149635]
0.0274494411424 [0.0217754673213] [0.0331234149635]
0.0255160611123 [0.0179087072611] [0.0331234149635]
0.02437200769785 [0.0156206004322] [0.0331234149635]
0.02311989758165 [0.0131163801998] [0.0331234149635]
0.0224041067995 [0.0116847986355] [0.0331234149635]
0.0219142558053 [0.0107050966471] [0.0331234149635]
0.02154613705353 [0.00996885914356] [0.0331234149635]
0.021239101886755 [0.00935478881001] [0.0331234149635]
0.02099371049554 [0.00886400602758] [0.0331234149635]
0.020791779737929998 [0.00846014451236] [0.0331234149635]
0.02065831562505 [0.0081932162866] [0.0331234149635]
0.020603282842795 [0.00808315072209] [0.0331234149635]
0.020634913351395 [0.00814641173929] [0.0331234149635]
0.020732664503165 [0.00834191404283] [0.0331234149635]
0.020862478762875 [0.00860154256225] [0.0331234149635]
0.021051682531839998 [0.00897995010018] [0.0331234149635]
0.021209590602675 [0.00929576624185] [0.0331234149635]
0.02140050427989 [0.00967759359628] [0.0331234149635]
0.02174605894835 [0.0103687029332] [0.0331234149635]
0.02232860494405 [0.0115337949246] [0.0331234149635]
0.02314087376 [0.0131583325565] [0.0331234149635]
0.024116337299349998 [0.0151092596352] [0.0331234149635]
0.025204233825199998 [0.0172850526869] [0.0331234149635]
0.026262659579499997 [0.0194019041955] [0.0331234149635]
0.027303197421149998 [0.0214829798788] [0.0331234149635]
0.02821534033865 [0.0233072657138] [0.0331234149635]
0.02890189085155 [0.0246803667396] [0.0331234149635]
0.0293253408745 [0.0255272667855] [0.0331234149635]
0.02972752414645 [0.0263316333294] [0.0331234149635]
0.03055092692375 [0.027978438884] [0.0331234149635]
0.03240979090335 [0.0316961668432] [0.0331234149635]
0.036253508180400004 [0.0393836013973] [0.0331234149635]
0.04369276575745 [0.0542621165514] [0.0331234149635]
0.0561995897442 [0.0792757645249] [0.0331234149635]
0.07131543196725 [0.109507448971] [0.0331234149635]
0.08082178048775 [0.128520146012] [0.0331234149635]
0.08149185590425 [0.129860296845] [0.0331234149635]
0.07601479627175 [0.11890617758] [0.0331234149635]
0.06992047466324999 [0.106717534363] [0.0331234149635]
0.06512013264 [0.0971168503165] [0.0331234149635]
0.06241682730615 [0.0917102396488] [0.0331234149635]
0.061486443504700006 [0.0898494720459] [0.0331234149635]
0.061918014660499995 [0.0907126143575] [0.0331234149635]
0.0632809419185 [0.0934384688735] [0.0331234149635]
0.06542962230745 [0.0977358296514] [0.0331234149635]
0.06772532500325 [0.102327235043] [0.0331234149635]
0.06954173184925 [0.105960048735] [0.0331234149635]
0.07038491778075 [0.107646420598] [0.0331234149635]
0.07035390101375 [0.107584387064] [0.0331234149635]
0.07048063166425 [0.107837848365] [0.0331234149635]
0.07106807641675 [0.10901273787] [0.0331234149635]
0.07173959724625 [0.110355779529] [0.0331234149635]
0.07338325493025 [0.113643094897] [0.0331234149635]
0.07574013061825 [0.118356846273] [0.0331234149635]
0.07840312831125 [0.123682841659] [0.0331234149635]
0.08038842491824999 [0.127653434873] [0.0331234149635]
0.07892984338125 [0.124736271799] [0.0331234149635]
0.07552971504625 [0.117936015129] [0.0331234149635]
0.07176607660975 [0.110408738256] [0.0331234149635]
0.06743680126975 [0.101750187576] [0.0331234149635]
0.0617924761027 [0.0904615372419] [0.0331234149635]
0.0542383734137 [0.0753533318639] [0.0331234149635]
0.04663455858825 [0.060145702213] [0.0331234149635]
0.04043158702555 [0.0477397590876] [0.0331234149635]
0.0359477326274 [0.0387720502913] [0.0331234149635]
0.0331264063716 [0.0331293977797] [0.0331234149635]
0.0314392540604 [0.0297550931573] [0.0331234149635]
0.03044956643135 [0.0277757178992] [0.0331234149635]
0.0298849567771 [0.0266464985907] [0.0331234149635]
0.0295660989359 [0.0260087829083] [0.0331234149635]
0.0294404709712 [0.0257575269789] [0.0331234149635]
0.0295370379463 [0.0259506609291] [0.0331234149635]
0.02983127254995 [0.0265391301364] [0.0331234149635]
0.0303205130622 [0.0275176111609] [0.0331234149635]
0.0309969112277 [0.0288704074919] [0.0331234149635]
0.03196453489365 [0.0308056548238] [0.0331234149635]
0.03349540010095 [0.0338673852384] [0.0331234149635]
0.035973576828849996 [0.0388237386942] [0.0331234149635]
0.039946272969250005 [0.046769130975] [0.0331234149635]
0.0465157516301 [0.0599080882967] [0.0331234149635]
0.05782205797735 [0.0825207009912] [0.0331234149635]
0.07596672512574999 [0.118810035288] [0.0331234149635]
0.09961697272975 [0.166110530496] [0.0331234149635]
0.11527158878725 [0.197419762611] [0.0331234149635]
0.12252741120775 [0.211931407452] [0.0331234149635]
0.12538482062525 [0.217646226287] [0.0331234149635]
0.12849549762925 [0.223867580295] [0.0331234149635]
0.13132527284325 [0.229527130723] [0.0331234149635]
0.13131076656275 [0.229498118162] [0.0331234149635]
0.12631874345225 [0.219514071941] [0.0331234149635]
0.12036899290974999 [0.207614570856] [0.0331234149635]
0.11655182950175 [0.19998024404] [0.0331234149635]
0.11600029282275 [0.198877170682] [0.0331234149635]
0.11881631426525 [0.204509213567] [0.0331234149635]
0.12249228172024999 [0.211861148477] [0.0331234149635]
0.12600894086075 [0.218894466758] [0.0331234149635]
0.12976442091175 [0.22640542686] [0.0331234149635]
0.13152300380175 [0.22992259264] [0.0331234149635]
0.13018705509625 [0.227250695229] [0.0331234149635]
0.11651325784625 [0.199903100729] [0.0331234149635]
0.09148637019075 [0.149849325418] [0.0331234149635]
0.06663311459125 [0.100142814219] [0.0331234149635]
0.051237629726549994 [0.0693518444896] [0.0331234149635]
0.04270470887425 [0.052286002785] [0.0331234149635]
0.0376879218966 [0.0422524288297] [0.0331234149635]
0.03487409092485 [0.0366247668862] [0.0331234149635]
0.033388208597899996 [0.0336530022323] [0.0331234149635]
0.032588208094250004 [0.032053001225] [0.0331234149635]
0.0320524685085 [0.0309815220535] [0.0331234149635]
0.03155477065595 [0.0299861263484] [0.0331234149635]
0.0310930525884 [0.0290626902133] [0.0331234149635]
0.0307002114132 [0.0282770078629] [0.0331234149635]
0.030367767438299997 [0.0276121199131] [0.0331234149635]
0.030067157931649997 [0.0270109008998] [0.0331234149635]
0.0298686148599 [0.0266138147563] [0.0331234149635]
0.029980687424549998 [0.0268379598856] [0.0331234149635]
0.03080230019985 [0.0284811854362] [0.0331234149635]
0.0329481959343 [0.0327729769051] [0.0331234149635]
0.0377259235829 [0.0423284322023] [0.0331234149635]
0.04692784883085 [0.0607322826982] [0.0331234149635]
0.061048457399 [0.0889734998345] [0.0331234149635]
0.07292972318825 [0.112736031413] [0.0331234149635]
0.08043443225324999 [0.127745449543] [0.0331234149635]
0.08549364469925 [0.137863874435] [0.0331234149635]
0.09101138077675 [0.14889934659] [0.0331234149635]
0.09890142641975 [0.164679437876] [0.0331234149635]
0.10771264694624999 [0.182301878929] [0.0331234149635]
0.11616767756625 [0.199211940169] [0.0331234149635]
0.12221859954275 [0.211313784122] [0.0331234149635]
0.12484285794175 [0.21656230092] [0.0331234149635]
0.12411508522925 [0.215106755495] [0.0331234149635]
0.12130560539674999 [0.20948779583] [0.0331234149635]
0.11790884099924999 [0.202694267035] [0.0331234149635]
0.11522698216124999 [0.197330549359] [0.0331234149635]
0.11404926143574999 [0.194975107908] [0.0331234149635]
0.11483547650275 [0.196547538042] [0.0331234149635]
0.11759867332875 [0.202073931694] [0.0331234149635]
0.12368105165675 [0.21423868835] [0.0331234149635]
0.13446088694025 [0.235798358917] [0.0331234149635]
0.14745171926925002 [0.261780023575] [0.0331234149635]
0.15723909996475002 [0.281354784966] [0.0331234149635]
0.15945597551775 [0.285788536072] [0.0331234149635]
0.15469915233575002 [0.276274889708] [0.0331234149635]
0.13616797886775 [0.239212542772] [0.0331234149635]
0.10830323956924999 [0.183483064175] [0.0331234149635]
0.08525997959074999 [0.137396544218] [0.0331234149635]
0.07108485139925 [0.109046287835] [0.0331234149635]
