0.1014203615489 [0.13369370997] [0.0691470131278]
0.10442654415975 [0.138856559992] [0.0699965283275]
0.10762620344755 [0.144124135375] [0.0711282715201]
0.11026080325240001 [0.148710027337] [0.0718115791678]
0.11511730030185 [0.157687470317] [0.0725471302867]
0.12293260917065 [0.17225651443] [0.0736087039113]
0.1287888139484 [0.181354746222] [0.0762228816748]
0.13386750221265 [0.185469850898] [0.0822651535273]
0.1437046043577 [0.193991914392] [0.0934172943234]
0.157113350928 [0.203166514635] [0.111060187221]
0.1709041446445 [0.205279037356] [0.136529251933]
0.172500550747 [0.186929747462] [0.158071354032]
0.1503648981455 [0.140800341964] [0.159929454327]
0.11779274418975 [0.0930560305715] [0.142529457808]
0.08826035261135 [0.0610225126147] [0.115498192608]
0.06704079546035 [0.042799051851] [0.0912825390697]
0.0535394698381 [0.0329335853457] [0.0741453543305]
0.0458040870726 [0.0277906581759] [0.0638175159693]
0.041924432851400004 [0.025358164683] [0.0584907010198]
0.0402838513255 [0.024424739182] [0.056142963469]
0.03965656738725 [0.0241748485714] [0.0551382862031]
0.038865290582150006 [0.0239812918007] [0.0537492893636]
0.03711428306995 [0.0233637988567] [0.0508647672832]
0.034514377824949996 [0.0223050173372] [0.0467237383127]
0.03173244930805 [0.0209964327514] [0.0424684658647]
0.0287347333506 [0.0197686310858] [0.0377008356154]
0.02530833519995 [0.0187056288123] [0.0319110415876]
0.02244234643875 [0.0181068982929] [0.0267777945846]
0.02077319379895 [0.0182204172015] [0.0233259703964]
0.02047127857805 [0.0193195734173] [0.0216229837388]
0.0216286154464 [0.0218100771308] [0.021447153762]
0.02419685479255 [0.0260522533208] [0.0223414562643]
0.027782891876999997 [0.031837683171] [0.023728100583]
0.03136656153945 [0.0377420969307] [0.0249910261482]
0.0338024869561 [0.0416114106774] [0.0259935632348]
0.03465835750105 [0.0426759570837] [0.0266407579184]
0.03465997613965 [0.0421798862517] [0.0271400660276]
0.03442513663325 [0.0412493012846] [0.0276009719819]
0.0335737625137 [0.0390244312584] [0.028123093769]
0.03172283712775 [0.0348203331232] [0.0286253411323]
0.029416942968949998 [0.0297329816967] [0.0291009042412]
0.027492945082499998 [0.0254024509341] [0.0295834392309]
0.02662562858315 [0.022797703743] [0.0304535534233]
0.027272962965099998 [0.0220977831632] [0.032448142767]
0.0292639872059 [0.0228652115911] [0.0356627628207]
0.0318307010457 [0.0242931637913] [0.0393682383001]
0.033744777552800004 [0.0254995916039] [0.0419899635017]
0.03463326301425 [0.0259883981198] [0.0432781279087]
0.0345023814589 [0.0258207693696] [0.0431839935482]
0.03313185926525 [0.0248766001314] [0.0413871183991]
0.0296474555507 [0.0225445013493] [0.0367504097521]
0.024426048621549998 [0.0190829597414] [0.0297691375017]
0.019354590214800002 [0.0157142318785] [0.0229949485511]
0.0156568218954 [0.0130675910041] [0.0182460527867]
0.01339160371575 [0.0112760923803] [0.0155071150512]
0.0123015474528 [0.0102722970769] [0.0143307978287]
0.012099012266865 [0.00986739899963] [0.0143306255341]
0.01246167207137 [0.00975114200264] [0.0151722021401]
0.013016463257379998 [0.00962717458606] [0.0164057519287]
0.013371421024215 [0.00927074812353] [0.0174720939249]
0.013321349397285 [0.00882063806057] [0.017822060734]
0.012990412302330001 [0.00852883048356] [0.0174519941211]
0.01262351451441 [0.00859808828682] [0.016648940742]
0.012399724219010002 [0.00898434128612] [0.0158151071519]
0.012504541315155 [0.00961988698691] [0.0153891956434]
0.013130659703150001 [0.0105580771342] [0.0157032422721]
0.0146128581837 [0.0121385343373] [0.0170871820301]
0.0176006294787 [0.0151414945722] [0.0200597643852]
0.023251666687400002 [0.0212146695703] [0.0252886638045]
0.033487489447 [0.0336989425123] [0.0332760363817]
0.05008459091185 [0.0578640401363] [0.0423051416874]
0.07069305330515 [0.0935171842575] [0.0478689223528]
0.08678678236915 [0.125655025244] [0.0479185394943]
0.09268757142145001 [0.138496294618] [0.0468788482249]
0.0919492896646 [0.135895371437] [0.0480032078922]
0.09067432396095 [0.127952650189] [0.0533959977329]
0.0890809874982 [0.117069490254] [0.0610924847424]
0.08678867667910001 [0.104653738439] [0.0689236149192]
0.0838904902339 [0.0934527367353] [0.0743282437325]
0.0806865505874 [0.0845474898815] [0.0768256112933]
0.07798569649455 [0.0785060673952] [0.0774653255939]
0.0763032287359 [0.0748214498162] [0.0777850076556]
0.07608434930445 [0.0730162486434] [0.0791524499655]
0.0780607163906 [0.0727255493402] [0.083395883441]
0.08227134123445 [0.0736620202661] [0.0908806622028]
0.08782137557865 [0.0749896988273] [0.10065305233]
0.09312407299895 [0.0763544812799] [0.109893664718]
0.09665344655515 [0.0774640217423] [0.115842871368]
0.0976957492528 [0.0787165015936] [0.116674996912]
0.09691737964735 [0.0803398042917] [0.113494955003]
0.09608181566015 [0.0838034898043] [0.108360141516]
0.0962789580225 [0.089440189302] [0.103117726743]
0.09842372685675 [0.0970731377602] [0.0997743159533]
0.1028070040049 [0.107336983085] [0.0982770249248]
0.10806116089235 [0.118045024574] [0.0980772972107]
0.1106977276506 [0.124650023878] [0.0967454314232]
0.10172612220050001 [0.114342622459] [0.089109621942]
0.08063975721595 [0.0858735218644] [0.0754059925675]
0.0577889401466 [0.0567861683667] [0.0587917119265]
0.04086858965455 [0.0380928516388] [0.0436443276703]
0.030263753607849997 [0.0277512595057] [0.03277624771]
