0.0488315708935 [0.0736407116055] [0.0240224301815]
0.0489347698167 [0.0730119720101] [0.0248575676233]
0.047969454899449995 [0.0701825320721] [0.0257563777268]
0.0454373303801 [0.0647356361151] [0.0261390246451]
0.0418998291716 [0.058188714087] [0.0256109442562]
0.0381226381287 [0.0522506684065] [0.0239946078509]
0.035487283021249996 [0.048010814935] [0.0229637511075]
0.0336806606501 [0.0450572967529] [0.0223040245473]
0.0327215064317 [0.0428427197039] [0.0226002931595]
0.0327644441277 [0.0413365736604] [0.024192314595]
0.0340221114457 [0.0406865924597] [0.0273576304317]
0.036391766741850004 [0.0409771129489] [0.0318064205348]
0.03939857520165 [0.0420514456928] [0.0367457047105]
0.0417857542634 [0.0431750826538] [0.040396425873]
0.04205055721105 [0.0433503240347] [0.0407507903874]
0.039896380156249994 [0.0422684922814] [0.0375242680311]
0.03642011806365 [0.0405737534165] [0.0322664827108]
0.0357829555869 [0.039299428463] [0.0322664827108]
0.03559230268 [0.0389181226492] [0.0322664827108]
0.0358368679881 [0.0394072532654] [0.0322664827108]
0.036115599796150005 [0.0399647168815] [0.0322664827108]
0.0360736995935 [0.0398809164762] [0.0322664827108]
0.0356336366385 [0.0390007905662] [0.0322664827108]
0.03504782542585 [0.0378291681409] [0.0322664827108]
0.0344963856041 [0.0367262884974] [0.0322664827108]
0.034071885049300005 [0.0358772873878] [0.0322664827108]
0.0336731299758 [0.0350797772408] [0.0322664827108]
0.033189691603149996 [0.0341129004955] [0.0322664827108]
0.03269098885355 [0.0331154949963] [0.0322664827108]
0.03246815316375 [0.0326698236167] [0.0322664827108]
0.032793961465350005 [0.0333214402199] [0.0322664827108]
0.033723236992950004 [0.0351799912751] [0.0322664827108]
0.03500123135745 [0.0377359800041] [0.0322664827108]
0.0361375287175 [0.0400085747242] [0.0322664827108]
0.036750849336350006 [0.0412352159619] [0.0322664827108]
0.0369918514043 [0.0417172200978] [0.0322664827108]
0.03752226941285 [0.0427780561149] [0.0322664827108]
0.03913320600985 [0.0459999293089] [0.0322664827108]
0.0428847931325 [0.0535031035542] [0.0322664827108]
0.0496575646102 [0.0670486465096] [0.0322664827108]
0.0559956990182 [0.0797249153256] [0.0322664827108]
0.0560527294874 [0.079838976264] [0.0322664827108]
0.049868836998900004 [0.067471191287] [0.0322664827108]
0.0425547044724 [0.052842926234] [0.0322664827108]
0.0374399330467 [0.0426133833826] [0.0322664827108]
0.03490675240755 [0.0375470221043] [0.0322664827108]
0.02987029682845 [0.0362504944205] [0.0234900992364]
0.029229757375999997 [0.0368987843394] [0.0215607304126]
0.0294265206903 [0.0382893271744] [0.0205637142062]
0.0303221615031 [0.0399166718125] [0.0207276511937]
0.03184252791105 [0.0415870323777] [0.0220980234444]
0.03387796320025 [0.0433634705842] [0.0243924558163]
0.0362520599738 [0.0453245714307] [0.0271795485169]
0.03861849196255 [0.0472702868283] [0.0299666970968]
0.04077374748885 [0.0488445982337] [0.032702896744]
0.04299398511645 [0.0505420491099] [0.035445921123]
0.045762710273250004 [0.0535198710859] [0.0380055494606]
0.04964905232195 [0.0592920482159] [0.040006056428]
0.0557198747993 [0.0695088282228] [0.0419309213758]
0.06605591252445 [0.0859025791287] [0.0462092459202]
0.0805900283158 [0.108332566917] [0.0528474897146]
0.09804414026455001 [0.133647412062] [0.0624408684671]
0.11475363746299999 [0.155372694135] [0.074134580791]
0.12931081652655 [0.172386735678] [0.0862348973751]
0.13789098337275 [0.181012511253] [0.0947694554925]
0.1402547508477 [0.183737426996] [0.0967720746994]
0.1357653625308 [0.179289281368] [0.0922414436936]
0.13065582141285 [0.175976663828] [0.0853349789977]
