0.19217810034729998 [0.350475043058] [0.0338811576366]
0.1916222758589 [0.350475043058] [0.0327695086598]
0.19076600205135 [0.350475043058] [0.0310569610447]
0.18894464988239998 [0.350475043058] [0.0274142567068]
0.18635189160684998 [0.350475043058] [0.0222287401557]
0.1841562120242 [0.350475043058] [0.0178373809904]
0.18267396884019999 [0.350475043058] [0.0148728946224]
0.18228584015719998 [0.350475043058] [0.0140966372564]
0.1820055190472 [0.350475043058] [0.0135359950364]
0.18188537238145 [0.350475043058] [0.0132957017049]
0.18190644728 [0.350475043058] [0.013337851502]
0.18198197102155 [0.350475043058] [0.0134888989851]
0.1820143549701 [0.350475043058] [0.0135536668822]
0.18188735377024998 [0.350475043058] [0.0132996644825]
0.18157947249689999 [0.350475043058] [0.0126839019358]
0.1810991805976 [0.350475043058] [0.0117233181372]
0.18062941916265 [0.350475043058] [0.0107837952673]
0.18015406234169998 [0.350475043058] [0.0098330816254]
0.18015406234169998 [0.350475043058] [0.0098330816254]
0.18015406234169998 [0.350475043058] [0.0098330816254]
0.18015406234169998 [0.350475043058] [0.0098330816254]
0.18015406234169998 [0.350475043058] [0.0098330816254]
0.18015406234169998 [0.350475043058] [0.0098330816254]
0.18015406234169998 [0.350475043058] [0.0098330816254]
0.18015406234169998 [0.350475043058] [0.0098330816254]
0.18015406234169998 [0.350475043058] [0.0098330816254]
0.19940185174324998 [0.350475043058] [0.0483286604285]
0.19824974797644998 [0.350475043058] [0.0460244528949]
0.19638462737185 [0.350475043058] [0.0422942116857]
0.19377674348635 [0.350475043058] [0.0370784439147]
0.1910231988875 [0.350475043058] [0.031571354717]
0.18884990923085 [0.350475043058] [0.0272247754037]
0.1874319827182 [0.350475043058] [0.0243889223784]
0.18657072726614998 [0.350475043058] [0.0226664114743]
0.18609265238025 [0.350475043058] [0.0217102617025]
0.18596262298504998 [0.350475043058] [0.0214502029121]
0.1860674424095 [0.350475043058] [0.021659841761]
0.18627190962415 [0.350475043058] [0.0220687761903]
0.18621804751434998 [0.350475043058] [0.0219610519707]
0.1862946236504 [0.350475043058] [0.0221142042428]
0.18645434454065 [0.350475043058] [0.0224336460233]
0.18667125236225 [0.350475043058] [0.0228674616665]
0.1869031134991 [0.350475043058] [0.0233311839402]
0.18713769596049998 [0.350475043058] [0.023800348863]
0.18743718974274998 [0.350475043058] [0.0243993364275]
0.18794828746449999 [0.350475043058] [0.025421531871]
0.18886130955049998 [0.350475043058] [0.027247576043]
0.19044170714894998 [0.350475043058] [0.0304083712399]
0.19293518923205 [0.350475043058] [0.0353953354061]
0.196454875171 [0.350475043058] [0.042434707284]
0.2006644308565 [0.350475043058] [0.050853818655]
0.2060937061904 [0.350475043058] [0.0617123693228]
0.21331782266479998 [0.350475043058] [0.0761606022716]
0.2202227227388 [0.350475043058] [0.0899704024196]
0.22170167416314998 [0.350475043058] [0.0929283052683]
0.22027053683974998 [0.350475043058] [0.0900660306215]
0.21655673906185 [0.350475043058] [0.0826384350657]
0.21214238926749998 [0.350475043058] [0.073809735477]
0.2085150331257 [0.350475043058] [0.0665550231934]
0.20604183152299999 [0.350475043058] [0.061608619988]
0.20496490783969998 [0.350475043058] [0.0594547726214]
0.20482427254299998 [0.350475043058] [0.059173502028]
0.20486756600419997 [0.350475043058] [0.0592600889504]
0.2051707506178 [0.350475043058] [0.0598664581776]
0.20546665601414998 [0.350475043058] [0.0604582689703]
0.20540473610145 [0.350475043058] [0.0603344291449]
0.2041350696234 [0.350475043058] [0.0577950961888]
0.20112209580819998 [0.350475043058] [0.0517691485584]
0.1972920279948 [0.350475043058] [0.0441090129316]
0.1944503635166 [0.350475043058] [0.0384256839752]
0.19294956698995 [0.350475043058] [0.0354240909219]
0.192599352449 [0.350475043058] [0.03472366184]
0.1928300037978 [0.350475043058] [0.0351849645376]
0.19296617619675 [0.350475043058] [0.0354573093355]
0.19261160492874999 [0.350475043058] [0.0347481667995]
0.19184515438955 [0.350475043058] [0.0332152657211]
0.19098596274835 [0.350475043058] [0.0314968824387]
0.1903094574807 [0.350475043058] [0.0301438719034]
0.1897921310736 [0.350475043058] [0.0291092190892]
0.18938581459204998 [0.350475043058] [0.0282965861261]
0.18919130880364998 [0.350475043058] [0.0279075745493]
0.18966668937335 [0.350475043058] [0.0288583356887]
0.18979607243069999 [0.350475043058] [0.0291171018034]
0.19043928198495 [0.350475043058] [0.0304035209119]
0.19151799380759998 [0.350475043058] [0.0325609445572]
0.1925689894704 [0.350475043058] [0.0346629358828]
0.19296482391635 [0.350475043058] [0.0354546047747]
0.1927319113163 [0.350475043058] [0.0349887795746]
0.19281091168505 [0.350475043058] [0.0351467803121]
0.19414917752125 [0.350475043058] [0.0378233119845]
0.19727315381149998 [0.350475043058] [0.044071264565]
0.20214350335279999 [0.350475043058] [0.0538119636476]
0.20814363658409998 [0.350475043058] [0.0658122301102]
0.20814363658409998 [0.350475043058] [0.0658122301102]
