0.10538752377025 [0.17540474236] [0.0353703051805]
0.10066686384365 [0.166894778609] [0.0344389490783]
0.09613226354125 [0.159109145403] [0.0331553816795]
0.0913473330438 [0.1510848701] [0.0316097959876]
0.08675672858974999 [0.143721133471] [0.0297923237085]
0.08344426658015 [0.139157176018] [0.0277313571423]
0.081970317289 [0.138330802321] [0.025609832257]
0.08160506375125 [0.139844805002] [0.0233653225005]
0.081669501029 [0.142128750682] [0.021210251376]
0.0821802755818 [0.145111873746] [0.0192486774176]
0.08413989190005 [0.150440648198] [0.0178391356021]
0.0880655646324 [0.158830165863] [0.0173009634018]
0.09539017919425 [0.172555699944] [0.0182246584445]
0.10533834435035 [0.190253049135] [0.0204236395657]
0.11679467838235 [0.210180714726] [0.0234086420387]
0.1262682965027 [0.228013813496] [0.0245227795094]
0.13148025237045 [0.240406185389] [0.0225543193519]
0.13404874131065 [0.247632578015] [0.0204649046063]
0.13411783147585002 [0.251000076532] [0.0172355864197]
0.13360332790775 [0.252866983414] [0.0143396724015]
0.1330696959047 [0.253615915775] [0.0125234760344]
0.1387577825228 [0.265831202269] [0.0116843627766]
0.14504883764325 [0.278500825167] [0.0115968501195]
0.15115544432755 [0.29018959403] [0.0121212946251]
0.1572831515223 [0.30128967762] [0.0132766254246]
0.16365082934505001 [0.31221729517] [0.0150843635201]
0.16838002484304998 [0.319647908211] [0.0171121414751]
0.1711362861096 [0.323684543371] [0.0185880288482]
0.16939278878254999 [0.319871395826] [0.0189141817391]
0.16078069992355 [0.303250402212] [0.0183109976351]
0.14621540065834998 [0.274957567453] [0.0174732338637]
0.126128789969 [0.235352724791] [0.016904855147]
0.1260837633165 [0.235352724791] [0.016814801842]
0.12643523141765 [0.235352724791] [0.0175177380443]
0.1271441774445 [0.235352724791] [0.018935630098]
0.12813491281145 [0.235352724791] [0.0209171008319]
0.1290877060967 [0.235352724791] [0.0228226874024]
0.12967435922495 [0.235352724791] [0.0239959936589]
0.12969033792635 [0.235352724791] [0.0240279510617]
0.12917933613085 [0.235352724791] [0.0230059474707]
0.12856233958175 [0.235352724791] [0.0217719543725]
0.1280663898217 [0.235352724791] [0.0207800548524]
0.12790182419145 [0.235352724791] [0.0204509235919]
0.1282341843473 [0.235352724791] [0.0211156439036]
0.12911171373 [0.235352724791] [0.022870702669]
0.1304830797019 [0.235352724791] [0.0256134346128]
0.10020584799345 [0.171742260456] [0.0286694355309]
0.0996781466527 [0.168485075235] [0.0308712180704]
0.09625281020995001 [0.160520017147] [0.0319856032729]
0.09128051437455 [0.150502726436] [0.0320583023131]
0.08602218516179999 [0.140705868602] [0.0313385017216]
0.08150793611995 [0.132738187909] [0.0302776843309]
0.0786460312083 [0.127693414688] [0.0295986477286]
0.0776084223764 [0.125619143248] [0.0295977015048]
0.07816655468205 [0.126064091921] [0.0302690174431]
0.07991009950625 [0.128441751003] [0.0313784480095]
0.08252887427815 [0.132642760873] [0.0324149876833]
0.08534250594685 [0.138284891844] [0.0324001200497]
0.08756118640305001 [0.144141420722] [0.0309809520841]
0.087877825834 [0.147129043937] [0.028626607731]
0.0865435944872 [0.147064417601] [0.0260227713734]
0.0836704410613 [0.143748342991] [0.0235925391316]
0.08257059287304999 [0.142773598433] [0.0223675873131]
0.08311305101960001 [0.143275052309] [0.0229510497302]
0.0875196037816 [0.149398863316] [0.0256403442472]
0.0933213038372 [0.161167442799] [0.0254751648754]
0.10197449475534999 [0.178342536092] [0.0256064534187]
0.1128020742908 [0.199464187026] [0.0261399615556]
0.1233330685647 [0.219672083855] [0.0269940532744]
0.1315585067494 [0.235160887241] [0.0279561262578]
0.1368677420541 [0.244843661785] [0.0288918223232]
0.13791578821859998 [0.246202886105] [0.0296286903322]
0.13103856146355 [0.232054561377] [0.0300225615501]
0.13132396619790002 [0.232054561377] [0.0305933710188]
0.1324698161336 [0.232054561377] [0.0328850708902]
0.13426378928145 [0.232054561377] [0.0364730171859]
0.1366201695057 [0.232054561377] [0.0411857776344]
0.1396167520436 [0.232054561377] [0.0471789427102]
0.1430571433159 [0.232054561377] [0.0540597252548]
0.1494091115894 [0.232054561377] [0.0667636618018]
0.149797793478 [0.232054561377] [0.067541025579]
0.15058997273465 [0.232054561377] [0.0691253840923]
0.287634436041 [0.504060924053] [0.071207948029]
0.27768869698044996 [0.481878131628] [0.0734992623329]
0.26024623960279997 [0.4449044168] [0.0755880624056]
0.23515740409485 [0.393343567848] [0.0769712403417]
0.20665337890365 [0.335854619741] [0.0774521380663]
0.18311098590475 [0.288600414991] [0.0776215568185]
0.17675646767005 [0.258955210447] [0.0945577248931]
0.17331277206525 [0.246870845556] [0.0997546985745]
0.172797765583 [0.243898138404] [0.101697392762]
0.174923557788 [0.245332613587] [0.104514501989]
0.1777914091945 [0.248197093606] [0.107385724783]
0.180801752955 [0.250709086657] [0.110894419253]
0.1796196736395 [0.245156630874] [0.114082716405]
0.176076840609 [0.235948845744] [0.116204835474]
0.1715719364585 [0.225722059608] [0.117421813309]
0.168289024383 [0.218794181943] [0.117783866823]
0.1663048528135 [0.215864047408] [0.116745658219]
0.1661554090675 [0.217783644795] [0.11452717334]
0.169011935592 [0.225201532245] [0.112822338939]
0.175119809806 [0.237124741077] [0.113114878535]
0.183723475784 [0.251973569393] [0.115473382175]
0.192303583026 [0.266146063805] [0.118461102247]
0.20056540519000002 [0.280905127525] [0.120225682855]
0.204689178616 [0.289038091898] [0.120340265334]
0.204772811383 [0.289178311825] [0.120367310941]
0.207397278398 [0.29133015871] [0.123464398086]
0.21174345910550002 [0.292903453112] [0.130583465099]
0.2139347866175 [0.290192097425] [0.13767747581]
0.209981143475 [0.278916716576] [0.141045570374]
0.20200324803550002 [0.263602018356] [0.140404477715]
0.1939040869475 [0.250240564346] [0.137567609549]
0.188412345946 [0.23994833231] [0.136876359582]
0.187293484807 [0.234365850687] [0.140221118927]
0.188737295568 [0.234499946237] [0.142974644899]
0.190208815038 [0.236667126417] [0.143750503659]
0.1900805905465 [0.239045634866] [0.141115546227]
0.1887668669225 [0.241193473339] [0.136340260506]
0.188150189817 [0.243918031454] [0.13238234818]
0.18990660458800002 [0.249678567052] [0.130134642124]
0.19032300263649998 [0.252126485109] [0.128519520164]
0.190558247268 [0.253908038139] [0.127208456397]
0.1916068047285 [0.256978183985] [0.126235425472]
0.19460034370399998 [0.263480365276] [0.125720322132]
0.200448296964 [0.275297254324] [0.125599339604]
0.20794108509999998 [0.291329830885] [0.124552339315]
0.215826384723 [0.308133035898] [0.123519733548]
0.221344407648 [0.318711012602] [0.123977802694]
0.221331562847 [0.318157345057] [0.124505780637]
0.22078557312500002 [0.315213739872] [0.126357406378]
0.22039849311100002 [0.311202406883] [0.129594579339]
0.22027026116850001 [0.306342929602] [0.134197592735]
0.22069105505949999 [0.302162617445] [0.139219492674]
0.218631669879 [0.295192927122] [0.142070412636]
0.2113618403675 [0.282420665026] [0.140303015709]
0.19871014356650002 [0.263933181763] [0.13348710537]
0.182599134743 [0.240897744894] [0.124300524592]
0.16689075902099998 [0.217258363962] [0.11652315408]
0.15366163849800002 [0.196206822991] [0.111116454005]
0.1426339894535 [0.177540317178] [0.107727661729]
0.1337413676085 [0.162669926882] [0.104812808335]
0.12686074897650002 [0.151411950588] [0.102309547365]
0.121594849974 [0.142829105258] [0.10036059469]
0.11539374664425 [0.134333923459] [0.0964535698295]
0.10627522319555 [0.123105712235] [0.0894447341561]
0.09685422107595 [0.110764242709] [0.0829441994429]
0.08971253409965 [0.10138605535] [0.0780390128493]
0.08583361655475 [0.097332559526] [0.0743346735835]
0.0853906199336 [0.0986865460873] [0.0720946937799]
0.08735578134635 [0.103157445788] [0.0715541169047]
0.09013696014860001 [0.108019135892] [0.0722547844052]
0.09344371780749999 [0.113872013986] [0.073015421629]
0.09680886566635 [0.120778478682] [0.0728392526507]
0.0997354835273 [0.127987071872] [0.0714838951826]
0.10233338922259999 [0.135520145297] [0.0691466331482]
0.10379142686744999 [0.141244232655] [0.0663386210799]
0.1049584038556 [0.146449238062] [0.0634675696492]
0.10650105960675 [0.151914060116] [0.0610880590975]
