0.23790063708999998 [0.350475043058] [0.125326231122]
0.23800905793899998 [0.350475043058] [0.12554307282]
0.2365010678765 [0.350475043058] [0.122527092695]
0.23573192209 [0.350475043058] [0.120988801122]
0.2365724444385 [0.350475043058] [0.122669845819]
0.237891279161 [0.350475043058] [0.125307515264]
0.23652237653699998 [0.350475043058] [0.122569710016]
0.229826059192 [0.350475043058] [0.109177075326]
0.2203272394834 [0.350475043058] [0.0901794359088]
0.2123074978588 [0.350475043058] [0.0741399526596]
0.20730435475685 [0.350475043058] [0.0641336664557]
0.20462442561965 [0.350475043058] [0.0587738081813]
0.2029419057069 [0.350475043058] [0.0554087683558]
0.2021225783972 [0.350475043058] [0.0537701137364]
0.20172351412455 [0.350475043058] [0.0529719851911]
0.2014743331818 [0.350475043058] [0.0524736233056]
0.20137969963235 [0.350475043058] [0.0522843562067]
0.20131660439055 [0.350475043058] [0.0521581657231]
0.20090168155709998 [0.350475043058] [0.0513283200562]
0.1999364811925 [0.350475043058] [0.049397919327]
0.1985566727815 [0.350475043058] [0.046638302505]
0.19730141200105 [0.350475043058] [0.0441277809441]
0.19666780717649998 [0.350475043058] [0.042860571295]
0.19689184613504998 [0.350475043058] [0.0433086492121]
0.19819166325015 [0.350475043058] [0.0459082834423]
0.199991635978 [0.350475043058] [0.049508228898]
0.20139117352645 [0.350475043058] [0.0523073039949]
0.20190082304159998 [0.350475043058] [0.0533266030252]
0.20203611813465 [0.350475043058] [0.0535971932113]
0.20241744071224999 [0.350475043058] [0.0543598383665]
0.2028879635034 [0.350475043058] [0.0553008839488]
0.20320874266305 [0.350475043058] [0.0559424422681]
0.20336266979554998 [0.350475043058] [0.0562502965331]
0.20369357801955 [0.350475043058] [0.0569121129811]
0.20474110729974998 [0.350475043058] [0.0590071715415]
0.2071161158381 [0.350475043058] [0.0637571886182]
0.2111824564634 [0.350475043058] [0.0718898698688]
0.2165452539919 [0.350475043058] [0.0826154649258]
0.22170042991619998 [0.350475043058] [0.0929258167744]
0.225867629051 [0.350475043058] [0.101260215044]
0.2288670651615 [0.350475043058] [0.107259087265]
0.232736047357 [0.350475043058] [0.114997051656]
0.2385530918835 [0.350475043058] [0.126631140709]
0.246051326394 [0.350475043058] [0.14162760973]
0.25345373153649997 [0.350475043058] [0.156432420015]
0.2590503320095 [0.350475043058] [0.167625620961]
0.262572959065 [0.350475043058] [0.174670875072]
0.264779701829 [0.350475043058] [0.1790843606]
0.266112528741 [0.350475043058] [0.181750014424]
0.266502484679 [0.350475043058] [0.1825299263]
0.265787221491 [0.350475043058] [0.181099399924]
0.263958312571 [0.350475043058] [0.177441582084]
0.2614921331405 [0.350475043058] [0.172509223223]
0.2595041319725 [0.350475043058] [0.168533220887]
0.2592447474595 [0.350475043058] [0.168014451861]
0.261178344488 [0.350475043058] [0.171881645918]
0.26266607642149997 [0.350475043058] [0.174857109785]
0.2616880089045 [0.350475043058] [0.172900974751]
0.2571165338155 [0.350475043058] [0.163758024573]
0.2511924803255 [0.350475043058] [0.151909917593]
0.2454544752835 [0.350475043058] [0.140433907509]
0.24156855791799997 [0.350475043058] [0.132662072778]
0.2378578856585 [0.350475043058] [0.125240728259]
0.23416672646999998 [0.350475043058] [0.117858409882]
0.23007773235399998 [0.350475043058] [0.10968042165]
0.22472485527375 [0.350475043058] [0.0989746674895]
0.21929258853175 [0.350475043058] [0.0881101340055]
0.2150689922271 [0.350475043058] [0.0796629413962]
0.21243696287254998 [0.350475043058] [0.0743988826871]
