0.19395248778145 [0.350475043058] [0.0374299325049]
0.1930678244678 [0.350475043058] [0.0356606058776]
0.19213693775215 [0.350475043058] [0.0337988324463]
0.19138798117619998 [0.350475043058] [0.0323009192944]
0.19092176854589998 [0.350475043058] [0.0313684940338]
0.19066272769105 [0.350475043058] [0.0308504123241]
0.1905384976415 [0.350475043058] [0.030601952225]
0.19048697873929998 [0.350475043058] [0.0304989144206]
0.19041797798104998 [0.350475043058] [0.0303609129041]
0.19044390600154998 [0.350475043058] [0.0304127689451]
0.19050527270864998 [0.350475043058] [0.0305355023593]
0.19045306369645 [0.350475043058] [0.0304310843349]
0.19021791219689999 [0.350475043058] [0.0299607813358]
0.1898265276102 [0.350475043058] [0.0291780121624]
0.18955798167715 [0.350475043058] [0.0286409202963]
0.189618992619 [0.350475043058] [0.02876294218]
0.19003301300089998 [0.350475043058] [0.0295909829438]
0.19054864440094998 [0.350475043058] [0.0306222457439]
0.19090415351075 [0.350475043058] [0.0313332639635]
0.19063362199794998 [0.350475043058] [0.0307922009379]
0.18965080566685 [0.350475043058] [0.0288265682757]
0.18956922367195 [0.350475043058] [0.0286634042859]
0.18884833902099998 [0.350475043058] [0.027221634984]
0.18836953211555 [0.350475043058] [0.0262640211731]
0.18823440466055 [0.350475043058] [0.0259937662631]
0.18852338101695 [0.350475043058] [0.0265717189759]
0.18930783867815 [0.350475043058] [0.0281406342983]
0.19054338615369998 [0.350475043058] [0.0306117292494]
0.19208537414649998 [0.350475043058] [0.033695705235]
0.19347891770285 [0.350475043058] [0.0364827923477]
0.19411117210964998 [0.350475043058] [0.0377473011613]
0.19413505494574998 [0.350475043058] [0.0377950668335]
0.193928401917 [0.350475043058] [0.037381760776]
0.193928401917 [0.350475043058] [0.037381760776]
0.193928401917 [0.350475043058] [0.037381760776]
0.193928401917 [0.350475043058] [0.037381760776]
0.193928401917 [0.350475043058] [0.037381760776]
0.193928401917 [0.350475043058] [0.037381760776]
0.193928401917 [0.350475043058] [0.037381760776]
0.193928401917 [0.350475043058] [0.037381760776]
0.193928401917 [0.350475043058] [0.037381760776]
0.19775553047635 [0.350475043058] [0.0450360178947]
0.2004460785536 [0.350475043058] [0.0504171140492]
0.20252400636655 [0.350475043058] [0.0545729696751]
0.20269386656565 [0.350475043058] [0.0549126900733]
0.20112336426955 [0.350475043058] [0.0517716854811]
0.19698819145539997 [0.350475043058] [0.0435013398528]
0.19698819145539997 [0.350475043058] [0.0435013398528]
0.19698819145539997 [0.350475043058] [0.0435013398528]
0.19698819145539997 [0.350475043058] [0.0435013398528]
0.19698819145539997 [0.350475043058] [0.0435013398528]
0.19698819145539997 [0.350475043058] [0.0435013398528]
0.19698819145539997 [0.350475043058] [0.0435013398528]
0.19752154313009998 [0.350475043058] [0.0445680432022]
0.1982335820792 [0.350475043058] [0.0459921211004]
0.19865152984839998 [0.350475043058] [0.0468280166388]
0.1980981975792 [0.350475043058] [0.0457213521004]
0.1960515268145 [0.350475043058] [0.041628010571]
0.1960515268145 [0.350475043058] [0.041628010571]
0.1960515268145 [0.350475043058] [0.041628010571]
0.1960515268145 [0.350475043058] [0.041628010571]
0.1960515268145 [0.350475043058] [0.041628010571]
0.1960515268145 [0.350475043058] [0.041628010571]
0.1960515268145 [0.350475043058] [0.041628010571]
0.19931285828329998 [0.350475043058] [0.0481506735086]
0.20064072124639998 [0.350475043058] [0.0508063994348]
0.2017250750212 [0.350475043058] [0.0529751069844]
0.20242424681764998 [0.350475043058] [0.0543734505773]
0.20270687714199997 [0.350475043058] [0.054938711226]
0.20280058495679998 [0.350475043058] [0.0551261268556]
0.20286295935489998 [0.350475043058] [0.0552508756518]
0.20294075459219998 [0.350475043058] [0.0554064661264]
0.2031045872716 [0.350475043058] [0.0557341314852]
0.20311203971484998 [0.350475043058] [0.0557490363717]
0.20294549129884998 [0.350475043058] [0.0554159395397]
0.20260267332175 [0.350475043058] [0.0547303035855]
0.20309825614075 [0.350475043058] [0.0557214692235]
0.20341447368245 [0.350475043058] [0.0563539043069]
0.20336202159504999 [0.350475043058] [0.0562490001321]
0.20310167968255 [0.350475043058] [0.0557283163071]
0.20286866277434998 [0.350475043058] [0.0552622824907]
0.2037868332116 [0.350475043058] [0.0570986233652]
0.20685299858429998 [0.350475043058] [0.0632309541106]
0.21123976260404997 [0.350475043058] [0.0720044821501]
0.2151886075733 [0.350475043058] [0.0799021720886]
0.21856735646705 [0.350475043058] [0.0866596698761]
0.22124999389035 [0.350475043058] [0.0920249447227]
0.2227520123122 [0.350475043058] [0.0950289815664]
0.22352733835559999 [0.350475043058] [0.0965796336532]
0.22498906031229998 [0.350475043058] [0.0995030775666]
0.22837494686249998 [0.350475043058] [0.106274850667]
0.233199767768 [0.350475043058] [0.115924492478]
0.23802562803 [0.350475043058] [0.125576213002]
0.2420504838225 [0.350475043058] [0.133625924587]
0.24627987295349998 [0.350475043058] [0.142084702849]
0.2510885074735 [0.350475043058] [0.151701971889]
0.256313383579 [0.350475043058] [0.1621517241]
0.25921673327649997 [0.350475043058] [0.167958423495]
