0.2236545868216 [0.350475043058] [0.0968341305852]
0.2126250900326 [0.350475043058] [0.0747751370072]
0.20681334659435 [0.350475043058] [0.0631516501307]
0.20434709638335 [0.350475043058] [0.0582191497087]
0.2036806344984 [0.350475043058] [0.0568862259388]
0.20379419811049998 [0.350475043058] [0.057113353163]
0.20348866656404999 [0.350475043058] [0.0565022900701]
0.20144554600099998 [0.350475043058] [0.052416048944]
0.19678142108004998 [0.350475043058] [0.0430877991021]
0.19128578715004999 [0.350475043058] [0.0320965312421]
0.18702525645475 [0.350475043058] [0.0235754698515]
0.18444150313715 [0.350475043058] [0.0184079632163]
0.1831397879867 [0.350475043058] [0.0158045329154]
0.18273613322505 [0.350475043058] [0.0149972233921]
0.18260457692649998 [0.350475043058] [0.014734110795]
0.18250502645949998 [0.350475043058] [0.014535009861]
0.18239888502265 [0.350475043058] [0.0143227269873]
0.18220825633014998 [0.350475043058] [0.0139414696023]
0.18185761151815 [0.350475043058] [0.0132401799783]
0.1809101793913 [0.350475043058] [0.0113453157246]
0.18003713665510498 [0.350475043058] [0.00959923025221]
0.179400791879545 [0.350475043058] [0.00832654070109]
0.17904108227211 [0.350475043058] [0.00760712148622]
0.178953946567875 [0.350475043058] [0.00743285007775]
0.17911386280300998 [0.350475043058] [0.00775268254802]
0.179533066227835 [0.350475043058] [0.00859108939767]
0.180141649208765 [0.350475043058] [0.00980825535953]
0.18073126720245 [0.350475043058] [0.0109874913469]
0.1809470038859 [0.350475043058] [0.0114189647138]
0.18124670442174998 [0.350475043058] [0.0120183657855]
0.18154914583989998 [0.350475043058] [0.0126232486218]
0.1818578974342 [0.350475043058] [0.0132407518104]
0.18216901272515 [0.350475043058] [0.0138629823923]
0.18247413961195 [0.350475043058] [0.0144732361659]
0.1840970572082 [0.350475043058] [0.0177190713584]
0.18721656780669998 [0.350475043058] [0.0239580925554]
0.1927936859427 [0.350475043058] [0.0351123288274]
0.20092210918644998 [0.350475043058] [0.0513691753149]
0.2086143270133 [0.350475043058] [0.0667536109686]
0.2113220617173 [0.350475043058] [0.0721690803766]
0.2083470299838 [0.350475043058] [0.0662190169096]
0.20356851257365 [0.350475043058] [0.0566619820893]
0.1992497649042 [0.350475043058] [0.0480244867504]
0.19650539569535 [0.350475043058] [0.0425357483327]
0.19522439874689998 [0.350475043058] [0.0399737544358]
0.19498560763875 [0.350475043058] [0.0394961722195]
0.19531690701825 [0.350475043058] [0.0401587709785]
0.19583346135895 [0.350475043058] [0.0411918796599]
0.1962137334047 [0.350475043058] [0.0419524237514]
0.19601912237684999 [0.350475043058] [0.0415632016957]
0.1952098403124 [0.350475043058] [0.0399446375668]
0.19416506029644998 [0.350475043058] [0.0378550775349]
0.19296556711175 [0.350475043058] [0.0354560911655]
0.19183262251299998 [0.350475043058] [0.033190201968]
0.19109597057084998 [0.350475043058] [0.0317168980837]
0.19114206731299999 [0.350475043058] [0.031809091568]
0.19239057414215 [0.350475043058] [0.0343061052263]
0.19555393792669998 [0.350475043058] [0.0406328327954]
0.20177519507685 [0.350475043058] [0.0530753470957]
0.21224624291045 [0.350475043058] [0.0740174427629]
0.22201254591324998 [0.350475043058] [0.0935500487685]
0.2209615595637 [0.350475043058] [0.0914480760694]
0.20939257740954997 [0.350475043058] [0.0683101117611]
0.19586968794444998 [0.350475043058] [0.0412643328309]
0.18561743386069998 [0.350475043058] [0.0207598246634]
0.183317533694 [0.350475043058] [0.01616002433]
0.18257719511144999 [0.350475043058] [0.0146793471649]
0.1828298722392 [0.350475043058] [0.0151847014204]
0.1837767800314 [0.350475043058] [0.0170785170048]
0.18514698930065 [0.350475043058] [0.0198189355433]
0.1866209283469 [0.350475043058] [0.0227668136358]
0.1879772860555 [0.350475043058] [0.025479529053]
0.1890941346062 [0.350475043058] [0.0277132261544]
0.18999123666415 [0.350475043058] [0.0295074302703]
0.19068755395689999 [0.350475043058] [0.0309000648558]
0.1908848155288 [0.350475043058] [0.0312945879996]
0.19123478606324998 [0.350475043058] [0.0319945290685]
0.19207839481515 [0.350475043058] [0.0336817465723]
0.1940269935874 [0.350475043058] [0.0375789441168]
0.1980592571197 [0.350475043058] [0.0456434711814]
0.2053721770642 [0.350475043058] [0.0602693110704]
0.21759678795915 [0.350475043058] [0.0847185328603]
0.23513457924099998 [0.350475043058] [0.119794115424]
0.2516382709145 [0.350475043058] [0.152801498771]
0.258738093078 [0.350475043058] [0.167001143098]
0.2596074715255 [0.350475043058] [0.168739899993]
0.25948838144499997 [0.350475043058] [0.168501719832]
0.25793613493399997 [0.350475043058] [0.16539722681]
0.252852268517 [0.350475043058] [0.155229493976]
0.24125315994 [0.350475043058] [0.132031276822]
0.225819852203 [0.350475043058] [0.101164661348]
0.21313913166505 [0.350475043058] [0.0758032202721]
0.20499538630225 [0.350475043058] [0.0595157295465]
0.200522135943 [0.350475043058] [0.050569228828]
0.19797016493955 [0.350475043058] [0.0454652868211]
0.19645166583339999 [0.350475043058] [0.0424282886088]
0.19534252397694998 [0.350475043058] [0.0402100048959]
0.19432334415594998 [0.350475043058] [0.0381716452539]
0.19337036088089998 [0.350475043058] [0.0362656787038]
0.19257550314049998 [0.350475043058] [0.034675963223]
0.19193925335985 [0.350475043058] [0.0334034636617]
0.19119559973459999 [0.350475043058] [0.0319161564112]
0.18974891956874998 [0.350475043058] [0.0290227960795]
0.18732555676229998 [0.350475043058] [0.0241760704666]
0.18470769003015 [0.350475043058] [0.0189403370023]
0.1826409022322 [0.350475043058] [0.0148067614064]
0.18125012051295 [0.350475043058] [0.0120251979679]
0.1803931533357 [0.350475043058] [0.0103112636134]
0.17990331631134 [0.350475043058] [0.00933158956468]
0.179671332239905 [0.350475043058] [0.00886762142181]
0.17963294219206 [0.350475043058] [0.00879084132612]
0.179768468253115 [0.350475043058] [0.00906189344823]
0.180019147693915 [0.350475043058] [0.00956325232983]
0.18034354317915 [0.350475043058] [0.0102120433003]
0.18064198549815 [0.350475043058] [0.0108089279383]
0.18086963752264998 [0.350475043058] [0.0112642319873]
0.1810005372388 [0.350475043058] [0.0115260314196]
0.18112948955949998 [0.350475043058] [0.011783936061]
0.18144877254945 [0.350475043058] [0.0124225020409]
0.1822248813694 [0.350475043058] [0.0139747196808]
0.18375728093069998 [0.350475043058] [0.0170395188034]
0.18628257419895 [0.350475043058] [0.0220901053399]
0.1896967915816 [0.350475043058] [0.0289185401052]
0.192977838218 [0.350475043058] [0.035480633378]
0.1949936840681 [0.350475043058] [0.0395123250782]
0.19588425196685 [0.350475043058] [0.0412934608757]
0.19635950773935 [0.350475043058] [0.0422439724207]
0.19676940888145 [0.350475043058] [0.0430637747049]
0.1970819365231 [0.350475043058] [0.0436888299882]
0.197166809812 [0.350475043058] [0.043858576566]
0.1970755327491 [0.350475043058] [0.0436760224402]
0.19680959545055 [0.350475043058] [0.0431441478431]
0.19683980382959998 [0.350475043058] [0.0432045646012]
0.19775597192324998 [0.350475043058] [0.0450369007885]
0.200229141861 [0.350475043058] [0.049983240664]
0.20511059463005 [0.350475043058] [0.0597461462021]
0.21358013153055 [0.350475043058] [0.0766852200031]
0.2264128029345 [0.350475043058] [0.102350562811]
0.243098326027 [0.350475043058] [0.135721608996]
0.25744966417549997 [0.350475043058] [0.164424285293]
0.262959681451 [0.350475043058] [0.175444319844]
0.261657655239 [0.350475043058] [0.17284026742]
0.2534331306815 [0.350475043058] [0.156391218305]
0.2349279671905 [0.350475043058] [0.119380891323]
0.2134495638309 [0.350475043058] [0.0764240846038]
0.19928382709605 [0.350475043058] [0.0480926111341]
0.19217846356315 [0.350475043058] [0.0338818840683]
0.18876226153205 [0.350475043058] [0.0270494800061]
0.18715169094484999 [0.350475043058] [0.0238283388317]
