0.2034210152922 [0.350475043058] [0.0563669875264]
0.2075310088692 [0.350475043058] [0.0645869746804]
0.21023905277229998 [0.350475043058] [0.0700030624866]
0.21055344492175 [0.350475043058] [0.0706318467855]
0.20990689843875 [0.350475043058] [0.0693387538195]
0.21073812618829998 [0.350475043058] [0.0710012093186]
0.21334367617945 [0.350475043058] [0.0762123093009]
0.21696181967835 [0.350475043058] [0.0834485962987]
0.2206750102339 [0.350475043058] [0.0908749774098]
0.22385683655719998 [0.350475043058] [0.0972386300564]
0.22708251327249998 [0.350475043058] [0.103689983487]
0.231643911451 [0.350475043058] [0.112812779844]
0.23738383874299998 [0.350475043058] [0.124292634428]
0.243032440543 [0.350475043058] [0.135589838028]
0.2475086599585 [0.350475043058] [0.144542276859]
0.24916659295549998 [0.350475043058] [0.147858142853]
0.24824810773099998 [0.350475043058] [0.146021172404]
0.2422498092055 [0.350475043058] [0.134024575353]
0.2310994714495 [0.350475043058] [0.111723899841]
0.2190470993517 [0.350475043058] [0.0876191556454]
0.21001874282934999 [0.350475043058] [0.0695624426007]
0.20424753986279998 [0.350475043058] [0.0580200366676]
0.20086429081835 [0.350475043058] [0.0512535385787]
0.19906764663735 [0.350475043058] [0.0476602502167]
0.19824679195859998 [0.350475043058] [0.0460185408592]
0.19787384197094998 [0.350475043058] [0.0452726408839]
0.19764101691525 [0.350475043058] [0.0448069907725]
0.1974556799976 [0.350475043058] [0.0444363169372]
0.19741862453499998 [0.350475043058] [0.044362206012]
0.19748683273769999 [0.350475043058] [0.0444986224174]
0.19758176617304998 [0.350475043058] [0.0446884892881]
0.1978304628281 [0.350475043058] [0.0451858825982]
0.19850580953039998 [0.350475043058] [0.0465365760028]
0.20020547509175 [0.350475043058] [0.0499359071255]
0.20377735048515 [0.350475043058] [0.0570796579123]
0.21075539290884998 [0.350475043058] [0.0710357427597]
0.22360593453029998 [0.350475043058] [0.0967368260026]
0.243705973029 [0.350475043058] [0.136936903]
0.26654652506099996 [0.350475043058] [0.182618007064]
0.2798569649455 [0.350475043058] [0.209238886833]
0.2785444408655 [0.350475043058] [0.206613838673]
0.2720367237925 [0.350475043058] [0.193598404527]
0.26499803364249996 [0.350475043058] [0.179521024227]
0.2592562288045 [0.350475043058] [0.168037414551]
0.254714347422 [0.350475043058] [0.158953651786]
0.25096516311149997 [0.350475043058] [0.151455283165]
0.24771435558799998 [0.350475043058] [0.144953668118]
0.24492442607849998 [0.350475043058] [0.139373809099]
0.2425375729795 [0.350475043058] [0.134600102901]
0.240009717643 [0.350475043058] [0.129544392228]
0.2362971045075 [0.350475043058] [0.122119165957]
0.2322914898395 [0.350475043058] [0.114107936621]
0.22996183857299998 [0.350475043058] [0.109448634088]
0.2294221557675 [0.350475043058] [0.108369268477]
0.230352889746 [0.350475043058] [0.110230736434]
0.23262886703 [0.350475043058] [0.114782691002]
0.2357908710835 [0.350475043058] [0.121106699109]
0.2398209050295 [0.350475043058] [0.129166767001]
0.24328017979849997 [0.350475043058] [0.136085316539]
0.2453934177755 [0.350475043058] [0.140311792493]
0.24461915344 [0.350475043058] [0.138763263822]
0.2399497032165 [0.350475043058] [0.129424363375]
0.229524306953 [0.350475043058] [0.108573570848]
0.2170630991457 [0.350475043058] [0.0836511552334]
0.20753410831074998 [0.350475043058] [0.0645931735635]
0.2019557505844 [0.350475043058] [0.0534364581108]
0.19903817214049999 [0.350475043058] [0.047601301223]
0.19784983061234998 [0.350475043058] [0.0452246181667]
0.19772905297559998 [0.350475043058] [0.0449830628932]
0.1981657873837 [0.350475043058] [0.0458565317094]
0.1987477578221 [0.350475043058] [0.0470204725862]
