0.183975799009 [0.350475043058] [0.01747655496]
0.18372418172639998 [0.350475043058] [0.0169733203948]
0.1833521183578 [0.350475043058] [0.0162291936576]
0.18290772801244998 [0.350475043058] [0.0153404129669]
0.18251709220909998 [0.350475043058] [0.0145591413602]
0.18230910925174998 [0.350475043058] [0.0141431754455]
0.18242217972855 [0.350475043058] [0.0143693163991]
0.1830281149594 [0.350475043058] [0.0155811868608]
0.18438099417815 [0.350475043058] [0.0182869452983]
0.18680878076684998 [0.350475043058] [0.0231425184757]
0.1903173737226 [0.350475043058] [0.0301597043872]
0.19379568099955 [0.350475043058] [0.0371163189411]
0.19497222825865 [0.350475043058] [0.0394694134593]
0.19336473941784998 [0.350475043058] [0.0362544357777]
0.1912061907349 [0.350475043058] [0.0319373384118]
0.19005783926675 [0.350475043058] [0.0296406354755]
0.19053555466215 [0.350475043058] [0.0305960662663]
0.1922986432908 [0.350475043058] [0.0341222435236]
0.19458438269775 [0.350475043058] [0.0386937223375]
0.1966766733674 [0.350475043058] [0.0428783036768]
0.1982059441505 [0.350475043058] [0.045936845243]
0.19910109415629998 [0.350475043058] [0.0477271452546]
0.19935056567169998 [0.350475043058] [0.0482260882854]
0.19923634827115 [0.350475043058] [0.0479976534843]
0.19900513440349998 [0.350475043058] [0.047535225749]
0.19878456927815 [0.350475043058] [0.0470940954983]
0.19875194132309998 [0.350475043058] [0.0470288395882]
0.1991032194344 [0.350475043058] [0.0477313958108]
0.2000778708605 [0.350475043058] [0.049680698663]
0.20166007243075 [0.350475043058] [0.0528451018035]
0.2036149241028 [0.350475043058] [0.0567548051476]
0.20541711710375 [0.350475043058] [0.0603591911495]
0.20612388290445 [0.350475043058] [0.0617727227509]
0.2038820255546 [0.350475043058] [0.0572890080512]
0.19799754209794998 [0.350475043058] [0.0455200411379]
0.1914164684711 [0.350475043058] [0.0323578938842]
0.18704963009785 [0.350475043058] [0.0236242171377]
0.18506393581609998 [0.350475043058] [0.0196528285742]
0.18433032091684998 [0.350475043058] [0.0181855987757]
0.18413141649195 [0.350475043058] [0.0177877899259]
0.18419688101839998 [0.350475043058] [0.0179187189788]
0.18440419994274998 [0.350475043058] [0.0183333568275]
0.18468016572274998 [0.350475043058] [0.0188852883875]
0.18489645514615 [0.350475043058] [0.0193178672343]
0.18499026820045 [0.350475043058] [0.0195054933429]
0.18501153681405 [0.350475043058] [0.0195480305701]
0.18500682897845 [0.350475043058] [0.0195386148989]
0.1851768353952 [0.350475043058] [0.0198786277324]
0.18581031635384998 [0.350475043058] [0.0211455896497]
0.18737130239584998 [0.350475043058] [0.0242675617337]
0.19067714642715 [0.350475043058] [0.0308792497963]
0.1970371697096 [0.350475043058] [0.0435992963612]
0.20853938162305 [0.350475043058] [0.0666037201881]
0.2270342484115 [0.350475043058] [0.103593453765]
0.252560250461 [0.350475043058] [0.154645457864]
0.2854266837235 [0.350475043058] [0.220378324389]
0.3225350826975 [0.350475043058] [0.294595122337]
0.352675527334 [0.350475043058] [0.35487601161]
0.355936989188 [0.350475043058] [0.361398935318]
0.3397762179375 [0.350475043058] [0.329077392817]
0.31071071326699995 [0.350475043058] [0.270946383476]
0.26680550724249996 [0.350475043058] [0.183135971427]
0.230102088302 [0.350475043058] [0.109729133546]
0.2092478275297 [0.350475043058] [0.0680206120014]
0.19848722964505 [0.350475043058] [0.0464994162321]
0.19301617331784998 [0.350475043058] [0.0355573035777]
0.19008087087404998 [0.350475043058] [0.0296866986901]
0.1883968692271 [0.350475043058] [0.0263186953962]
0.18727851659039998 [0.350475043058] [0.0240819901228]
0.18638451956194999 [0.350475043058] [0.0222939960659]
0.1856937222181 [0.350475043058] [0.0209124013782]
0.1852474724872 [0.350475043058] [0.0200199019164]
0.18505257740595 [0.350475043058] [0.0196301117539]
0.1849866444243 [0.350475043058] [0.0194982457906]
0.1849143272264 [0.350475043058] [0.0193536113948]
0.18479534145425 [0.350475043058] [0.0191156398505]
0.18482609000035 [0.350475043058] [0.0191771369427]
0.18539000023135 [0.350475043058] [0.0203049574047]
0.18701340444365 [0.350475043058] [0.0235517658293]
0.19052402302604998 [0.350475043058] [0.0305730029941]
0.19749061204475 [0.350475043058] [0.0445061810315]
0.20955752581339998 [0.350475043058] [0.0686400085688]
0.22439904510955 [0.350475043058] [0.0983230471611]
0.231247574091 [0.350475043058] [0.112020105124]
0.231314573437 [0.350475043058] [0.112154103816]
0.229585930705 [0.350475043058] [0.108696818352]
0.2276120260355 [0.350475043058] [0.104749009013]
0.2255841232835 [0.350475043058] [0.100693203509]
0.22300039976815 [0.350475043058] [0.0955257564783]
0.21847230568509998 [0.350475043058] [0.0864695683122]
0.2122338041661 [0.350475043058] [0.0739925652742]
0.20666010305264998 [0.350475043058] [0.0628451630473]
0.20282072760144998 [0.350475043058] [0.0551664121449]
0.20061276853065 [0.350475043058] [0.0507504940033]
0.20007623173275 [0.350475043058] [0.0496774204075]
0.20056538283804998 [0.350475043058] [0.0506557226181]
0.20135536231079998 [0.350475043058] [0.0522356815636]
0.20222098752835 [0.350475043058] [0.0539669319987]
0.2030277773736 [0.350475043058] [0.0555805116892]
0.20409119501689998 [0.350475043058] [0.0577073469758]
0.20538205467145 [0.350475043058] [0.0602890662849]
0.2066040560601 [0.350475043058] [0.0627330690622]
0.20712864398935 [0.350475043058] [0.0637822449207]
0.2067701742051 [0.350475043058] [0.0630653053522]
0.20608158595839998 [0.350475043058] [0.0616881288588]
0.20583859458544998 [0.350475043058] [0.0612021461129]
0.20636872947194998 [0.350475043058] [0.0622624158859]
0.20739390328504997 [0.350475043058] [0.0643127635121]
0.20841254666429998 [0.350475043058] [0.0663500502706]
0.20898544788339998 [0.350475043058] [0.0674958527088]
0.20897118374684998 [0.350475043058] [0.0674673244357]
0.2086308784781 [0.350475043058] [0.0667867138982]
0.2085164897142 [0.350475043058] [0.0665579363704]
0.20848859474045 [0.350475043058] [0.0665021464229]
0.20838790759425 [0.350475043058] [0.0663007721305]
0.20805052295305 [0.350475043058] [0.0656260028481]
0.20730850100499998 [0.350475043058] [0.064141958952]
0.20633867010454998 [0.350475043058] [0.0622022971511]
0.20547011494615 [0.350475043058] [0.0604651868343]
0.2050538081674 [0.350475043058] [0.0596325732768]
0.2051152307538 [0.350475043058] [0.0597554184496]
0.205787790939 [0.350475043058] [0.06110053882]
0.2067714072762 [0.350475043058] [0.0630677714944]
0.20760768279414998 [0.350475043058] [0.0647403225303]
0.2079528607426 [0.350475043058] [0.0654306784272]
0.20775043964364998 [0.350475043058] [0.0650258362293]
0.20751152932625 [0.350475043058] [0.0645480155945]
0.20752088353019998 [0.350475043058] [0.0645667240024]
0.20688212662914998 [0.350475043058] [0.0632892102003]
0.20622735470515 [0.350475043058] [0.0619796663523]
0.20603661052865 [0.350475043058] [0.0615981779993]
0.20691409707049999 [0.350475043058] [0.063353151083]
0.20959397777895 [0.350475043058] [0.0687129124999]
0.2149426713584 [0.350475043058] [0.0794102996588]
0.22405729070285 [0.350475043058] [0.0976395383477]
0.23671985045049998 [0.350475043058] [0.122964657843]
0.24978157132849999 [0.350475043058] [0.149088099599]
0.2574988156555 [0.350475043058] [0.164522588253]
0.25996000319699997 [0.350475043058] [0.169444963336]
0.25585225224499997 [0.350475043058] [0.161229461432]
0.24147558957299997 [0.350475043058] [0.132476136088]
0.22159492596965 [0.350475043058] [0.0927148088813]
0.2061589155344 [0.350475043058] [0.0618427880108]
0.1972981709985 [0.350475043058] [0.044121298939]
0.19261191412785 [0.350475043058] [0.0347487851977]
0.19044377841034998 [0.350475043058] [0.0304125137627]
0.1898561595006 [0.350475043058] [0.0292372759432]
0.1901103388516 [0.350475043058] [0.0297456346452]
