M B1 B2
0.0540563073009 [0.058522362262] [0.0495902523398]
0.06159003451465 [0.0756468847394] [0.0475331842899]
0.06072203069925 [0.0756468847394] [0.0457971766591]
0.0597241278738 [0.0756468847394] [0.0438013710082]
0.05863353051245 [0.0756468847394] [0.0416201762855]
0.05760708637535 [0.0756468847394] [0.0395672880113]
0.0568876955658 [0.0756468847394] [0.0381285063922]
0.02769801113755 [0.0181176643819] [0.0372783578932]
0.02722798567265 [0.0181176643819] [0.0363383069634]
0.026182441972200002 [0.0181176643819] [0.0342472195625]
0.0238683130592 [0.0169313009828] [0.0308053251356]
0.0214895019308 [0.0155799686909] [0.0273990351707]
0.02036961819975 [0.0147664435208] [0.0259727928787]
0.02068891003725 [0.0148663073778] [0.0265115126967]
0.0216624960303 [0.0148663073778] [0.0284586846828]
0.0228935126215 [0.0148663073778] [0.0309207178652]
0.023793423548350002 [0.0148663073778] [0.0327205397189]
0.0240362100303 [0.0148663073778] [0.0332061126828]
0.0239166514948 [0.0152518805116] [0.032581422478]
0.02373369876295 [0.0158906150609] [0.031576782465]
0.0236949017271 [0.0165573097765] [0.0308324936777]
0.02387860696765 [0.0171639751643] [0.030593238771]
0.0238054655492 [0.0168222673237] [0.0307886637747]
0.02412264607845 [0.0168222673237] [0.0314230248332]
0.0247355196625 [0.0168222673237] [0.0326487720013]
0.025917368941 [0.0171071384102] [0.0347275994718]
0.0277398666367 [0.0180173423141] [0.0374623909593]
0.0298269847408 [0.0193317439407] [0.0403222255409]
0.0316617479548 [0.0220009442419] [0.0413225516677]
0.031200425699350002 [0.0236978493631] [0.0387030020356]
0.02927891351285 [0.0249852091074] [0.0335726179183]
0.0275244163349 [0.0260267630219] [0.0290220696479]
0.0266111353412 [0.0267966724932] [0.0264255981892]
0.0270656924695 [0.0284599848092] [0.0256714001298]
0.028919703327099998 [0.0317849256098] [0.0260544810444]
0.031830263324099994 [0.0369794517756] [0.0266810748726]
0.035906720906499996 [0.0447429306805] [0.0270705111325]
0.037277922034250004 [0.0473643988371] [0.0271914452314]
0.0383523860946 [0.049517262727] [0.0271875094622]
0.03937891405075 [0.0509942024946] [0.0277636256069]
0.040690508671099995 [0.051830932498] [0.0295500848442]
0.04264590330425 [0.0521395467222] [0.0331522598863]
0.0452980324626 [0.0518180951476] [0.0387779697776]
0.04986654035745 [0.0539696216583] [0.0457634590566]
0.053579129278649995 [0.0545054785907] [0.0526527799666]
0.0555590763688 [0.0544831231236] [0.056635029614]
0.05410124920305 [0.0526099056005] [0.0555925928056]
0.04921939596535 [0.047798063606] [0.0506407283247]
0.0438249260187 [0.0423723198473] [0.0452775321901]
0.0398877132684 [0.0382257886231] [0.0415496379137]
0.0374003648758 [0.0354189313948] [0.0393817983568]
0.0360296443105 [0.0336716473103] [0.0383876413107]
0.0353835746646 [0.032805852592] [0.0379612967372]
0.03534545376895 [0.0326744839549] [0.038016423583]
0.0357910711318 [0.033082190901] [0.0384999513626]
0.0362817142159 [0.0337882228196] [0.0387752056122]
0.0365965720266 [0.0345991775393] [0.0385939665139]
0.03689156100155 [0.0355717018247] [0.0382114201784]
0.03776123933495 [0.0371835008264] [0.0383389778435]
0.0397928617895 [0.0399952270091] [0.0395904965699]
0.043502286076550004 [0.0446090623736] [0.0423955097795]
0.0493641775101 [0.051710832864] [0.0470175221562]
0.058292496949450004 [0.0626954585314] [0.0538895353675]
0.07152423262595001 [0.0794308260083] [0.0636176392436]
0.09004019945835001 [0.103970624506] [0.0761097744107]
0.1123679056762 [0.13570395112] [0.0890318602324]
0.1313218027355 [0.16565617919] [0.096987426281]
0.13998342677975 [0.180693507195] [0.0992733463645]
0.1422926485539 [0.187649101019] [0.0969361960888]
0.1410394981502 [0.189102336764] [0.0929766595364]
0.140460137278 [0.191578626633] [0.089341647923]
0.1394246332345 [0.193095773458] [0.085753493011]
0.1385399028661 [0.194873079658] [0.0822067260742]
0.138091266155 [0.197346001863] [0.078836530447]
0.1392220333217 [0.201711952686] [0.0767321139574]
0.1424006074668 [0.207365691662] [0.0774355232716]
0.14805379509945 [0.214531347156] [0.0815762430429]
0.1560363061727 [0.22318315506] [0.0888894572854]
0.16478679701665 [0.231972277164] [0.0976013168693]
0.1722366660835 [0.239088281989] [0.105385050178]
0.1764380969105 [0.243363782763] [0.109512411058]
0.17878565192200002 [0.246300756931] [0.111270546913]
0.182840745896 [0.249392688274] [0.116288803518]
0.19048481434550002 [0.255202800035] [0.125766828656]
0.19902728498 [0.262384206057] [0.135670363903]
0.2059675455095 [0.271712332964] [0.140222758055]
0.207694277167 [0.280940711498] [0.134447842836]
0.20864445716149999 [0.286646336317] [0.130642578006]
0.21007343381600002 [0.287438511848] [0.132708355784]
0.2109345272185 [0.286636859179] [0.135232195258]
0.21249359846100002 [0.288165986538] [0.136821210384]
0.2142820209265 [0.290831774473] [0.13773226738]
0.2160242423415 [0.292600244284] [0.139448240399]
0.22075584530800002 [0.298078626394] [0.143433064222]
0.2284723818305 [0.307138025761] [0.1498067379]
0.23565692454599999 [0.314737170935] [0.156576678157]
0.2396510243415 [0.317753702402] [0.161548346281]
0.24374569952500003 [0.322567820549] [0.164923578501]
0.248396553099 [0.329341858625] [0.167451247573]
0.249873831868 [0.331365674734] [0.168381989002]
0.2503006085755 [0.332524031401] [0.16807718575]
0.24972701817749998 [0.332434803247] [0.167019233108]
0.249410495162 [0.330644935369] [0.168176054955]
0.25166648626349997 [0.32642993331] [0.176903039217]
0.24868153035649998 [0.319229781628] [0.178133279085]
0.2426492869855 [0.310248166323] [0.175050407648]
0.2371448650955 [0.30190205574] [0.172387674451]
0.23396976292100002 [0.293442368507] [0.174497157335]
0.229241155088 [0.285465031862] [0.173017278314]
0.222479052842 [0.27601069212] [0.168947413564]
0.2159785479305 [0.265747249126] [0.166209846735]
0.2098587453365 [0.256516188383] [0.16320130229]
0.203806743026 [0.249156340957] [0.158457145095]
0.1991456076505 [0.244230568409] [0.154060646892]
0.1948472186925 [0.238739907742] [0.150954529643]
0.1896521896125 [0.229385197163] [0.149919182062]
0.18644438684 [0.22211933136] [0.15076944232]
0.1849994584915 [0.218971967697] [0.151026949286]
0.1853414103385 [0.218920305371] [0.151762515306]
0.18696118146149998 [0.221533641219] [0.152388721704]
0.1895913258195 [0.226063162088] [0.153119489551]
0.19138388335700002 [0.229648903012] [0.153118863702]
0.19197322428250002 [0.231087699533] [0.152858749032]
0.1901373043655 [0.230131044984] [0.150143563747]
0.1857983767985 [0.226862698793] [0.144734054804]
0.1810441836715 [0.222254291177] [0.139834076166]
0.179345779121 [0.220985159278] [0.137706398964]
0.18075546622299998 [0.225274473429] [0.136236459017]
0.1828964576125 [0.236030966043] [0.129761949182]
0.18476856499900002 [0.24416154623] [0.125375583768]
0.183906015009 [0.245440065861] [0.122371964157]
0.181762907654 [0.243261903524] [0.120263911784]
0.1804019548 [0.241108298302] [0.119695611298]
0.1798653528095 [0.239253655076] [0.120477050543]
0.1792860850695 [0.236812874675] [0.121759295464]
0.1777948103845 [0.232071712613] [0.123517908156]
0.1760205850005 [0.225818812847] [0.126222357154]
0.17431870847949998 [0.219078809023] [0.129558607936]
0.17386629432450001 [0.213322907686] [0.134409680963]
0.1740973517295 [0.208929494023] [0.139265209436]
0.1739205494525 [0.205147519708] [0.142693579197]
0.1728828549385 [0.201136246324] [0.144629463553]
