M B1 B2
0.2069107815625 [0.153643921018] [0.260177642107]
0.2407642528415 [0.157736554742] [0.323791950941]
0.2559052333235 [0.15909679234] [0.352713674307]
0.261872187257 [0.158776640892] [0.364967733622]
0.2449551150205 [0.138830676675] [0.351079553366]
0.2161921970545 [0.111042074859] [0.32134231925]
0.1868105232715 [0.087555706501] [0.286065340042]
0.16435779258625 [0.0723650977015] [0.256350487471]
0.15067132189854998 [0.0636127814651] [0.237729862332]
0.14372015744459998 [0.0584321767092] [0.22900813818]
0.13974107615625 [0.0549045316875] [0.224577620625]
0.13309891708205 [0.0512016601861] [0.214996173978]
0.12022665515565001 [0.0461729690433] [0.194280341268]
0.10166139900705001 [0.0399035513401] [0.163419246674]
0.08341511711495 [0.0337831452489] [0.133047088981]
0.0688085854052 [0.0289664268494] [0.108650743961]
0.058403393253699996 [0.0258003361523] [0.0910064503551]
0.0512169757858 [0.0239916909486] [0.078442260623]
0.046622177585950005 [0.0233165808022] [0.0699277743697]
0.0440966356546 [0.0236225239933] [0.0645707473159]
0.043101359158750005 [0.0248387604952] [0.0613639578223]
0.04253567010165 [0.0265603512526] [0.0585109889507]
0.04092731047425 [0.0281001273543] [0.0537544935942]
0.03724434413015 [0.0284268371761] [0.0460618510842]
0.0324252964929 [0.0273918192834] [0.0374587737024]
0.02831287030135 [0.0259679332376] [0.0306578073651]
0.0260589122772 [0.025358825922] [0.0267589986324]
0.02586896624415 [0.0261840485036] [0.0255538839847]
0.02719780988995 [0.0283333677799] [0.026062252]
0.029214871115999998 [0.0311072971672] [0.0273224450648]
0.030642173253 [0.0331702940166] [0.0281140524894]
0.030488030053700002 [0.0330221243203] [0.0279539357871]
0.02887654863295 [0.0308502744883] [0.0269028227776]
0.0272509986535 [0.0286533031613] [0.0258486941457]
0.02639652509245 [0.0274196881801] [0.0253733620048]
0.026306257583200002 [0.0271725393832] [0.0254399757832]
0.026788921095450002 [0.0277046840638] [0.0258731581271]
0.02787802461535 [0.0290540661663] [0.0267019830644]
0.02994062937795 [0.0315775536001] [0.0283037051558]
0.033313263207700006 [0.035585757345] [0.0310407690704]
0.0377037860453 [0.0405815951526] [0.034825976938]
0.0419909004122 [0.0452116169035] [0.0387701839209]
0.0448085423559 [0.0477145314217] [0.0419025532901]
0.04644020460545 [0.0488547459245] [0.0440256632864]
0.0486164428294 [0.0507487431169] [0.0464841425419]
0.05326865427195 [0.056043561548] [0.0504937469959]
0.06048008427025 [0.0653389245272] [0.0556212440133]
0.0693074408919 [0.0778043791652] [0.0608105026186]
0.0742247439921 [0.0864348486066] [0.0620146393776]
0.0720423143357 [0.086344756186] [0.0577398724854]
0.06581066548825 [0.0803857073188] [0.0512356236577]
0.0602437611669 [0.0743288621306] [0.0461586602032]
0.057104555889950004 [0.0707775130868] [0.0434315986931]
0.055585958063600005 [0.0686695575714] [0.0425023585558]
0.05514048039915 [0.0676075965166] [0.0426733642817]
0.05524910613895 [0.0671166405082] [0.0433815717697]
0.055977707728750006 [0.0676325932145] [0.044322822243]
0.05727609433235 [0.0692878589034] [0.0452643297613]
0.059042090550050004 [0.0718400105834] [0.0462441705167]
0.06103887967765 [0.0749457776546] [0.0471319817007]
0.06392030604185 [0.0796984657645] [0.0481421463192]
0.06916778162119999 [0.0884402170777] [0.0498953461647]
0.0786375813187 [0.103925868869] [0.0533492937684]
0.09446834959075 [0.12889739871] [0.0600393004715]
