M B1 B2
0.04433874227105 [0.0512399114668] [0.0374375730753]
0.0490749683231 [0.0527258701622] [0.045424066484]
0.05215892009435 [0.0535536967218] [0.0507641434669]
0.053481228649600004 [0.0539592318237] [0.0530032254755]
0.05329790711405 [0.0538906902075] [0.0527051240206]
0.0521735846996 [0.0532856173813] [0.0510615520179]
0.0507075898349 [0.0522989220917] [0.0491162575781]
0.04949401691555 [0.0514199100435] [0.0475681237876]
0.04903673380615 [0.0512674227357] [0.0468060448766]
0.0496573392302 [0.052297860384] [0.0470168180764]
0.051513858139500004 [0.0547862127423] [0.0482415035367]
0.054763313382849996 [0.0588120445609] [0.0507145822048]
0.059146082028699996 [0.0640932694077] [0.0541988946497]
0.0625202432275 [0.0693621039391] [0.0556783825159]
0.062084907665849995 [0.07219337672] [0.0519764386117]
0.056957082822900004 [0.0702018290758] [0.04371233657]
0.0501049235463 [0.065684966743] [0.0345248803496]
0.0448785321787 [0.0620646290481] [0.0276924353093]
0.042251017875949995 [0.0601245090365] [0.0243775267154]
0.0421998854727 [0.0604879111052] [0.0239118598402]
0.0438462588936 [0.0626086890697] [0.0250838287175]
0.04621876589955 [0.0655040368438] [0.0269334949553]
0.0477376319468 [0.0669944956899] [0.0284807682037]
0.0468788407743 [0.0648120567203] [0.0289456248283]
0.0431517241523 [0.0585674606264] [0.0277359876782]
0.03813636302945 [0.0505434349179] [0.025729291141]
0.03380673378705 [0.0436535552144] [0.0239599123597]
0.03114554751665 [0.0392772257328] [0.0230138693005]
0.0302847865969 [0.037634473294] [0.0229350998998]
0.03100326377895 [0.0383080989122] [0.0236984286457]
0.0328930541873 [0.0405923314393] [0.0251937769353]
0.0353540368378 [0.0435425303876] [0.027165543288]
0.03770151827485 [0.0463363192976] [0.0290667172521]
0.0391971766949 [0.0483877323568] [0.030006621033]
0.039667655713900005 [0.0495511963964] [0.0297841150314]
0.03941907547415 [0.0500119999051] [0.0288261510432]
0.03876739367845 [0.0498598814011] [0.0276749059558]
0.0383106051013 [0.0496689416468] [0.0269522685558]
0.03875807113945 [0.0506053268909] [0.026910815388]
0.04104903247205 [0.054290484637] [0.0278075803071]
0.04646654985845 [0.0630382150412] [0.0298948846757]
0.0572207514197 [0.0804455801845] [0.0339959226549]
0.07498522289105 [0.109615892172] [0.0403545536101]
0.09439455531535 [0.141404107213] [0.0473850034177]
0.10463844798524999 [0.157492205501] [0.0517846904695]
0.10550704598425 [0.158038392663] [0.0529756993055]
0.10162186995144999 [0.150125324726] [0.0531184151769]
0.09867988526825 [0.140550673008] [0.0568090975285]
0.09844649955625 [0.131257534027] [0.0656354650855]
0.10077657178044999 [0.123770698905] [0.0777824446559]
0.1051851809023 [0.118583321571] [0.0917870402336]
0.1113250628115 [0.116329431534] [0.106320694089]
0.11860133707500001 [0.11734226346] [0.11986041069]
0.1260363943875 [0.120826818049] [0.131245970726]
0.1332081705335 [0.123005881906] [0.143410459161]
0.136901885271 [0.121989518404] [0.151814252138]
0.13689772412200002 [0.118540070951] [0.155255377293]
0.1344086416065 [0.113157726824] [0.155659556389]
0.131843511015 [0.108453474939] [0.155233547091]
0.131752911955 [0.106726326048] [0.156779497862]
0.1350368186835 [0.10880792141] [0.161265715957]
0.14109621569550002 [0.114358954132] [0.167833477259]
0.1480267122385 [0.121824249625] [0.174229174852]
0.1541981846095 [0.130050316453] [0.178346052766]
0.15692186355600002 [0.137462809682] [0.17638091743]
0.15231517702300001 [0.141648739576] [0.16298161447]
0.13833955675350001 [0.138650789857] [0.13802832365]
0.11509612202649999 [0.126371398568] [0.103820845485]
0.09023086726685 [0.10895369947] [0.0715080350637]
0.07168051414189999 [0.0927228853106] [0.0506381429732]
0.061241902411 [0.0817363113165] [0.0407474935055]
0.05739160068335 [0.0782173648477] [0.036565836519]
0.0575613696128 [0.080319814384] [0.0348029248416]
0.0584691464901 [0.0835846662521] [0.0333536267281]
0.05824691988530001 [0.0844392105937] [0.0320546291769]
0.0573558239266 [0.0838201642036] [0.0308914836496]
0.056249221786850004 [0.0826666802168] [0.0298317633569]
0.055161921307400004 [0.0815697163343] [0.0287541262805]
0.054133952595299996 [0.0806852430105] [0.0275826621801]
0.053410662338150006 [0.0802643895149] [0.0265569351614]
0.0534253967926 [0.0807795971632] [0.026071196422]
0.05497503932565 [0.0834612101316] [0.0264888685197]
0.0594096696004 [0.0907451957464] [0.0280741434544]
0.0676270071417 [0.104149416089] [0.0311045981944]
0.0798315778374 [0.123632237315] [0.0360309183598]
0.09498722851275 [0.145986109972] [0.0439883470535]
0.11005179584045 [0.164120703936] [0.0559828877449]
0.12140038609499999 [0.172404885292] [0.070395886898]
0.12685872241875001 [0.172719702125] [0.0809977427125]
0.12861084938040002 [0.170537561178] [0.0866841375828]
0.1303609646858 [0.17028644681] [0.0904354825616]
0.1339013502003 [0.173710882664] [0.0940918177366]
0.1413950249555 [0.181106209755] [0.101683840156]
0.154984883964 [0.195367947221] [0.114601820707]
0.17029257118750002 [0.207359284163] [0.133225858212]
0.1809909120205 [0.211065873504] [0.150915950537]
0.18568663299049998 [0.210641428828] [0.160731837153]
0.18213120847949998 [0.204231098294] [0.160031318665]
0.1756012812255 [0.195304080844] [0.155898481607]
0.16958893835549999 [0.185874834657] [0.153303042054]
0.164145618677 [0.178645864129] [0.149645373225]
0.15878136456000003 [0.17298682034] [0.14457590878]
0.153291732073 [0.170100450516] [0.13648301363]
0.1494581252335 [0.170080497861] [0.128835752606]
0.144499015063 [0.166889473796] [0.12210855633]
0.1390960253775 [0.161977991462] [0.116214059293]
0.13230695947999999 [0.15235312283] [0.11226079613]
0.1239343434575 [0.136571183801] [0.111297503114]
0.112461581826 [0.112420417368] [0.112502746284]
0.09785200655475 [0.0857833102345] [0.109920702875]
0.0854122750459 [0.0645726844668] [0.106251865625]
0.0776699502022 [0.0512815602124] [0.104058340192]
0.07358401454975 [0.0446305163205] [0.102537512779]
0.07176858559275 [0.0420686379075] [0.101468533278]
0.0712652020158 [0.0414145216346] [0.101115882397]
0.0714446846398 [0.0414580889046] [0.101431280375]
0.07178314402710001 [0.0414665788412] [0.102099709213]
0.0716377105566 [0.0412283279002] [0.102047093213]
0.07037069275975 [0.0408959314227] [0.0998454540968]
0.0668002292514 [0.0404599308968] [0.093140527606]
