M B1 B2
0.0561077017337 [0.0240346007049] [0.0881808027625]
0.0612268727273 [0.0220270864666] [0.100426658988]
0.0648145871235 [0.019847759977] [0.10978141427]
0.0685317208988 [0.0181027110666] [0.118960730731]
0.07369158044475001 [0.0174831822515] [0.129899978638]
0.07985764369375 [0.0174831822515] [0.142232105136]
0.08526203408825 [0.0174831822515] [0.153040885925]
0.08812186494475 [0.0174831822515] [0.158760547638]
0.08762194588775 [0.0174831822515] [0.157760709524]
0.08476084098225001 [0.0174831822515] [0.152038499713]
0.08136414363975 [0.0174831822515] [0.145245105028]
0.07862653955825 [0.0174831822515] [0.139769896865]
0.07687165960675 [0.0174831822515] [0.136260136962]
0.07594911381625 [0.0174831822515] [0.134415045381]
0.07572927698475 [0.0174831822515] [0.133975371718]
0.1157469265162 [0.0932681784034] [0.138225674629]
0.11875407770255 [0.0892192646861] [0.148288890719]
0.12382547929865 [0.0888070836663] [0.158843874931]
0.12833622843030001 [0.0919734984636] [0.164698958397]
0.1307475790382 [0.0962970107794] [0.165198147297]
0.1299438811841 [0.0970328822732] [0.162854880095]
0.12358908727765 [0.0867956206203] [0.160382553935]
0.11486599966890002 [0.0703405365348] [0.159391462803]
0.1098536551 [0.057794958353] [0.161912351847]
0.1109596546741 [0.0509047023952] [0.171014606953]
0.11734955944110001 [0.0475953109562] [0.187103807926]
0.12793901003879998 [0.0464992560446] [0.209378764033]
0.13862416148205 [0.0453410148621] [0.231907308102]
0.14453249238420002 [0.0434515438974] [0.245613440871]
0.14412434771675 [0.0416933223605] [0.246555373073]
0.13965047150840001 [0.0407315343618] [0.238569408655]
0.1329906452448 [0.0404349304736] [0.225546360016]
0.12554328329875 [0.0400465764105] [0.211039990187]
0.118601106107 [0.039067029953] [0.198135182261]
0.1122609581796 [0.0376225672662] [0.186899349093]
0.10643634758904999 [0.0360996536911] [0.176773041487]
0.10121662542215 [0.0351065918803] [0.167326658964]
0.09738061763345 [0.0349575616419] [0.159803673625]
0.09805104322725 [0.0359031148255] [0.160198971629]
0.10274802893405 [0.0394955128431] [0.166000545025]
0.10877060331414999 [0.0450592525303] [0.172481954098]
0.11084324307745 [0.0492008216679] [0.172485664487]
0.1048846729098 [0.0494778230786] [0.160291522741]
0.0919201150536 [0.0463834106922] [0.137456819415]
0.07747505791475 [0.0422624237835] [0.112687692046]
0.0662297513336 [0.0389577411115] [0.0935017615557]
0.0591441988945 [0.0364306718111] [0.0818577259779]
0.0554064325988 [0.0346556678414] [0.0761571973562]
0.05388085730375 [0.0335226096213] [0.0742391049862]
0.053605569526550004 [0.0328594855964] [0.0743516534567]
0.054174359887800005 [0.0327980816364] [0.0755506381392]
0.055246939882650004 [0.0331767760217] [0.0773171037436]
0.05601265840235 [0.0337237082422] [0.0783016085625]
0.0553493462503 [0.0334811806679] [0.0772175118327]
0.05245961807670001 [0.0314049907029] [0.0735142454505]
0.0472722183913 [0.0276532657444] [0.0668911710382]
0.04177121352405 [0.0234015528113] [0.0601408742368]
0.0378927914426 [0.0198710728437] [0.0559145100415]
0.036186752840900005 [0.0175615549088] [0.054811950773]
0.03644991107285 [0.0164021365345] [0.0564976856112]
0.03814178425815 [0.0161738004535] [0.0601097680628]
0.04032324813305001 [0.0165563486516] [0.0640901476145]
0.04205650184305 [0.0172036085278] [0.0669093951583]
0.043010847643 [0.0179325900972] [0.0680891051888]
0.043554559349999994 [0.0189507305622] [0.0681583881378]
0.04355507623405 [0.0198740940541] [0.067236058414]
0.0424635000527 [0.0202404335141] [0.0646865665913]
0.04040791653095 [0.020054154098] [0.0607616789639]
0.0389375491068 [0.0199185367674] [0.0579565614462]
0.03903050348165 [0.0201845057309] [0.0578765012324]
0.04103770665825 [0.0215530209243] [0.0605223923922]
0.04478574171665 [0.0240196436644] [0.0655518397689]
0.049653675407200004 [0.0272633954883] [0.0720439553261]
0.05433113500475 [0.0307447686791] [0.0779175013304]
0.05776780471205 [0.0338241532445] [0.0817114561796]
0.0597421005368 [0.0361947715282] [0.0832894295454]
0.06042549200355 [0.0376900322735] [0.0831609517336]
0.059299247339399994 [0.0380338020623] [0.0805646926165]
0.05634132400155 [0.0372099429369] [0.0754727050662]
0.0526332464069 [0.0355679728091] [0.0696985200047]
0.04947511292995001 [0.0340746082366] [0.0648756176233]
0.0482248123735 [0.0340081043541] [0.0624415203929]
0.0500711016357 [0.0369466096163] [0.0631955936551]
0.0564624927938 [0.0453936308622] [0.0675313547254]
0.0693340115249 [0.0626920238137] [0.0759759992361]
0.08963562920689999 [0.0925783813] [0.0866928771138]
0.11186717823165 [0.130464524031] [0.0932698324323]
0.12602256238455 [0.157783538103] [0.0942615866661]
0.12558528035900002 [0.159621343017] [0.091549217701]
0.121843189001 [0.155957624316] [0.087728753686]
0.11841839924445 [0.152078092098] [0.0847587063909]
0.11550843343134999 [0.146591708064] [0.0844251587987]
0.11385050043465 [0.138134777546] [0.0895662233233]
0.10582431033270001 [0.11168127507] [0.0999673455954]
0.094577077776 [0.082349203527] [0.106804952025]
0.08279548026595 [0.0614964626729] [0.104094497859]
0.07253814302385 [0.0495551340282] [0.0955211520195]
0.06503513269125 [0.0423378832638] [0.0877323821187]
0.06002472154795 [0.038001101464] [0.0820483416319]
0.0570355243981 [0.03541559726] [0.0786554515362]
0.0555226318538 [0.0338605046272] [0.0771847590804]
0.0548096895218 [0.0329779982567] [0.0766413807869]
0.054533438757049996 [0.0327305905521] [0.076336286962]
0.0544156171381 [0.0328227654099] [0.0760084688663]
0.05442933551965 [0.0331668592989] [0.0756918117404]
0.054456340149 [0.0336311422288] [0.0752815380692]
0.0544262919575 [0.0342347659171] [0.0746178179979]
0.05412347242235 [0.0348883122206] [0.0733586326241]
0.05368707329035 [0.0357719659805] [0.0716021806002]
0.05397256277505 [0.0374729819596] [0.0704721435905]
0.056537086144099996 [0.0409591384232] [0.072115033865]
0.0641575884074 [0.0490979589522] [0.0792172178626]
0.08103099092839999 [0.0667080879211] [0.0953538939357]
0.11052781715974999 [0.0991068556905] [0.121948778629]
0.1440763548015 [0.138903945684] [0.149248763919]
0.1678783595565 [0.168833881617] [0.166922837496]
0.18064147979 [0.185821145773] [0.175461813807]
0.19204308092599998 [0.197828412056] [0.186257749796]
0.2035888135435 [0.210281342268] [0.196896284819]
0.2161843553185 [0.222524896264] [0.209843814373]
0.2291660159825 [0.2331443578] [0.225187674165]
0.23792206496 [0.239061772823] [0.236782357097]
0.23994716256850002 [0.239628359675] [0.240265965462]
0.238348416984 [0.238530129194] [0.238166704774]
0.236007235944 [0.237763598561] [0.234250873327]
0.235245987773 [0.238199710846] [0.2322922647]
0.23607104271649998 [0.23861028254] [0.233531802893]
0.23642874509099998 [0.239147946239] [0.233709543943]
0.23782468587150002 [0.241304978728] [0.234344393015]
0.24335340410450002 [0.250441223383] [0.236265584826]
0.25002460181700004 [0.265435814857] [0.234613388777]
0.255176201463 [0.279750853777] [0.230601549149]
0.25391792506 [0.287917196751] [0.219918653369]
0.24559506773950002 [0.288210272789] [0.20297986269]
0.234275177121 [0.284644156694] [0.183906197548]
0.224890001118 [0.276014536619] [0.173765465617]
0.2149256169795 [0.258219242096] [0.171631991863]
0.2009990885855 [0.235095307231] [0.16690286994]
0.1786494627595 [0.201602488756] [0.155696436763]
0.1449874565005 [0.149884030223] [0.140090882778]
0.115430127829 [0.103939287364] [0.126920968294]
0.0982519201935 [0.076883547008] [0.119620293379]
0.0900326892733 [0.0623734518886] [0.117691926658]
0.08650491759185 [0.0545931383967] [0.118416696787]
0.0845770146698 [0.0501112155616] [0.119042813778]
0.0823452286424 [0.0465500503778] [0.118140406907]
0.07983046025015 [0.0430020540953] [0.116658866405]
0.07840654812745 [0.0400293208659] [0.116783775389]
0.07922584936035 [0.0379445180297] [0.120507180691]
0.0824637040497 [0.0369207412004] [0.128006666899]
0.0882168300449 [0.0369772985578] [0.139456361532]
0.09523914568130001 [0.0378089658916] [0.152669325471]
0.1014995519071 [0.0390290357172] [0.163970068097]
0.10720373876405 [0.0402696914971] [0.174137786031]
0.1134458780289 [0.0415068417788] [0.185384914279]
0.12146692536775 [0.0428799800575] [0.200053870678]
0.1320265904071 [0.0446391105652] [0.219414070249]
0.14453818090235 [0.0470576174557] [0.242018744349]
0.1591087691485 [0.050131522119] [0.268086016178]
0.1768903192134 [0.0559947304428] [0.297785907984]
0.2005464658143 [0.0672791451216] [0.333813786507]
0.23101232945904998 [0.0876334607601] [0.374391198158]
0.267522532493 [0.121527679265] [0.413517385721]
0.307804740965 [0.171409681439] [0.444199800491]
0.3361117243765 [0.220796942711] [0.451426506042]
0.3391045182945 [0.239952862263] [0.438256174326]
0.3153262138365 [0.21405467391] [0.416597753763]
0.28055842965850003 [0.169941022992] [0.391175836325]
0.250291660428 [0.132182508707] [0.368400812149]
0.228930734098 [0.108328148723] [0.349533319473]
0.215405546129 [0.096402451396] [0.334408640862]
0.20700880512615 [0.0916600450873] [0.322357565165]
0.20195159316075 [0.0912064909935] [0.312696695328]
0.1987542137505 [0.092776492238] [0.304731935263]
0.1968900337817 [0.0948946624994] [0.298885405064]
0.1960504725577 [0.0969378203154] [0.2951631248]
0.19550020620215 [0.0981684550643] [0.29283195734]
