M B1 B2
0.128077484667 [0.110232055187] [0.145922914147]
0.1292304806415 [0.108568646014] [0.149892315269]
0.1276728846135 [0.109095208347] [0.14625056088]
0.12307898327700001 [0.11022105068] [0.135936915874]
0.11530012264799999 [0.109625332057] [0.120974913239]
0.104892708361 [0.105252064764] [0.104533351958]
0.0943823866546 [0.0966869071126] [0.0920778661966]
0.08544569835065 [0.0865030288696] [0.0843883678317]
0.07946576178075 [0.0786652341485] [0.080266289413]
0.07811744883655 [0.0786652341485] [0.0775696635246]
0.0765478312969 [0.0786652341485] [0.0744304284453]
0.0740626193583 [0.0786652341485] [0.0694600045681]
0.07058330252765 [0.0786652341485] [0.0625013709068]
0.06669346429405 [0.0786652341485] [0.0547216944396]
0.06297108717265 [0.0786652341485] [0.0472769401968]
0.05972586013375 [0.0786652341485] [0.040786486119]
0.0571891851723 [0.0786652341485] [0.0357131361961]
0.024279695935550002 [0.016141762957] [0.0324176289141]
0.02530766371635 [0.0196809209883] [0.0309344064444]
0.02721213921905 [0.0234691016376] [0.0309551768005]
0.029780075885349998 [0.0276488307863] [0.0319113209844]
0.03250728175045 [0.0321597456932] [0.0328548178077]
0.03471639193595 [0.0364959575236] [0.0329368263483]
0.036217376589799996 [0.0402292273939] [0.0322055257857]
0.0372379869223 [0.0430725924671] [0.0314033813775]
0.03844028525055 [0.0454066768289] [0.0314738936722]
0.0404556710273 [0.0477562919259] [0.0331550501287]
0.0438584964722 [0.0506308674812] [0.0370861254632]
0.048895169049500004 [0.0542987622321] [0.0434915758669]
0.06750619783995 [0.0835673063993] [0.0514450892806]
0.09383298270425 [0.128105014563] [0.0595609508455]
0.1216846927998 [0.175922915339] [0.0674464702606]
0.1400648802517 [0.206621304154] [0.0735084563494]
0.14970268681655 [0.221419721842] [0.0779856517911]
0.15376101434215 [0.226123154163] [0.0813988745213]
0.1561433970926 [0.227306053042] [0.0849807411432]
0.15774901956345 [0.226925939322] [0.0885720998049]
0.162216346711 [0.231072664261] [0.093360029161]
0.17115598171955 [0.243201583624] [0.0991103798151]
0.1841608695685 [0.261558681726] [0.106763057411]
0.1987326964735 [0.281322747469] [0.116142645478]
0.210619159043 [0.295297205448] [0.125941112638]
0.21811904758200001 [0.300598502159] [0.135639593005]
0.21751722693449999 [0.291399329901] [0.143635123968]
0.211025066674 [0.273215055466] [0.148835077882]
0.2054368332025 [0.257745802402] [0.153127864003]
0.20495967566950002 [0.25295060873] [0.156968742609]
0.20731776207699998 [0.250775784254] [0.1638597399]
0.210363045335 [0.250732690096] [0.169993400574]
0.2130204662685 [0.248981431127] [0.17705950141]
0.213793747127 [0.246263355017] [0.181324139237]
0.212559916079 [0.242049381137] [0.183070451021]
0.20990280807 [0.235373407602] [0.184432208538]
0.20751884579649998 [0.227493137121] [0.187544554472]
0.20730029046499998 [0.219736397266] [0.194864183664]
0.2116992250085 [0.21420198679] [0.209196463227]
0.21810746937949999 [0.212374731898] [0.223840206861]
0.2155577093365 [0.21330088377] [0.217814534903]
0.2095909789205 [0.216790303588] [0.202391654253]
0.205415353179 [0.222224801779] [0.188605904579]
0.2053051367405 [0.230884149671] [0.17972612381]
0.21362195909 [0.249899253249] [0.177344664931]
0.222689203918 [0.27120873332] [0.174169674516]
0.22721534967450002 [0.283418685198] [0.171012014151]
0.228813134134 [0.289976388216] [0.167649880052]
0.231379196048 [0.298760920763] [0.163997471333]
0.23795016855 [0.313673436642] [0.162226900458]
0.2454882785675 [0.332249641418] [0.158726915717]
0.2517798542975 [0.349520176649] [0.154039531946]
0.2575237303975 [0.363174378872] [0.151873081923]
0.2601356804375 [0.371817439795] [0.14845392108]
0.259773083031 [0.375851601362] [0.1436945647]
0.2586897611615 [0.376548081636] [0.140831440687]
0.2574992477895 [0.375260472298] [0.139738023281]
0.256063774228 [0.371881484985] [0.140246063471]
0.25421654432999996 [0.36545881629] [0.14297427237]
0.25225624442100003 [0.355735838413] [0.148776650429]
0.251825742424 [0.346574723721] [0.157076761127]
0.2493685260415 [0.334299206734] [0.164437845349]
0.23949136585000003 [0.316105127335] [0.162877604365]
0.2299395799635 [0.300472766161] [0.159406393766]
0.219807803631 [0.284834742546] [0.154780864716]
0.21305286139250001 [0.276187449694] [0.149918273091]
0.2083126306535 [0.271608889103] [0.145016372204]
0.203008852899 [0.266487002373] [0.139530703425]
0.1974200829865 [0.260352045298] [0.134488120675]
0.19007146358500002 [0.250363320112] [0.129779607058]
0.1821158751845 [0.238684371114] [0.125547379255]
0.17468034476049998 [0.226689681411] [0.12267100811]
