0.0330253895372 0.0319665549323 0.031869663856950003 0.03266641777005 0.033584381453700005 0.03415256924925 0.03447950817645 0.0348343541846 0.0352065488696 0.0356362722814 0.0364498477429 0.0377118559554 0.0401337016374 0.0447770468891 0.05294328927995 
0.06575285829605 0.08123771473765 0.09291853755714999 0.09749968349935 0.09643671661625 0.09525875374675 0.0956790782512 0.09637163579485 0.09644317999485 0.0950922742485 0.09083044528959999 0.08145352080464999 0.06905623525385 0.057951347902450004 0.05022312141955 
0.04561503604055 0.04385212622585 0.0447872746736 0.0475200358778 0.0507750995457 0.05383763089775 0.05592531338335 0.057457933202399995 0.05872802995145 0.060990270227199994 0.06546532735225 0.07280465960505 0.08476953953505001 0.10285299271359999 0.127378966659 
0.154233202338 0.177182123065 0.192543543875 0.2033419534565 0.21177235245700002 0.2204351723195 0.230799563229 0.2359918132425 0.238088130951 0.241075709462 0.24421245604750003 0.246275305748 0.2364105284215 0.22088073194000002 0.20017362385999998 
0.181421242654 0.16308269277249998 0.1433623507621 0.11960586532949999 0.09538308158525 0.07589193060995 0.0629123765975 0.055432505905600005 0.051450116559850004 0.0492470860481 0.048038534820099996 0.047258358448749996 0.0467093307525 0.046072542667400004 0.0450785048306 
0.04336014948785 0.0411541070789 0.03943481855095 0.039477407000949996 0.04262431152165 0.0502668134868 0.0634966120124 0.08204647526145001 0.1006004661322 0.1129837930205 0.115663588047 0.11349848657824999 0.11165029555575 0.11115230619895 0.1125132218005 
0.1165980100635 0.123574465513 0.1331105008725 0.14540309458950001 0.15727251023049998 0.1638188287615 0.167783729732 0.167985409498 0.16709030419600002 0.165422260761 0.163162752986 0.16156657040150002 0.1609985679385 0.1618435382845 0.16235558688649998 
0.158226072788 0.1520576290785 0.1457516513765 0.140141155571 0.134522479028 0.128304872662 0.12190679833285001 0.11647850275065 0.11314843595054999 0.1120875589552 0.1130278334021 0.11384725198135 0.11277793720349999 0.1099109984934 0.10530198365455001 
0.1004367396236 0.09801359102125 0.09912121295910001 0.1017742380499 0.10637694224739999 0.11381017416700001 0.12362948805085 0.13481600582615 0.14310813695205 0.14569400250905 0.14652250334615 0.14405620843154998 0.1418105512858 0.1438894197346 0.14876873418710002 
0.1532711349425 0.156441599131 0.1582354418935 0.158691268414 0.15760531649 0.1553309336305 0.1525449454785 0.1498328894375 0.146158978343 0.1430851072075 0.14255391806349998 0.144296504557 0 0 0 
