0.14254752546549998 [0.151731327176] [0.133363723755]
0.1693267822265 [0.178454980254] [0.160198584199]
0.2069800645115 [0.213089168072] [0.200870960951]
0.2499284669755 [0.249332234263] [0.250524699688]
0.2857175022365 [0.272538691759] [0.298896312714]
0.300519645214 [0.269012987614] [0.332026302814]
0.2887161150575 [0.238103494048] [0.339328736067]
0.2521346360445 [0.191099584103] [0.313169687986]
0.2116141468285 [0.150116741657] [0.273111552]
0.1800953671335 [0.122342392802] [0.237848341465]
0.1725956760345 [0.107414700091] [0.237776651978]
0.169673580676 [0.100375972688] [0.238971188664]
0.1684790290891 [0.0962763354182] [0.24068172276]
0.167494572699 [0.092845261097] [0.242143884301]
0.1652117893101 [0.0887989848852] [0.241624593735]
0.16074351221315 [0.0841519087553] [0.237335115671]
0.15416565164935 [0.0796366408467] [0.228694662452]
0.1463831476868 [0.0758963152766] [0.216869980097]
0.13795602694165 [0.0731889232993] [0.202723130584]
0.12856063246705 [0.0716258436441] [0.18549542129]
0.11817895621055 [0.0713364034891] [0.165021508932]
0.11571237444895 [0.0727618485689] [0.158662900329]
0.1189718134701 [0.0765209123492] [0.161422714591]
0.13260724768035 [0.0831364169717] [0.182078078389]
0.17856137081999998 [0.092525087297] [0.264597654343]
0.1857305690645 [0.104591086507] [0.266870051622]
0.1982191987335 [0.120314367115] [0.276124030352]
0.21326729655249999 [0.137967944145] [0.28856664896]
0.2288543879985 [0.156440138817] [0.30126863718]
0.244743920863 [0.178134724498] [0.311353117228]
0.26071453839549996 [0.20970107615] [0.311728000641]
0.267287276685 [0.242311939597] [0.292262613773]
0.2581755667925 [0.260019779205] [0.25633135438]
0.2365776970985 [0.252463012934] [0.220692381263]
0.2143493369225 [0.233209371567] [0.195489302278]
0.19879983365499998 [0.216131225228] [0.181468442082]
0.1889289319515 [0.206884503365] [0.170973360538]
0.1851188242435 [0.203150704503] [0.167086943984]
0.185565009713 [0.202803611755] [0.168326407671]
0.186545111239 [0.201827347279] [0.171262875199]
0.186045601964 [0.198447063565] [0.173644140363]
0.18208418786500002 [0.191361814737] [0.172806560993]
0.1734519600865 [0.179297044873] [0.1676068753]
0.1610996574165 [0.163873925805] [0.158325389028]
0.1483636125925 [0.150101810694] [0.146625414491]
0.1391093432905 [0.141994357109] [0.136224329472]
0.1342897564175 [0.138460323215] [0.13011918962]
0.134305052459 [0.139279991388] [0.12933011353]
0.1397579014305 [0.144979462028] [0.134536340833]
0.1516730338335 [0.156135186553] [0.147210881114]
0.1670910269025 [0.169832453132] [0.164349600673]
0.1807185560465 [0.181249454618] [0.180187657475]
0.1902458146215 [0.189108207822] [0.191383421421]
0.19608108699350002 [0.193254977465] [0.198907196522]
0.19899905473 [0.19463840127] [0.20335970819]
0.198392368853 [0.192739129066] [0.20404560864]
0.19500937312849997 [0.186877191067] [0.20314155519]
0.191124767065 [0.179087594151] [0.203161939979]
0.189290702343 [0.172359928489] [0.206221476197]
0.1909348219635 [0.168193757534] [0.213675886393]
0.197231933475 [0.168094426394] [0.226369440556]
0.20541121810649998 [0.169640153646] [0.241182282567]
0.213007345796 [0.170739114285] [0.255275577307]
0.217842034996 [0.17136014998] [0.264323920012]
0.21887721866350002 [0.171299919486] [0.266454517841]
0.2162475809455 [0.170117244124] [0.262377917767]
0.209717854857 [0.16609609127] [0.253339618444]
0.1984614506365 [0.154640719295] [0.242282181978]
0.18404529243700002 [0.136826604605] [0.231263980269]
0.1698556467895 [0.118581771851] [0.221129521728]
0.159064784646 [0.105086654425] [0.213042914867]
0.15341055020705 [0.0979728326201] [0.208848267794]
0.1531785540283 [0.0962046310306] [0.210152477026]
0.15847288072100002 [0.098840996623] [0.218104764819]
0.1670005917545 [0.103283539414] [0.230717644095]
0.1757569126785 [0.107827208936] [0.243686616421]
0.17733215168150002 [0.110977686942] [0.243686616421]
0.178058348596 [0.112430080771] [0.243686616421]
0.177878264338 [0.112069912255] [0.243686616421]
0.176924198866 [0.110161781311] [0.243686616421]
0.2071036584675 [0.108145184815] [0.30606213212]
0.1982054673135 [0.106961123645] [0.289449810982]
0.19042573869249999 [0.107800245285] [0.2730512321]
0.18062852695599999 [0.110228396952] [0.25102865696]
0.169623095542 [0.113231278956] [0.226014912128]
0.160847969353 [0.117303237319] [0.204392701387]
0.157242845744 [0.123530231416] [0.190955460072]
0.157725133002 [0.130318760872] [0.185131505132]
0.160423822701 [0.136144638062] [0.18470300734]
0.1632195189595 [0.139119759202] [0.187319278717]
0.165748164058 [0.140806987882] [0.190689340234]
0.167869411409 [0.142417445779] [0.193321377039]
0.16601335257299998 [0.143565133214] [0.188461571932]
0.1647163778545 [0.14578422904] [0.183648526669]
0.16410963982350002 [0.148688718677] [0.17953056097]
0.162415228784 [0.150629535317] [0.174200922251]
0.1582843065265 [0.150221899152] [0.166346713901]
0.15136088430900002 [0.147628977895] [0.155092790723]
0.143828369677 [0.144755676389] [0.142901062965]
0.13854941725749997 [0.144416868687] [0.132681965828]
0.13648644089700002 [0.147202000022] [0.125770881772]
0.138210333884 [0.153388500214] [0.123032167554]
0.14211626350849998 [0.160989746451] [0.123242780566]
0.1464960575105 [0.167753815651] [0.12523829937]
0.149266459048 [0.17089509964] [0.127637818456]
0.1513880863785 [0.171417102218] [0.131359070539]
0.1531821787355 [0.170086070895] [0.136278286576]
0.15422221273199999 [0.168126434088] [0.140317991376]
0.1524059474465 [0.163889378309] [0.140922516584]
0.145799174905 [0.155708298087] [0.135890051723]
0.13555563241250002 [0.144412666559] [0.126698598266]
0.1256407797335 [0.13260294497] [0.118678614497]
0.119093608111 [0.122842431068] [0.115344785154]
0.117394283414 [0.116966702044] [0.117821864784]
0.120847672224 [0.116075113416] [0.125620231032]
0.1280217505995 [0.119701035321] [0.136342465878]
0.135674994439 [0.124741010368] [0.14660897851]
0.141426213086 [0.1295273453] [0.153325080872]
0.1435296535495 [0.131929278374] [0.155130028725]
0.1409764140845 [0.13071975112] [0.151233077049]
