0.3862257152795 [0.338334739208] [0.434116691351]
0.397181734443 [0.348104476929] [0.446258991957]
0.410109966993 [0.358482390642] [0.461737543344]
0.4220630526545 [0.368658214808] [0.475467890501]
0.4317987859245 [0.377520382404] [0.486077189445]
0.434796527028 [0.382914453745] [0.486678600311]
0.435463711619 [0.385034769773] [0.485892653465]
0.43185958266299995 [0.384576171637] [0.479142993689]
0.423682034016 [0.383123070002] [0.46424099803]
0.411968141794 [0.381302088499] [0.442634195089]
0.3966585844755 [0.376638650894] [0.416678518057]
0.380984067917 [0.369017273188] [0.392950862646]
0.3670121878385 [0.359874069691] [0.374150305986]
0.35765156149849997 [0.352741539478] [0.362561583519]
0.349651634693 [0.3445507586] [0.354752510786]
0.34519611298999997 [0.340204030275] [0.350188195705]
0.3428079634905 [0.338888913393] [0.346727013588]
0.3395284563305 [0.337780296803] [0.341276615858]
0.332112491131 [0.331331551075] [0.332893431187]
0.3230625241995 [0.322580993176] [0.323544055223]
0.3092477172615 [0.314780086279] [0.303715348244]
0.303138360381 [0.303724914789] [0.302551805973]
0.290185004473 [0.277494519949] [0.302875488997]
0.2716477140785 [0.2382671386] [0.305028289557]
0.253856219351 [0.19925917685] [0.308453261852]
0.2413540259005 [0.169804081321] [0.31290397048]
0.235141374171 [0.152031823993] [0.318250924349]
0.232727438211 [0.141932457685] [0.323522418737]
0.232431270182 [0.137004509568] [0.327858030796]
0.23232849687350002 [0.134488388896] [0.330168604851]
0.2299783006315 [0.1321118325] [0.327844768763]
0.224626488984 [0.128665491939] [0.320587486029]
0.221836663783 [0.123085841537] [0.320587486029]
0.2171610295775 [0.113734573126] [0.320587486029]
0.2088946290316 [0.0972017720342] [0.320587486029]
0.20092220231905 [0.0812569186091] [0.320587486029]
0.1947244144978 [0.0688613429666] [0.320587486029]
0.1909916028382 [0.0613957196474] [0.320587486029]
0.18881059438005 [0.0570337027311] [0.320587486029]
0.1880916971715 [0.055595908314] [0.320587486029]
0.18838665075615 [0.0561858154833] [0.320587486029]
0.1889676339926 [0.0573477819562] [0.320587486029]
0.1892188079657 [0.0578501299024] [0.320587486029]
0.1888553164901 [0.0571231469512] [0.320587486029]
0.18799600005165001 [0.0554045140743] [0.320587486029]
0.1869485825302 [0.0533096790314] [0.320587486029]
0.06767657771704999 [0.0514377057552] [0.0839154496789]
0.06495046056805 [0.0503875277936] [0.0795133933425]
0.0640702918172 [0.0501059293747] [0.0780346542597]
0.06537535972895 [0.0506031177938] [0.0801476016641]
0.06855213828385 [0.051491830498] [0.0856124460697]
0.0730173420161 [0.0530271343887] [0.0930075496435]
0.0791610926389 [0.0563944280148] [0.101927757263]
0.08575556613495 [0.0602873079479] [0.111223824322]
0.09110621362915 [0.0627436563373] [0.119468770921]
0.0937034673987 [0.0627473667264] [0.124659568071]
0.09321487881235001 [0.0608048327267] [0.125624924898]
0.08979379944525 [0.0578236319125] [0.121763966978]
0.08537184447065001 [0.0545741915703] [0.116169497371]
0.0816670153289 [0.0520252026618] [0.111308827996]
0.07999336719530001 [0.0510744825006] [0.10891225189]
0.08117235265695 [0.0516185648739] [0.11072614044]
0.08439303189505 [0.0530458241701] [0.11574023962]
0.08774731494464999 [0.0546685121953] [0.120826117694]
0.08903570845715 [0.0564525276423] [0.121618889272]
0.08839845843614999 [0.0589484088123] [0.11784850806]
0.08746625110485001 [0.0625308454037] [0.112401656806]
0.08683135360465 [0.0672815665603] [0.106381140649]
0.08609982207405001 [0.0714023113251] [0.100797332823]
0.08493526279925 [0.0739809125662] [0.0958896130323]
0.0832440815866 [0.0750523731112] [0.091435790062]
0.08114941045645 [0.0755486339331] [0.0867501869798]
0.07862580940125 [0.0758581161499] [0.0813935026526]
0.0762103460729 [0.076254427433] [0.0761662647128]
0.0749345906079 [0.0775424912572] [0.0723266899586]
0.0735231488943 [0.0778965353966] [0.069149762392]
0.0720378383994 [0.0770136043429] [0.0670620724559]
0.0705333687365 [0.0756860896945] [0.0653806477785]
0.06945018470285 [0.0749419033527] [0.063958466053]
0.06900495290755 [0.0749138444662] [0.0630960613489]
0.0692197494209 [0.074964158237] [0.0634753406048]
0.0700978897512 [0.0747203156352] [0.0654754638672]
0.07100342214105 [0.0742355212569] [0.0677713230252]
0.07149950787425 [0.074066825211] [0.0689321905375]
0.0716401673853 [0.0745269209146] [0.068753413856]
0.0719958767295 [0.0754946470261] [0.0684971064329]
0.07271357253195 [0.0771304965019] [0.068296648562]
0.0740102007985 [0.0782661810517] [0.0697542205453]
0.07673174887895001 [0.0798822045326] [0.0735812932253]
0.07995411381125 [0.0800396725535] [0.079868555069]
0.08266201242804999 [0.077442497015] [0.0878815278411]
