0.09280205145465001 [0.0669775754213] [0.118626527488]
0.09411155432475 [0.0647510662675] [0.123472042382]
0.09589933603995 [0.0640512704849] [0.127747401595]
0.0981032662096 [0.0649597719312] [0.131246760488]
0.10100226476765001 [0.0674829110503] [0.134521618485]
0.10569944232725001 [0.0716172754765] [0.139781609178]
0.11340481787915 [0.0776409953833] [0.149168640375]
0.12450138106935 [0.0852845087647] [0.163718253374]
0.1386719569563 [0.0938078314066] [0.183536082506]
0.15644834935649998 [0.104872718453] [0.20802398026]
0.1790712364015 [0.120972715318] [0.237169757485]
0.2073858231305 [0.142630457878] [0.272141188383]
0.24740646779550002 [0.17581525445] [0.318997681141]
0.2939331680535 [0.215010970831] [0.372855365276]
0.3263862282035 [0.245911836624] [0.406860619783]
0.3335276544095 [0.261673480272] [0.405381828547]
0.3048631846905 [0.25606623292] [0.353660136461]
0.283490605652 [0.216922447085] [0.350058764219]
0.2541186437015 [0.161386534572] [0.346850752831]
0.23202846944349997 [0.120324164629] [0.343732774258]
0.2172120213508 [0.0954046845436] [0.339019358158]
0.20536053553209999 [0.0801445618272] [0.330576509237]
0.19438140094259998 [0.0706995725632] [0.318063229322]
0.18309381604215 [0.0642398893833] [0.301947742701]
0.17250190116455 [0.0595260150731] [0.285477787256]
0.16299407370410002 [0.0567488707602] [0.269239276648]
0.15359448641535 [0.0556180030107] [0.25157096982]
0.11297584325075001 [0.0558151602745] [0.170136526227]
0.10289959609525001 [0.0568549484015] [0.148944243789]
0.10072517767555 [0.0581907555461] [0.143259599805]
0.1047095321119 [0.0593069717288] [0.150112092495]
0.1237830631433 [0.0600942894816] [0.187471836805]
0.1267119944094 [0.0611211061478] [0.192302882671]
0.12430934980514999 [0.0634461268783] [0.185172572732]
0.12046826258305 [0.0684558525681] [0.172480672598]
0.1191196180879 [0.0775026157498] [0.160736620426]
0.1217266991732 [0.0897105783224] [0.153742820024]
0.127236381173 [0.102294281125] [0.152178481221]
0.134859006852 [0.115216307342] [0.154501706362]
0.142147526145 [0.125855699182] [0.158439353108]
0.1458183079955 [0.13153745234] [0.160099163651]
0.146125547588 [0.131903976202] [0.160347118974]
0.1474773734805 [0.125604405999] [0.169350340962]
0.147116295993 [0.12087008357] [0.173362508416]
0.145967300981 [0.118877880275] [0.173056721687]
0.1444873176515 [0.118395902216] [0.170578733087]
0.1434700228275 [0.119136430323] [0.167803615332]
0.14292036742 [0.120399847627] [0.165440887213]
0.143064785749 [0.122648023069] [0.163481548429]
0.143595069647 [0.126201540232] [0.160988599062]
0.1439322382215 [0.129993900657] [0.157870575786]
0.1444972380995 [0.134316861629] [0.15467761457]
0.1451306268575 [0.137988701463] [0.152272552252]
0.1457896083595 [0.141066417098] [0.150512799621]
0.146881505847 [0.144841626287] [0.148921385407]
0.1491258740425 [0.150497153401] [0.147754594684]
0.152094595134 [0.157736867666] [0.146452322602]
0.1553416103125 [0.165729701519] [0.144953519106]
0.15994399786000002 [0.174646511674] [0.145241484046]
0.1620208099485 [0.18124987185] [0.142791748047]
0.154142476618 [0.169538736343] [0.138746216893]
0.13388202339400002 [0.132947817445] [0.134816229343]
0.1107785739006 [0.0900756642222] [0.131481483579]
0.09571225568655 [0.0600096508861] [0.131414860487]
0.0980586074294 [0.0574113503098] [0.138705864549]
0.106160942465 [0.055259861052] [0.157062023878]
0.12110680527975001 [0.0534148700535] [0.188798740506]
0.14140284992774999 [0.0514132119715] [0.231392487884]
0.1578550338743 [0.0488891899586] [0.26682087779]
0.1659613698722 [0.0506566762924] [0.281266063452]
0.1671856418253 [0.0531052201986] [0.281266063452]
0.16821570321930002 [0.0551653429866] [0.281266063452]
0.16862648539255 [0.0559869073331] [0.281266063452]
0.1681982241572 [0.0551303848624] [0.281266063452]
0.167113563046 [0.05296106264] [0.281266063452]
0.1347687039525 [0.051427680999] [0.218109726906]
0.11137606203575 [0.0529046058655] [0.169847518206]
0.09964205138410001 [0.0623013786972] [0.136982724071]
0.10429399460569999 [0.0928411856294] [0.115746803582]
0.09680132567895 [0.0908031538129] [0.102799497545]
0.09292458742855 [0.0902499705553] [0.0955992043018]
0.09022553265095 [0.0889790430665] [0.0914720222354]
0.08766124024985 [0.0861318185925] [0.0891906619072]
0.0841798856854 [0.0810711830854] [0.0872885882854]
0.078999850899 [0.0724858939648] [0.0855138078332]
0.0743420347571 [0.0647791549563] [0.0839049145579]
0.07131050527095 [0.0597372353077] [0.0828837752342]
0.06711070798335 [0.0574917979538] [0.0767296180129]
0.06502553448079999 [0.0576753541827] [0.0723757147789]
0.0647730063647 [0.0596038065851] [0.0699422061443]
0.06600623577835 [0.0625309273601] [0.0694815441966]
0.06850729510185 [0.0659336596727] [0.071080930531]
0.07224728167055 [0.0694803521037] [0.0750142112374]
0.07735278084875 [0.0730906948447] [0.0816148668528]
0.08359448611735 [0.0764564052224] [0.0907325670123]
0.0904980376361 [0.0797189548612] [0.101277120411]
0.09839700534955001 [0.0843621045351] [0.112431906164]
0.1075113937258 [0.0917170643806] [0.123305723071]
0.1201752386985 [0.104435957968] [0.135914519429]
0.140046298504 [0.12588056922] [0.154212027788]
0.171173930168 [0.160475552082] [0.181872308254]
0.220076926053 [0.215766474605] [0.224387377501]
0.285280883312 [0.288447499275] [0.282114267349]
0.355564251542 [0.367917954922] [0.343210548162]
0.395762458444 [0.417346030474] [0.374178886414]
0.400726810098 [0.433653712273] [0.367799907923]
0.3903366476295 [0.4277099967] [0.352963298559]
0.3700559437275 [0.400934308767] [0.339177578688]
0.3478146642445 [0.369523912668] [0.326105415821]
0.325389802456 [0.338377594948] [0.312402009964]
0.29956860840300004 [0.304021000862] [0.295116215944]
0.268896013498 [0.266181260347] [0.271610766649]
0.237261928618 [0.23076286912] [0.243760988116]
0.2094373479485 [0.20096167922] [0.217913016677]
0.19078262150300002 [0.181382879615] [0.200182363391]
0.181912258267 [0.171255216002] [0.192569300532]
0.18041461706200002 [0.166017338634] [0.19481189549]
0.18342284858250002 [0.163012504578] [0.203833192587]
0.1878067106005 [0.160277739167] [0.215335682034]
0.1918219923975 [0.157458782196] [0.226185202599]
0.19443134218449998 [0.154141545296] [0.234721139073]
0.192389205098 [0.148786365986] [0.23599204421]
0.18681318312849998 [0.137402847409] [0.236223518848]
0.175231553614 [0.115071296692] [0.235391810536]
0.16329529508930002 [0.0927575454116] [0.233833044767]
0.1566201448439 [0.0783583968878] [0.2348818928]
0.15713008865695 [0.0706265643239] [0.24363361299]
0.16691628470995 [0.0672938302159] [0.266538739204]
0.18732530251170001 [0.0671409741044] [0.307509630919]
0.2145540155472 [0.0685803070664] [0.360527724028]
0.2384893782438 [0.0702898576856] [0.406688898802]
0.24950254335974997 [0.0717865899205] [0.427218496799]
0.22829577326775002 [0.0731535851955] [0.38343796134]
0.209412239492 [0.074370637536] [0.344453841448]
0.19056652486314998 [0.0750267207623] [0.306106328964]
0.17080866172915 [0.0750199332833] [0.266597390175]
0.15126818045989998 [0.0743183419108] [0.228218019009]
0.12676533311580002 [0.0732010155916] [0.18032965064]
0.10642066597925001 [0.0722979307175] [0.140543401241]
0.093537736684 [0.072363063693] [0.114712409675]
0.08808185160179999 [0.0754522681236] [0.10071143508]
0.0890714451671 [0.0826463401318] [0.0954965502024]
0.09285106509925001 [0.0894190967083] [0.0962830334902]
0.0973847284911 [0.0944249853492] [0.100344471633]
0.1002026759087 [0.0956055000424] [0.104799851775]
