0.0409999527037 [0.0444867424667] [0.0375131629407]
0.043208627030249996 [0.0490456819534] [0.0373715721071]
0.0479139331728 [0.0563064739108] [0.0395213924348]
0.0554873421788 [0.0683768466115] [0.0425978377461]
0.06546486169099999 [0.0849002301693] [0.0460294932127]
0.07566894404585 [0.101667433977] [0.0496704541147]
0.08306803368035 [0.112629339099] [0.0535067282617]
0.08740567043435 [0.117546014488] [0.0572653263807]
0.0900438688696 [0.119535714388] [0.0605520233512]
0.09093828871865 [0.119179926813] [0.0626966506243]
0.08915824443095 [0.114370279014] [0.0639462098479]
0.08533199504005 [0.107124648988] [0.0635393410921]
0.0824283622205 [0.0992985963821] [0.0655581280589]
0.08330193534489999 [0.0960923209786] [0.0705115497112]
0.08617293089625 [0.0951199829578] [0.0772258788347]
0.08993152529000001 [0.0925219878554] [0.0873410627246]
0.09299249574554999 [0.0852086469531] [0.100776344538]
0.096780631691 [0.074855402112] [0.11870586127]
0.10226219519980001 [0.0655627176166] [0.138961672783]
0.10760511271664999 [0.0590613745153] [0.156148850918]
0.10978862829485 [0.0549555309117] [0.164621725678]
0.1063323765991 [0.0523164570332] [0.160348296165]
0.09962192550320001 [0.0502190068364] [0.14902484417]
0.0919141080232 [0.0486701987684] [0.135158017278]
0.0870647747068 [0.0482247807086] [0.125904768705]
0.08720148913545 [0.0484982095659] [0.125904768705]
0.0870779398827 [0.0482511110604] [0.125904768705]
0.0858133006839 [0.0457218326628] [0.125904768705]
0.0838974583892 [0.0418901480734] [0.125904768705]
0.08220932632665 [0.0385138839483] [0.125904768705]
0.08167675323765 [0.0374487377703] [0.125904768705]
0.08264651335755 [0.0393882580101] [0.125904768705]
0.08493633568270001 [0.0439679026604] [0.125904768705]
0.08729749545435 [0.0486902222037] [0.125904768705]
0.0883884765206 [0.0508721843362] [0.125904768705]
0.08802724257095 [0.0501497164369] [0.125904768705]
0.0871410239486 [0.0483772791922] [0.125904768705]
0.0863339621572 [0.0467631556094] [0.125904768705]
0.08555447123925 [0.0452041737735] [0.125904768705]
0.0848142951725 [0.04372382164] [0.125904768705]
0.084430972114 [0.042957175523] [0.125904768705]
0.0845253169535 [0.043145865202] [0.125904768705]
0.0854009985922 [0.0448972284794] [0.125904768705]
0.08656901679915 [0.0472332648933] [0.125904768705]
0.0874149557201 [0.0489251427352] [0.125904768705]
0.08685463108105 [0.0478044934571] [0.125904768705]
0.0851070471106 [0.0443093255162] [0.125904768705]
0.08319243602435 [0.0404801033437] [0.125904768705]
0.08204072713835 [0.0381766855717] [0.125904768705]
0.08195301890355 [0.0380012691021] [0.125904768705]
0.0827623214571 [0.0396198742092] [0.125904768705]
0.0839696917681 [0.0420346148312] [0.125904768705]
0.08517654426375 [0.0444483198225] [0.125904768705]
0.1297217775137 [0.0460929460824] [0.213350608945]
0.13470926135789998 [0.0461485683918] [0.223269954324]
0.1269536837936 [0.0442956835032] [0.209611684084]
0.1078680865468 [0.0405495390296] [0.175186634064]
0.08810395933695 [0.0368345119059] [0.139373406768]
0.07382248900835 [0.0346687994897] [0.112976178527]
0.06387474201615 [0.0330003984272] [0.0947490856051]
0.0632555503398 [0.0317620150745] [0.0947490856051]
0.062495658174149996 [0.0302422307432] [0.0947490856051]
0.06138442177325 [0.0280197579414] [0.0947490856051]
0.0600220542401 [0.0252950228751] [0.0947490856051]
0.058761530555749994 [0.0227739755064] [0.0947490856051]
0.0569881107658 [0.0209136791527] [0.0930625423789]
0.0538248065859 [0.0197982005775] [0.0878514125943]
0.05017756763845 [0.0193761680275] [0.0809789672494]
0.0464284038171 [0.0193422716111] [0.0735145360231]
