0.4203749597075 [0.373576104641] [0.467173814774]
0.436342254281 [0.377429038286] [0.495255470276]
0.4391383230685 [0.369081735611] [0.509194910526]
0.431653663516 [0.34807446599] [0.515232861042]
0.414810493588 [0.314932018518] [0.514688968658]
0.39761289954199996 [0.280426442623] [0.514799356461]
0.38401368260400004 [0.256794214249] [0.511233150959]
0.378383666277 [0.249242126942] [0.507525205612]
0.37961356341850006 [0.256211131811] [0.503015995026]
0.383127167821 [0.271078556776] [0.495175778866]
0.3855848908425 [0.287020385265] [0.48414939642]
0.38360637426349997 [0.297440230846] [0.469772517681]
0.376858010888 [0.302421450615] [0.451294571161]
0.36690244078650003 [0.304522544146] [0.429282337427]
0.3568271398545 [0.306542724371] [0.407111555338]
0.349371224642 [0.311384022236] [0.387358427048]
0.34608586132499997 [0.318157881498] [0.374013841152]
0.34860679507250003 [0.327414035797] [0.369799554348]
0.3569464981555 [0.340151041746] [0.373741954565]
0.3688400685785 [0.356817245483] [0.380862891674]
0.3804046958685 [0.375229001045] [0.385580390692]
0.3871111273765 [0.391635894775] [0.382586359978]
0.3828709870575 [0.397950828075] [0.36779114604]
0.365071743727 [0.389112353325] [0.341031134129]
0.33780679106699996 [0.36846101284] [0.307152569294]
0.3114050030705 [0.349615782499] [0.273194223642]
0.2904928550125 [0.334879666567] [0.246106043458]
0.27931444346900003 [0.330490499735] [0.228138387203]
0.2768791913985 [0.334768563509] [0.218989819288]
0.278705485165 [0.342635720968] [0.214775249362]
0.2795403748755 [0.347306966782] [0.211773782969]
0.2707130014895 [0.337468385696] [0.203957617283]
0.2493047565225 [0.313732981682] [0.184876531363]
0.2323916479945 [0.287729650736] [0.177053645253]
0.20541379600749998 [0.272145062685] [0.13868252933]
0.199597634375 [0.268517434597] [0.130677834153]
0.197903204709 [0.273705512285] [0.122100897133]
0.1989444196225 [0.28459790349] [0.113290935755]
0.1968085579575 [0.288289308548] [0.105327807367]
0.1959507092833 [0.29218891263] [0.0997125059366]
0.19576040655385 [0.294198304415] [0.0973225086927]
0.19557880982755 [0.293748229742] [0.0974093899131]
0.19408602640055 [0.290698409081] [0.0974736437201]
0.18951958045380002 [0.284626990557] [0.0944121703506]
0.18183538317685 [0.276510000229] [0.0871607661247]
0.17792212963085002 [0.268683493137] [0.0871607661247]
0.17606380581835002 [0.264966845512] [0.0871607661247]
0.17845773696884998 [0.269754707813] [0.0871607661247]
0.18593539297585 [0.284710019827] [0.0871607661247]
0.19856053590785 [0.309960305691] [0.0871607661247]
0.19856053590785 [0.309960305691] [0.0871607661247]
0.19856053590785 [0.309960305691] [0.0871607661247]
0.19856053590785 [0.309960305691] [0.0871607661247]
0.19856053590785 [0.309960305691] [0.0871607661247]
0.13996945321534998 [0.192778140306] [0.0871607661247]
0.13766908645635 [0.188177406788] [0.0871607661247]
0.12753520905985 [0.167909651995] [0.0871607661247]
0.11496632546185 [0.142771884799] [0.0871607661247]
0.10423115268335001 [0.121301539242] [0.0871607661247]
0.09669674187885 [0.106232717633] [0.0871607661247]
0.09190059825775 [0.0966404303908] [0.0871607661247]
0.08919485658404999 [0.0912289470434] [0.0871607661247]
0.08776998147365 [0.0883791968226] [0.0871607661247]
0.0875389203429 [0.0879170745611] [0.0871607661247]
0.08823691681025 [0.0893130674958] [0.0871607661247]
0.08960919082165 [0.0920576155186] [0.0871607661247]
