0.13491307944039999 [0.0852509140968] [0.184575244784]
0.13955952599655 [0.0833054408431] [0.19581361115]
0.1405429318548 [0.0802321881056] [0.200853675604]
0.13810074701905 [0.0764563754201] [0.199745118618]
0.133989483118 [0.072455406189] [0.195523560047]
0.13030474260445002 [0.0686969235539] [0.191912561655]
0.1309187337758 [0.0661096572876] [0.195727810264]
0.1740311719476 [0.0658881738782] [0.282174170017]
0.17544159293165001 [0.0687090158463] [0.282174170017]
0.17802161350835 [0.0738690569997] [0.282174170017]
0.18052116408930002 [0.0788681581616] [0.282174170017]
0.17864485457525 [0.0751155391335] [0.282174170017]
0.1748220659791 [0.0674699619412] [0.282174170017]
0.17115606740105 [0.0601379647851] [0.282174170017]
0.1693580802529 [0.0565419904888] [0.282174170017]
0.1571034137159 [0.0567723102868] [0.257434517145]
0.14472997561095 [0.0592044666409] [0.230255484581]
0.1343852877616 [0.0624841153622] [0.206286460161]
0.13597919791925 [0.0656719356775] [0.206286460161]
0.13736129924645 [0.0684361383319] [0.206286460161]
0.13832699134935 [0.0703675225377] [0.206286460161]
0.1386800594627 [0.0710736587644] [0.206286460161]
0.1385645903646 [0.0708427205682] [0.206286460161]
0.1386629641055 [0.07103946805] [0.206286460161]
0.13965221121895 [0.0730179622769] [0.206286460161]
0.1422808766364 [0.0782752931118] [0.206286460161]
0.1536362022164 [0.0879615992308] [0.219310805202]
0.16140380129249998 [0.103496797383] [0.219310805202]
0.1724218502645 [0.125532895327] [0.219310805202]
0.18487752228999998 [0.150444239378] [0.219310805202]
0.19478294253349998 [0.170255079865] [0.219310805202]
0.2000407353045 [0.180770665407] [0.219310805202]
0.19866478443149999 [0.178018763661] [0.219310805202]
0.194746345282 [0.170181885362] [0.219310805202]
0.1912239640955 [0.163137122989] [0.219310805202]
0.189638487995 [0.159966170788] [0.219310805202]
0.1906809136275 [0.162051022053] [0.219310805202]
0.194326967001 [0.1693431288] [0.219310805202]
0.199899591506 [0.18048837781] [0.219310805202]
0.204554140568 [0.189797475934] [0.219310805202]
0.207456238568 [0.195601671934] [0.219310805202]
0.207989037037 [0.196667268872] [0.219310805202]
0.207477927208 [0.195645049214] [0.219310805202]
0.205365933478 [0.191421061754] [0.219310805202]
0.19906005263350002 [0.178809300065] [0.219310805202]
0.1897979527715 [0.160285100341] [0.219310805202]
0.1795741245155 [0.139837443829] [0.219310805202]
0.172719396651 [0.1261279881] [0.219310805202]
0.1686390116815 [0.117967218161] [0.219310805202]
0.1667942591015 [0.114277713001] [0.219310805202]
0.16645873338 [0.113606661558] [0.219310805202]
0.1667877137665 [0.114264622331] [0.219310805202]
0.167279176414 [0.115247547626] [0.219310805202]
0.167672980577 [0.116035155952] [0.219310805202]
0.1678391546015 [0.116367504001] [0.219310805202]
0.292022753507 [0.115963436663] [0.468082070351]
0.2752157635985 [0.115204401314] [0.435227125883]
0.24385441467149999 [0.113485895097] [0.374222934246]
0.2030329331755 [0.110951855779] [0.295114010572]
0.1679088659585 [0.108429066837] [0.22738866508]
0.146653085947 [0.107366263866] [0.185939908028]
0.1370712406935 [0.109109722078] [0.165032759309]
0.1362387388945 [0.116006612778] [0.156470865011]
0.1405833661555 [0.126064777374] [0.155101954937]
0.14423318952300002 [0.132301688194] [0.156164690852]
0.1435833126305 [0.131265833974] [0.155900791287]
