0.2808438390495 [0.236048102379] [0.32563957572]
0.29154907167 [0.229428082705] [0.353670060635]
0.28784469515100003 [0.209360048175] [0.366329342127]
0.274957343936 [0.18226569891] [0.367648988962]
0.259315595031 [0.156277894974] [0.362353295088]
0.2447259277105 [0.137222141027] [0.352229714394]
0.2341579049825 [0.126273244619] [0.342042565346]
0.227428626269 [0.12314324826] [0.331714004278]
0.22536627203249998 [0.126092359424] [0.324640184641]
0.22559209168 [0.132074773312] [0.319109410048]
0.22682566940799997 [0.138012290001] [0.315639048815]
0.22715169936399998 [0.141788110137] [0.312515288591]
0.2237555235625 [0.140293389559] [0.307217657566]
0.20969094336049998 [0.132914632559] [0.286467254162]
0.181546509266 [0.116890355945] [0.246202662587]
0.1458249092102 [0.0961475372314] [0.195502281189]
0.1162864044311 [0.0785451680422] [0.15402764082]
0.09647261351365 [0.0669028759003] [0.126042351127]
0.08604069799175 [0.0612260475755] [0.110855348408]
0.0823313742877 [0.0600688904524] [0.104593858123]
0.0827848259361 [0.0624027438462] [0.103166908026]
0.0848133116961 [0.0663394331932] [0.103287190199]
0.08664266765135001 [0.0704941675067] [0.102791167796]
0.0875353962183 [0.0738048031926] [0.101265989244]
0.08773669227955 [0.0759166702628] [0.0995567142963]
0.0876988880336 [0.0771331042051] [0.0982646718621]
0.08770867437125 [0.0777988359332] [0.0976185128093]
0.08807872608305 [0.0785192772746] [0.0976381748915]
0.08949242159725 [0.080024600029] [0.0989602431655]
0.0937562622128 [0.0835762023926] [0.103936322033]
0.10373366996639999 [0.0911279469728] [0.11633939296]
0.1227027475835 [0.105339661241] [0.140065833926]
0.1533227711915 [0.129721328616] [0.176924213767]
0.19357921928150001 [0.167271107435] [0.219887331128]
0.2299598753455 [0.20808672905] [0.251833021641]
0.237805813551 [0.220872372389] [0.254739254713]
0.21637402474849998 [0.19878809154] [0.233959957957]
0.1887533590195 [0.168820992112] [0.208685725927]
0.16679283976550002 [0.144196271896] [0.189389407635]
0.1520528942345 [0.12808355689] [0.176022231579]
0.1449425257745 [0.119296483696] [0.170588567853]
0.142547752708 [0.115569330752] [0.169526174664]
0.14274613186750001 [0.115175880492] [0.170316383243]
0.14482736215 [0.117799542844] [0.171855181456]
0.148351341486 [0.123333871365] [0.173368811607]
0.15225546062 [0.131149098277] [0.173361822963]
0.15536159277 [0.140057653189] [0.170665532351]
0.1564364135265 [0.147528752685] [0.165344074368]
0.15554847568250002 [0.151826024055] [0.15927092731]
0.15487764030700002 [0.153879031539] [0.155876249075]
0.15762612968700002 [0.157143890858] [0.158108368516]
0.1661513224245 [0.164808392525] [0.167494252324]
0.182536818087 [0.178771153092] [0.186302483082]
0.207421436906 [0.200125023723] [0.214717850089]
0.2356102615595 [0.221596136689] [0.24962438643]
0.2556844204665 [0.234177172184] [0.277191668749]
0.24646561592799998 [0.225615009665] [0.267316222191]
0.206872098148 [0.193498149514] [0.220246046782]
0.162272334099 [0.154143020511] [0.170401647687]
0.130656838417 [0.123622968793] [0.137690708041]
0.11231285706149999 [0.103876821697] [0.120748892426]
0.10211371257884999 [0.0918092802167] [0.112418144941]
0.097993195057 [0.085271909833] [0.110714480281]
0.0976795367898 [0.0820554345846] [0.113303638995]
0.0993699282407 [0.0807610824704] [0.117978774011]
0.1018314138057 [0.0805799886584] [0.123082838953]
0.1036845333872 [0.0800885632634] [0.127280503511]
0.1043710932137 [0.0788659602404] [0.129876226187]
0.10425908863545 [0.0775681138039] [0.130950063467]
0.1034439317884 [0.0757827237248] [0.131105139852]
0.10232912749050001 [0.073999479413] [0.130658775568]
0.10195577517155 [0.0733405128121] [0.130571037531]
0.10380158945925 [0.0751379951835] [0.132465183735]
0.1091397888957 [0.0805410668254] [0.137738510966]
0.11902872845525 [0.0902818366885] [0.147775620222]
0.1337958835065 [0.103324450552] [0.164267316461]
0.147176872939 [0.113160483539] [0.181193262339]
0.1512405313555 [0.116293974221] [0.18618708849]
0.149303343147 [0.116174809635] [0.182431876659]
0.14707206934699998 [0.11775842309] [0.176385715604]
0.1470884606245 [0.123823657632] [0.170353263617]
0.150981605053 [0.135193452239] [0.166769757867]
0.157810874283 [0.149703249335] [0.165918499231]
0.162131279707 [0.15876789391] [0.165494665504]
0.1590411365035 [0.156066760421] [0.162015512586]
0.150626137853 [0.146661192179] [0.154591083527]
0.14283931255350002 [0.137035086751] [0.148643538356]
0.1380623579025 [0.131032243371] [0.145092472434]
0.1369469836355 [0.129364639521] [0.14452932775]
0.138365700841 [0.130759000778] [0.145972400904]
0.14068610966200001 [0.133580625057] [0.147791594267]
0.14178102463449999 [0.136258602142] [0.147303447127]
0.14030186086899998 [0.136691182852] [0.143912538886]
0.1344539672135 [0.132460206747] [0.13644772768]
0.123366564512 [0.123238995671] [0.123494133353]
0.111351851374 [0.111360348761] [0.111343353987]
0.101555123925 [0.099547073245] [0.103563174605]
0.0940158329904 [0.0893473252654] [0.0986843407154]
0.0886905826628 [0.0813372656703] [0.0960438996553]
0.08552536740899999 [0.076082393527] [0.094968341291]
0.08415026590225 [0.0734244585037] [0.0948760733008]
0.08358354121445 [0.0721814483404] [0.0949856340885]
0.08341489732265 [0.071994304657] [0.0948354899883]
0.0820769146085 [0.0716838166118] [0.0924700126052]
