0.03799615893515 [0.0459130294621] [0.0300792884082]
0.03767335042355 [0.0466401427984] [0.0287065580487]
0.036895298399 [0.0465081557631] [0.0272824410349]
0.03603729140015 [0.0461554192007] [0.0259191635996]
0.0355913834646 [0.046171400696] [0.0250113662332]
0.0357178049162 [0.046557366848] [0.0248782429844]
0.0363873941824 [0.0471761822701] [0.0255986060947]
0.0371219199151 [0.0477189123631] [0.0265249274671]
0.03725589811805 [0.0477579571307] [0.0267538391054]
0.03642816189675 [0.0468179024756] [0.0260384213179]
0.0349651817232 [0.0449627973139] [0.0249675661325]
0.033306626603 [0.0424686335027] [0.0241446197033]
0.031664750538749994 [0.0395557619631] [0.0237737391144]
0.030869740061449998 [0.0373753085732] [0.0243641715497]
0.03083535004405 [0.0363369435072] [0.0253337565809]
0.0304869497195 [0.03511492908] [0.025858970359]
0.02980410959575 [0.0345774330199] [0.0250307861716]
0.028049449436350002 [0.0338773354888] [0.0222215633839]
0.025434399023650002 [0.0327089987695] [0.0181597992778]
0.0231059556827 [0.0315860100091] [0.0146259013563]
0.02144123148175 [0.0304348971695] [0.012447565794]
0.020625953562550002 [0.029665146023] [0.0115867611021]
0.02061713300645 [0.029452085495] [0.0117821805179]
0.0212349672802 [0.0297924298793] [0.0126775046811]
0.022152013145400003 [0.0304832831025] [0.0138207431883]
0.0230803564191 [0.0311034042388] [0.0150573085994]
0.02348598558455 [0.0308483503759] [0.0161236207932]
0.02277056872845 [0.0288799777627] [0.0166611596942]
0.021042792126549997 [0.0254570823163] [0.0166285019368]
0.01890236791225 [0.0214301478118] [0.0163745880127]
0.01706272363665 [0.0178899485618] [0.0162354987115]
0.01585043733935 [0.0151734584942] [0.0165274161845]
0.0160124101676 [0.0144512439147] [0.0175735764205]
0.01680574426425 [0.0139359934255] [0.019675495103]
0.01832277979705 [0.0136364065111] [0.023009153083]
0.0203561144881 [0.0133365215734] [0.0273757074028]
0.02246545208615 [0.0135333081707] [0.0313975960016]
0.0235447688028 [0.0140319485217] [0.0330575890839]
0.02351153455675 [0.0148992650211] [0.0321238040924]
0.02338239178065 [0.0161474142224] [0.0306173693389]
0.02383675426245 [0.0177998766303] [0.0298736318946]
0.025043608620750002 [0.0197189077735] [0.030368309468]
0.02748592570425 [0.0222006253898] [0.0327712260187]
0.03152929525825 [0.025318345055] [0.0377402454615]
0.0380748771131 [0.0296675562859] [0.0464821979403]
0.0484950505197 [0.0369938910007] [0.0599962100387]
0.06619754992425 [0.0592312030494] [0.0731638967991]
0.06835761480035 [0.0571224726737] [0.079592756927]
0.06767025217415 [0.0560609549284] [0.0792795494199]
0.0659049060196 [0.0550667829812] [0.076743029058]
0.06699257157745 [0.0606031008065] [0.0733820423484]
0.06446861289440001 [0.0582447238266] [0.0706925019622]
0.06110509485005 [0.0526106357574] [0.0695995539427]
0.05879848077895 [0.047260761261] [0.0703362002969]
0.05738652125 [0.0423984602094] [0.0723745822906]
0.05630668252705 [0.0381338596344] [0.0744795054197]
0.055087033659249995 [0.0346283912659] [0.0755456760526]
0.0536222849041 [0.0321418084204] [0.0751027613878]
0.05202158167955 [0.0306989252567] [0.0733442381024]
0.05069136433305 [0.0304392389953] [0.0709434896708]
0.049838647246349996 [0.0312069877982] [0.0684703066945]
0.04936782829465 [0.0323862992227] [0.0663493573666]
0.0492051448673 [0.0333717726171] [0.0650385171175]
0.0498169027269 [0.0337833762169] [0.0658504292369]
0.05220207571985 [0.0339177250862] [0.0704864263535]
0.05660224705935 [0.0340123102069] [0.0791921839118]
0.06144821830095 [0.034399535507] [0.0884969010949]
0.0662347842008 [0.0353272072971] [0.0971423611045]
