0.0294202649966 [0.0297285001725] [0.0291120298207]
0.0311841443181 [0.0326679907739] [0.0297002978623]
0.03346085362135 [0.0367812775075] [0.0301404297352]
0.0353074353188 [0.0401645712554] [0.0304502993822]
0.0361108630896 [0.04148959741] [0.0307321287692]
0.0360382013023 [0.0408459305763] [0.0312304720283]
0.035694401711250004 [0.0392234101892] [0.0321653932333]
0.03555302135645 [0.0373269245028] [0.0337791182101]
0.03532551601525 [0.0351080819964] [0.0355429500341]
0.03441949747505 [0.0323172621429] [0.0365217328072]
0.03304635267705 [0.0292557161301] [0.036836989224]
0.031475340016200004 [0.0262939352542] [0.0366567447782]
0.0300912903622 [0.0239374544472] [0.0362451262772]
0.0296552376822 [0.0239374544472] [0.0353730209172]
0.028917384333949997 [0.0239374544472] [0.0338973142207]
0.027839099057050003 [0.0239374544472] [0.0317407436669]
0.02650705631825 [0.0239374544472] [0.0290766581893]
0.016340101370585 [0.00588688487187] [0.0267933178693]
0.015830129850669998 [0.00617260765284] [0.0254876520485]
0.01599903404711 [0.00688231736422] [0.02511575073]
0.016556121874605 [0.00777053553611] [0.0253417082131]
0.01730229100214 [0.00869202520698] [0.0259125567973]
0.018268004059775 [0.00971048511565] [0.0268255230039]
0.019538312219099997 [0.0110460147262] [0.028030609712]
0.02089315792545 [0.012732016854] [0.0290542989969]
0.022186501882950002 [0.014407036826] [0.0299659669399]
0.02319897711275 [0.0156317669898] [0.0307661872357]
0.02365470677615 [0.0160685423762] [0.0312408711761]
0.02373782824725 [0.0160685423762] [0.0314071141183]
0.023980605416 [0.016522185877] [0.031439024955]
0.02504418510945 [0.0184771399945] [0.0316112302244]
0.02747552935035 [0.022699220106] [0.0322518385947]
0.03160283621405 [0.0304040294141] [0.032801643014]
0.03745774552225 [0.0426584333181] [0.0322570577264]
0.0440585212782 [0.0572271682322] [0.0308898743242]
0.04823650140315 [0.0671791732311] [0.0292938295752]
0.04843784775585 [0.0693726465106] [0.0275030490011]
0.045867417939 [0.0666052848101] [0.0251295510679]
0.03073743823915 [0.0391518175602] [0.0223230589181]
0.02228590473535 [0.024959333241] [0.0196124762297]
0.01741443015635 [0.0173406116664] [0.0174882486463]
0.01481631956995 [0.0136341135949] [0.015998525545]
0.0139949270524 [0.0128603540361] [0.0151295000687]
0.01436756365 [0.0140628861263] [0.0146722411737]
0.014234506059450001 [0.0140770478174] [0.0143919643015]
0.0133437733166 [0.0125095779076] [0.0141779687256]
0.0124467513524 [0.0107270749286] [0.0141664277762]
0.01221796683967 [0.00962784234434] [0.014808091335]
0.012838805560045 [0.00951345171779] [0.0161641594023]
0.014117832761249999 [0.0102232815698] [0.0180123839527]
0.015592849347750001 [0.0114919515327] [0.0196937471628]
0.0168723841198 [0.0127889206633] [0.0209558475763]
0.01783992629495 [0.0135678723454] [0.0221119802445]
0.0188664193265 [0.0140698282048] [0.0236630104482]
0.0201543322764 [0.014327394776] [0.0259812697768]
0.021839789114899998 [0.0145883541554] [0.0290912240744]
0.0236927745864 [0.0149494800717] [0.0324360691011]
0.02553357183935 [0.0153269805014] [0.0357401631773]
0.02736808080225 [0.0156525801867] [0.0390835814178]
0.0293026352301 [0.0159565005451] [0.0426487699151]
0.03172546438875 [0.0166743695736] [0.0467765592039]
0.03447213955225 [0.0179976113141] [0.0509466677904]
0.0371398162097 [0.0198594853282] [0.0544201470912]
0.0388604840264 [0.0215610954911] [0.0561598725617]
0.0388099523261 [0.0220822226256] [0.0555376820266]
0.0376699306071 [0.0210793055594] [0.0542605556548]
0.036787377670399996 [0.0193139351904] [0.0542608201504]
0.037320937961299996 [0.0177205316722] [0.0569213442504]
0.03925082553175 [0.016593625769] [0.0619080252945]
0.04233284108345001 [0.0160374231637] [0.0686282590032]
0.04634477663785 [0.0158227477223] [0.0768668055534]
0.05104641243815 [0.015778273344] [0.0863145515323]
0.055222689174100004 [0.0159407388419] [0.0945046395063]
0.0582952136172 [0.0163364131004] [0.100254014134]
0.06058914680025 [0.0168821606785] [0.104296132922]
0.0619364166631 [0.0173382926732] [0.106534540653]
0.06378792691980001 [0.0174535084516] [0.110122345388]
0.06618612539025 [0.0174643378705] [0.11490791291]
0.06967295892555 [0.0173042528331] [0.122041665018]
0.07447334378955 [0.0171122252941] [0.131834462285]
0.079343206249 [0.017267389223] [0.141419023275]
0.08464965037985 [0.0182792954147] [0.151020005345]
0.09028505440824999 [0.0207138787955] [0.159856230021]
0.09614488575595 [0.0252020675689] [0.167087703943]
0.10021553933615 [0.0316529870033] [0.168778091669]
0.1015794761481 [0.0386261418462] [0.16453281045]
0.09767433069645 [0.0441371463239] [0.151211515069]
0.0892411023378 [0.0461251586676] [0.132357046008]
0.07900894992060001 [0.0442071519792] [0.113810747862]
0.0699462685734 [0.0404881350696] [0.0994044020772]
0.0631120316684 [0.0364027768373] [0.0898212864995]
0.059057360515000004 [0.0354033447802] [0.0827113762498]
0.051932562142599996 [0.0283421948552] [0.07552292943]
0.046642005443600004 [0.0241216346622] [0.069162376225]
0.0428867135197 [0.0215822868049] [0.0641911402345]
0.04064701031895 [0.020177802071] [0.0611162185669]
0.03970001637935 [0.0196556672454] [0.0597443655133]
0.03928561881185 [0.0199246257544] [0.0586466118693]
0.03933446761225 [0.020679185167] [0.0579897500575]
0.03975191060455 [0.0216269847006] [0.0578768365085]
0.04007133189585 [0.0218510534614] [0.0582916103303]
0.0404056534171 [0.0214710757136] [0.0593402311206]
0.04065407812595 [0.0208127833903] [0.0604953728616]
0.04061835538595 [0.0202090125531] [0.0610276982188]
0.04029263183475 [0.0197217985988] [0.0608634650707]
0.04018613602965 [0.0198496710509] [0.0605226010084]
0.04065678082405 [0.0205643996596] [0.0607491619885]
0.0417650071904 [0.0218999218196] [0.0616300925612]
0.043948471546149996 [0.0239887535572] [0.0639081895351]
0.0472638588399 [0.0272571332753] [0.0672705844045]
0.0517112854868 [0.0325047560036] [0.07091781497]
0.05695067718624999 [0.0400350391865] [0.073866315186]
0.06092594377695 [0.0483121983707] [0.0735396891832]
0.06234022416175 [0.0527336336672] [0.0719468146563]
0.06036506406965 [0.0505559705198] [0.0701741576195]
0.053903667256249996 [0.0389479584992] [0.0688593760133]
0.052832888439299994 [0.0376828424633] [0.0679829344153]
0.05499843880535 [0.0427970439196] [0.0671998336911]
0.06073634140195 [0.0538366921246] [0.0676359906793]
0.05759870819745 [0.0452014915645] [0.0699959248304]
0.05438576452435 [0.0359349213541] [0.0728366076946]
0.055496646091349994 [0.0359349213541] [0.0750583708286]
0.05624092929065 [0.0359349213541] [0.0765469372272]
0.056916391477000006 [0.0359349213541] [0.0778978615999]
0.0581217799336 [0.0359349213541] [0.0803086385131]
0.06001977808775 [0.0359349213541] [0.0841046348214]
0.062444699928199995 [0.0359349213541] [0.0889544785023]
0.0633794423193 [0.0319423116744] [0.0948165729642]
0.0668748039751 [0.0325612016022] [0.101188406348]
0.0703150779008 [0.0348994508386] [0.105730704963]
0.07166928797955 [0.0357878729701] [0.107550702989]
0.0725172385572 [0.0373423695564] [0.107692107558]
0.07188118807985 [0.0361622981727] [0.107600077987]
0.07077855244275 [0.0334939956665] [0.108063109219]
0.07139547262320001 [0.0308668036014] [0.111924141645]
0.07446969579905 [0.0296045448631] [0.119334846735]
0.0808479906993 [0.0284941438586] [0.13320183754]
0.09125066921135 [0.0292275622487] [0.153273776174]
0.10363954305669999 [0.0313248187304] [0.175954267383]
0.1117899641397 [0.0313248187304] [0.192255109549]
0.1140717193487 [0.0313248187304] [0.196818619967]
0.1092318352311 [0.0318767093122] [0.18658696115]
0.10331341624255 [0.0322937816381] [0.174333050847]
0.09785131644459999 [0.0309847202152] [0.164717912674]
0.0943928444757 [0.0292185563594] [0.159567132592]
0.09283757768550001 [0.028356205672] [0.157318949699]
0.09221951756640001 [0.0275574941188] [0.156881541014]
0.0916381441055 [0.026806332171] [0.15646995604]
0.0907476069403 [0.0264418367296] [0.155053377151]
0.08817128185175 [0.0240002740175] [0.152342289686]
0.0851536002011 [0.0221964977682] [0.148110702634]
0.08128275815415001 [0.0208850372583] [0.14168047905]
0.07596213743105 [0.0193695351481] [0.132554739714]
0.06942268833525 [0.0172887817025] [0.121556594968]
0.06395978387455 [0.0179712604731] [0.109948307276]
0.0599116310476 [0.0186515375972] [0.101171724498]
0.057173368520999995 [0.0174735356122] [0.0968732014298]
0.058247428387400005 [0.0172942727804] [0.0992005839944]
0.061661757529 [0.018133379519] [0.105190135539]
0.06507494579985 [0.0195699166507] [0.110579974949]
0.06658222433185 [0.0210027825087] [0.112161666155]
0.06553116254515 [0.0212133415043] [0.109848983586]
0.06294012814755 [0.0207747071981] [0.105105549097]
0.060672892257399996 [0.0201633311808] [0.101182453334]
0.06131869368265 [0.0218046940863] [0.100832693279]
0.06416266690939999 [0.0243576150388] [0.10396771878]
0.06768602412204999 [0.0276907514781] [0.107681296766]
0.0703521091493 [0.0311264805496] [0.109577737749]
0.0721992794426 [0.0338232256472] [0.110575333238]
0.0722442753613 [0.0348693206906] [0.109619230032]
0.06985970027745 [0.0338702537119] [0.105849146843]
0.0669323317707 [0.0329478383064] [0.100916825235]
0.06354829482735 [0.0318771786988] [0.0952194109559]
0.06030721031125 [0.0305737368762] [0.0900406837463]
0.057348496280649995 [0.0293396469206] [0.0853573456407]
0.054768000729399996 [0.0287197921425] [0.0808162093163]
0.0519637428224 [0.0296860709786] [0.0742414146662]
