0.04491029493515 [0.0345564335585] [0.0552641563118]
0.0387181043625 [0.0345859900117] [0.0428502187133]
0.0358540583402 [0.036644089967] [0.0350640267134]
0.03622159454975 [0.0418761558831] [0.0305670332164]
0.03923450689765 [0.0503012351692] [0.0281677786261]
0.0439714444801 [0.0608769841492] [0.027065904811]
0.04971363488585 [0.0726380050182] [0.0267892647535]
0.054092778824249996 [0.0816461443901] [0.0265394132584]
0.05643927678465 [0.0866517275572] [0.0262268260121]
0.057072537019849996 [0.0882778689265] [0.0258672051132]
0.056974093429749996 [0.0883633568883] [0.0255848299712]
0.05689141340555 [0.0881755873561] [0.025607239455]
0.0564288971946 [0.086718313396] [0.0261394809932]
0.0550214331597 [0.0824256911874] [0.027617175132]
0.052781120874 [0.0751465111971] [0.0304157305509]
0.0501679275185 [0.0656775906682] [0.0346582643688]
0.04786127246915 [0.0563585162163] [0.039364028722]
0.045573676004999994 [0.0481906533241] [0.0429566986859]
0.04232075996695 [0.0410629622638] [0.0435785576701]
0.0374241732061 [0.0344705656171] [0.0403777807951]
0.03151702415195 [0.0283686574548] [0.0346653908491]
0.0261633247137 [0.0233532115817] [0.0289734378457]
0.0222460851073 [0.0200344212353] [0.0244577489793]
0.02001060266045 [0.0182992517948] [0.0217219535261]
0.0189220933244 [0.0174767877907] [0.0203673988581]
0.018393239006399997 [0.0169591009617] [0.0198273770511]
0.0180912492797 [0.0165827274323] [0.0195997711271]
0.01805412583055 [0.0165548529476] [0.0195533987135]
0.01829249318685 [0.0171765927225] [0.0194083936512]
0.019076244905599997 [0.0189516153187] [0.0192008744925]
0.02051109448075 [0.0220218133181] [0.0190003756434]
0.022543738596100003 [0.0260206609964] [0.0190668161958]
0.025425014086099998 [0.030996888876] [0.0198531392962]
0.02846691571175 [0.0358072519302] [0.0211265794933]
0.03081044461575 [0.0388713739812] [0.0227495152503]
0.03347357548775 [0.0421876348555] [0.02475951612]
0.03664158377795 [0.04622605443] [0.0270571131259]
0.03996224049475 [0.0508419014513] [0.0290825795382]
0.04260126594455 [0.0552611090243] [0.0299414228648]
0.0438413126394 [0.0583214610815] [0.0293611641973]
0.04376797098665 [0.0595107227564] [0.0280252192169]
0.04304660111665 [0.059296362102] [0.0267968401313]
0.0421144841239 [0.0582137927413] [0.0260151755065]
0.041261668317 [0.0567879043519] [0.0257354322821]
0.0399164268747 [0.0542972944677] [0.0255355592817]
0.03870303649455 [0.0522750839591] [0.02513098903]
0.03668373823165 [0.0493790060282] [0.0239884704351]
0.03423492144795 [0.0459283590317] [0.0225414838642]
0.031459371559299995 [0.041855674237] [0.0210630688816]
0.02864632103595 [0.0375081598759] [0.019784482196]
0.0282613327727 [0.0375081598759] [0.0190145056695]
0.02808602899315 [0.0375081598759] [0.0186638981104]
0.0280701098964 [0.0375081598759] [0.0186320599169]
0.02824628632515 [0.0375081598759] [0.0189844127744]
0.02860830910505 [0.0375081598759] [0.0197084583342]
0.0290542813018 [0.0375081598759] [0.0206004027277]
0.02950208820405 [0.0375081598759] [0.0214960165322]
0.0298499185592 [0.0375081598759] [0.0221916772425]
0.03010596334935 [0.0375081598759] [0.0227037668228]
0.03000412881375 [0.0367639139295] [0.023244343698]
0.02953174617145 [0.0350697897375] [0.0239937026054]
0.0300013823435 [0.0348382815719] [0.0251644831151]
0.0315622696653 [0.0366655252874] [0.0264590140432]
0.036621474660950004 [0.0452376641333] [0.0280052851886]
0.060128902085149996 [0.0898090153933] [0.030448788777]
0.052671270445 [0.0705339163542] [0.0348086245358]
0.0503204148263 [0.0581699088216] [0.042470920831]
0.05252998508515 [0.0505521781743] [0.054507791996]
0.0577435940504 [0.0462963879108] [0.06919080019]
0.0638587772846 [0.0443554073572] [0.083362147212]
0.0693860799074 [0.0439527854323] [0.0948193743825]
0.07408854179105 [0.0442515127361] [0.103925570846]
0.07697941362874999 [0.0446332246065] [0.109325602651]
0.0786615405234 [0.0444580502808] [0.112865030766]
0.07775866240245 [0.0433151647449] [0.11220216006]
0.07499331235865 [0.0411139652133] [0.108872659504]
0.07284648902714999 [0.0374159626663] [0.108277015388]
0.07185928337295 [0.0338811613619] [0.109837405384]
0.0715909441931 [0.0309603642672] [0.112221524119]
0.07132037170255 [0.0287756659091] [0.113865077496]
0.06986708287155 [0.0270932782441] [0.112640887499]
0.06817659083735 [0.0263069663197] [0.110046215355]
0.06605617422605 [0.0257437992841] [0.106368549168]
0.06363643147055001 [0.0252559222281] [0.102016940713]
0.06137463077905 [0.0244945585728] [0.0982547029853]
0.0593866528943 [0.0232294965535] [0.0955438092351]
0.05788329057395 [0.0217718817294] [0.0939946994185]
0.056958748027650004 [0.0204480476677] [0.0934694483876]
0.056602552533150004 [0.019548214972] [0.0936568900943]
0.0567625071853 [0.0191343016922] [0.0943907126784]
0.057198281399900006 [0.0192954894155] [0.0951010733843]
0.0572996083647 [0.0201002322137] [0.0944989845157]
0.0551716070622 [0.0201002322137] [0.0902429819107]
0.05245151557025 [0.0201002322137] [0.0848027989268]
0.0501238014549 [0.0201002322137] [0.0801473706961]
0.04875707440075 [0.0201002322137] [0.0774139165878]
0.047990934923249996 [0.0201002322137] [0.0758816376328]
0.0486416462809 [0.0211856104434] [0.0760976821184]
0.0505361910909 [0.0233861468732] [0.0776862353086]
0.051859790459249995 [0.0233861468732] [0.0803334340453]
0.05457553919405 [0.0255375932902] [0.0836134850979]
0.056935782544300005 [0.0271639805287] [0.0867075845599]
0.0581509033218 [0.0279367808253] [0.0883650258183]
0.0573974587023 [0.0276706367731] [0.0871242806315]
0.0550995869562 [0.0267248954624] [0.08347427845]
0.05194371845575001 [0.0255168285221] [0.0783706083894]
0.04876200668515 [0.0242592357099] [0.0732647776604]
0.0462582372129 [0.0230657309294] [0.0694507434964]
0.0448100361973 [0.0220694877207] [0.0675505846739]
0.04495118930935 [0.0220678448677] [0.067834533751]
0.04656696133315 [0.0224224887788] [0.0707114338875]
0.04947400745005 [0.0230052676052] [0.0759427472949]
0.05251362454145 [0.0236202608794] [0.0814069882035]
0.054080029018200006 [0.0240490604192] [0.0841109976172]
0.053763405419900004 [0.0240490604192] [0.0834777504206]
0.05177626479415 [0.0217953864485] [0.0817571431398]
0.05156218726185 [0.0204374287277] [0.082686945796]
0.05277640558775 [0.0194009058177] [0.0861519053578]
0.0546143380925 [0.0188398268074] [0.0903888493776]
0.056889035739 [0.0187535900623] [0.0950244814157]
0.05958668142555 [0.0191895961761] [0.099983766675]
