0.06290339678525 [0.037840090692] [0.0879667028785]
0.06081755273045 [0.0358675308526] [0.0857675746083]
0.05791723169385 [0.0339696519077] [0.08186481148]
0.0544223971665 [0.0322304069996] [0.0766143873334]
0.0499387914315 [0.0310744661838] [0.0688031166792]
0.045524554327149996 [0.0305585861206] [0.0604905225337]
0.041885747574249996 [0.0307348463684] [0.0530366487801]
0.03913064301015 [0.0313669964671] [0.0468942895532]
0.03716410137715 [0.0318510197103] [0.042477183044]
0.03585238382225 [0.0317042395473] [0.0400005280972]
0.0341788735241 [0.0292206630111] [0.0391370840371]
0.032771831378350005 [0.0261177867651] [0.0394258759916]
0.0318182501942 [0.0231801494956] [0.0404563508928]
0.0315817100927 [0.0209288205951] [0.0422345995903]
0.0321608027443 [0.0195066016167] [0.0448150038719]
0.0333313010633 [0.0187918022275] [0.0478707998991]
0.03488813806325 [0.0186133850366] [0.0511628910899]
0.036888824775849996 [0.0187763385475] [0.0550013110042]
0.038326766341949994 [0.0188946798444] [0.0577588528395]
0.0368692846969 [0.0185558218509] [0.0551827475429]
0.03265997208655 [0.0172547884285] [0.0480651557446]
0.02816821681335 [0.0153891155496] [0.0409473180771]
0.02426822902635 [0.0135416695848] [0.0349947884679]
0.0215154378675 [0.0121923265979] [0.0308385491371]
0.01997404545545 [0.0115098040551] [0.0284382868558]
0.01938820723445 [0.0115691646934] [0.0272072497755]
0.01960171433165 [0.0123738469556] [0.0268295817077]
0.020490510389200002 [0.0139944348484] [0.02698658593]
0.0217214319855 [0.0160282570869] [0.0274146068841]
0.022964676842099997 [0.0180011633784] [0.0279281903058]
0.0240087201819 [0.0194902289659] [0.0285272113979]
0.02481842692945 [0.0206014476717] [0.0290354061872]
0.025325597263850003 [0.0213731434196] [0.0292780511081]
0.0257105762139 [0.0220320187509] [0.0293891336769]
0.02635550219565 [0.0228393021971] [0.0298717021942]
0.02801591716705 [0.0244134142995] [0.0316184200346]
0.0315531240776 [0.0273005533963] [0.0358056947589]
0.0372984595597 [0.0318070612848] [0.0427898578346]
0.043595332652349994 [0.0372354499996] [0.0499552153051]
0.04677415080365 [0.041479665786] [0.0520686358213]
0.0445710793138 [0.0423398688436] [0.046802289784]
0.04020856320855 [0.0401366204023] [0.0402805060148]
0.035463552922 [0.0363831408322] [0.0345439650118]
0.0313316071406 [0.0326358787715] [0.0300273355097]
0.027635165490200002 [0.028963888064] [0.0263064429164]
0.0243673399091 [0.0252899900079] [0.0234446898103]
0.0217306064442 [0.0219461768866] [0.0215150360018]
0.01973049435765 [0.0191898290068] [0.0202711597085]
0.0182834053412 [0.0170779339969] [0.0194888766855]
0.01724347658455 [0.0155444201082] [0.0189425330609]
0.016445719637 [0.0144133921713] [0.0184780471027]
0.0158256301656 [0.0135593153536] [0.0180919449776]
0.015429808758199999 [0.0131211932749] [0.0177384242415]
0.0155292241834 [0.0132668772712] [0.0177915710956]
0.016315025743100002 [0.014050767757] [0.0185792837292]
0.0179526382126 [0.0154056334868] [0.0204996429384]
0.0204326445237 [0.0172184817493] [0.0236468072981]
0.0237398445606 [0.0193731803447] [0.0281065087765]
0.027987617999300003 [0.0218971669674] [0.0340780690312]
0.033712545409799996 [0.0253107696772] [0.0421143211424]
0.04199202917515 [0.0300832465291] [0.0539008118212]
0.053885724395500004 [0.0361748561263] [0.0715965926647]
0.0702489949763 [0.0438253283501] [0.0966726616025]
0.0848993100228 [0.0512666776776] [0.118531942368]
0.09019711241145 [0.0580995902419] [0.122294634581]
0.08338261768225 [0.0641593933105] [0.102605842054]
0.0730037726462 [0.0698470175266] [0.0761605277658]
0.06525325775145 [0.0746851339936] [0.0558213815093]
0.0600949879736 [0.0771896466613] [0.0430003292859]
0.0557404067367 [0.0762435868382] [0.0352372266352]
0.0513165285811 [0.0724484547973] [0.0301846023649]
0.047288324683900006 [0.0681252852082] [0.0264513641596]
0.044345759786649994 [0.0650640577078] [0.0236274618655]
0.04322977922855 [0.0646446421742] [0.0218149162829]
0.042903349734800006 [0.0646446421742] [0.0211620572954]
0.0430208686739 [0.0646446421742] [0.0213970951736]
0.04336671438065 [0.0646446421742] [0.0220887865871]
0.0436855163425 [0.0646446421742] [0.0227263905108]
0.0439976584166 [0.0646446421742] [0.023350674659]
0.0442772414535 [0.0646446421742] [0.0239098407328]
0.0447662519291 [0.0646446421742] [0.024887861684]
0.0458689006045 [0.0646446421742] [0.0270931590348]
0.0480583216995 [0.0646446421742] [0.0314720012248]
0.051728604361400005 [0.0646446421742] [0.0388125665486]
0.0566852223128 [0.0646446421742] [0.0487258024514]
0.061951588839250005 [0.0646446421742] [0.0592585355043]
0.0665495879948 [0.0646446421742] [0.0684545338154]
0.0705386139452 [0.0646446421742] [0.0764325857162]
0.0730569045991 [0.0606920681894] [0.0854217410088]
0.07468931190665 [0.0531807057559] [0.0961979180574]
0.0756264813243 [0.0423092246056] [0.108943738043]
0.07661888562125 [0.0331812389195] [0.120056532323]
0.07480432279425 [0.0270329378545] [0.122575707734]
0.07231451757265 [0.0230943597853] [0.12153467536]
0.07188345678165001 [0.0230943597853] [0.120672553778]
0.07045517675565 [0.0230943597853] [0.117815993726]
0.06828626059015 [0.0230943597853] [0.113478161395]
0.06348343752315 [0.0230943597853] [0.103872515261]
0.053692334331550004 [0.0213387850672] [0.0860458835959]
0.043701780959950004 [0.0207100920379] [0.066693469882]
0.036418502219000004 [0.0195076931268] [0.0533293113112]
0.03184676449745 [0.0184285175055] [0.0452650114894]
0.0288524562493 [0.017570367083] [0.0401345454156]
0.0268992893398 [0.016867492348] [0.0369310863316]
0.02596567664295 [0.0166199672967] [0.0353113859892]
0.0261254440993 [0.0173702985048] [0.0348805896938]
0.027395456098000003 [0.019647186622] [0.035143725574]
0.029316361062250003 [0.0230055283755] [0.035627193749]
0.031393209472299996 [0.0267128460109] [0.0360735729337]
0.0313355540857 [0.0262758266181] [0.0363952815533]
0.03115695901215 [0.0257195718586] [0.0365943461657]
0.030867743305900003 [0.0251731667668] [0.036562319845]
0.03050737362355 [0.0248234402388] [0.0361913070083]
0.03075769823045 [0.0261649731547] [0.0353504233062]
0.030929853208349997 [0.0274959858507] [0.034363720566]
0.0314902206883 [0.0288466457278] [0.0341337956488]
0.033213292248550005 [0.0300148930401] [0.036411691457]
0.0378377381712 [0.0308502614498] [0.0448252148926]
0.0484736813232 [0.0311636533588] [0.0657837092876]
0.06663543544695 [0.0306908302009] [0.102580040693]
0.08396142441785001 [0.0294166449457] [0.13850620389]
0.08805457316315 [0.0275245271623] [0.148584619164]
0.08432563394334999 [0.0256874263287] [0.142963841558]
0.07937751989790001 [0.0241783317178] [0.134576708078]
0.07549074012774999 [0.0231005791575] [0.127880901098]
0.0741487871857 [0.0224213413894] [0.125876232982]
0.07476387266045 [0.0217762459069] [0.127751499414]
0.07675236929185 [0.0208678338677] [0.132636904716]
0.07921466417625 [0.0198306031525] [0.1385987252]
0.08063768874865 [0.0189376231283] [0.142337754369]
0.0807611346243 [0.0182400643826] [0.143282204866]
0.07958869542915001 [0.0177984070033] [0.141378983855]
0.0774693107235 [0.017609147355] [0.137329474092]
0.07495034206670001 [0.0176347289234] [0.13226595521]
0.072803081013 [0.017708228901] [0.127897933125]
0.07181963510815001 [0.0178184844553] [0.125820785761]
0.0723973717543 [0.0180603824556] [0.126734361053]
0.07430499978365 [0.0185209549963] [0.130089044571]
0.07666933722774999 [0.0191802717745] [0.134158402681]
0.07832704391325 [0.0199500303715] [0.136704057455]
0.0787946432828 [0.0208819806576] [0.136707305908]
0.0786715010182 [0.0221416223794] [0.135201379657]
0.07921461388475001 [0.0239595249295] [0.13446970284]
0.07975998241455001 [0.0262716952711] [0.133248269558]
0.08103574067375 [0.0288217663765] [0.133249714971]
0.0822516810147 [0.0303264670074] [0.134176895022]
0.08485824428524999 [0.0302668474615] [0.139449641109]
0.0887904940175 [0.029215997085] [0.14836499095]
0.09375829063374999 [0.0277170054615] [0.159799575806]
0.0987017471343 [0.0260051228106] [0.171398371458]
0.10481799207645001 [0.0242520235479] [0.185383960605]
0.10577466432025 [0.0222647655755] [0.189284563065]
0.101055458188 [0.019872635603] [0.182238280773]
0.095140000805 [0.017395760864] [0.172884240746]
0.08890086971245 [0.0154438279569] [0.162357911468]
0.08558324491604999 [0.0143396509811] [0.156826838851]
0.0846579931674 [0.0140397325158] [0.155276253819]
0.08499248232715 [0.0143930148333] [0.155591949821]
0.08575457707035 [0.0151108577847] [0.156398296356]
0.08584273792790001 [0.0157916285098] [0.155893847346]
0.0844779852776 [0.0161602385342] [0.152795732021]
0.08031400665630001 [0.0160138234496] [0.144614189863]
0.07637552870445 [0.0155863752589] [0.13716468215]
0.07265807921085 [0.0151168601587] [0.130199298263]
0.0697042229583 [0.0149193322286] [0.124489113688]
0.06872011488299999 [0.015111762099] [0.122328467667]
0.06890114583075 [0.0159322582185] [0.121870033443]
0.07004840206345 [0.0175253879279] [0.122571416199]
0.07274492643755 [0.0199677012861] [0.125522151589]
0.07726246677330001 [0.0231143049896] [0.131410628557]
0.07977721001935 [0.0257528405637] [0.133801579475]
0.08046953473245 [0.0263432729989] [0.134595796466]
0.0803531464191 [0.0245283655822] [0.136177927256]
0.08120734523975001 [0.0219788160175] [0.140435874462]
0.08195690810705 [0.0201450735331] [0.143768742681]
0.08310265466595 [0.0194733217359] [0.146731987596]
0.08479235693819999 [0.0199637785554] [0.149620935321]
0.08822570089275 [0.0215695966035] [0.154881805182]
0.09311047196405 [0.0242871493101] [0.161933794618]
0.0961691038685 [0.027720445767] [0.16461776197]
0.09844955336305 [0.0311042424291] [0.165794864297]
0.10014867037540001 [0.0337764322758] [0.166520908475]
0.10131399519744999 [0.0356591977179] [0.166968792677]
0.10168903693535 [0.0371263101697] [0.166251763701]
0.1000906899573 [0.0385490357876] [0.161632344127]
0.097127094865 [0.040428057313] [0.153826132417]
0.0932166427376 [0.0428420305252] [0.14359125495]
0.08936055190855001 [0.0447042472661] [0.134016856551]
0.08438299037534999 [0.0441483594477] [0.124617621303]
0.0799176320433 [0.0406152158976] [0.119220048189]
0.0718267522754 [0.0355936735868] [0.108059830964]
0.05906559340655 [0.0310655720532] [0.0870656147599]
