0.028807689435799998 [0.0318079888821] [0.0258073899895]
0.0305489636958 [0.0335282199085] [0.0275697074831]
0.0306310765445 [0.0329772941768] [0.0282848589122]
0.02907760906965 [0.0301757697016] [0.0279794484377]
0.0268815429881 [0.0263886786997] [0.0273744072765]
0.02493392303585 [0.0229966677725] [0.0268711782992]
0.0237516853958 [0.020647784695] [0.0268555860966]
0.023321929387749997 [0.0192854590714] [0.0273583997041]
0.02379334159195 [0.018710102886] [0.0288765802979]
0.025343885645299997 [0.018866237253] [0.0318215340376]
0.02811006084085 [0.0194929838181] [0.0367271378636]
0.03205877542495 [0.0203815996647] [0.0437359511852]
0.036543980240849996 [0.0208467319608] [0.0522412285209]
0.03988072741775 [0.0202065911144] [0.0595548637211]
0.040821678005150006 [0.0186951737851] [0.0629481822252]
0.040121526457349996 [0.0173797998577] [0.062863253057]
0.038473977707350004 [0.0164724532515] [0.0604755021632]
0.03599104098975 [0.0160814002156] [0.0559006817639]
0.0328259412199 [0.0161219462752] [0.0495299361646]
0.02932549174875 [0.0164245460182] [0.0422264374793]
0.02624605502935 [0.0168816205114] [0.0356104895473]
0.0244579333812 [0.0176661480218] [0.0312497187406]
0.023654575459650003 [0.018634468317] [0.0286746826023]
0.023489019833499998 [0.0197345241904] [0.0272435154766]
0.02353136334565 [0.0206935983151] [0.0263691283762]
0.02361825015395 [0.0214662346989] [0.025770265609]
0.02378254756335 [0.0221474580467] [0.02541763708]
0.02410908509045 [0.0229684561491] [0.0252497140318]
0.0248226877302 [0.0243027545512] [0.0253426209092]
0.02611712086945 [0.0265805553645] [0.0256536863744]
0.02795363310725 [0.0299038235098] [0.0260034427047]
0.0302603235468 [0.0339500121772] [0.0265706349164]
0.032712686806899996 [0.0374509356916] [0.0279744379222]
0.03604528866705 [0.04078207165] [0.0313085056841]
0.04192467592655 [0.0457440279424] [0.0381053239107]
0.048847196623700004 [0.0468083843589] [0.0508860088885]
0.06371374987065 [0.0544773675501] [0.0729501321912]
0.07993157207965 [0.0614580661058] [0.0984050780535]
0.07924804277715 [0.0601189471781] [0.0983771383762]
0.062285227701049994 [0.0508348383009] [0.0737356171012]
0.046477323398 [0.0400932058692] [0.0528614409268]
0.0357398260385 [0.0318639352918] [0.0396157167852]
0.029233974404600002 [0.0264664981514] [0.0320014506578]
0.0252898130566 [0.0231065936387] [0.0274730324745]
0.0229771388695 [0.0211375690997] [0.0248167086393]
0.021773875691 [0.0200543235987] [0.0234934277833]
0.0212584817782 [0.0194234885275] [0.0230934750289]
0.021082649938750003 [0.0189707111567] [0.0231945887208]
0.020801790989949998 [0.018435286358] [0.0231682956219]
0.020422752946600002 [0.0179265588522] [0.022918947041]
0.0199711928144 [0.0175090860575] [0.0224332995713]
0.01964734308425 [0.017214557156] [0.0220801290125]
0.01936925854535 [0.0168368816376] [0.0219016354531]
0.019210645929 [0.0164818335325] [0.0219394583255]
0.019347228109849998 [0.0163610838354] [0.0223333723843]
0.02008714992555 [0.0167681146413] [0.0234061852098]
0.0218465672806 [0.0180983636528] [0.0255947709084]
0.024929523468000002 [0.0205542370677] [0.0293048098683]
0.0289388215169 [0.0237168539315] [0.0341607891023]
0.03309336584065 [0.0270107518882] [0.0391759797931]
0.03612441103905 [0.0298383552581] [0.04241046682]
0.037379929795900005 [0.0322554893792] [0.0425043702126]
0.037083465605949995 [0.0348378308117] [0.0393291004002]
0.0366407558322 [0.038144428283] [0.0351370833814]
0.03721483424305 [0.0422417074442] [0.0321879610419]
0.0386754507199 [0.0472752302885] [0.0300756711513]
0.041304348968000004 [0.053564529866] [0.02904416807]
0.04494767077265 [0.060872066766] [0.0290232747793]
0.048478561453500005 [0.0675443485379] [0.0294127743691]
0.051428532227849995 [0.0732060074806] [0.0296510569751]
0.05315212719145 [0.076522782445] [0.0297814719379]
0.05375365912915 [0.0770603194833] [0.030446998775]
0.053220119327350005 [0.0748012810946] [0.0316389575601]
0.052343053743250004 [0.0713471546769] [0.0333389528096]
0.0508074983954 [0.0664897114038] [0.035125285387]
0.0485048703849 [0.0601909384131] [0.0368188023567]
0.04590634815395 [0.0528973452747] [0.0389153510332]
0.0439297873527 [0.0455997474492] [0.0422598272562]
0.0435594320297 [0.0393089018762] [0.0478099621832]
0.04643307998775 [0.0347111560404] [0.0581550039351]
0.05350008048115 [0.031713437289] [0.0752867236733]
0.06358473654835001 [0.0297350715846] [0.0974344015121]
0.070748774335 [0.028800893575] [0.112696655095]
0.0751738715918 [0.0283344872296] [0.122013255954]
0.07725638430585 [0.0278921034187] [0.126620665193]
0.07814390212285 [0.0270163863897] [0.129271417856]
0.07797788269835 [0.0253636725247] [0.130592092872]
0.07702326960875 [0.0231255330145] [0.130921006203]
0.0756458174439 [0.0205979458988] [0.130693688989]
0.0750222885983 [0.0183954108506] [0.131649166346]
0.0744435358794 [0.0167695768178] [0.132117494941]
0.07088185008615 [0.0159032475203] [0.125860452652]
0.0649811569601 [0.0157081447542] [0.114254169166]
0.060420774854899995 [0.0160841811448] [0.104757368565]
0.0579545153305 [0.0168404411525] [0.0990685895085]
0.058836967684350004 [0.0178681854159] [0.0998057499528]
0.06097757816305 [0.0189645886421] [0.102990567684]
0.0603490285574 [0.0198542699218] [0.100843787193]
0.06114241946475 [0.0204274673015] [0.101857371628]
0.06206476408975 [0.0208107773215] [0.103318750858]
0.0620955694465 [0.021379109472] [0.102812029421]
0.061284202150849995 [0.0225079711527] [0.100060433149]
0.06019581947475 [0.0243350286037] [0.0960566103458]
0.058902585878949996 [0.0266728065908] [0.0911323651671]
0.05756067484615 [0.0289878621697] [0.0861334875226]
0.05674412008375 [0.0310015957803] [0.0824866443872]
0.055750265717500004 [0.0330821275711] [0.0784184038639]
0.05398482084275 [0.035361006856] [0.0726086348295]
0.05296700075265 [0.0379588603973] [0.067975141108]
0.04882509075105 [0.0333503223956] [0.0642998591065]
0.04534240718935 [0.0303571801633] [0.0603276342154]
0.04213872458785 [0.0285581368953] [0.0557193122804]
0.03942973446105 [0.0276165362448] [0.0512429326773]
0.037534788250949996 [0.0267840176821] [0.0482855588198]
0.037437800318 [0.0261415280402] [0.0487340725958]
0.0407900335267 [0.028253307566] [0.0533267594874]
0.04501968063415 [0.0313742272556] [0.0586651340127]
0.04979212023315 [0.0346785895526] [0.0649056509137]
0.05327200517055 [0.0368642657995] [0.0696797445416]
0.0553414262831 [0.0374993160367] [0.0731835365295]
0.0559276062995 [0.0365007929504] [0.0753544196486]
0.056245014071449995 [0.0352703183889] [0.077219709754]
0.0570028014481 [0.0344294011593] [0.0795762017369]
0.058288248255849995 [0.0341739244759] [0.0824025720358]
0.06203808821735 [0.0374683253467] [0.086607851088]
0.06681895069775 [0.0411149449646] [0.0925229564309]
0.07117784023285001 [0.0439682975411] [0.0983873829246]
0.07261116802705 [0.0450057759881] [0.100216560066]
0.0714666862041 [0.0441286824644] [0.0988046899438]
0.0698202420026 [0.0427013151348] [0.0969391688704]
0.06701441295445 [0.0396595187485] [0.0943693071604]
0.06291852891445 [0.0358618199825] [0.0899752378464]
0.058378709480150004 [0.0320235453546] [0.0847338736057]
0.0541882393882 [0.0290020760149] [0.0793744027615]
0.0520330555737 [0.027563996613] [0.0765021145344]
0.05253633018585 [0.0277297925204] [0.0773428678513]
0.05506008770315 [0.0288628619164] [0.0812573134899]
0.0576882408932 [0.0302584562451] [0.0851180255413]
0.060458321124299996 [0.0312941148877] [0.0896225273609]
0.0630966210738 [0.031092973426] [0.0951002687216]
0.06478341761975 [0.0301904398948] [0.0993763953447]
0.0661185989154 [0.0295193586498] [0.102717839181]
0.0683995205911 [0.0290611423552] [0.107737898827]
0.0730524975804 [0.0292815379798] [0.116823457181]
0.08019138686385 [0.0305998437107] [0.129782930017]
0.08893009088935 [0.0331351719797] [0.144725009799]
0.0937641430646 [0.0363074280322] [0.151220858097]
0.0974199511111 [0.0397623553872] [0.155077546835]
0.10070879012355 [0.0426010191441] [0.158816561103]
