0.02757963445035 [0.0250869039446] [0.0300723649561]
0.0272003840655 [0.0243113543838] [0.0300894137472]
0.02708383183925 [0.0237832777202] [0.0303843859583]
0.027110295370200002 [0.0232652649283] [0.0309553258121]
0.027224939316549998 [0.0228247866035] [0.0316250920296]
0.02752310223875 [0.022560916841] [0.0324852876365]
0.0282821841538 [0.0224629119039] [0.0341014564037]
0.0296813827008 [0.022621512413] [0.0367412529886]
0.0314071858302 [0.0228323917836] [0.0399819798768]
0.03332494106145 [0.0229038689286] [0.0437460131943]
0.0353966904804 [0.0229260865599] [0.0478672944009]
0.03748885728415 [0.0225686728954] [0.0524090416729]
0.0395676223561 [0.0216513182968] [0.0574839264154]
0.0425630165264 [0.0216513182968] [0.063474714756]
0.046317993663250005 [0.0216513182968] [0.0709846690297]
0.050642664544300005 [0.0216513182968] [0.0796340107918]
0.05433113034815 [0.0216513182968] [0.0870109423995]
0.053499783389300004 [0.0216513182968] [0.0853482484818]
0.0467066941783 [0.0216513182968] [0.0717620700598]
0.03801507409665 [0.0216513182968] [0.0543788298965]
0.0311252353713 [0.0216513182968] [0.0405991524458]
0.026574849151099998 [0.0216513182968] [0.0314983800054]
0.0238188635558 [0.0216513182968] [0.0259864088148]
0.019091416150350003 [0.01563908346] [0.0225437488407]
0.0185112999752 [0.0165492091328] [0.0204733908176]
0.01849347725515 [0.01769464463] [0.0192923098803]
0.018695961683949998 [0.0187083985656] [0.0186835248023]
0.01899968646465 [0.0195224918425] [0.0184768810868]
0.019329548813400002 [0.0201705805957] [0.0184885170311]
0.0204189447686 [0.0222668349743] [0.0185710545629]
0.02086003310975 [0.0231031812727] [0.0186168849468]
0.021276544779550002 [0.0239107757807] [0.0186423137784]
0.02155921235685 [0.0244517307729] [0.0186666939408]
0.02170076966285 [0.0245429556817] [0.018858583644]
0.021997289732100002 [0.0245429556817] [0.0194516237825]
0.0224816258997 [0.0245429556817] [0.0204202961177]
0.0251135416329 [0.0286062266678] [0.021620856598]
0.028272330760950003 [0.0343760922551] [0.0221685692668]
0.03162749763575 [0.041397832334] [0.0218571629375]
0.03356051351875 [0.0458960160613] [0.0212250109762]
0.0335092274472 [0.0463378056884] [0.020680649206]
0.03246211260555 [0.0446447320282] [0.0202794931829]
0.0311703728512 [0.042598515749] [0.0197422299534]
0.02986652217805 [0.0407634526491] [0.018969591707]
0.028229890391200003 [0.0383932292461] [0.0180665515363]
0.02789873164145 [0.0383932292461] [0.0174042340368]
0.02784939389675 [0.0383932292461] [0.0173055585474]
0.0281737372279 [0.0383932292461] [0.0179542452097]
0.028902773745350004 [0.0383932292461] [0.0194123182446]
0.02648755721745 [0.0311381779611] [0.0218369364738]
0.0282614417374 [0.0305274929851] [0.0259953904897]
0.031020782887950002 [0.0291661210358] [0.0328754447401]
0.0357929430902 [0.0274008028209] [0.0441850833595]
0.043910836800949996 [0.0257449857891] [0.0620766878128]
0.05601360462605 [0.024521086365] [0.0875061228871]
0.07045942079275 [0.0238787364215] [0.117040105164]
0.08191376086350001 [0.023742152378] [0.140085369349]
0.08945317193865 [0.0240050777793] [0.154901266098]
0.09442779514954999 [0.0245234686881] [0.164332121611]
0.09775916766380001 [0.0253299530596] [0.170188382268]
0.1001525176688 [0.0264483299106] [0.173856705427]
0.10120969638235 [0.0275888368487] [0.174830555916]
0.10021497495460001 [0.0291672684252] [0.171262681484]
0.09726081509125001 [0.0309369359165] [0.163584694266]
0.09435850568115 [0.0326345153153] [0.156082496047]
0.0887214262039 [0.0340762026608] [0.143366649747]
0.0849872287363 [0.0356911979616] [0.134283259511]
0.0835539549587 [0.0381714850664] [0.128936424851]
0.08364805392925 [0.0417807511985] [0.12551535666]
0.0851512905211 [0.0461969263852] [0.124105654657]
0.0872282274066 [0.0508360862732] [0.12362036854]
0.0890984553842 [0.0548777617514] [0.123319149017]
0.0901336371898 [0.0580200627446] [0.122247211635]
0.0895868688823 [0.0597961097956] [0.119377627969]
0.08848377317185 [0.0606267675757] [0.116340778768]
0.08695147559065 [0.0603059977293] [0.113596953452]
0.08499731682225 [0.0578954182565] [0.112099215388]
0.08274971321225 [0.0526904687285] [0.112808957696]
0.0809242632241 [0.0459992401302] [0.115849286318]
0.0802711900321 [0.0399922393262] [0.120550140738]
0.0816827639937 [0.0355961322784] [0.127769395709]
0.08535802736874999 [0.0329397544265] [0.137776300311]
0.0903883483263 [0.0316824279726] [0.14909426868]
0.09533847589040001 [0.0310786757618] [0.159598276019]
0.09815062955035 [0.0306761339307] [0.16562512517]
0.09997307881695 [0.0303579643369] [0.169588193297]
0.10180814284815001 [0.0301621500403] [0.173454135656]
0.1020415369421 [0.0300201363862] [0.174062937498]
0.1008832743391 [0.0298091750592] [0.171957373619]
0.09928855579335 [0.0293139573187] [0.169263154268]
0.09615756105635001 [0.0284207817167] [0.163894340396]
0.09164038207389999 [0.0275399517268] [0.155740812421]
0.08942878153195 [0.0271266531199] [0.151730909944]
0.0882865218448 [0.0273591633886] [0.149213880301]
0.0876814322544 [0.0279638264328] [0.147399038076]
0.08656115271175 [0.0283429808915] [0.144779324532]
0.0846260217948 [0.0281205233186] [0.141131520271]
0.08232076745465 [0.0272678043693] [0.13737373054]
0.08009378146385 [0.0264313276857] [0.133756235242]
0.0784662673252 [0.0258868355304] [0.13104569912]
0.07845200411964999 [0.0256940685213] [0.131209939718]
0.08020585868485 [0.0256959665567] [0.134715750813]
0.08267640136200001 [0.025797303766] [0.139555498958]
0.0841899756342 [0.0258463807404] [0.142533570528]
0.0854218285533 [0.0257540903986] [0.145089566708]
0.08551024086755 [0.0254324860871] [0.145587995648]
0.08289141114795 [0.0250035207719] [0.140779301524]
0.08109282981585 [0.0249453093857] [0.137240350246]
0.0804083570836 [0.0254192054272] [0.13539750874]
0.07961908914135 [0.0262253321707] [0.133012846112]
0.0788911292331 [0.0274262595922] [0.130355998874]
0.07845514733355 [0.0291198436171] [0.12779045105]
0.07847648393365 [0.0311808940023] [0.125772073865]
0.07882237993175001 [0.0332017578185] [0.124443002045]
0.0790097378193 [0.0345587581396] [0.123460717499]
0.07845464907565 [0.0349538065493] [0.121955491602]
0.07686967216425 [0.0344988666475] [0.119240477681]
0.07474354468274999 [0.0334250070155] [0.11606208235]
0.07310516387215 [0.0322567224503] [0.113953605294]
0.0727297700941 [0.0311626642942] [0.114296875894]
0.073053866625 [0.03006747365] [0.1160402596]
0.0739371245725 [0.028628392145] [0.119245857]
0.07502941414695 [0.0269032567739] [0.12315557152]
0.07793156709509999 [0.0253442060202] [0.13051892817]
0.0823182249444 [0.0242231804878] [0.140413269401]
0.08641601260765 [0.0237259101123] [0.149106115103]
0.0886006802323 [0.0236392617226] [0.153562098742]
0.08975649718180001 [0.0239965934306] [0.155516400933]
0.09053699299705 [0.0243967399001] [0.156677246094]
0.0912648253142 [0.0246813967824] [0.157848253846]
0.0921467142181 [0.0248161945492] [0.159477233887]
0.09307697508490001 [0.0247880984098] [0.16136585176]
0.0941940508785 [0.024872250855] [0.163515850902]
0.0953690847382 [0.0252303313464] [0.16550783813]
0.09677408821885 [0.0262135006487] [0.167334675789]
0.09862779173985001 [0.0283369589597] [0.16891862452]
0.1016347184778 [0.0323058366776] [0.170963600278]
0.1056435517967 [0.0388357266784] [0.172451376915]
0.11288999766095 [0.0478937029839] [0.177886292338]
0.11987852677685 [0.0576218292117] [0.182135224342]
0.122175119817 [0.064534753561] [0.179815486073]
0.12029653042550001 [0.067014336586] [0.173578724265]
0.11580717936165 [0.0659363493323] [0.165678009391]
0.11025461927065 [0.0632312968373] [0.157277941704]
0.10469048284015 [0.0599139742553] [0.149466991425]
0.100418375805 [0.056346539408] [0.144490212202]
0.09741570241724999 [0.0534634031355] [0.141368001699]
0.0965302139521 [0.0515250563622] [0.141535371542]
0.09722360782344999 [0.0504457019269] [0.14400151372]
0.0985110960903 [0.0498254075646] [0.147196784616]
0.1000426169483 [0.0491597019136] [0.150925531983]
