0.06835580430919999 [0.0244124121964] [0.112299196422]
0.06969928462085 [0.0253093708307] [0.114089198411]
0.07160558085875 [0.0260639395565] [0.117147222161]
0.07451122812925 [0.0282925106585] [0.1207299456]
0.07619732338945 [0.0304511878639] [0.121943458915]
0.07723811268825 [0.0321452096105] [0.122331015766]
0.07823355495914999 [0.0334410071373] [0.123026102781]
0.08111260831355001 [0.0353447496891] [0.126880466938]
0.0878905821592 [0.0383764095604] [0.137404754758]
0.0956481099128 [0.0401191711426] [0.151177048683]
0.0995893292127 [0.0370328202844] [0.162145838141]
0.0947276875378 [0.0320957154036] [0.157359659672]
0.09274182375515 [0.0282714944333] [0.157212153077]
0.0918024079874 [0.0270132366568] [0.156591579318]
0.0822231639175 [0.02548295632] [0.138963371515]
0.0631896089761 [0.0240483991802] [0.102330818772]
0.0453704642132 [0.0228190813214] [0.067921847105]
0.03422521799805 [0.0217407755554] [0.0467096604407]
0.026271709241 [0.0172116775066] [0.0353317409754]
0.0219939551316 [0.0146087249741] [0.0293791852891]
0.019881606102000002 [0.0132000632584] [0.0265631489456]
0.01899743964895 [0.0125457113609] [0.025449167937]
0.01868517650295 [0.0122028710321] [0.0251674819738]
0.018505075946449998 [0.011925837025] [0.0250843148679]
0.01846310449765 [0.0119523378089] [0.0249738711864]
0.0183701715432 [0.0122690377757] [0.0244713053107]
0.0180330807343 [0.0126242209226] [0.023441940546]
0.01720706140625 [0.0124807255343] [0.0219333972782]
0.0163235408254 [0.0120479138568] [0.020599167794]
0.0156552395783 [0.0113907596096] [0.019919719547]
0.01537397969515 [0.0106233190745] [0.0201246403158]
0.01592593081295 [0.0106233190745] [0.0212285425514]
0.016902144067 [0.0106233190745] [0.0231809690595]
0.018571815919149998 [0.0112313171849] [0.0259123146534]
0.0203311452642 [0.0118485689163] [0.0288137216121]
0.0216928627342 [0.0122079998255] [0.0311777256429]
0.0223345467821 [0.0121740344912] [0.032495059073]
0.02243245998395 [0.0118134403601] [0.0330514796078]
0.0221371054649 [0.0113546028733] [0.0329196080565]
0.021390092093449997 [0.0107064293697] [0.0320737548172]
0.02028193511069 [0.00996626541018] [0.0305976048112]
0.019218613859275 [0.00911047216505] [0.0293267555535]
0.018893150147075 [0.00911047216505] [0.0286758281291]
0.018829355482025002 [0.00911047216505] [0.028548238799]
0.019014210905875 [0.00911047216505] [0.0289179496467]
0.019382874015725 [0.00911047216505] [0.0296552758664]
0.019771701190624998 [0.00911047216505] [0.0304329302162]
0.043443229980749995 [0.0560715906322] [0.0308148693293]
0.0402034642175 [0.0499851964414] [0.0304217319936]
0.03363882564005 [0.0382381752133] [0.0290394760668]
0.0274137929082 [0.0279918778688] [0.0268357079476]
0.02328554354605 [0.0214709639549] [0.0251001231372]
0.0211336109787 [0.0179536808282] [0.0243135411292]
0.020212838426200003 [0.0159644670784] [0.024461209774]
0.020306193269800002 [0.0151034593582] [0.0255089271814]
0.0212967400439 [0.0150849269703] [0.0275085531175]
0.02314872760325 [0.0155960638076] [0.0307013913989]
0.025645320303749997 [0.0162785854191] [0.0350120551884]
0.02779763098805 [0.0170081052929] [0.0385871566832]
0.02883980609475 [0.0172224640846] [0.0404571481049]
0.028846224769950003 [0.0171305425465] [0.0405619069934]
0.028217955492400002 [0.0168776195496] [0.0395582914352]
0.0277844881639 [0.0165922436863] [0.0389767326415]
0.027951230294999997 [0.0163287390023] [0.0395737215877]
0.02837204001845 [0.0162455625832] [0.0404985174537]
0.02912216447295 [0.0165847875178] [0.0416595414281]
0.030160631984500003 [0.0176988244057] [0.0426224395633]
0.0316511923447 [0.020989773795] [0.0423126108944]
0.034560134634349995 [0.0282117053866] [0.0409085638821]
0.040352009236800004 [0.0412832908332] [0.0394207276404]
0.046638231724500004 [0.0554713457823] [0.0378051176667]
