0.03513518720865 [0.0364624410868] [0.0338079333305]
0.036965649575 [0.0377161316574] [0.0362151674926]
0.0383814461529 [0.0384944863617] [0.0382684059441]
0.03937637619675 [0.0391524024308] [0.0396003499627]
0.03929685615005 [0.0387515872717] [0.0398421250284]
0.038199923932550006 [0.0370783098042] [0.0393215380609]
0.036691712215549996 [0.0344498679042] [0.0389335565269]
0.035985974594949996 [0.0320323035121] [0.0399396456778]
0.0376392705366 [0.0312142092735] [0.0440643317997]
0.0430764369667 [0.0328535959125] [0.0532992780209]
0.053292067721500004 [0.0365730933845] [0.0700110420585]
0.06796007603405 [0.0405921489] [0.0953280031681]
0.08210431598135 [0.0426643826067] [0.121544249356]
0.08719464764000001 [0.041923366487] [0.132465928793]
0.08386852033445 [0.0401115007699] [0.127625539899]
0.07886650785785 [0.0386309474707] [0.119102068245]
0.0748101714999 [0.0380156897008] [0.111604653299]
0.0720239542423 [0.0389623492956] [0.105085559189]
0.07051132805645 [0.0412259884179] [0.099796667695]
0.07109944708645 [0.0443850196898] [0.0978138744831]
0.0734314695001 [0.0476053953171] [0.0992575436831]
0.07705855928345 [0.0512404255569] [0.10287669301]
0.08169117011145 [0.0557848550379] [0.107597485185]
0.08638246916245 [0.0605786852539] [0.112186253071]
0.09097296372075 [0.0658213198185] [0.116124607623]
0.0944082438946 [0.0696111992002] [0.119205288589]
0.0971015915276 [0.0720596387982] [0.122143544257]
0.1003751941026 [0.0745823010802] [0.126168087125]
0.10495181754230001 [0.0777874067426] [0.132116228342]
0.1119897179306 [0.0816697701812] [0.14230966568]
0.1206646934152 [0.0854632109404] [0.15586617589]
0.12877955287675 [0.0876505970955] [0.169908508658]
0.1349781565367 [0.0874174907804] [0.182538822293]
0.1377561800183 [0.0847105160356] [0.190801844001]
0.13763180747644999 [0.0802983567119] [0.194965258241]
0.1338005103169 [0.0751647427678] [0.192436277866]
0.12766257673515 [0.0698271095753] [0.185498043895]
0.12079885229484999 [0.0641969814897] [0.1774007231]
0.1142640002072 [0.0588310435414] [0.169696956873]
0.10966190882014999 [0.0574410893023] [0.161882728338]
0.10841050930305 [0.0615707524121] [0.155250266194]
0.10818965733075 [0.0673260986805] [0.149053215981]
0.10422831401249999 [0.065970428288] [0.142486199737]
0.0964415743947 [0.0615805089474] [0.131302639842]
0.08583919703955 [0.0566176176071] [0.115060776472]
0.0742393024266 [0.0518702492118] [0.0966083556414]
0.06361938640475 [0.0482523441315] [0.078986428678]
0.05688817054035 [0.0468349084258] [0.0669414326549]
0.053723841905550004 [0.0466387122869] [0.0608089715242]
0.05308333784345 [0.0476716347039] [0.058495040983]
0.053979344666000004 [0.0497656986117] [0.0581929907203]
0.0560265276581 [0.0526503138244] [0.0594027414918]
0.0590162537992 [0.0561689063907] [0.0618636012077]
0.06237688846890001 [0.0595042817295] [0.0652494952083]
0.06523756310345 [0.061444580555] [0.0690305456519]
0.06673528254029999 [0.0612991899252] [0.0721713751554]
0.0667324475944 [0.0586182326078] [0.074846662581]
0.06561244279145 [0.0539834946394] [0.0772413909435]
0.06439673155545 [0.0488169044256] [0.0799765586853]
0.0640954207629 [0.0443984679878] [0.083792373538]
0.065253958106 [0.0412630885839] [0.0892448276281]
0.06775018200275 [0.039207868278] [0.0962924957275]
0.07117994502165 [0.0380003601313] [0.104359529912]
0.0761594064535 [0.037034727633] [0.115284085274]
0.084297258407 [0.036009721458] [0.132584795356]
0.09277375228725 [0.0346511639655] [0.150896340609]
0.09558048285535 [0.0326515622437] [0.158509403467]
0.08624353539215 [0.0298477765173] [0.142639294267]
0.07579374685895 [0.0268371552229] [0.124750338495]
0.0671417163687 [0.0245473925024] [0.109736040235]
0.060854899697 [0.0234240274876] [0.0982857719064]
0.056943306699399995 [0.0235789380968] [0.090307675302]
0.05547195486725 [0.0251393429935] [0.085804566741]
0.0558963147923 [0.0284696947783] [0.0833229348063]
0.05736375413835 [0.0335931070149] [0.0811344012618]
0.059382442384949996 [0.0399512499571] [0.0788136348128]
0.061378762126000005 [0.0460398793221] [0.0767176449299]
0.063044866547 [0.050531771034] [0.07555796206]
0.0647629890591 [0.0538991577923] [0.0756268203259]
0.06725137494505 [0.0570022650063] [0.0775004848838]
0.07075035199525001 [0.0603200644255] [0.081180639565]
0.07576489821075 [0.0644161552191] [0.0871136412024]
0.08286311104895 [0.0696773603559] [0.096048861742]
0.09235038980845 [0.0763396993279] [0.108361080289]
0.1041377782823 [0.0839543417096] [0.124321214855]
0.1172632724048 [0.0908236056566] [0.143702939153]
0.12787257134915 [0.0939066261053] [0.161838516593]
0.1369516365228 [0.0946788713336] [0.179224401712]
0.1452582702043 [0.0940484553576] [0.196468085051]
0.1526414789258 [0.0911796465516] [0.2141033113]
0.158274460584 [0.086248524487] [0.230300396681]
0.16043058410295 [0.0779625251889] [0.242898643017]
0.1581997983156 [0.0679452940822] [0.248454302549]
0.1545572560282 [0.0589449964464] [0.25016951561]
0.15242509357615 [0.0567723177373] [0.248077869415]
0.14786341600145 [0.0545164011419] [0.241210430861]
