nan [0.226950928569] [nan]
nan [0.226950928569] [nan]
nan [0.226950928569] [nan]
nan [0.226950928569] [nan]
nan [0.226950928569] [nan]
nan [0.226950928569] [nan]
nan [0.226950928569] [nan]
nan [0.226950928569] [nan]
nan [0.226950928569] [nan]
nan [0.226950928569] [nan]
nan [0.226950928569] [nan]
nan [0.226950928569] [nan]
nan [0.226950928569] [nan]
nan [0.226950928569] [nan]
nan [0.35947856307] [nan]
nan [0.340675145388] [nan]
nan [0.318795531988] [nan]
nan [0.298833161592] [nan]
nan [0.285200983286] [nan]
nan [0.279596090317] [nan]
nan [0.280253171921] [nan]
nan [0.284133464098] [nan]
nan [0.288719177246] [nan]
nan [0.292294949293] [nan]
nan [0.294020026922] [nan]
nan [0.294230163097] [nan]
nan [0.291193753481] [nan]
nan [0.288470238447] [nan]
nan [0.291024684906] [nan]
nan [0.296675264835] [nan]
nan [0.305546611547] [nan]
nan [0.316943943501] [nan]
nan [0.328016370535] [nan]
nan [0.336366772652] [nan]
nan [0.340831428766] [nan]
nan [0.341631531715] [nan]
nan [0.3407779634] [nan]
nan [0.340024709702] [nan]
nan [0.3397757411] [nan]
nan [0.339919775724] [nan]
nan [0.337458968163] [nan]
nan [0.325206369162] [nan]
nan [0.303066581488] [nan]
nan [0.279253602028] [nan]
nan [0.261594742537] [nan]
nan [0.249887123704] [nan]
nan [0.243138104677] [nan]
nan [0.239392846823] [nan]
nan [0.236438199878] [nan]
nan [0.233046457171] [nan]
nan [0.228810578585] [nan]
nan [0.22292612493] [nan]
nan [0.211884096265] [nan]
nan [0.19354327023] [nan]
nan [0.18825404346] [nan]
nan [0.184055879712] [nan]
nan [0.181908816099] [nan]
nan [0.181729391217] [nan]
nan [0.182936176658] [nan]
nan [0.183113530278] [nan]
nan [0.180517941713] [nan]
nan [0.176647007465] [nan]
nan [0.173607110977] [nan]
nan [0.172130167484] [nan]
nan [0.169646114111] [nan]
nan [0.169646114111] [nan]
nan [0.169646114111] [nan]
nan [0.169646114111] [nan]
nan [0.169646114111] [nan]
nan [0.169646114111] [nan]
