nan [0.255736500025] [nan]
nan [0.262792080641] [nan]
nan [0.26964494586] [nan]
nan [0.276203930378] [nan]
nan [0.281036317348] [nan]
nan [0.284901797771] [nan]
nan [0.290085047483] [nan]
nan [0.297127723694] [nan]
nan [0.306297898293] [nan]
nan [0.318059951067] [nan]
nan [0.329180747271] [nan]
nan [0.33729121089] [nan]
nan [0.342497676611] [nan]
nan [0.344701379538] [nan]
nan [0.346028089523] [nan]
nan [0.347671419382] [nan]
nan [0.34913611412] [nan]
nan [0.347432941198] [nan]
nan [0.339612871408] [nan]
nan [0.329754680395] [nan]
nan [0.319099456072] [nan]
nan [0.309784412384] [nan]
nan [0.302547603846] [nan]
nan [0.297093510628] [nan]
nan [0.2914018929] [nan]
nan [0.283630609512] [nan]
nan [0.271003723145] [nan]
nan [0.259236991405] [nan]
nan [0.251606971025] [nan]
nan [0.245699703693] [nan]
nan [0.241626575589] [nan]
nan [0.239195421338] [nan]
nan [0.23836953938] [nan]
nan [0.238872557878] [nan]
nan [0.237678766251] [nan]
nan [0.23496837914] [nan]
nan [0.230869591236] [nan]
nan [0.228590965271] [nan]
nan [0.229706555605] [nan]
nan [0.23573577404] [nan]
nan [0.244398295879] [nan]
nan [0.252019286156] [nan]
nan [0.258422613144] [nan]
nan [0.262227922678] [nan]
nan [0.259707629681] [nan]
nan [0.255261480808] [nan]
nan [0.250285476446] [nan]
nan [0.245565831661] [nan]
nan [0.24223870039] [nan]
nan [0.237776398659] [nan]
nan [0.232495322824] [nan]
nan [0.229648306966] [nan]
nan [0.231695815921] [nan]
nan [0.233843654394] [nan]
nan [0.232684537768] [nan]
nan [0.229735046625] [nan]
nan [0.226387560368] [nan]
nan [0.223090857267] [nan]
nan [0.21875333786] [nan]
nan [0.215466409922] [nan]
nan [0.213516175747] [nan]
nan [0.215202182531] [nan]
nan [0.222197279334] [nan]
nan [0.229592353106] [nan]
nan [0.23444442451] [nan]
nan [0.235565841198] [nan]
nan [0.234825074673] [nan]
nan [0.238760426641] [nan]
nan [0.248699560761] [nan]
nan [0.25704267621] [nan]
nan [0.253106296062] [nan]
nan [0.240801423788] [nan]
nan [0.229290470481] [nan]
nan [0.220377445221] [nan]
nan [0.214099884033] [nan]
nan [0.2107488662] [nan]
nan [0.210019007325] [nan]
nan [0.211103841662] [nan]
nan [0.211397826672] [nan]
nan [0.212338984013] [nan]
nan [0.213371023536] [nan]
nan [0.213482499123] [nan]
nan [0.212270721793] [nan]
nan [0.210492521524] [nan]
nan [0.209905609488] [nan]
nan [0.213495105505] [nan]
nan [0.221367403865] [nan]
nan [0.232479408383] [nan]
nan [0.245083585382] [nan]
nan [0.254089593887] [nan]
nan [0.25537315011] [nan]
nan [0.251558721066] [nan]
nan [0.241838604212] [nan]
nan [0.231430575252] [nan]
nan [0.222986415029] [nan]
nan [0.212881371379] [nan]
nan [0.205155685544] [nan]
nan [0.198557466269] [nan]
nan [0.191922187805] [nan]
nan [0.185483261943] [nan]
nan [0.180464535952] [nan]
nan [0.178037792444] [nan]
nan [0.178311094642] [nan]
nan [0.181116402149] [nan]
nan [0.185705244541] [nan]
nan [0.191659554839] [nan]
nan [0.197349473834] [nan]
nan [0.200488463044] [nan]
nan [0.201290652156] [nan]
nan [0.200744956732] [nan]
nan [0.203443542123] [nan]
nan [0.214599043131] [nan]
nan [0.224972784519] [nan]
nan [0.23407164216] [nan]
nan [0.240470334888] [nan]
nan [0.245400771499] [nan]
nan [0.249599814415] [nan]
nan [0.254010647535] [nan]
nan [0.257992237806] [nan]
nan [0.260353803635] [nan]
nan [0.261032998562] [nan]
nan [0.261473506689] [nan]
nan [0.262233972549] [nan]
