nan [0.275309503078] [nan]
nan [0.275309503078] [nan]
nan [0.275309503078] [nan]
nan [0.275309503078] [nan]
nan [0.275309503078] [nan]
nan [0.275309503078] [nan]
nan [0.275309503078] [nan]
nan [0.275309503078] [nan]
nan [0.275309503078] [nan]
nan [0.275309503078] [nan]
nan [0.275309503078] [nan]
nan [0.275309503078] [nan]
nan [0.275309503078] [nan]
nan [0.275309503078] [nan]
nan [0.275309503078] [nan]
nan [0.275309503078] [nan]
nan [0.275309503078] [nan]
nan [0.275309503078] [nan]
nan [0.275309503078] [nan]
nan [0.275309503078] [nan]
nan [0.275309503078] [nan]
nan [0.275309503078] [nan]
nan [0.278641760349] [nan]
nan [0.278628379107] [nan]
nan [0.275617331266] [nan]
nan [0.273920357227] [nan]
nan [0.273345649242] [nan]
nan [0.274784594774] [nan]
nan [0.273738592863] [nan]
nan [0.274574875832] [nan]
nan [0.274574875832] [nan]
nan [0.274574875832] [nan]
nan [0.274574875832] [nan]
nan [0.274574875832] [nan]
nan [0.281596511602] [nan]
nan [0.286965429783] [nan]
nan [0.291655927896] [nan]
nan [0.297565847635] [nan]
nan [0.306020647287] [nan]
nan [0.317038506269] [nan]
nan [0.329660058022] [nan]
nan [0.329660058022] [nan]
nan [0.329660058022] [nan]
nan [0.329660058022] [nan]
nan [0.329660058022] [nan]
nan [0.329660058022] [nan]
nan [0.329660058022] [nan]
nan [0.329660058022] [nan]
nan [0.329660058022] [nan]
nan [0.329660058022] [nan]
nan [0.329660058022] [nan]
nan [0.329660058022] [nan]
nan [0.329660058022] [nan]
nan [0.329660058022] [nan]
nan [0.329660058022] [nan]
nan [0.329660058022] [nan]
nan [0.329660058022] [nan]
nan [0.329660058022] [nan]
nan [0.329660058022] [nan]
nan [0.329660058022] [nan]
nan [0.329660058022] [nan]
nan [0.329660058022] [nan]
nan [0.329660058022] [nan]
nan [0.329660058022] [nan]
nan [0.329660058022] [nan]
nan [0.329660058022] [nan]
nan [0.329660058022] [nan]
nan [0.329660058022] [nan]
nan [0.329660058022] [nan]
nan [0.329660058022] [nan]
nan [0.300567358732] [nan]
nan [0.302803903818] [nan]
nan [0.301256895065] [nan]
nan [0.295300781727] [nan]
nan [0.284670174122] [nan]
nan [0.274434834719] [nan]
nan [0.267295390368] [nan]
nan [0.261406838894] [nan]
nan [0.254557281733] [nan]
nan [0.249399319291] [nan]
nan [0.245827376842] [nan]
nan [0.245758146048] [nan]
nan [0.24860842526] [nan]
nan [0.249739468098] [nan]
nan [0.247335121036] [nan]
nan [0.24257992208] [nan]
nan [0.236750125885] [nan]
nan [0.230718582869] [nan]
nan [0.223067343235] [nan]
nan [0.20733204484] [nan]
nan [0.191624239087] [nan]
nan [0.182518571615] [nan]
nan [0.178276360035] [nan]
nan [0.178405255079] [nan]
nan [0.181546464562] [nan]
nan [0.183282673359] [nan]
