nan [0.228426530957] [nan]
nan [0.228426530957] [nan]
nan [0.228426530957] [nan]
nan [0.228426530957] [nan]
nan [0.228426530957] [nan]
nan [0.228426530957] [nan]
nan [0.228426530957] [nan]
nan [0.228426530957] [nan]
nan [0.228426530957] [nan]
nan [0.228426530957] [nan]
nan [0.228426530957] [nan]
nan [0.228426530957] [nan]
nan [0.228426530957] [nan]
nan [0.228426530957] [nan]
nan [0.228426530957] [nan]
nan [0.228426530957] [nan]
nan [0.228426530957] [nan]
nan [0.228426530957] [nan]
nan [0.228426530957] [nan]
nan [0.228426530957] [nan]
nan [0.228426530957] [nan]
nan [0.228426530957] [nan]
nan [0.228426530957] [nan]
nan [0.228426530957] [nan]
nan [0.228426530957] [nan]
nan [0.228426530957] [nan]
nan [0.228426530957] [nan]
nan [0.228426530957] [nan]
nan [0.228426530957] [nan]
nan [0.228426530957] [nan]
nan [0.228426530957] [nan]
nan [0.228426530957] [nan]
nan [0.228426530957] [nan]
nan [0.228426530957] [nan]
nan [0.228426530957] [nan]
nan [0.228426530957] [nan]
nan [0.228426530957] [nan]
nan [0.228426530957] [nan]
nan [0.228426530957] [nan]
nan [0.228426530957] [nan]
nan [0.228426530957] [nan]
nan [0.228426530957] [nan]
nan [0.228426530957] [nan]
nan [0.228426530957] [nan]
nan [0.228426530957] [nan]
nan [0.228426530957] [nan]
nan [0.228426530957] [nan]
nan [0.228426530957] [nan]
nan [0.228426530957] [nan]
nan [0.228426530957] [nan]
nan [0.228426530957] [nan]
nan [0.228426530957] [nan]
nan [0.228426530957] [nan]
nan [0.228426530957] [nan]
nan [0.228426530957] [nan]
nan [0.228426530957] [nan]
nan [0.228426530957] [nan]
nan [0.228426530957] [nan]
nan [0.228426530957] [nan]
nan [0.228426530957] [nan]
nan [0.228426530957] [nan]
nan [0.228426530957] [nan]
nan [0.228426530957] [nan]
nan [0.228426530957] [nan]
nan [0.228426530957] [nan]
nan [0.228426530957] [nan]
nan [0.228426530957] [nan]
nan [0.228426530957] [nan]
nan [0.228426530957] [nan]
nan [0.228426530957] [nan]
nan [0.228426530957] [nan]
nan [0.228426530957] [nan]
nan [0.228426530957] [nan]
nan [0.228426530957] [nan]
nan [0.228426530957] [nan]
nan [0.228426530957] [nan]
nan [0.228426530957] [nan]
nan [0.228426530957] [nan]
nan [0.228426530957] [nan]
nan [0.228426530957] [nan]
nan [0.228426530957] [nan]
nan [0.228426530957] [nan]
nan [0.228426530957] [nan]
nan [0.228426530957] [nan]
nan [0.228426530957] [nan]
nan [0.228426530957] [nan]
nan [0.228426530957] [nan]
nan [0.228426530957] [nan]
nan [0.228426530957] [nan]
nan [0.228426530957] [nan]
nan [0.228426530957] [nan]
nan [0.228426530957] [nan]
nan [0.228426530957] [nan]
nan [0.228426530957] [nan]
nan [0.228426530957] [nan]
nan [0.228426530957] [nan]
nan [0.228426530957] [nan]
