nan [0.199631169438] [nan]
nan [0.199631169438] [nan]
nan [0.199631169438] [nan]
nan [0.199631169438] [nan]
nan [0.199631169438] [nan]
nan [0.199631169438] [nan]
nan [0.199631169438] [nan]
nan [0.199631169438] [nan]
nan [0.199631169438] [nan]
nan [0.199631169438] [nan]
nan [0.199631169438] [nan]
nan [0.199631169438] [nan]
nan [0.199631169438] [nan]
nan [0.199631169438] [nan]
nan [0.199631169438] [nan]
nan [0.199631169438] [nan]
nan [0.199631169438] [nan]
nan [0.199631169438] [nan]
nan [0.199631169438] [nan]
nan [0.199631169438] [nan]
nan [0.199631169438] [nan]
nan [0.199631169438] [nan]
nan [0.199631169438] [nan]
nan [0.199631169438] [nan]
nan [0.199631169438] [nan]
nan [0.199631169438] [nan]
nan [0.199631169438] [nan]
nan [0.199631169438] [nan]
nan [0.199631169438] [nan]
nan [0.199631169438] [nan]
nan [0.199631169438] [nan]
nan [0.199631169438] [nan]
nan [0.199631169438] [nan]
nan [0.199631169438] [nan]
nan [0.199631169438] [nan]
nan [0.199631169438] [nan]
nan [0.199631169438] [nan]
nan [0.199631169438] [nan]
nan [0.199631169438] [nan]
nan [0.199631169438] [nan]
nan [0.199631169438] [nan]
nan [0.199631169438] [nan]
nan [0.199631169438] [nan]
nan [0.199631169438] [nan]
nan [0.199631169438] [nan]
nan [0.199631169438] [nan]
nan [0.199631169438] [nan]
nan [0.199631169438] [nan]
nan [0.199631169438] [nan]
nan [0.199631169438] [nan]
nan [0.199631169438] [nan]
nan [0.199631169438] [nan]
nan [0.199631169438] [nan]
nan [0.199631169438] [nan]
nan [0.199631169438] [nan]
nan [0.199631169438] [nan]
nan [0.199631169438] [nan]
nan [0.199631169438] [nan]
nan [0.199631169438] [nan]
nan [0.199631169438] [nan]
nan [0.199631169438] [nan]
nan [0.199631169438] [nan]
nan [0.199631169438] [nan]
nan [0.199631169438] [nan]
nan [0.199631169438] [nan]
nan [0.199631169438] [nan]
nan [0.199631169438] [nan]
nan [0.199631169438] [nan]
nan [0.199631169438] [nan]
nan [0.199631169438] [nan]
nan [0.199631169438] [nan]
nan [0.199631169438] [nan]
nan [0.313214719296] [nan]
nan [0.317935794592] [nan]
nan [0.317935794592] [nan]
nan [0.317935794592] [nan]
nan [0.317935794592] [nan]
nan [0.317935794592] [nan]
nan [0.317935794592] [nan]
nan [0.317935794592] [nan]
nan [0.317935794592] [nan]
nan [0.317935794592] [nan]
nan [0.317935794592] [nan]
nan [0.317935794592] [nan]
nan [0.3389300704] [nan]
nan [0.3389300704] [nan]
nan [0.3389300704] [nan]
nan [0.3389300704] [nan]
nan [0.3389300704] [nan]
nan [0.284794121981] [nan]
nan [0.270206809044] [nan]
nan [0.270206809044] [nan]
nan [0.270206809044] [nan]
nan [0.270206809044] [nan]
nan [0.270206809044] [nan]
nan [0.270206809044] [nan]
nan [0.270206809044] [nan]
nan [0.270206809044] [nan]
nan [0.270206809044] [nan]
nan [0.270206809044] [nan]
nan [0.270206809044] [nan]
nan [0.275629490614] [nan]
nan [0.275629490614] [nan]
nan [0.275629490614] [nan]
nan [0.275629490614] [nan]
nan [0.275629490614] [nan]
nan [0.275629490614] [nan]
nan [0.275629490614] [nan]
nan [0.275629490614] [nan]
nan [0.275629490614] [nan]
nan [0.275629490614] [nan]
nan [0.275629490614] [nan]
nan [0.275629490614] [nan]
nan [0.275629490614] [nan]
nan [0.275629490614] [nan]
nan [0.275629490614] [nan]
nan [0.275629490614] [nan]
nan [0.275629490614] [nan]
nan [0.275629490614] [nan]
nan [0.275629490614] [nan]
nan [0.275629490614] [nan]
nan [0.275629490614] [nan]
nan [0.275629490614] [nan]
nan [0.275629490614] [nan]
nan [0.275629490614] [nan]
nan [0.275629490614] [nan]
nan [0.275629490614] [nan]
nan [0.275629490614] [nan]
nan [0.275629490614] [nan]
nan [0.275629490614] [nan]
nan [0.275629490614] [nan]
nan [0.275629490614] [nan]
nan [0.275629490614] [nan]
nan [0.275629490614] [nan]
nan [0.275629490614] [nan]
nan [0.275629490614] [nan]
nan [0.275629490614] [nan]
nan [0.275629490614] [nan]
nan [0.275629490614] [nan]
nan [0.275629490614] [nan]
nan [0.275629490614] [nan]
nan [0.275629490614] [nan]
nan [0.275629490614] [nan]
nan [0.275629490614] [nan]
nan [0.275629490614] [nan]
nan [0.275629490614] [nan]
nan [0.275629490614] [nan]
nan [0.275629490614] [nan]
nan [0.275629490614] [nan]
nan [0.275629490614] [nan]
nan [0.275629490614] [nan]
nan [0.275629490614] [nan]
