nan [0.154993936419] [nan]
nan [0.154993936419] [nan]
nan [0.154993936419] [nan]
nan [0.154993936419] [nan]
nan [0.154993936419] [nan]
nan [0.154993936419] [nan]
nan [0.154993936419] [nan]
nan [0.154993936419] [nan]
nan [0.154993936419] [nan]
nan [0.154993936419] [nan]
nan [0.154993936419] [nan]
nan [0.154993936419] [nan]
nan [0.154993936419] [nan]
nan [0.154993936419] [nan]
nan [0.154993936419] [nan]
nan [0.154993936419] [nan]
nan [0.154993936419] [nan]
nan [0.180351674557] [nan]
nan [0.174201235175] [nan]
nan [0.175828441978] [nan]
nan [0.18164151907] [nan]
nan [0.18164151907] [nan]
nan [0.18164151907] [nan]
nan [0.190592646599] [nan]
nan [0.195847064257] [nan]
nan [0.199468776584] [nan]
nan [0.206012532115] [nan]
nan [0.211440384388] [nan]
nan [0.211440384388] [nan]
nan [0.210658356547] [nan]
nan [0.214103013277] [nan]
nan [0.22360727191] [nan]
nan [0.238288074732] [nan]
nan [0.254491180182] [nan]
nan [0.268785566092] [nan]
nan [0.280546039343] [nan]
nan [0.280546039343] [nan]
nan [0.280546039343] [nan]
nan [0.287619441748] [nan]
nan [0.287619441748] [nan]
nan [0.287619441748] [nan]
nan [0.287619441748] [nan]
nan [0.287619441748] [nan]
nan [0.287619441748] [nan]
nan [0.287619441748] [nan]
nan [0.287619441748] [nan]
nan [0.237251594663] [nan]
nan [0.230843141675] [nan]
nan [0.2286798805] [nan]
nan [0.231797128916] [nan]
nan [0.238386750221] [nan]
nan [0.245617806911] [nan]
nan [0.250077068806] [nan]
nan [0.250070273876] [nan]
nan [0.247686907649] [nan]
nan [0.245845153928] [nan]
nan [0.246112301946] [nan]
nan [0.247786834836] [nan]
nan [0.260855942965] [nan]
nan [0.265510857105] [nan]
nan [0.268575489521] [nan]
nan [0.270973443985] [nan]
nan [0.27403730154] [nan]
nan [0.276615083218] [nan]
nan [0.278193801641] [nan]
nan [0.277020990849] [nan]
nan [0.273124486208] [nan]
nan [0.269865304232] [nan]
nan [0.270492613316] [nan]
nan [0.275398254395] [nan]
nan [0.282369762659] [nan]
nan [0.288111209869] [nan]
nan [0.288111209869] [nan]
nan [0.288111209869] [nan]
nan [0.288111209869] [nan]
nan [0.288111209869] [nan]
nan [0.288111209869] [nan]
nan [0.288111209869] [nan]
nan [0.288111209869] [nan]
nan [0.288111209869] [nan]
nan [0.288111209869] [nan]
nan [0.288111209869] [nan]
nan [0.288111209869] [nan]
nan [0.181067571044] [nan]
nan [0.177544385195] [nan]
nan [0.171506971121] [nan]
nan [0.161294072866] [nan]
nan [0.161294072866] [nan]
nan [0.161294072866] [nan]
nan [0.161294072866] [nan]
nan [0.161294072866] [nan]
nan [0.161294072866] [nan]
nan [0.161294072866] [nan]
nan [0.161294072866] [nan]
