nan [0.124770753086] [nan]
nan [0.121850460768] [nan]
nan [0.118842922151] [nan]
nan [0.116764888167] [nan]
nan [0.118330001831] [nan]
nan [0.127025097609] [nan]
nan [0.127025097609] [nan]
nan [0.127025097609] [nan]
nan [0.127025097609] [nan]
nan [0.127025097609] [nan]
nan [0.127025097609] [nan]
nan [0.127025097609] [nan]
nan [0.127025097609] [nan]
nan [0.127025097609] [nan]
nan [0.127025097609] [nan]
nan [0.127025097609] [nan]
nan [0.127025097609] [nan]
nan [0.127025097609] [nan]
nan [0.127025097609] [nan]
nan [0.127025097609] [nan]
nan [0.127025097609] [nan]
nan [0.127025097609] [nan]
nan [0.127025097609] [nan]
nan [0.127025097609] [nan]
nan [0.127025097609] [nan]
nan [0.127025097609] [nan]
nan [0.127025097609] [nan]
nan [0.127025097609] [nan]
nan [0.127025097609] [nan]
nan [0.127025097609] [nan]
nan [0.127025097609] [nan]
nan [0.127025097609] [nan]
nan [0.127025097609] [nan]
nan [0.127025097609] [nan]
nan [0.127025097609] [nan]
nan [0.127025097609] [nan]
nan [0.127025097609] [nan]
nan [0.127025097609] [nan]
nan [0.127025097609] [nan]
nan [0.127025097609] [nan]
nan [0.127025097609] [nan]
nan [0.127025097609] [nan]
nan [0.127025097609] [nan]
nan [0.127025097609] [nan]
nan [0.127025097609] [nan]
nan [0.127025097609] [nan]
nan [0.127025097609] [nan]
nan [0.127025097609] [nan]
nan [0.127025097609] [nan]
nan [0.127025097609] [nan]
nan [0.251219958067] [nan]
nan [0.25189897418] [nan]
nan [0.250825226307] [nan]
nan [0.249142929912] [nan]
nan [0.247505694628] [nan]
nan [0.245259553194] [nan]
nan [0.239034801722] [nan]
nan [0.231903791428] [nan]
nan [0.229320496321] [nan]
nan [0.227540269494] [nan]
nan [0.22602276504] [nan]
nan [0.224308237433] [nan]
nan [0.22529360652] [nan]
nan [0.224265426397] [nan]
nan [0.221782699227] [nan]
nan [0.218855708838] [nan]
nan [0.215210005641] [nan]
nan [0.212799414992] [nan]
nan [0.21144515276] [nan]
nan [0.208661422133] [nan]
nan [0.206969961524] [nan]
nan [0.210283368826] [nan]
nan [0.220339328051] [nan]
nan [0.22657841444] [nan]
nan [0.223639205098] [nan]
nan [0.217849120498] [nan]
nan [0.211332127452] [nan]
nan [0.208460777998] [nan]
nan [0.208457514644] [nan]
nan [0.209824219346] [nan]
nan [0.212421789765] [nan]
nan [0.215317994356] [nan]
nan [0.215108767152] [nan]
nan [0.216397002339] [nan]
nan [0.219815254211] [nan]
nan [0.217646807432] [nan]
nan [0.219075575471] [nan]
nan [0.223421394825] [nan]
nan [0.228837534785] [nan]
nan [0.237712696195] [nan]
nan [0.250371903181] [nan]
nan [0.267951995134] [nan]
nan [0.285784989595] [nan]
nan [0.295896172523] [nan]
nan [0.298129677773] [nan]
nan [0.294875919819] [nan]
nan [0.289429694414] [nan]
nan [0.286954015493] [nan]
nan [0.286424070597] [nan]
nan [0.287668257952] [nan]
nan [0.2847622931] [nan]
nan [0.284906744957] [nan]
nan [0.289458274841] [nan]
nan [0.29545968771] [nan]
nan [0.301705807447] [nan]
nan [0.306334137917] [nan]
nan [0.306496322155] [nan]
nan [0.300716549158] [nan]
nan [0.293962150812] [nan]
nan [0.287298321724] [nan]
nan [0.284245610237] [nan]
nan [0.281836599112] [nan]
nan [0.280762761831] [nan]
nan [0.283291012049] [nan]
nan [0.285562217236] [nan]
nan [0.287995457649] [nan]
nan [0.288084030151] [nan]
nan [0.287993997335] [nan]
nan [0.284868389368] [nan]
nan [0.277567118406] [nan]
nan [0.268770575523] [nan]
