0.15089548751714998 [0.226988658309] [0.0748023167253]
0.14353105053315002 [0.212430894375] [0.0746312066913]
0.13328050449474999 [0.192715167999] [0.0738458409905]
0.1244898065927 [0.176357954741] [0.0726216584444]
0.1181487217544 [0.16593439877] [0.0703630447388]
0.11243203654884999 [0.158620968461] [0.0662431046367]
0.10454105585835 [0.148390680552] [0.0606914311647]
0.09574226289995 [0.136150032282] [0.0553344935179]
0.08801082149145 [0.124536961317] [0.0514846816659]
0.08267140015965 [0.116067364812] [0.0492754355073]
0.0795926805586 [0.111229993403] [0.0479553677142]
0.07831167988465 [0.10951872915] [0.0471046306193]
0.0789885111151 [0.110238961875] [0.0477380603552]
0.08125458285235 [0.113137595356] [0.0493715703487]
0.0845405757428 [0.117414429784] [0.0516667217016]
0.08819062262775 [0.122868962586] [0.0535122826695]
0.09239112026980001 [0.1298160851] [0.0549661554396]
0.0967138893901 [0.137396097183] [0.0560316815972]
0.1009226441382 [0.144138112664] [0.0577071756124]
0.104662645608 [0.149400413036] [0.05992487818]
0.1083468198774 [0.153360933065] [0.0633327066898]
0.11181290447705 [0.155063793063] [0.0685620158911]
0.11604213342055 [0.156860426068] [0.0752238407731]
0.11429470777485001 [0.147763177752] [0.0808262377977]
0.11780467256890001 [0.156651869416] [0.0789574757218]
0.1164836771786 [0.166762933135] [0.0662044212222]
0.113438587636 [0.177058666945] [0.049818508327]
0.1124813165514 [0.187416180968] [0.0375464521348]
0.1130179800095 [0.19572994113] [0.030306018889]
0.11280982568845 [0.198869526386] [0.0267501249909]
0.10944597516190001 [0.193440854549] [0.0254510957748]
0.1031983420252 [0.181526750326] [0.0248699337244]
0.0939531391489 [0.164076045156] [0.0238302331418]
0.0823387503625 [0.143064171076] [0.021613329649]
0.06885777413855 [0.119123503566] [0.0185920447111]
0.06746700033555 [0.119123503566] [0.0158104971051]
0.06644544098535 [0.119123503566] [0.0137673784047]
0.065803829115 [0.119123503566] [0.012484154664]
0.06551163550475 [0.119123503566] [0.0118997674435]
0.03133351309225 [0.0507090054452] [0.0119580207393]
0.03372529614715 [0.054910633713] [0.0125399585813]
0.0346564333886 [0.0557230971754] [0.0135897696018]
0.03473497182135 [0.0547801330686] [0.0146898105741]
0.034727757331 [0.0539267100394] [0.0155288046226]
0.03470173757525 [0.0537351407111] [0.0156683344394]
0.03459046501665 [0.054121337831] [0.0150595922023]
0.0346286087297 [0.0548967681825] [0.0143604492769]
0.03492009406905 [0.0558304265141] [0.014009761624]
0.0354900378734 [0.0565470196307] [0.0144330561161]
0.0364950178191 [0.0570504963398] [0.0159395392984]
0.0380616644397 [0.0574005246162] [0.0187228042632]
0.0439737830311 [0.0653561204672] [0.022591445595]
0.048883159644900004 [0.0712011307478] [0.026565188542]
0.05048049520705 [0.0716282203794] [0.0293327700347]
0.0492863021791 [0.0677041858435] [0.0308684185147]
0.04802216961979999 [0.064338773489] [0.0317055657506]
0.048696981743 [0.0647795647383] [0.0326143987477]
0.05115663819015 [0.0681424513459] [0.0341708250344]
0.054427050054050005 [0.0727782100439] [0.0360758900642]
0.058255018666399996 [0.0773339048028] [0.03917613253]
0.0621594786644 [0.0808301642537] [0.0434887930751]
0.06596774235365001 [0.0834954306483] [0.048440054059]
0.069198705256 [0.0865715444088] [0.0518258661032]
0.0704257320613 [0.0898856595159] [0.0509658046067]
0.06983223930005 [0.0927234590054] [0.0469410195947]
0.06786073558030001 [0.0930870696902] [0.0426344014704]
0.0648782271892 [0.0899569168687] [0.0397995375097]
0.0618964564055 [0.0854055508971] [0.0383873619139]
0.059847135096799994 [0.0812105610967] [0.0384837090969]
0.0579495839775 [0.0785813108087] [0.0373178571463]
0.056219728663600005 [0.0770177841187] [0.0354216732085]
0.05378549173475 [0.0749370083213] [0.0326339751482]
0.05097276344895 [0.0720308497548] [0.0299146771431]
0.048404134809950004 [0.0682809874415] [0.0285272821784]
0.04622315056625 [0.0645720139146] [0.0278742872179]
0.0448119677603 [0.0616084486246] [0.028015486896]
0.04460676945745 [0.0599393472075] [0.0292741917074]
0.0456188861281 [0.0595526210964] [0.0316851511598]
0.04766967892645 [0.0602739565074] [0.0350654013455]
0.05055832862855 [0.0616277046502] [0.0394889526069]
0.0536621529609 [0.0633584335446] [0.0439658723772]
0.05618091486394999 [0.065020263195] [0.0473415665329]
0.05727712623775 [0.0659026429057] [0.0486516095698]
0.05697963014245 [0.0655934438109] [0.048365816474]
0.05621415562925 [0.0644327625632] [0.0479955486953]
0.05588635243475 [0.0634228512645] [0.048349853605]
0.056983187794700005 [0.0635415315628] [0.0504248440266]
0.0599818546325 [0.0654033720493] [0.0545603372157]
0.06473154202105 [0.069639518857] [0.0598235651851]
0.06920365244150001 [0.0742661878467] [0.0641411170363]
0.07371739670635 [0.0790396034718] [0.0683951899409]
0.07703585550184999 [0.0824498236179] [0.0716218873858]
0.0788197480142 [0.0837078168988] [0.0739316791296]
0.0785389691591 [0.0824480950832] [0.074629843235]
0.07700166106225001 [0.0800231769681] [0.0739801451564]
0.0757228024304 [0.0787729918957] [0.0726726129651]
0.07562724128365 [0.0803352445364] [0.0709192380309]
0.0787974298 [0.0864847153425] [0.0711101442575]
0.0854013636708 [0.0984183773398] [0.0723843500018]
