0.2244821339845 [0.269073665142] [0.179890602827]
0.221859566867 [0.259030729532] [0.184688404202]
0.2186687588695 [0.248491019011] [0.188846498728]
0.219089642167 [0.24297490716] [0.195204377174]
0.22251266241099998 [0.239881753922] [0.2051435709]
0.2272707670925 [0.238581046462] [0.215960487723]
0.2321719899775 [0.234498858452] [0.229845121503]
0.23247404396549998 [0.223494499922] [0.241453588009]
0.220502085984 [0.195874989033] [0.245129182935]
0.196809761226 [0.154040366411] [0.239579156041]
0.1705184467135 [0.114218108356] [0.226818785071]
0.15047341957665 [0.0884559825063] [0.212490856647]
0.1371212862433 [0.0762075707316] [0.198035001755]
0.1288113929329 [0.0728006139398] [0.184822171926]
0.12520836666215 [0.0741814747453] [0.176235258579]
0.12492457404755 [0.0775059685111] [0.172343179584]
0.12613655626769998 [0.0811329334974] [0.171140179038]
0.1278921999035 [0.084741152823] [0.171043246984]
0.129735954106 [0.088904067874] [0.170567840338]
0.13104579597695 [0.0933442562819] [0.168747335672]
0.1323180422188 [0.0979392677546] [0.166696816683]
0.133665598929 [0.102400839329] [0.164930358529]
0.13563567772500001 [0.106872968376] [0.164398387074]
0.140253785998 [0.113238550723] [0.167269021273]
0.1502997986975 [0.124633006752] [0.175966590643]
0.168279774487 [0.145313322544] [0.19124622643]
0.19661939889199997 [0.180335953832] [0.212902843952]
0.2367301210765 [0.233559429646] [0.239900812507]
0.282018110156 [0.298128247261] [0.265907973051]
0.3158214688305 [0.34560418129] [0.286038756371]
0.3270681649445 [0.348125398159] [0.30601093173]
0.3162271529435 [0.311174213886] [0.321280092001]
0.28905706107600004 [0.25380679965] [0.324307322502]
0.256716661155 [0.195662513375] [0.317770808935]
0.2303129136565 [0.152121782303] [0.30850404501]
0.210776221007 [0.124400489032] [0.297151952982]
0.193214636296 [0.107506744564] [0.278922528028]
0.17116422206145002 [0.0973605215549] [0.244967922568]
0.1435541808606 [0.0899952799082] [0.197113081813]
0.11654793471114999 [0.0828408896923] [0.15025497973]
0.097438406199 [0.077730499208] [0.11714631319]
0.08574898913505 [0.0752539485693] [0.0962440297008]
0.07986393943424999 [0.0752171427011] [0.0845107361674]
0.0778315216303 [0.0761940032244] [0.0794690400362]
0.0779136866331 [0.0770538300276] [0.0787735432386]
0.0795084014535 [0.077849060297] [0.08116774261]
0.08270797505975 [0.0801990106702] [0.0852169394493]
0.08784747496244999 [0.0861981734633] [0.0894967764616]
0.0949700959027 [0.0970650985837] [0.0928750932217]
0.1035833694042 [0.112818785012] [0.0943479537964]
0.11000541225095 [0.128808498383] [0.0912023261189]
0.10985530912885 [0.136030033231] [0.0836805850267]
0.1027259342373 [0.131102949381] [0.0743489190936]
0.09328118711694999 [0.12050537765] [0.0660569965839]
0.0854470208289 [0.109904520214] [0.0609895214438]
0.08037594519565 [0.101872161031] [0.0588797293603]
0.0772355273366 [0.095855653286] [0.0586154013872]
0.0742435194552 [0.0889352858067] [0.0595517531037]
0.07078009471294999 [0.0812176018953] [0.0603425875306]
0.0665605291724 [0.0730612874031] [0.0600597709417]
0.06156302616 [0.0647090300918] [0.0584170222282]
0.056261418387300005 [0.0566993653774] [0.0558234713972]
0.0512969251722 [0.0496667027473] [0.0529271475971]
0.0475822072476 [0.0447710119188] [0.0503934025764]
0.045279122889000004 [0.0421473048627] [0.0484109409153]
0.0443749073893 [0.0416468381882] [0.0471029765904]
0.04475363716485 [0.0428280159831] [0.0466792583466]
0.046551395207650004 [0.045477591455] [0.0476251989603]
0.05008595995605 [0.049735583365] [0.0504363365471]
0.05574454553425 [0.0556289367378] [0.0558601543307]
0.06321062892675 [0.0625472590327] [0.0638739988208]
0.0711025521159 [0.0693842843175] [0.0728208199143]
0.07720844820139999 [0.0758820995688] [0.078534796834]
0.08073497936125 [0.0821725800633] [0.0792973786592]
0.0842614546418 [0.0911831334233] [0.0773397758603]
0.0908867567775 [0.105780512094] [0.075993001461]
0.1033648587761 [0.129213109612] [0.0775166079402]
0.12347365543245001 [0.163704842329] [0.0832424685359]
0.1510673314334 [0.208217918873] [0.0939167439938]
0.18206846341500002 [0.255926221609] [0.108210705221]
0.209000941366 [0.294827222824] [0.123174659908]
0.22626014798900002 [0.316964387894] [0.135555908084]
0.234549216926 [0.32487770915] [0.144220724702]
0.237954169512 [0.326772093773] [0.149136245251]
0.2401358261705 [0.329153209925] [0.151118442416]
0.24173780530650002 [0.332590281963] [0.15088532865]
0.2410164475445 [0.330965161324] [0.151067733765]
0.24219555407749999 [0.329779237509] [0.154611870646]
0.245680756867 [0.329114109278] [0.162247404456]
0.2487732619045 [0.323553174734] [0.173993349075]
0.248912759125 [0.314989954233] [0.182835564017]
0.246366158128 [0.309513151646] [0.18321916461]
0.23985119164000002 [0.299850553274] [0.179851830006]
0.2306979298595 [0.286746323109] [0.17464953661]
0.2240495309235 [0.27805685997] [0.170042201877]
0.220159828663 [0.271559029818] [0.168760627508]
0.220183633268 [0.268238544464] [0.172128722072]
0.2233820557595 [0.266866654158] [0.179897457361]
0.228513211012 [0.268564999104] [0.18846142292]
0.2352550327775 [0.272814929485] [0.19769513607]
0.24281379580499998 [0.277677029371] [0.207950562239]
0.2481260970235 [0.280747622252] [0.215504571795]
0.2502810284495 [0.281938493252] [0.218623563647]
0.2483524382115 [0.278746247292] [0.217958629131]
0.240074627101 [0.270198911428] [0.209950342774]
0.220543526113 [0.249579370022] [0.191507682204]
0.191339068115 [0.218395724893] [0.164282411337]
0.15988286584599998 [0.183913692832] [0.13585203886]
0.134655751288 [0.155593842268] [0.113717660308]
0.11868166551005 [0.137598872185] [0.0997644588351]
0.10969937965285 [0.127832695842] [0.0915660634637]
0.10460381954905 [0.122393451631] [0.0868141874671]
0.09958148002625 [0.116357691586] [0.0828052684665]
0.0917433351278 [0.105917841196] [0.0775688290596]
0.08149667084215001 [0.0921554043889] [0.0708379372954]
0.0718572773039 [0.0796995013952] [0.0640150532126]
0.06466936692594999 [0.0707904845476] [0.0585482493043]
0.06041835062205 [0.0657414197922] [0.0550952814519]
0.05819107964635 [0.0633003935218] [0.0530817657709]
0.0567966327071 [0.0618975237012] [0.051695741713]
0.05620699189605 [0.0612430535257] [0.0511709302664]
0.056858168914900004 [0.0620766878128] [0.051639650017]
0.05935599654915 [0.065258666873] [0.0534533262253]
0.06381181813775 [0.0710687711835] [0.056554865092]
0.0691483411938 [0.078001447022] [0.0602952353656]
0.0734925419092 [0.0836155340075] [0.0633695498109]
0.07505060732365 [0.0857506990433] [0.064350515604]
