0.10305517353095 [0.0585563667119] [0.14755398035]
0.1036836877463 [0.0602688640356] [0.147098511457]
0.10494420304895 [0.0627296641469] [0.147158741951]
0.1062144488097 [0.0652548223734] [0.147174075246]
0.1070697680117 [0.0673830360174] [0.146756500006]
0.10752678662545001 [0.0688278675079] [0.146225705743]
0.10803258419029999 [0.0700550079346] [0.146010160446]
0.10918872430939999 [0.0721084997058] [0.146268948913]
0.11176260560765 [0.0765455514193] [0.146979659796]
0.1159632876513 [0.0853849351406] [0.146541640162]
0.12164280563600001 [0.101682305336] [0.141603305936]
0.1296528577805 [0.129163056612] [0.130142658949]
0.1388704217975 [0.168761491776] [0.108979351819]
0.14404063671845 [0.204050779343] [0.0840304940939]
0.1490163709969 [0.236254900694] [0.0617778412998]
0.1475123949347 [0.250954687595] [0.0440701022744]
0.14340720698255 [0.254070669413] [0.0327437445521]
0.13853759039205002 [0.250175893307] [0.0268992874771]
0.1352310683577 [0.245587930083] [0.0248742066324]
0.13433451391755 [0.24367120862] [0.0249978192151]
0.1352952299641 [0.244563892484] [0.0260265674442]
0.13573370035755 [0.245186671615] [0.0262807291001]
0.13399956654735 [0.242726206779] [0.0252729263157]
0.1290651448072 [0.23440271616] [0.0237275734544]
0.1205714484677 [0.218787714839] [0.0223551820964]
0.07827889919294999 [0.134750440717] [0.0218073576689]
0.07310301344855 [0.124112851918] [0.0220931749791]
0.0758326565848 [0.128481730819] [0.0231835823506]
0.0866949381306 [0.148412182927] [0.0249776933342]
0.09573255479325 [0.164074167609] [0.0273909419775]
0.10257034562530001 [0.174670547247] [0.0304701440036]
0.1071662586183 [0.179946422577] [0.0343860946596]
0.10976365208635 [0.180629655719] [0.0388976484537]
0.1102568432687 [0.177215248346] [0.0432984381914]
0.1093278471382 [0.173036694527] [0.0456189997494]
0.10536606051035 [0.164846032858] [0.0458860881627]
0.09932550601644999 [0.151380345225] [0.0472706668079]
0.09250657446665 [0.132170885801] [0.0528422631323]
0.08773079514505 [0.111697934568] [0.0637636557221]
0.086173158139 [0.0951793566346] [0.0771669596434]
0.0813998915255 [0.0853629335761] [0.0774368494749]
0.0661101974547 [0.0755036249757] [0.0567167699337]
0.05020160414275 [0.0673177912831] [0.0330854170024]
0.038568074815 [0.0591952055693] [0.0179409440607]
0.02964947232976 [0.0493475049734] [0.00995143968612]
0.022296785144160003 [0.038596585393] [0.00599698489532]
0.017487352015435 [0.0297765228897] [0.00519818114117]
0.01414163084702 [0.0237410720438] [0.00454218965024]
0.012100694468245 [0.0201721098274] [0.00402927910909]
0.011050005210554999 [0.0184874627739] [0.00361254764721]
0.01051618100611 [0.0177780967206] [0.00325426529162]
0.01042913238052 [0.0179052837193] [0.00295298104174]
0.01053944870366 [0.0184306763113] [0.00264822109602]
0.010789958992955 [0.0192209742963] [0.00235894368961]
0.010734909330474999 [0.0193616468459] [0.00210817181505]
0.01089202845467 [0.019325049594] [0.00245900731534]
0.011002753162755 [0.0190092921257] [0.00299621419981]
0.011037160060375 [0.0184832494706] [0.00359107065015]
0.011477502528555 [0.0181601773947] [0.00479482766241]
0.0130195009988 [0.0182813983411] [0.0077576036565]
0.024256072007099998 [0.0193140711635] [0.0291980728507]
0.02525495830925 [0.0209871828556] [0.0295227337629]
0.0276492098346 [0.0245611015707] [0.0307373180985]
0.0312162293121 [0.0293176602572] [0.033114798367]
0.0345878209919 [0.0335198529065] [0.0356557890773]
0.036051226779799994 [0.0350418463349] [0.0370606072247]
0.0474782027304 [0.0575743317604] [0.0373820737004]
0.06146458536385 [0.0861057192087] [0.036823451519]
0.07386048696955 [0.111258298159] [0.0364626757801]
0.0772667024287 [0.117685168982] [0.0368482358754]
0.0787331964821 [0.117914736271] [0.0395516566932]
0.07710688002385 [0.113101996481] [0.0411117635667]
0.0729257706553 [0.104616008699] [0.0412355326116]
0.06697002612055 [0.0945403799415] [0.0393996722996]
0.06141232140365 [0.0854505002499] [0.0373741425574]
0.0576951801777 [0.0792155042291] [0.0361748561263]
0.059651458635900004 [0.0834063515067] [0.0358965657651]
0.05896495468915 [0.0818900465965] [0.0360398627818]
0.058739369735149996 [0.0817168876529] [0.0357618518174]
0.05850360542535 [0.081879734993] [0.0351274758577]
0.05862268060445 [0.0820500552654] [0.0351953059435]
0.05822162143885 [0.08017051965] [0.0362727232277]
0.05721832998095 [0.0758600383997] [0.0385766215622]
0.055440226569799994 [0.0702731460333] [0.0406073071063]
0.05447953753175 [0.0671426281333] [0.0418164469302]
0.054874928668150004 [0.0673820748925] [0.0423677824438]
0.05638125911355 [0.0693476200104] [0.0434148982167]
0.06050500273705 [0.0749724805355] [0.0460375249386]
0.06729454919695 [0.0836133956909] [0.050975702703]
0.07632843777535 [0.095619097352] [0.0570377781987]
0.08576668053889999 [0.109509967268] [0.0620233938098]
0.09450701996675001 [0.124765627086] [0.0642484128475]
0.10109044611435 [0.138903662562] [0.0632772296667]
0.10510778054575001 [0.150082454085] [0.0601331070065]
0.106504317373 [0.155086711049] [0.057921923697]
0.105279471725 [0.153770551085] [0.056788392365]
0.10356863588105 [0.150641679764] [0.0564955919981]
0.1026016939429 [0.148554295301] [0.0566490925848]
0.10289723426085 [0.14867465198] [0.0571198165417]
0.10494805313649999 [0.151936069131] [0.057960037142]
0.1079127602278 [0.156659632921] [0.0591658875346]
0.11129459179925 [0.161618992686] [0.0609701909125]
0.11568600684409999 [0.167241305113] [0.0641307085752]
0.1228785365819 [0.175476670265] [0.0702804028988]
0.1327313631771 [0.183785513043] [0.0816772133112]
0.140189871192 [0.179161280394] [0.10121846199]
0.141630887985 [0.155473485589] [0.127788290381]
0.134169861674 [0.128443405032] [0.139896318316]
0.119280219078 [0.109867230058] [0.128693208098]
0.10632389783849999 [0.100136898458] [0.112510897219]
0.09817126765850001 [0.093168400228] [0.103174135089]
0.09329203143715 [0.0874244719744] [0.0991595908999]
0.08874513953925 [0.0829398408532] [0.0945504382253]
0.0841802060604 [0.0792161151767] [0.0891442969441]
0.07944941520689999 [0.0759826004505] [0.0829162299633]
0.07360738143325 [0.0718158856034] [0.0753988772631]
0.06688299402595 [0.0667191669345] [0.0670468211174]
0.060015847906449996 [0.061362888664] [0.0586688071489]
0.0542851611972 [0.0565557554364] [0.052014566958]
0.0495864916593 [0.0519450083375] [0.0472279749811]
0.04589827544985 [0.0475950799882] [0.0442014709115]
0.04268944635985 [0.0435413792729] [0.0418375134468]
0.03933415189385 [0.039828915149] [0.0388393886387]
0.03604086115955 [0.0366441383958] [0.0354375839233]
