0.13411099091189999 [0.188013762236] [0.0802082195878]
0.12956998497240002 [0.177917152643] [0.0812228173018]
0.125595256686 [0.169565364718] [0.081625148654]
0.12002754583950001 [0.158056795597] [0.081998296082]
0.1147569417956 [0.145569518209] [0.0839443653822]
0.11191729828725 [0.134610489011] [0.0892241075635]
0.11359054595215 [0.128151491284] [0.0990296006203]
0.1362492851915 [0.159086555243] [0.11341201514]
0.148887440562 [0.166227996349] [0.131546884775]
0.1610438749195 [0.169532254338] [0.152555495501]
0.170491538942 [0.161160647869] [0.179822430015]
0.18252132833 [0.148303434253] [0.216739222407]
0.19510615617 [0.131292596459] [0.258919715881]
0.1915010288355 [0.131292596459] [0.251709461212]
0.170379333198 [0.131292596459] [0.209466069937]
0.146028585732 [0.131292596459] [0.160764575005]
0.126720521599 [0.129757657647] [0.123683385551]
0.11455500125895 [0.129248544574] [0.0998614579439]
0.1086047366262 [0.131177827716] [0.0860316455364]
0.1065651886166 [0.134141340852] [0.0789890363812]
0.10629760473944999 [0.136327207088] [0.0762680023909]
0.10627687722445 [0.136489212513] [0.0760645419359]
0.10519861802455 [0.133327409625] [0.0770698264241]
0.1070759035648 [0.135964676738] [0.0781871303916]
0.1074069365859 [0.136065363884] [0.0787485092878]
0.1081840507688 [0.137926474214] [0.0784416273236]
0.11431338638065 [0.151473134756] [0.0771536380053]
0.20247239619469998 [0.329679280519] [0.0752655118704]
0.19899570941935 [0.324191182852] [0.0738002359867]
0.1821010708808 [0.289986759424] [0.0742153823376]
0.15500192716709998 [0.231023788452] [0.0789800658822]
0.13267465308315 [0.175080150366] [0.0902691558003]
0.1236752718685 [0.137624889612] [0.109725654125]
0.1269715726375 [0.118267059326] [0.135676085949]
0.136797059327 [0.11048374325] [0.163110375404]
0.14706447348 [0.109530068934] [0.184598878026]
0.1545909829435 [0.112460784614] [0.196721181273]
0.15820783376699998 [0.117175653577] [0.199240013957]
0.156497541815 [0.116983138025] [0.196011945605]
0.1535548567775 [0.117094010115] [0.19001570344]
0.150275029242 [0.117222800851] [0.183327257633]
0.14755008742200001 [0.117279551923] [0.177820622921]
0.145533431321 [0.118195571005] [0.172871291637]
0.1457584910095 [0.120952047408] [0.170564934611]
0.148180343211 [0.126319229603] [0.170041456819]
0.15337061882 [0.135729178786] [0.171012058854]
0.16221036762 [0.152263984084] [0.172156751156]
0.1765901446345 [0.17873030901] [0.174449980259]
0.197477713227 [0.213575661182] [0.181379765272]
0.2109593823555 [0.238951340318] [0.182967424393]
0.198903352022 [0.230291470885] [0.167515233159]
0.173204705119 [0.201049417257] [0.145359992981]
0.1521620228885 [0.176545470953] [0.127778574824]
0.139114264399 [0.16165997088] [0.116568557918]
0.1333205252885 [0.156189367175] [0.110451683402]
0.1313407756385 [0.156731650233] [0.105949901044]
0.1298494525255 [0.158017888665] [0.101681016386]
0.12741123139854998 [0.157806739211] [0.0970157235861]
0.1241596639158 [0.156051129103] [0.0922681987286]
0.12067542225120001 [0.15348033607] [0.0878705084324]
0.1170903705062 [0.150415554643] [0.0837651863694]
0.11327506601805 [0.146779090166] [0.0797710418701]
0.1089664027096 [0.141518801451] [0.0764140039682]
0.10539993271209999 [0.136470586061] [0.0743292793632]
0.10198778659085 [0.130864962935] [0.0731106102467]
0.0989472270011 [0.125505954027] [0.0723884999752]
0.095988187939 [0.119402781129] [0.072573594749]
0.09244728088375001 [0.111464254558] [0.0734303072095]
0.08892186358585 [0.102891981602] [0.0749517455697]
