0.08111168444155 [0.0970802605152] [0.0651431083679]
0.08302808552999999 [0.103061832488] [0.062994338572]
0.08867407962665 [0.114432737231] [0.0629154220223]
0.0935410521923 [0.124305926263] [0.0627761781216]
0.0952736511826 [0.129643395543] [0.0609039068222]
0.09539739228805 [0.132264465094] [0.0585303194821]
0.09509295783919999 [0.133713662624] [0.0564722530544]
0.0942790936679 [0.133497402072] [0.0550607852638]
0.0923371482642 [0.130984053016] [0.0536902435124]
0.08840552531165 [0.124735742807] [0.0520753078163]
0.0822654664516 [0.114296928048] [0.0502340048552]
0.07602695189415 [0.102850690484] [0.0492032133043]
0.0726546291262 [0.0946273431182] [0.0506819151342]
0.07424801029265 [0.0920454934239] [0.0564505271614]
0.08221921697260001 [0.0953968837857] [0.0690415501595]
0.0969271101058 [0.102735169232] [0.0911190509796]
0.116187941283 [0.108867265284] [0.123508617282]
0.134090229869 [0.109473407269] [0.158707052469]
0.147066283971 [0.105855561793] [0.188277006149]
0.1556828692555 [0.100418061018] [0.210947677493]
0.16132504865550001 [0.095636703074] [0.227013394237]
0.16362508013819999 [0.0928405448794] [0.234409615397]
0.1638548001648 [0.0927609205246] [0.234948679805]
0.16442009061579999 [0.0955566614866] [0.233283519745]
0.1679732427 [0.10173201561] [0.23421446979]
0.175552994013 [0.111892670393] [0.239213317633]
0.1864305287595 [0.12578330934] [0.247077748179]
0.1994604319335 [0.141490250826] [0.257430613041]
0.211667083204 [0.155873939395] [0.267460227013]
0.21642347425250003 [0.165427461267] [0.267419487238]
0.2159708589315 [0.169444978237] [0.262496739626]
0.2142003178595 [0.17018276453] [0.258217871189]
0.212516181171 [0.170552179217] [0.254480183125]
0.2108088582755 [0.170585900545] [0.251031816006]
0.206728093326 [0.167907133698] [0.245549052954]
0.1986479312185 [0.161302044988] [0.235993817449]
0.186479128897 [0.151029527187] [0.221928730607]
0.17144260555500002 [0.139364525676] [0.203520685434]
0.157386466861 [0.129162222147] [0.185610711575]
0.14642826095199998 [0.122846134007] [0.170010387897]
0.13924145326 [0.121184311807] [0.157298594713]
0.136389605701 [0.125256374478] [0.147522836924]
0.1380551680925 [0.134214758873] [0.141895577312]
0.14182066172399999 [0.145408958197] [0.138232365251]
0.1450846642255 [0.154629930854] [0.135539397597]
0.14629168808499998 [0.159477323294] [0.133106052876]
0.1458276212215 [0.160769894719] [0.130885347724]
0.1442893743515 [0.159853607416] [0.128725141287]
0.143069259822 [0.15965783596] [0.126480683684]
0.143543228507 [0.162729561329] [0.124356895685]
0.1472332887355 [0.171336755157] [0.123129822314]
0.155789937824 [0.187489286065] [0.124090589583]
0.17115176469100002 [0.212623283267] [0.129680246115]
0.19592440873400002 [0.248640730977] [0.143208086491]
0.2308619990945 [0.296294212341] [0.165429785848]
0.268456853926 [0.343852341175] [0.193061366677]
0.30083391070349996 [0.376836597919] [0.224831223488]
0.327706426382 [0.393730521202] [0.261682331562]
0.3487954735755 [0.402678519487] [0.294912427664]
0.36295971274350003 [0.410130679607] [0.31578874588]
0.36860434711 [0.410808682442] [0.326400011778]
0.3680346906185 [0.398266524076] [0.337802857161]
0.35614044964299996 [0.363588809967] [0.348692089319]
0.336035951972 [0.312723070383] [0.359348833561]
0.315282389522 [0.262952178717] [0.367612600327]
0.2975696250795 [0.225355669856] [0.369783580303]
0.2826566323635 [0.199793294072] [0.365519970655]
0.2653332278135 [0.182926282287] [0.34774017334]
0.2439672350885 [0.171148657799] [0.316785812378]
0.22531576454649999 [0.16183385253] [0.288797676563]
0.21224886178949998 [0.154238015413] [0.270259708166]
0.204327531159 [0.148105099797] [0.260549962521]
0.19836539775099998 [0.143658146262] [0.25307264924]
0.193505913019 [0.140393272042] [0.246618553996]
0.188860915601 [0.138649612665] [0.239072218537]
0.18503105640450002 [0.138799771667] [0.231262341142]
0.182412646711 [0.14187464118] [0.222950652242]
0.182564854622 [0.151591345668] [0.213538363576]
0.18789709359399998 [0.172967135906] [0.202827051282]
0.20402380824049998 [0.210643097758] [0.197404518723]
0.232218377292 [0.264939248562] [0.199497506022]
0.267281703651 [0.329761326313] [0.204802080989]
0.3003274202345 [0.388589173555] [0.212065666914]
0.32543194294 [0.430398285389] [0.220465600491]
0.344961076975 [0.460876226425] [0.229045927525]
0.363518297672 [0.485413819551] [0.241622775793]
0.3831410706045 [0.502911984921] [0.263370156288]
0.389777958393 [0.504957914352] [0.274598002434]
0.386964887381 [0.503692030907] [0.270237743855]
0.3604835420845 [0.469934225082] [0.251032859087]
0.317833147943 [0.404772043228] [0.230894252658]
0.2666975706815 [0.319260209799] [0.214134931564]
0.220741905272 [0.238652572036] [0.202831238508]
0.1882275491955 [0.180113732815] [0.196341365576]
0.1685827896 [0.143224388361] [0.193941190839]
0.15784300491199998 [0.120791427791] [0.194894582033]
0.1506515927615 [0.106938220561] [0.194364964962]
0.14056632667754998 [0.0964842736721] [0.184648379683]
0.1233704797925 [0.084474645555] [0.16226631403]
0.10466983541845001 [0.0709858909249] [0.138353779912]
0.08927722834045 [0.0597883500159] [0.118766106665]
0.07594762183735 [0.0509944595397] [0.100900784135]
0.06418374367054999 [0.0438327156007] [0.0845347717404]
0.05280083976685 [0.0375523678958] [0.0680493116379]
0.04299433343115 [0.0321123339236] [0.0538763329387]
0.036250810138849995 [0.0284671615809] [0.0440344586968]
0.032608562149100004 [0.0264746304601] [0.0387424938381]
0.0308473557234 [0.0256169997156] [0.0360777117312]
0.03031155839565 [0.0257995836437] [0.0348235331476]
0.030211905017449997 [0.026564002037] [0.0338598079979]
0.0299039706588 [0.027241460979] [0.0325664803386]
0.0280658407137 [0.025126548484] [0.0310051329434]
0.026480458676849998 [0.0235178600997] [0.029443057254]
0.0257494645193 [0.023340864107] [0.0281580649316]
0.02580518554895 [0.0244581457227] [0.0271522253752]
0.026362577453249998 [0.0264303740114] [0.0262947808951]
0.0270347595215 [0.0285827405751] [0.0254867784679]
0.02758209686725 [0.0302775502205] [0.024886643514]
0.028539466671650002 [0.0322165004909] [0.0248624328524]
0.0305654779077 [0.0352706573904] [0.025860298425]
