0.05249890871345 [0.0559411980212] [0.0490566194057]
0.0554474238306 [0.061733469367] [0.0491613782942]
0.05837400443849999 [0.0670596733689] [0.0496883355081]
0.06085339561105 [0.0705939903855] [0.0511128008366]
0.06251207739115 [0.0720537304878] [0.0529704242945]
0.06439949944619999 [0.0748464763165] [0.0539525225759]
0.0664286278188 [0.0795541703701] [0.0533030852675]
0.06956301257015 [0.0863750427961] [0.0527509823442]
0.07384248636665 [0.09417001158] [0.0535149611533]
0.07890057377505 [0.101207539439] [0.0565936081111]
0.084654578939 [0.107427485287] [0.061881672591]
0.09223309904345 [0.11619964242] [0.0682665556669]
0.1019717380406 [0.128753781319] [0.0751896947622]
0.1102233678103 [0.13910920918] [0.0813375264406]
0.1151949092748 [0.143399804831] [0.0869900137186]
0.1193532161416 [0.145854726434] [0.0928517058492]
0.1241109147667 [0.148858129978] [0.0993636995554]
0.128365419805 [0.151733860373] [0.104996979237]
0.13237633556099998 [0.156933635473] [0.107819035649]
0.132794674486 [0.165206745267] [0.100382603705]
0.1269614696502 [0.173819079995] [0.0801038593054]
0.11905213631715 [0.178916856647] [0.0591874159873]
0.10727186128485 [0.167686268687] [0.0468574538827]
0.0906606446953 [0.141107797623] [0.0402134917676]
0.0774499122051 [0.115361757576] [0.0395380668342]
0.06925973854959999 [0.0998605340719] [0.0386589430273]
0.0655034650117 [0.0935043245554] [0.037502605468]
0.0634143948555 [0.0907995253801] [0.0360292643309]
0.06106137111785 [0.0877502188087] [0.034372523427]
0.0583985503763 [0.0840807110071] [0.0327163897455]
0.05545295309275 [0.0799576938152] [0.0309482123703]
0.0522355474532 [0.0755430310965] [0.0289280638099]
0.04876156989485 [0.0705813392997] [0.02694180049]
0.04580952785905 [0.0663591921329] [0.0252598635852]
0.04368017520755001 [0.0630218535662] [0.0243384968489]
0.041844430379550004 [0.0593503639102] [0.0243384968489]
0.03991921152915 [0.0554999262094] [0.0243384968489]
0.03832652885465 [0.0523145608604] [0.0243384968489]
0.03832652885465 [0.0523145608604] [0.0243384968489]
0.03832652885465 [0.0523145608604] [0.0243384968489]
0.03832652885465 [0.0523145608604] [0.0243384968489]
0.03832652885465 [0.0523145608604] [0.0243384968489]
0.03832652885465 [0.0523145608604] [0.0243384968489]
0.03832652885465 [0.0523145608604] [0.0243384968489]
0.03832652885465 [0.0523145608604] [0.0243384968489]
0.03832652885465 [0.0523145608604] [0.0243384968489]
0.03832652885465 [0.0523145608604] [0.0243384968489]
0.03832652885465 [0.0523145608604] [0.0243384968489]
0.03832652885465 [0.0523145608604] [0.0243384968489]
0.03832652885465 [0.0523145608604] [0.0243384968489]
0.03832652885465 [0.0523145608604] [0.0243384968489]
0.03832652885465 [0.0523145608604] [0.0243384968489]
0.03832652885465 [0.0523145608604] [0.0243384968489]
0.03832652885465 [0.0523145608604] [0.0243384968489]
0.03832652885465 [0.0523145608604] [0.0243384968489]
0.03832652885465 [0.0523145608604] [0.0243384968489]
0.03832652885465 [0.0523145608604] [0.0243384968489]
0.03832652885465 [0.0523145608604] [0.0243384968489]
0.03832652885465 [0.0523145608604] [0.0243384968489]
0.03832652885465 [0.0523145608604] [0.0243384968489]
0.03832652885465 [0.0523145608604] [0.0243384968489]
0.03832652885465 [0.0523145608604] [0.0243384968489]
0.03832652885465 [0.0523145608604] [0.0243384968489]
0.03832652885465 [0.0523145608604] [0.0243384968489]
0.03832652885465 [0.0523145608604] [0.0243384968489]
0.03832652885465 [0.0523145608604] [0.0243384968489]
0.03832652885465 [0.0523145608604] [0.0243384968489]
0.03832652885465 [0.0523145608604] [0.0243384968489]
0.03832652885465 [0.0523145608604] [0.0243384968489]
0.03832652885465 [0.0523145608604] [0.0243384968489]
0.03832652885465 [0.0523145608604] [0.0243384968489]
0.03832652885465 [0.0523145608604] [0.0243384968489]
0.03832652885465 [0.0523145608604] [0.0243384968489]
0.03832652885465 [0.0523145608604] [0.0243384968489]
0.03832652885465 [0.0523145608604] [0.0243384968489]
0.03832652885465 [0.0523145608604] [0.0243384968489]
0.03832652885465 [0.0523145608604] [0.0243384968489]
0.05353437643495 [0.082730256021] [0.0243384968489]
0.049720129929450005 [0.07510176301] [0.0243384968489]
0.047620049677750007 [0.0709016025066] [0.0243384968489]
0.04666023608295 [0.068981975317] [0.0243384968489]
0.04693819861855 [0.0695379003882] [0.0243384968489]
0.04867372568695 [0.073008954525] [0.0243384968489]
0.05088931601495 [0.077440135181] [0.0243384968489]
0.052951662801200006 [0.0815648287535] [0.0243384968489]
0.05371279176325 [0.0830870866776] [0.0243384968489]
0.05269706156105 [0.0810556262732] [0.0243384968489]
0.051058488897950005 [0.077778480947] [0.0243384968489]
0.0498236408457 [0.0753087848425] [0.0243384968489]
0.06599702127275 [0.0749453604221] [0.0570486821234]
0.06838870607315001 [0.0747000053525] [0.0620774067938]
0.06943318247795 [0.0746769830585] [0.0641893818974]
0.0695876739919 [0.0748745948076] [0.0643007531762]
0.06935905851425 [0.0764434412122] [0.0622746758163]
0.070132965222 [0.0797947868705] [0.0604711435735]
0.0718859452754 [0.0840224921703] [0.0597493983805]
0.07262405194345001 [0.0861365273595] [0.0591115765274]
0.0711929872632 [0.08382948488] [0.0585564896464]
0.06941569037735 [0.0797476917505] [0.0590836890042]
0.068250823766 [0.0750774815679] [0.0614241659641]
0.06873340532185 [0.0717446655035] [0.0657221451402]
0.0726084448397 [0.0711301267147] [0.0740867629647]
0.0759741924703 [0.0723440945148] [0.0796042904258]
0.078189689666 [0.074441678822] [0.08193770051]
0.0785428583622 [0.0763761848211] [0.0807095319033]
0.08019237965345 [0.0783793851733] [0.0820053741336]
0.0839611068368 [0.0823993757367] [0.0855228379369]
0.08803164586425 [0.087350666523] [0.0887126252055]
0.09031485393645 [0.0900833308697] [0.0905463770032]
0.0904508121312 [0.0882480964065] [0.0926535278559]
0.0829391591251 [0.0835518762469] [0.0823264420033]
0.07846734300255001 [0.0791212916374] [0.0778133943677]
0.07692563161255 [0.076647348702] [0.0772039145231]
0.07754436880349999 [0.0780331119895] [0.0770556256175]
0.07930722832680001 [0.0834784731269] [0.0751359835267]
0.0800676494837 [0.0904734954238] [0.0696618035436]
0.07885470613835 [0.0954168438911] [0.0622925683856]
0.07668828777969999 [0.0978185385466] [0.0555580370128]
0.0745593998581 [0.0987749546766] [0.0503438450396]
0.07312993891535 [0.0976310819387] [0.048628795892]
0.07159526832405 [0.0946021676064] [0.0485883690417]
0.0699875634164 [0.0908430218697] [0.0491321049631]
0.06952605955305 [0.088782325387] [0.0502697937191]
0.070879323408 [0.0904382020235] [0.0513204447925]
0.0748635157943 [0.0976290777326] [0.052097953856]
0.08533313311615 [0.110790930688] [0.0598753355443]
0.09741299599385 [0.127509117126] [0.0673168748617]
0.10976855084295001 [0.144954741001] [0.0745823606849]
0.11746640130880001 [0.155309766531] [0.0796230360866]
0.11677601188430001 [0.152045696974] [0.0815063267946]
0.10792631283404999 [0.136897161603] [0.0789554640651]
0.0963184908031 [0.11781604588] [0.0748209357262]
0.08605433627945 [0.100811578333] [0.0712970942259]
0.0795032195747 [0.0891159549356] [0.0698904842138]
0.076348092407 [0.0817389860749] [0.0709571987391]
0.07483514025804999 [0.076467461884] [0.0732028186321]
0.0729917958379 [0.0713357627392] [0.0746478289366]
0.07053568586705 [0.0661526098847] [0.0749187618494]
0.06784432567655 [0.0609440617263] [0.0747445896268]
0.06564909778535 [0.0560902245343] [0.0752079710364]
0.0640340261161 [0.0517229735851] [0.0763450786471]
0.0629165377468 [0.0482875965536] [0.07754547894]
0.062009405344699994 [0.046079441905] [0.0779393687844]
0.06087624840435 [0.0451872311532] [0.0765652656555]
0.0598408319056 [0.0454165041447] [0.0742651596665]
0.059485925361500006 [0.0468161962926] [0.0721556544304]
0.06029200181365 [0.049246892333] [0.0713371112943]
0.062320778146349995 [0.0524877645075] [0.0721537917852]
0.0653945952654 [0.0563182979822] [0.0744708925486]
0.06979735940695 [0.0612264126539] [0.07836830616]
0.07509857416150001 [0.0680303275585] [0.0821668207645]
0.0805181451142 [0.0771984085441] [0.0838378816843]
0.08603810518980001 [0.0879177749157] [0.0841584354639]
0.0905184298754 [0.0983376577497] [0.0826992020011]
0.092187665403 [0.105554610491] [0.078820720315]
0.0916821025312 [0.109373986721] [0.0739902183414]
0.08939619362335 [0.109929181635] [0.0688632056117]
0.0865117684009 [0.107786007226] [0.0652375295758]
0.08430454507495 [0.104168593884] [0.0644404962659]
0.0839549042284 [0.101491652429] [0.0664181560278]
0.0854431986809 [0.0998741462827] [0.0710122510791]
0.08854005485775 [0.100368142128] [0.0767119675875]
0.0915324911476 [0.10202280432] [0.0810421779752]
0.0934710204602 [0.102964565158] [0.0839774757624]
0.0937549360095 [0.102379672229] [0.08513019979]
0.09354439005250001 [0.10139028728] [0.085698492825]
0.093750771135 [0.100659444928] [0.086842097342]
0.09443149343150001 [0.100680239499] [0.088182747364]
0.095420256257 [0.101435355842] [0.089405156672]
0.0955183133481 [0.10188344866] [0.0891531780362]
0.0941272750495 [0.100102446973] [0.088152103126]
0.08836828172205 [0.0901971757412] [0.0865393877029]
0.0868075974286 [0.091240644455] [0.0823745504022]
0.08283430337905 [0.0938736870885] [0.0717949196696]
0.08497254550455 [0.0977790430188] [0.0721660479903]
0.08662761002765 [0.101699709892] [0.0715555101633]
0.0871009752152 [0.104281187057] [0.0699207633734]
0.08643583953360001 [0.105371586978] [0.0675000920892]
0.0846723057331 [0.104516103864] [0.0648285076022]
0.08224475383755 [0.102515541017] [0.0619739666581]
0.07857306115330001 [0.0982766970992] [0.0588694252074]
0.0724709313363 [0.0895196050406] [0.055422257632]
0.06395542249085 [0.0762072056532] [0.0517036393285]
0.0619015302509 [0.0762072056532] [0.0475958548486]
0.05948289856315 [0.0762072056532] [0.0427585914731]
0.05948289856315 [0.0762072056532] [0.0427585914731]
0.05948289856315 [0.0762072056532] [0.0427585914731]
