0.09574583917845 [0.156376570463] [0.0351151078939]
0.07712986879045 [0.122236996889] [0.0320227406919]
0.06309910304845 [0.0961452648044] [0.0300529412925]
0.0540344147012 [0.0793795883656] [0.0286892410368]
0.048776258714500004 [0.0701361596584] [0.0274163577706]
0.04562698025255 [0.0649487450719] [0.0263052154332]
0.04332158993925 [0.0613473989069] [0.0252957809716]
0.0413031252101 [0.0581910125911] [0.0244152378291]
0.039741653017699996 [0.0560162067413] [0.0234670992941]
0.03865484707055 [0.0551823750138] [0.0221273191273]
0.03824022226035 [0.0558420829475] [0.0206383615732]
0.0386851141229 [0.0576737783849] [0.0196964498609]
0.039895043708399996 [0.0602902211249] [0.0194998662919]
0.0415443452075 [0.0631605833769] [0.0199281070381]
0.0433571394533 [0.0661641508341] [0.0205501280725]
0.04530860763045 [0.0698463842273] [0.0207708310336]
0.0478892764077 [0.0750181525946] [0.0207604002208]
0.05131444241855 [0.081687822938] [0.0209410618991]
0.055574489757399995 [0.089555516839] [0.0215934626758]
0.0602589752525 [0.0977753102779] [0.0227426402271]
0.0644768578933 [0.105012059212] [0.0239416565746]
0.0679063033313 [0.110862620175] [0.0249499864876]
0.07055358495575 [0.115445956588] [0.0256612133235]
0.0730067081748 [0.119492024183] [0.0265213921666]
0.0754758436232 [0.122886456549] [0.0280652306974]
0.077761968598 [0.124525867403] [0.030998069793]
0.0805648863317 [0.12569449842] [0.0354352742434]
0.08323703520004999 [0.12592330575] [0.0405507646501]
0.08609331958005 [0.127108693123] [0.0450779460371]
0.0907426625488 [0.131110578775] [0.0503747463226]
0.09962262213245 [0.139446049929] [0.0597991943359]
0.11387014761565 [0.151473224163] [0.0762670710683]
0.132893308997 [0.164759427309] [0.101027190685]
0.150373503566 [0.173194885254] [0.127552121878]
0.160745359957 [0.172946885228] [0.148543834686]
0.162174649537 [0.165675669909] [0.158673629165]
0.1580298021435 [0.154762685299] [0.161296918988]
0.15455657243749998 [0.147480711341] [0.161632433534]
0.150972299278 [0.144339680672] [0.157604917884]
0.14886417239900002 [0.144668728113] [0.153059616685]
0.1466006562115 [0.146253421903] [0.14694789052]
0.1437318101525 [0.148185804486] [0.139277815819]
0.14032292366 [0.149222999811] [0.131422847509]
0.13706239312899998 [0.14865732193] [0.125467464328]
0.133796691895 [0.14681878686] [0.12077459693]
0.131574474275 [0.144975557923] [0.118173390627]
0.1305050328375 [0.144798770547] [0.116211295128]
0.131349314004 [0.148983135819] [0.113715492189]
0.1348074004055 [0.159685403109] [0.109929397702]
0.142399482429 [0.178290933371] [0.106508031487]
0.155035659671 [0.20536904037] [0.104702278972]
0.17227094993 [0.238255903125] [0.106285996735]
0.18950772285450002 [0.268700033426] [0.110315412283]
0.199205044657 [0.283385485411] [0.115024603903]
0.19697459042100002 [0.279168277979] [0.114780902863]
0.177905403078 [0.247633889318] [0.108176916838]
0.14744305983199998 [0.196311593056] [0.098574526608]
0.12206450104735 [0.152482002974] [0.0916469991207]
0.10691054910405 [0.125637605786] [0.0881834924221]
0.0992996208369 [0.110830016434] [0.0877692252398]
0.09594030305755 [0.103634811938] [0.0882457941771]
0.0946249924598 [0.101134575903] [0.0881154090166]
0.09361132234319999 [0.101195439696] [0.0860272049904]
0.0923167504369 [0.102141074836] [0.0824924260378]
0.09080896899095 [0.103236556053] [0.0783813819289]
0.08888665586700001 [0.103377483785] [0.074395827949]
0.08679002895974999 [0.102430954576] [0.0711491033435]
0.08481108397265 [0.100898727775] [0.0687234401703]
0.08340193331245 [0.0995481386781] [0.0672557279468]
0.083122164011 [0.0995297878981] [0.0667145401239]
0.08467635512374999 [0.102383948863] [0.0669687613845]
