0.340299591422 [0.304618895054] [0.37598028779]
0.336519226432 [0.304564833641] [0.368473619223]
0.3344115018845 [0.308529794216] [0.360293209553]
0.3346271663905 [0.316740602255] [0.352513730526]
0.3360828608275 [0.32652503252] [0.345640689135]
0.33326552808300003 [0.332346737385] [0.334184318781]
0.326642796397 [0.336386531591] [0.316899061203]
0.317732527852 [0.339063555002] [0.296401500702]
0.30725957453249997 [0.34239166975] [0.272127479315]
0.3000940233465 [0.348649680614] [0.251538366079]
0.3000501170755 [0.359651863575] [0.240448370576]
0.305486358702 [0.37515515089] [0.235817566514]
0.3132830932735 [0.392926454544] [0.233639732003]
0.3174821138385 [0.404884874821] [0.230079352856]
0.3129221200945 [0.402820259333] [0.223023980856]
0.299962773919 [0.386459290981] [0.213466256857]
0.284735612571 [0.365969985723] [0.203501239419]
0.2705551609395 [0.34636041522] [0.194749906659]
0.257528491318 [0.32745757699] [0.187599405646]
0.2461335733535 [0.310636907816] [0.181630238891]
0.2368115857245 [0.297259390354] [0.176363781095]
0.23054667562249997 [0.289172202349] [0.171921148896]
0.228761546314 [0.286464095116] [0.171058997512]
0.23175483942050001 [0.287929713726] [0.175579965115]
0.2375043034555 [0.290576666594] [0.184431940317]
0.24208541214499998 [0.288024246693] [0.196146577597]
0.23913802206499998 [0.275747776031] [0.202528268099]
0.225985512137 [0.254261642694] [0.19770938158]
0.20032368600349998 [0.224272146821] [0.176375225186]
0.1677701100705 [0.192253693938] [0.143286526203]
0.1379438191655 [0.163821682334] [0.112065955997]
0.11688248813175 [0.143098443747] [0.0906665325165]
0.1041076369584 [0.129260390997] [0.0789548829198]
0.0970968604087 [0.120840333402] [0.0733533874154]
0.09360445290785 [0.115914881229] [0.0712940245867]
0.0913974717259 [0.112216182053] [0.0705787613988]
0.08929774165165 [0.108700104058] [0.0698953792453]
0.0868970640002 [0.10427493602] [0.0695191919804]
0.08457155898215 [0.0992562696338] [0.0698868483305]
0.08208868280055001 [0.0941672846675] [0.0700100809336]
0.0794234238565 [0.0898152515292] [0.0690315961838]
0.07704854384065 [0.086540967226] [0.0675561204553]
0.07543037086725 [0.0843041464686] [0.0665565952659]
0.07540601864455 [0.0835433080792] [0.0672687292099]
0.0779747925699 [0.0850784778595] [0.0708711072803]
0.0839264839888 [0.0895114243031] [0.0783415436745]
0.09315408766265 [0.0965005755424] [0.0898075997829]
0.1039576493205 [0.104747608304] [0.103167690337]
0.1133153103295 [0.112422794104] [0.114207826555]
0.120031043887 [0.118492916226] [0.121569171548]
0.125849805772 [0.124096959829] [0.127602651715]
0.1335400268435 [0.13180860877] [0.135271444917]
0.145157508552 [0.144463300705] [0.145851716399]
0.1648331731555 [0.165683031082] [0.163983315229]
0.19782613962899998 [0.201677441597] [0.193974837661]
0.243368841708 [0.250790834427] [0.235946848989]
0.284595325589 [0.296370625496] [0.272820025682]
0.306644678116 [0.319016605616] [0.294272750616]
0.31427316367650004 [0.325459957123] [0.30308637023]
0.316136538982 [0.325646370649] [0.306626707315]
0.3209403157235 [0.328471899033] [0.313408732414]
0.325335726142 [0.332700043917] [0.317971408367]
0.32757376134399996 [0.337468713522] [0.317678809166]
0.3280427604915 [0.338648200035] [0.317437320948]
0.3241005539895 [0.328875690699] [0.31932541728]
0.316376119852 [0.311245709658] [0.321506530046]
0.30836430191950004 [0.290809243917] [0.325919359922]
0.3004387468095 [0.271812587976] [0.329064905643]
0.2936577498915 [0.258794605732] [0.328520894051]
0.287342146039 [0.251124918461] [0.323559373617]
0.280936539173 [0.246582895517] [0.315290182829]
0.274829171598 [0.243618056178] [0.306040287018]
0.27022459358 [0.242089882493] [0.298359304667]
0.2681930735705 [0.24234457314] [0.294041574001]
0.267014123499 [0.240858212113] [0.293170034885]
0.2666055932645 [0.238048359752] [0.295162826777]
0.26937777548999997 [0.234147056937] [0.304608494043]
0.268379792571 [0.226924449205] [0.309835135937]
0.2587963417175 [0.216005280614] [0.301587402821]
0.239360615611 [0.202206552029] [0.276514679193]
0.216152228415 [0.183046385646] [0.249258071184]
0.19901225715850002 [0.166790947318] [0.231233566999]
0.18459291011099999 [0.153962239623] [0.215223580599]
0.1711787283425 [0.142076864839] [0.200280591846]
0.1578809097405 [0.130864962935] [0.184896856546]
0.14576522260900002 [0.121202230453] [0.170328214765]
0.1365972422065 [0.114207305014] [0.158987179399]
0.13186169788250002 [0.111286185682] [0.152437210083]
0.1313191391525 [0.112545661628] [0.150092616677]
0.13352183252549998 [0.117018148303] [0.150025516748]
0.136462610215 [0.12295781821] [0.14996740222]
0.1389501392845 [0.129065781832] [0.148834496737]
0.141347326338 [0.135521352291] [0.147173300385]
0.1453243494035 [0.144173130393] [0.146475568414]
0.15245218575 [0.157063782215] [0.147840589285]
0.16190492361800002 [0.172754555941] [0.151055291295]
0.170787483454 [0.190004527569] [0.151570439339]
0.1769975423815 [0.207058027387] [0.146937057376]
0.18323482573 [0.224758595228] [0.141711056232]
0.19270293414599998 [0.245742857456] [0.139663010836]
0.207954995334 [0.274439066648] [0.14147092402]
0.2288467511535 [0.311528116465] [0.146165385842]
0.24904478341300001 [0.347544342279] [0.150545224547]
0.257483392954 [0.364264577627] [0.150702208281]
0.2550618723035 [0.36495295167] [0.145170792937]
0.2422026097775 [0.35024613142] [0.134159088135]
0.21927723661100001 [0.32031172514] [0.118242748082]
0.19142808392650001 [0.282594561577] [0.100261606276]
0.1656640321018 [0.247251287103] [0.0840767771006]
0.1455549411477 [0.219565317035] [0.0715445652604]
0.13237443938875 [0.201457291842] [0.0632915869355]
0.12447852641345 [0.190322086215] [0.0586349666119]
0.12000129930664999 [0.183197841048] [0.0568047575653]
0.11818803660575 [0.179117679596] [0.0572583936155]
0.1183155328037 [0.177675276995] [0.0589557886124]
0.11668465472775 [0.174511060119] [0.0588582493365]
0.11110368371005 [0.166067123413] [0.0561402440071]
0.10111168026905 [0.151211455464] [0.0510119050741]
0.08959059417255 [0.133932799101] [0.0452483892441]
0.0798055101187 [0.118901781738] [0.0407092384994]
0.0734994765369 [0.108664155006] [0.0383347980678]
0.07133821584305 [0.104469314218] [0.0382071174681]
0.07243972271675 [0.104667149484] [0.0402122959495]
0.07436140440415001 [0.105329230428] [0.0433935783803]
