0.08037942647935001 [0.0909783020616] [0.0697805508971]
0.07187163457275 [0.0787580758333] [0.0649851933122]
0.06744030304255 [0.0724008008838] [0.0624798052013]
0.0653482191265 [0.0696185305715] [0.0610779076815]
0.06398817896845 [0.068730391562] [0.0592459663749]
0.06263881362975 [0.0683728083968] [0.0569048188627]
0.0613219831139 [0.0679510012269] [0.0546929650009]
0.0601248089224 [0.067356608808] [0.0528930090368]
0.05910871177915 [0.0666046738625] [0.0516127496958]
0.057858003303400005 [0.0656873807311] [0.0500286258757]
0.055797005072249994 [0.0646463260055] [0.046947684139]
0.053546667098999995 [0.0640469118953] [0.0430464223027]
0.052506897598499996 [0.0653397515416] [0.0396740436554]
0.05345961451535 [0.0695362836123] [0.0373829454184]
0.0570737477392 [0.0771834626794] [0.036964032799]
0.06291464157405 [0.0872121304274] [0.0386171527207]
0.06917449086905 [0.0966925173998] [0.0416564643383]
0.0737234018743 [0.102903239429] [0.0445435643196]
0.0753513500096 [0.103872559965] [0.0468301400542]
0.07579215243450001 [0.10285102576] [0.048733279109]
0.07624995149675 [0.101669408381] [0.0508304946125]
0.07688144780715 [0.100202403963] [0.0535604916513]
0.0781415533274 [0.0992794334888] [0.057003673166]
0.07947839610275001 [0.0988456830382] [0.0601111091673]
0.0812639184296 [0.0990311279893] [0.0634967088699]
0.08453482761995 [0.100793398917] [0.0682762563229]
0.09094696864495 [0.105860963464] [0.0760329738259]
0.1036732904615 [0.116443999112] [0.090902581811]
0.12338509783149999 [0.129375562072] [0.117394633591]
0.149069361389 [0.142390802503] [0.155747920275]
0.172923885286 [0.15317812562] [0.192669644952]
0.188247576356 [0.161019176245] [0.215475976467]
0.1961100399495 [0.166275471449] [0.22594460845]
0.2015960663555 [0.169169068336] [0.234023064375]
0.203193075955 [0.166413381696] [0.239972770214]
0.20316316187400002 [0.162103697658] [0.24422262609]
0.202815398574 [0.158799245954] [0.246831551194]
0.2023556008935 [0.156767085195] [0.247944116592]
0.2016914859415 [0.155518949032] [0.247864022851]
0.200210623443 [0.153875917196] [0.24654532969]
0.1977344155315 [0.151547700167] [0.243921130896]
0.19470445811749998 [0.148498043418] [0.240910872817]
0.19254959374699998 [0.145745918155] [0.239353269339]
0.190798766911 [0.143664643168] [0.237932890654]
0.1875151395795 [0.142665684223] [0.232364594936]
0.184127479792 [0.144145280123] [0.224109679461]
0.183525659144 [0.150090456009] [0.216960862279]
0.187633745372 [0.163094654679] [0.212172836065]
0.197842307389 [0.185690417886] [0.209994196892]
0.212105236948 [0.214334994555] [0.209875479341]
0.2232370376585 [0.236707895994] [0.209766179323]
0.2226781994105 [0.238896325231] [0.20646007359]
0.212919913232 [0.22476747632] [0.201072350144]
0.202239394188 [0.209893599153] [0.194585189223]
0.1971730440855 [0.204960003495] [0.189386084676]
0.197537757456 [0.209061309695] [0.186014205217]
0.20004782825700002 [0.21734239161] [0.182753264904]
0.2026044502855 [0.225663408637] [0.179545491934]
0.2033623158935 [0.230813339353] [0.175911292434]
0.2003898322585 [0.231927007437] [0.16885265708]
0.191362127662 [0.226236239076] [0.156488016248]
0.1761678606275 [0.215338289738] [0.136997431517]
0.16114081069800001 [0.204698577523] [0.117583043873]
0.149579785764 [0.196797609329] [0.102361962199]
0.14399304240945 [0.194483935833] [0.0935021489859]
0.1444722376766 [0.19980673492] [0.0891377404332]
0.14977770298714999 [0.212418809533] [0.0871365964413]
0.15695637464520001 [0.228383526206] [0.0855292230844]
0.16305762901925 [0.243037372828] [0.0830778852105]
0.1654596962033 [0.251207977533] [0.0797114148736]
0.1643373072146 [0.252250999212] [0.0764236152172]
0.1611016504464 [0.248205736279] [0.0739975646138]
0.1565983369949 [0.240806549788] [0.0723901242018]
0.15044497326040002 [0.230419248343] [0.0704706981778]
0.1379622407255 [0.209390982985] [0.066533498466]
0.11782532557844999 [0.17546851933] [0.0601821318269]
0.09534800238895 [0.138016477227] [0.0526795275509]
0.0770541764797 [0.108334861696] [0.0457734912634]
0.06454817019405 [0.0886756703258] [0.0404206700623]
0.057023001834749995 [0.0771262124181] [0.0369197912514]
0.053614318370799996 [0.0717334449291] [0.0354951918125]
0.052832206711199994 [0.0704068914056] [0.0352575220168]
0.05338026210664999 [0.0711578205228] [0.0356027036905]
0.0542920548469 [0.0723566412926] [0.0362274684012]
0.054985865950599996 [0.0732894316316] [0.0366823002696]
0.0552559904754 [0.0735518187284] [0.0369601622224]
0.05518341995775 [0.0732475593686] [0.0371192805469]
0.0540689714253 [0.0713220760226] [0.036815866828]
0.0523453466594 [0.0683430433273] [0.0363476499915]
0.051926597952800004 [0.0666923820972] [0.0371608138084]
0.05446143820885 [0.0689844861627] [0.039938390255]
0.060881011188 [0.0764850378036] [0.0452769845724]
0.07156837172805 [0.0896635502577] [0.0534731931984]
0.08603051677365 [0.107728891075] [0.0643321424723]
0.1011636815964 [0.126383423805] [0.0759439393878]
0.11190477013595002 [0.13898524642] [0.0848242938519]
0.11613247171044999 [0.14372228086] [0.0885426625609]
0.1159249022601 [0.144221052527] [0.0876287519932]
0.11443268880245 [0.144061744213] [0.0848036333919]
0.11263336986295 [0.143611460924] [0.0816552788019]
0.1099630892277 [0.14187990129] [0.0780462771654]
0.10652802512065 [0.138751342893] [0.0743047073483]
0.10402825847285 [0.1363850981] [0.0716714188457]
0.1037512570619 [0.136988505721] [0.0705140084028]
0.10726705566059999 [0.142914220691] [0.0716198906302]
0.11465575918555 [0.154173925519] [0.0751375928521]
0.12029596045624999 [0.161531403661] [0.0790605172515]
0.11848190799380001 [0.15697914362] [0.0799846723676]
0.108992539346 [0.14073126018] [0.077253818512]
0.09952937439109999 [0.124529793859] [0.0745289549232]
0.09255567938075 [0.111972108483] [0.0731392502785]
0.08880501985545 [0.103915080428] [0.0736949592829]
0.08739184960725 [0.0992517247796] [0.0755319744349]
0.08774590864779999 [0.0970143526793] [0.0784774646163]
0.08949983492495 [0.0969525575638] [0.0820471122861]
0.09124452620745 [0.0964042022824] [0.0860848501325]
0.09035720676185 [0.0926136299968] [0.0881007835269]
0.0837307907641 [0.0841604918242] [0.083301089704]
0.07245416939255 [0.0715854540467] [0.0733228847384]
0.062038537114849995 [0.0609673932195] [0.0631096810102]
0.055188395082949995 [0.0545880533755] [0.0557887367904]
0.05157010816035 [0.0516614131629] [0.0514788031578]
