0.03700797073545 [0.0343697704375] [0.0396461710334]
0.039793223142650005 [0.0354650728405] [0.0441213734448]
0.0444689448923 [0.0388103500009] [0.0501275397837]
0.0508977025747 [0.0453331172466] [0.0564622879028]
0.05722014419735 [0.0532688982785] [0.0611713901162]
0.0609987732023 [0.058799367398] [0.0631981790066]
0.06067156977955 [0.0587204359472] [0.0626227036119]
0.05928392708305 [0.0587204359472] [0.0598474182189]
0.057038372382549996 [0.0587204359472] [0.0553563088179]
0.05454715155065 [0.0587204359472] [0.0503738671541]
0.05225213430825 [0.0587204359472] [0.0457838326693]
0.0506352800876 [0.0587204359472] [0.042550124228]
0.0506352800876 [0.0587204359472] [0.042550124228]
0.0506352800876 [0.0587204359472] [0.042550124228]
0.0506352800876 [0.0587204359472] [0.042550124228]
0.0506352800876 [0.0587204359472] [0.042550124228]
0.0506352800876 [0.0587204359472] [0.042550124228]
0.0506352800876 [0.0587204359472] [0.042550124228]
0.0506352800876 [0.0587204359472] [0.042550124228]
0.0506352800876 [0.0587204359472] [0.042550124228]
0.0506352800876 [0.0587204359472] [0.042550124228]
0.0506352800876 [0.0587204359472] [0.042550124228]
0.0506352800876 [0.0587204359472] [0.042550124228]
0.0506352800876 [0.0587204359472] [0.042550124228]
0.0506352800876 [0.0587204359472] [0.042550124228]
0.0506352800876 [0.0587204359472] [0.042550124228]
0.0506352800876 [0.0587204359472] [0.042550124228]
0.0506352800876 [0.0587204359472] [0.042550124228]
0.0506352800876 [0.0587204359472] [0.042550124228]
0.0506352800876 [0.0587204359472] [0.042550124228]
0.0506352800876 [0.0587204359472] [0.042550124228]
0.0506352800876 [0.0587204359472] [0.042550124228]
0.0506352800876 [0.0587204359472] [0.042550124228]
0.0506352800876 [0.0587204359472] [0.042550124228]
0.0506352800876 [0.0587204359472] [0.042550124228]
0.0506352800876 [0.0587204359472] [0.042550124228]
0.0506352800876 [0.0587204359472] [0.042550124228]
0.0506352800876 [0.0587204359472] [0.042550124228]
0.0506352800876 [0.0587204359472] [0.042550124228]
0.0506352800876 [0.0587204359472] [0.042550124228]
0.0506352800876 [0.0587204359472] [0.042550124228]
0.042489413172 [0.042428702116] [0.042550124228]
0.04309847950935 [0.0436468347907] [0.042550124228]
0.0436698105186 [0.0447894968092] [0.042550124228]
0.05171368457375 [0.0460878834128] [0.0573394857347]
0.0499537382275 [0.0480519384146] [0.0518555380404]
0.0489630922675 [0.0510653108358] [0.0468608736992]
0.048431668430549996 [0.0542781129479] [0.0425852239132]
0.0504837781191 [0.061591591686] [0.0393759645522]
0.0498871374875 [0.0623903535306] [0.0373839214444]
0.05833213217555 [0.0804072767496] [0.0362569876015]
0.05659019947055 [0.0775001496077] [0.0356802493334]
0.0551203805953 [0.0747063308954] [0.0355344302952]
0.0536977108568 [0.0717685669661] [0.0356268547475]
0.0523311831057 [0.0689598992467] [0.0357024669647]
0.052804036065949994 [0.0698870718479] [0.035721000284]
0.0520767401904 [0.0699029117823] [0.0342505685985]
0.05227479338645 [0.070976100862] [0.0335734859109]
0.0536151640117 [0.0731674060225] [0.0340629220009]
0.054827740415949996 [0.0743338093162] [0.0353216715157]
0.054894929751750005 [0.0728377774358] [0.0369520820677]
0.0539682842791 [0.0689510181546] [0.0389855504036]
0.05321431159975 [0.0647158622742] [0.0417127609253]
0.052896821871400004 [0.0616905577481] [0.0441030859947]
0.0529268607497 [0.0601634457707] [0.0456902757287]
0.0529363192618 [0.0595090016723] [0.0463636368513]
0.0529229864478 [0.0591293722391] [0.0467166006565]
0.052891705185200005 [0.0585596561432] [0.0472237542272]
0.05333514511585 [0.0581506490707] [0.048519641161]
0.05487517639995 [0.0586686506867] [0.0510817021132]
0.057610677555199996 [0.0599247664213] [0.0552965886891]
0.0602317173034 [0.0612944513559] [0.0591689832509]
0.0613141264766 [0.0610856339335] [0.0615426190197]
0.06082077510655 [0.0597299411893] [0.0619116090238]
0.06012507900595 [0.059226475656] [0.0610236823559]
0.060714874416600007 [0.0607612356544] [0.0606685131788]
0.06345468200745 [0.0648691430688] [0.0620402209461]
0.0686310902238 [0.0722389146686] [0.065023265779]
0.075274605304 [0.0817580893636] [0.0687911212444]
0.08464419841765 [0.0949051976204] [0.0743831992149]
0.09693814814099999 [0.113828584552] [0.08004771173]
0.1135883741082 [0.142915979028] [0.0842607691884]
0.1334315501153 [0.178467363119] [0.0883957371116]
0.1519656069579 [0.211146011949] [0.0927852019668]
0.16331913322185 [0.229486778378] [0.0971514880657]
0.166029024869 [0.231065392494] [0.100992657244]
0.1631988547745 [0.222169965506] [0.104227744043]
0.1585146971045 [0.210055544972] [0.106973849237]
0.1557177565995 [0.202608510852] [0.108827002347]
0.1537134088575 [0.198554098606] [0.108872719109]
0.1509598642585 [0.196698978543] [0.105220749974]
0.14536299183975 [0.194558516145] [0.0961674675345]
0.14151960238815 [0.19352863729] [0.0895105674863]
0.1400125958023 [0.191982582211] [0.0880426093936]
