0.049254508689 [0.0414218306541] [0.0570871867239]
0.04202247038485 [0.0354361534119] [0.0486087873578]
0.0366622488946 [0.0317034572363] [0.0416210405529]
0.03381737694145 [0.0304280668497] [0.0372066870332]
0.03302897699175 [0.0312740728259] [0.0347838811576]
0.033755460754050004 [0.0336126573384] [0.0338982641697]
0.0353847108781 [0.0367515236139] [0.0340178981423]
0.0374853145331 [0.0400719940662] [0.034898635]
0.039747947827 [0.0430784970522] [0.0364173986018]
0.041977824643250006 [0.0458148010075] [0.038140848279]
0.0441303029656 [0.0481598936021] [0.0401007123291]
0.04543391615155 [0.0491771139205] [0.0416907183826]
0.04562717676165 [0.0487337186933] [0.04252063483]
0.045230338349949994 [0.0475823096931] [0.0428783670068]
0.045374834909999995 [0.0472314432263] [0.0435182265937]
0.04712430574 [0.0487765222788] [0.0454720892012]
0.051394922658799996 [0.0526938810945] [0.0500959642231]
0.0588491540402 [0.0585439130664] [0.059154395014]
0.06912929937244999 [0.0645435675979] [0.073715031147]
0.0790971405804 [0.0672849342227] [0.0909093469381]
0.08115321397795 [0.0602550208569] [0.102051407099]
0.07765008695425 [0.0512226857245] [0.104077488184]
0.0737827513365 [0.043865647167] [0.103699855506]
0.07148172520125 [0.0389281995595] [0.104035250843]
0.07167789712565 [0.0358704403043] [0.107485353947]
0.07271899841725 [0.0339114926755] [0.111526504159]
0.07342283614 [0.032707426697] [0.114138245583]
0.07202067226185 [0.0322780683637] [0.11176327616]
0.07055504806325 [0.0329409353435] [0.108169160783]
0.07058911398055 [0.0351910144091] [0.105987213552]
0.0720704291016 [0.0387065000832] [0.10543435812]
0.07456890679905 [0.0425878278911] [0.106549985707]
0.07737625390315 [0.0454201698303] [0.109332337976]
0.08050659298895 [0.0478565022349] [0.113156683743]
0.08303860388705 [0.0498264022171] [0.116250805557]
0.08584184572125 [0.0570959970355] [0.114587694407]
0.08731938526045 [0.0707435980439] [0.103895172477]
0.0835693515837 [0.0854922235012] [0.0816464796662]
0.0730281881988 [0.0900382548571] [0.0560181215405]
0.06081552244725 [0.08223554492] [0.0393954999745]
0.051613397896300005 [0.0724213495851] [0.0308054462075]
0.04590316396205 [0.0653209015727] [0.0264854263514]
0.04281609877945 [0.0609783530235] [0.0246538445354]
0.04050572775305 [0.0580242536962] [0.0229872018099]
0.0379332955927 [0.0554501600564] [0.020416431129]
0.0350504210219 [0.0524539649487] [0.0176468770951]
0.03205881733445 [0.0489212721586] [0.0151963625103]
0.0292779058218 [0.0450601950288] [0.0134956166148]
0.0266206688248 [0.0410377569497] [0.0122035806999]
0.0239164652303 [0.0369927212596] [0.010840209201]
0.021450326778005 [0.0332727506757] [0.00962790288031]
0.01940525742247 [0.0300792288035] [0.00873128604144]
0.017834180034685 [0.0274020861834] [0.00826627388597]
0.01698738057168 [0.0257028602064] [0.00827190093696]
0.016674175858495 [0.0247486680746] [0.00859968364239]
0.016839668154715 [0.0246580466628] [0.00902128964663]
0.017445086501545 [0.0254781804979] [0.00941199250519]
0.018344716634585 [0.0270142741501] [0.00967515911907]
0.01946521364152 [0.0289941355586] [0.00993629172444]
0.0206644278951 [0.0309725441039] [0.0103563116863]
0.0220960397273 [0.0331616066396] [0.011030472815]
0.023731593042600002 [0.0355666577816] [0.0118965283036]
0.0252865687944 [0.037877060473] [0.0126960771158]
0.026780845131700003 [0.0399846434593] [0.0135770468041]
0.028593522030850003 [0.0422753840685] [0.0149116599932]
0.031143084168450002 [0.0451415739954] [0.0171445943415]
0.034882879816 [0.0488064698875] [0.0209592897445]
0.04020375479015 [0.0534409545362] [0.0269665550441]
0.04655191116035 [0.0589676462114] [0.0341361761093]
0.052128687500950004 [0.0649879425764] [0.0392694324255]
0.05625692009925 [0.0707750245929] [0.0417388156056]
0.058208327740399995 [0.0740696713328] [0.042346984148]
0.05847387574615 [0.0734207183123] [0.04352703318]
0.05621779523789999 [0.0676346793771] [0.0448009110987]
0.0506689734757 [0.0566896498203] [0.0446482971311]
0.0441032908857 [0.045829564333] [0.0423770174384]
0.03870872966945 [0.0375459603965] [0.0398714989424]
0.03569293394685 [0.0333075001836] [0.0380783677101]
0.03423347882925 [0.0315133593976] [0.0369535982609]
0.0330619877204 [0.0299913641065] [0.0361326113343]
0.031350854784249996 [0.0284256152809] [0.0342760942876]
0.0285914111882 [0.0270224306732] [0.0301603917032]
0.025696411728899998 [0.0259782634676] [0.0254145599902]
0.023476346395900002 [0.0254572276026] [0.0214954651892]
0.021962894126799998 [0.0250614769757] [0.0188643112779]
0.02043953724205 [0.0234543383121] [0.017424736172]
0.0199955683202 [0.0231846980751] [0.0168064385653]
0.02006110921505 [0.0234513077885] [0.0166709106416]
0.0208034068346 [0.0246038306504] [0.0170029830188]
0.02289327792825 [0.027912452817] [0.0178741030395]
0.02672006096695 [0.0343157090247] [0.0191244129092]
0.032447912730249995 [0.0445362664759] [0.0203595589846]
0.03817830607295 [0.0552490502596] [0.0211075618863]
0.03653197642415 [0.0519777461886] [0.0210862066597]
0.0352096175775 [0.0498140826821] [0.0206051524729]
0.03487476799635 [0.049259211868] [0.0204903241247]
0.03603007271885 [0.0501627773046] [0.0218973681331]
0.0390226868913 [0.052158869803] [0.0258865039796]
0.04406905919315 [0.0548214390874] [0.0333166792989]
0.05121574364605 [0.0579122491181] [0.044519238174]
0.0654613766819 [0.074489839375] [0.0564329139888]
0.07475772500035 [0.0858927965164] [0.0636226534843]
0.07701563462614999 [0.0884510353208] [0.0655802339315]
0.07628709077835 [0.0869862362742] [0.0655879452825]
0.07514280825854999 [0.0849711671472] [0.0653144493699]
0.07557440176605 [0.0855032876134] [0.0656455159187]
0.0786480233073 [0.0902900844812] [0.0670059621334]
0.08531124517319999 [0.100965924561] [0.0696565657854]
0.09498229995355001 [0.115582630038] [0.0743819698691]
0.1028465814887 [0.125764250755] [0.0799289122224]
0.0988912284374 [0.11944758147] [0.0783348754048]
0.08463360369190001 [0.100991554558] [0.0682756528258]
0.072288768366 [0.0855538919568] [0.0590236447752]
0.06483529135585 [0.0763924121857] [0.053278170526]
0.0611768476665 [0.0718455687165] [0.0505081266165]
0.0600466541946 [0.0703689604998] [0.0497243478894]
0.060155296698199995 [0.0699970126152] [0.0503135807812]
0.059867272153500004 [0.0686237290502] [0.0511108152568]
0.058689387515199996 [0.0657450333238] [0.0516337417066]
0.0562775079161 [0.0617218948901] [0.0508331209421]
0.053971506655249996 [0.0582909435034] [0.0496520698071]
0.05265089683235 [0.0563672780991] [0.0489345155656]
0.05257856845855 [0.056025724858] [0.0491314120591]
0.0539326500148 [0.0571450889111] [0.0507202111185]
0.05643513053655 [0.0589879006147] [0.0538823604584]
0.059557661414150004 [0.0602563917637] [0.0588589310646]
0.06298985145985 [0.0599673576653] [0.0660123452544]
0.0664781741798 [0.0578715056181] [0.0750848427415]
0.0694131925702 [0.054917819798] [0.0839085653424]
0.07000683248039999 [0.0518742278218] [0.088139437139]
0.06672138348225 [0.048555739224] [0.0848870277405]
0.06203635782005 [0.0466529726982] [0.0774197429419]
0.0583694241941 [0.0466357320547] [0.0701031163335]
0.056799076497550005 [0.0479396209121] [0.065658532083]
0.057254727929849994 [0.0503718033433] [0.0641376525164]
0.058782000094650004 [0.0524450466037] [0.0651189535856]
0.060059668496249996 [0.053328383714] [0.0667909532785]
0.06033773906525 [0.0531160421669] [0.0675594359636]
0.06042808108035 [0.0526525564492] [0.0682036057115]
0.060707343742249995 [0.0524453110993] [0.0689693763852]
0.0614684000611 [0.0532640740275] [0.0696727260947]
0.06256461516020001 [0.0550285801291] [0.0701006501913]
0.06383927725255001 [0.0572410710156] [0.0704374834895]
0.06551878526810001 [0.0589576363564] [0.0720799341798]
0.0678271315992 [0.060032568872] [0.0756216943264]
0.0711688119918 [0.0607440732419] [0.0815935507417]
0.07516469433905 [0.0607562437654] [0.0895731449127]
0.07853336073455 [0.0599087066948] [0.0971580147743]
0.0790077894926 [0.0589041560888] [0.0991114228964]
0.0754884313792 [0.0563725121319] [0.0946043506265]
0.07171909138560001 [0.0538674816489] [0.0895707011223]
