0.2013734057545 [0.166232571006] [0.236514240503]
0.18983536958699998 [0.148592725396] [0.231078013778]
0.183395713568 [0.136522650719] [0.230268776417]
0.1829415932295 [0.131020978093] [0.234862208366]
0.1850674599405 [0.12930111587] [0.240833804011]
0.18650141358349998 [0.128113955259] [0.244888871908]
0.1859754547475 [0.12599375844] [0.245957151055]
0.181971155107 [0.1233394593] [0.240602850914]
0.1752956435085 [0.121055141091] [0.229536145926]
0.168137088418 [0.119687989354] [0.216586187482]
0.160628370941 [0.119182109833] [0.202074632049]
0.1526833996175 [0.118760973215] [0.18660582602]
0.1440102346245 [0.117853112519] [0.17016735673]
0.1348665319385 [0.115992642939] [0.153740420938]
0.125433858484 [0.113832898438] [0.13703481853]
0.1191066503525 [0.1134544909] [0.124758809805]
0.1155783236025 [0.115680657327] [0.115475989878]
0.11405428126450001 [0.120275482535] [0.107833079994]
0.11334949731800001 [0.126401737332] [0.100297257304]
0.1131698973479 [0.133234366775] [0.0931054279208]
0.1135387495161 [0.139600351453] [0.0874771475792]
0.1138597242536 [0.143119990826] [0.0845994576812]
0.11555907875315 [0.146814644337] [0.0843035131693]
0.11736796796320001 [0.149068519473] [0.0856674164534]
0.1161139309408 [0.144682362676] [0.0875454992056]
0.10719967633495 [0.124175719917] [0.0902236327529]
0.1066615208983 [0.118881329894] [0.0944417119026]
0.1090530268845 [0.116631746292] [0.101474307477]
0.115481927991 [0.117972128093] [0.112991727889]
0.1256549060345 [0.122076094151] [0.129233717918]
0.139308422804 [0.12787681818] [0.150740027428]
0.1527013257145 [0.13469196856] [0.170710682869]
0.161251485348 [0.141402229667] [0.181100741029]
0.166512839496 [0.146228060126] [0.186797618866]
0.168692484498 [0.14862203598] [0.188762933016]
0.1670408025385 [0.147485330701] [0.186596274376]
0.158420749009 [0.141815617681] [0.175025880337]
0.1515969187025 [0.141815617681] [0.161378219724]
0.1467293426395 [0.141815617681] [0.151643067598]
0.14352896064550003 [0.141815617681] [0.14524230361]
0.1416590586305 [0.141815617681] [0.14150249958]
0.08790572173879999 [0.0351676531136] [0.140643790364]
0.09144530259065 [0.0403337292373] [0.142556875944]
0.09546544961634999 [0.0463092438877] [0.144621655345]
0.09600653499379999 [0.0528712421656] [0.139141827822]
0.0882680006326 [0.0588691532612] [0.117666848004]
0.06990849599245 [0.0614755228162] [0.0783414691687]
0.051678882911800006 [0.0585510060191] [0.0448067598045]
0.0392998969182 [0.0519546717405] [0.0266451220959]
0.0317752789706 [0.0452692806721] [0.0182812772691]
0.0275761503726 [0.0406123101711] [0.0145399905741]
0.025626857765 [0.0382880941033] [0.0129656214267]
0.02508666273205 [0.0377259925008] [0.0124473329633]
0.0259959353134 [0.0395490899682] [0.0124427806586]
0.0273788017221 [0.0421125330031] [0.0126450704411]
0.028738601598899998 [0.0445122346282] [0.0129649685696]
0.0298285302706 [0.0463377684355] [0.0133192921057]
0.030789119657100003 [0.0477535165846] [0.0138247227296]
0.03151866747065 [0.0486307553947] [0.0144065795466]
0.03196896146985 [0.0487786829472] [0.0151592399925]
0.03235390409825 [0.0485789515078] [0.0161288566887]
0.0334477322176 [0.049299929291] [0.0175955351442]
0.03646622039375 [0.0527088716626] [0.0202235691249]
0.0427043875679 [0.0605318881571] [0.0248768869787]
0.0538542680442 [0.0748047456145] [0.0329037904739]
0.07189454324545 [0.0975801572204] [0.0462089292705]
0.09854665026085001 [0.130295172334] [0.0667981281877]
0.13208017870799998 [0.170939177275] [0.093221180141]
0.1655683927235 [0.212399870157] [0.11873691529]
0.186733737588 [0.240439429879] [0.133028045297]
0.18685729056599998 [0.237436547875] [0.136278033257]
0.1747183725235 [0.217098996043] [0.132337749004]
0.158150613308 [0.190734520555] [0.125566706061]
0.1440305523575 [0.169087424874] [0.118973679841]
0.134753346443 [0.155327826738] [0.114178866148]
0.130439199507 [0.149172604084] [0.11170579493]
0.1298319026825 [0.147826492786] [0.111837312579]
0.1321751177315 [0.148227989674] [0.116122245789]
0.1347279660405 [0.147299781442] [0.122156150639]
0.1374232545495 [0.144206896424] [0.130639612675]
0.1339878067375 [0.136324733496] [0.131650879979]
0.123247347772 [0.123758628964] [0.12273606658]
0.1068726927045 [0.109617650509] [0.1041277349]
0.09152106940745 [0.0959375724196] [0.0871045663953]
0.0805792994797 [0.0861539393663] [0.0750046595931]
0.07517778128385 [0.0821936056018] [0.0681619569659]
0.07498167827725 [0.0835394859314] [0.0664238706231]
0.07908555120225 [0.0890018343925] [0.069169268012]
0.0851568095386 [0.095663651824] [0.0746499672532]
0.08981174230575001 [0.0995954722166] [0.0800280123949]
0.09120977669955 [0.0989596694708] [0.0834598839283]
0.08977961540225 [0.0951645076275] [0.084394723177]
0.08742247149345 [0.0910362228751] [0.0838087201118]
0.0855007953942 [0.088652767241] [0.0823488235474]
0.0847224853933 [0.0881538912654] [0.0812910795212]
0.08513615652920001 [0.0887715741992] [0.0815007388592]
0.0872933007777 [0.0906639695168] [0.0839226320386]
0.0924247838557 [0.0949348956347] [0.0899146720767]
0.102095540613 [0.10278146714] [0.101409614086]
