0.0855126418172 [0.0581222847104] [0.112902998924]
0.08339519053685 [0.0651997104287] [0.101590670645]
0.08400636166335 [0.0723335444927] [0.095679178834]
0.08533911779525 [0.0762620419264] [0.0944161936641]
0.08567152172324999 [0.0753425955772] [0.0960004478693]
0.08652822300794999 [0.073692932725] [0.0993635132909]
0.0877733901145 [0.072499319911] [0.103047460318]
0.08811961114415001 [0.0710960254073] [0.105143196881]
0.08640474453585001 [0.0697334110737] [0.103076077998]
0.0844854302703 [0.0687234699726] [0.100247390568]
0.08245768398049999 [0.0686061829329] [0.0963091850281]
0.07952593266965 [0.0683529004455] [0.0906989648938]
0.07465379312635 [0.0658162459731] [0.0834913402796]
0.06711883470415 [0.0605119988322] [0.0737256705761]
0.05844611302015 [0.0547192394733] [0.062172986567]
0.0510047674179 [0.0506911613047] [0.0513183735311]
0.0468638986349 [0.0505488179624] [0.0431789793074]
0.04468632116915 [0.0515182353556] [0.0378544069827]
0.0432004109025 [0.0518971383572] [0.0345036834478]
0.04283439926805 [0.0537228509784] [0.0319459475577]
0.04152416531 [0.0537934340537] [0.0292548965663]
0.03975109104065 [0.0531477294862] [0.0263544525951]
0.03805736172945 [0.052180852741] [0.0239338707179]
0.03680669795725 [0.0511321201921] [0.0224812757224]
0.036118625663199996 [0.0501340590417] [0.0221031922847]
0.03569911047815 [0.0488721169531] [0.0225261040032]
0.0355014940724 [0.0477888584137] [0.0232141297311]
0.03559786546975 [0.047282833606] [0.0239128973335]
0.0364301484078 [0.0478685311973] [0.0249917656183]
0.0383993163705 [0.0496862567961] [0.0271123759449]
0.04237935692075 [0.0535170659423] [0.0312416478992]
0.0458296593279 [0.0541806071997] [0.0374787114561]
0.0499063041061 [0.0550811514258] [0.0447314567864]
0.052395723760150004 [0.0538205429912] [0.0509709045291]
0.0528109408915 [0.0498859770596] [0.0557359047234]
0.05421163141725 [0.0479897968471] [0.0604334659874]
0.05664305202665 [0.0473112501204] [0.0659748539329]
0.0599816702306 [0.0485216155648] [0.0714417248964]
0.06304182857275001 [0.051329292357] [0.0747543647885]
0.06543003208935 [0.0553123019636] [0.0755477622151]
0.06763633526865 [0.0602177716792] [0.0750548988581]
0.07007078453900001 [0.0658721253276] [0.0742694437504]
0.07345999404789999 [0.0717611536384] [0.0751588344574]
0.07748095318675 [0.0770225822926] [0.0779393240809]
0.08174726367 [0.0814111158252] [0.0820834115148]
0.08502439782025001 [0.084410622716] [0.0856381729245]
0.0871551223099 [0.0865311399102] [0.0877791047096]
0.08945723250509999 [0.0902827680111] [0.0886316969991]
0.09399541839955 [0.0985063537955] [0.0894844830036]
0.1016270630061 [0.113498173654] [0.0897559523582]
0.11312453076255 [0.135567635298] [0.0906814262271]
0.12672749161745 [0.160974785686] [0.0924801975489]
0.13821987435225 [0.181083187461] [0.0953565612435]
0.14487022533990002 [0.18980666995] [0.0999337807298]
0.14695141837 [0.190003409982] [0.103899426758]
0.14765509963 [0.18718534708] [0.10812485218]
0.1474463269115 [0.183310881257] [0.111581772566]
0.147072996944 [0.17884221673] [0.115303777158]
0.1474858410655 [0.175398558378] [0.119573123753]
0.150246474892 [0.175867915154] [0.12462503463]
0.1575256586075 [0.18403069675] [0.131020620465]
0.169921427965 [0.199337646365] [0.140505209565]
0.18567793071299998 [0.2181661129] [0.153189748526]
0.1992715746165 [0.233224794269] [0.165318354964]
0.2107101380825 [0.242489814758] [0.178930461407]
0.217387549579 [0.244334951043] [0.190440148115]
0.22060196101649998 [0.243391469121] [0.197812452912]
0.2235572859645 [0.245835408568] [0.201279163361]
