0.167504567653 0.16200642660300002 0.1543327346445 0.1464679948985 0.1375325769186 0.1273004524408 0.11466371640574999 0.10074508935215 0.08794979751109999 0.07732686772945 0.06991909444335 0.06571196392180001 0.0633613429964 0.0618390720338 0.0610306337476 
0.0606436152011 0.060926839709300004 0.0617167986929 0.06256528757509999 0.06354060582814999 0.06491330452265001 0.0670044198632 0.0703672543168 0.07547383755445 0.08243058249355 0.08920240029695001 0.09507237747309999 0.10104407742640001 0.1078451015055 0.1158342175185 
0.123887162656 0.13050309568649998 0.133528061211 0.132470391691 0.12929436937 0.1259023211895 0.123098593205 0.121555492282 0.1217948906125 0.12465574592350001 0.13017070293400002 0.13519615680000002 0.13935354352 0.1403292268515 0.1406181901695 
0.1408886164425 0.14022842794649998 0.139363527298 0.14073608815650002 0.143816016614 0.1477259024975 0.151744790375 0.15477830916649998 0.156385295093 0.157982349396 0.15771199017749998 0.157354645431 0.15905012190349999 0.16221791505799998 0.1659330949185 
0.1677553728225 0.16735444217950002 0.1656159088015 0.1621930375695 0.160925425589 0.16057967394599998 0.16193676739899998 0.159446105361 0.1550599485635 0.15095312148349999 0.1473601311445 0.1456012278795 0.1462677940725 0.1485571786765 0.150983929634 
0.153432458639 0.155436396599 0.157434314489 0.15926511585699998 0.1644039824605 0.1715558990835 0.176504947245 0.1805505678055 0.185911975801 0.1931433305145 0.1990772783755 0.203754343092 0.2103023976085 0.2129644080995 0.21155809611100002 
0.207994952798 0.20512406528 0.20455266535299998 0.20541071146700002 0.20663673430649998 0.20754151791300002 0.2082391530275 0.209525741637 0.2094249501825 0.2091468200085 0.208758249879 0.20697273313999998 0.1989874243735 0.1898749470715 0.1821664646265 
0.176382802427 0.172502838075 0.168524555862 0.1632563993335 0.1564147919415 0.152408823371 0.150981038809 0.15218992531300002 0.1549896001815 0.158434808254 0.163256883621 0.16824452579 0.172902800143 0.177951283753 0.1829636618495 
0.1857065483925 0.186863437295 0.184925533831 0.1837690100075 0.1844140589235 0.1873858571055 0.1888271570205 0.186511851847 0.1832031980155 0.1809826791285 0.1785650029775 0.175771303475 0.174930781126 0.176769919693 0.1788489967585 
0.180204026401 0.1769131422045 0.1623802632095 0.1258227303625 0.07996374927485 0.0490368101746 0.03224249184135 0 0 0 0 0 0 0 0 
