0.02592427656055 0.02891372237355 0.0329955937341 0.037217441014949997 0.0410630144179 0.04265234991905 0.04254173953085 0.041835785843450005 0.04037912003695 0.03676536399875 0.03259161673485 0.0293580731377 0.02773144468665 0.027677421458099996 0.028065495193 
0.028058541007350002 0.0272126728669 0.0260307630524 0.025061226449899998 0.0245508234948 0.0243004579097 0.0239276830107 0.023039862513550002 0.02189397532495 0.02123099658635 0.0211487598717 0.021497264504449998 0.0218337876722 0.0217757597566 0.0213174503297 
0.020773463882500003 0.02030275017025 0.01963832974435 0.01853310223665 0.017124754376749998 0.016167293302749998 0.0159832187928 0.0165525842458 0.017848117277 0.0196978515014 0.02145829983055 0.022807084955299997 0.0235874215141 0.0238175271079 0.02350461483 
0.02284422516825 0.0222423244268 0.02217013109475 0.02281050942835 0.0241245422512 0.0259311245754 0.0276973480359 0.02869055233895 0.028790415264699998 0.0281728245318 0.02662544883785 0.024985588155699998 0.023818429559450002 0.023494245484449998 0.02419262286275 
0.025790374726050003 0.02843021508305 0.03212806303055 0.036888578906649996 0.0421649198979 0.04671923443675 0.04928542952985 0.0492988415062 0.0480266101658 0.04673327878115 0.04591010604055 0.04572013393045 0.0465410295874 0.048792442306849995 0.052912365645150006 
0.05912089347835 0.06897638365625 0.0819049067795 0.09248774498699999 0.09797438606635 0.1026782095435 0.10604136064655 0.1101253330709 0.11556981876515 0.1209202855825 0.12602461501950002 0.1299989670515 0.132675804198 0.135341964662 0.141219891608 
0.155063785613 0.170950435102 0.184462197125 0.1898875758055 0.1887965798375 0.187083810568 0.18242453038700002 0.176335863769 0.16929070279 0.157863739878 0.147327195853 0.1407237015663 0.1368635371328 0.1353285871448 0.13468601182099998 
0.13355149701255 0.1317805387082 0.13001563027515 0.12863783165804998 0.1273677945135 0.12548803910609999 0.12311819940805001 0.12167425453675 0.1222364604472 0.125491179526 0.1322433277965 0.13956862315500002 0.143639460206 0.1435574293135 0.1418122053145 
0.1407253071665 0.140939451754 0.143879726529 0.147660218179 0.1513841748235 0.154582440853 0.158341012895 0.1606359183785 0.156406611204 0.149173758924 0.14526794105750002 0.1463555023075 0.1483903303745 0.1505410000685 0.15245832502849999 
0.153927601874 0.15129371732500002 0.133465256542 0.08862575143575 0.050093671307 0.030715494416650002 0.0219677016139 0.01772117894145 0 0 0 0 0 0 0 
