M B1 B2
0.18052563071225 [0.0770916342735] [0.283959627151]
0.1904725320635 [0.090734757483] [0.290210306644]
0.201744236052 [0.114327266812] [0.289161205292]
0.205141313374 [0.135688975453] [0.274593651295]
0.199510857463 [0.149307757616] [0.24971395731]
0.1886029094455 [0.154527172446] [0.222678646445]
0.177054293454 [0.151500269771] [0.202608317137]
0.1642790660265 [0.138768464327] [0.189789667726]
0.15296870842600002 [0.124437712133] [0.181499704719]
0.14331393688900002 [0.112596616149] [0.174031257629]
0.13446400687100002 [0.104463167489] [0.164464846253]
0.126297786832 [0.100002735853] [0.152592837811]
0.1181677170099 [0.0973343923688] [0.139001041651]
0.11013952270149999 [0.094800375402] [0.125478670001]
0.1032619662584 [0.0916324481368] [0.11489148438]
0.09772343933565 [0.0875393226743] [0.107907555997]
0.09422695264205 [0.0839558616281] [0.104498043656]
0.09298671409495 [0.0815165191889] [0.104456909001]
0.0938176289201 [0.0800658985972] [0.107569359243]
0.09661557152860001 [0.0799194648862] [0.113311678171]
0.10112741962085 [0.0817549601197] [0.120499879122]
0.1072175651791 [0.0864720195532] [0.127963110805]
0.1152040511368 [0.0962931513786] [0.134114950895]
0.124952901155 [0.112046696246] [0.137859106064]
0.136439561844 [0.132478579879] [0.140400543809]
0.14926737546899999 [0.153973832726] [0.144560918212]
0.16164739429949998 [0.170934930444] [0.152359858155]
0.173029668629 [0.182231798768] [0.16382753849]
0.1834617629645 [0.190123349428] [0.176800176501]
0.1917807906865 [0.196732059121] [0.186829522252]
0.197862930596 [0.20248195529] [0.193243905902]
0.20068773627300002 [0.205043926835] [0.196331545711]
0.2024751752615 [0.205676198006] [0.199274152517]
0.202908501029 [0.205555304885] [0.200261697173]
0.199887290597 [0.201702609658] [0.198071971536]
0.19370266795149998 [0.195417508483] [0.19198782742]
0.185063876212 [0.186773911119] [0.183353841305]
0.17571228742599998 [0.176053151488] [0.175371423364]
0.16494914889349999 [0.161080539227] [0.16881775856]
0.1527564376595 [0.143633633852] [0.161879241467]
0.1424080878495 [0.126676529646] [0.158139646053]
0.1338666714725 [0.11176802963] [0.155965313315]
0.12781345099199998 [0.101614832878] [0.154012069106]
0.12357519194485 [0.0955627188087] [0.151587665081]
0.12048605084395 [0.0922821909189] [0.148689910769]
0.11829259246585 [0.0915616750717] [0.14502350986]
0.11706423014385 [0.0934935361147] [0.140634924173]
0.11692005395880001 [0.0976300537586] [0.136210054159]
0.1161632835865 [0.102592781186] [0.129733785987]
0.113679520786 [0.107298746705] [0.120060294867]
0.1100733838975 [0.11140794307] [0.108738824725]
0.10678511112905001 [0.114947520196] [0.0986227020621]
0.10465390235205 [0.117600589991] [0.0917072147131]
0.10391800850640001 [0.12008240819] [0.0877536088228]
0.10472519695765001 [0.122996993363] [0.0864534005523]
0.10684914514425 [0.127202525735] [0.0864957645535]
0.1100526899099 [0.133147150278] [0.0869582295418]
0.11350617185220001 [0.139885857701] [0.0871264860034]
0.1148935183881 [0.143520057201] [0.0862669795752]
0.11159645766045 [0.13879570365] [0.0843972116709]
0.1046118512749 [0.128115326166] [0.0811083763838]
0.09597823023805 [0.115463525057] [0.0764929354191]
0.0876323729755 [0.103934131563] [0.071330614388]
0.08099822700025 [0.0944676399231] [0.0675288140774]
0.0771713666618 [0.0869614183903] [0.0673813149333]
0.07672628760335 [0.0815487578511] [0.0719038173556]
0.0787979215384 [0.0784199610353] [0.0791758820415]
0.0816049426794 [0.0770533457398] [0.086156539619]
0.08282311633225001 [0.0762538015842] [0.0893924310803]
0.08271718025205 [0.0768452584743] [0.0885891020298]
0.08234395831825 [0.0794191583991] [0.0852687582374]
0.081276640296 [0.0833309963346] [0.0792222842574]
0.07927760854365 [0.0868855789304] [0.0716696381569]
0.0763942748308 [0.0868855342269] [0.0659030154347]
0.073343552649 [0.0832351222634] [0.0634519830346]
0.0710866339505 [0.0781941339374] [0.0639791339636]
0.0695818848908 [0.0740681216121] [0.0650956481695]
0.06915149465205 [0.0717560052872] [0.0665469840169]
0.0693196989596 [0.0709223821759] [0.0677170157433]
0.0693064890802 [0.0709298551083] [0.0676831230521]
0.068468760699 [0.071183912456] [0.065753608942]
0.06680547073485 [0.0713035836816] [0.0623073577881]
0.06508311256765 [0.0715280398726] [0.0586381852627]
0.0639888513833 [0.0719976350665] [0.0559800677001]
0.0634079705924 [0.0718599408865] [0.0549560002983]
0.06327316351235 [0.0712346434593] [0.0553116835654]
0.06282806396485 [0.0693488121033] [0.0563073158264]
0.0627317856997 [0.0682595744729] [0.0572039969265]
0.06396171078085 [0.0701028779149] [0.0578205436468]
0.06790769472715 [0.0766326487064] [0.0591827407479]
0.0763708539307 [0.0889370664954] [0.063804641366]
0.08951674029225 [0.10712454468] [0.0719089359045]
0.10316377505685001 [0.127198979259] [0.0791285708547]
0.11413031443945001 [0.142337143421] [0.0859234854579]
0.120805632323 [0.148501470685] [0.093109793961]
0.128449101001 [0.149682015181] [0.107216186821]
0.1397845968605 [0.149574905634] [0.129994288087]
0.1516493856905 [0.149177417159] [0.154121354222]
0.1613906919955 [0.148351371288] [0.174430012703]
0.166857764125 [0.146914154291] [0.186801373959]
0.169487603009 [0.144565701485] [0.194409504533]
0.1716167852285 [0.143194884062] [0.200038686395]
0.17547790706150002 [0.144265457988] [0.206690356135]
0.17815832793699998 [0.145205512643] [0.211111143231]
0.1802661418915 [0.147675603628] [0.212856680155]
0.1820106580855 [0.152463272214] [0.211558043957]
0.183389350772 [0.158956810832] [0.207821890712]
0.18595669418549998 [0.166827008128] [0.205086380243]
0.1906878724695 [0.176489278674] [0.204886466265]
0.19198836386200002 [0.181240528822] [0.202736198902]
0.1931074410675 [0.183553472161] [0.202661409974]
0.196297109127 [0.1867916435] [0.205802574754]
0.20251930505 [0.191740363836] [0.213298246264]
0.2095286771655 [0.198212906718] [0.220844447613]
0.215040899813 [0.205736503005] [0.224345296621]
0.21894344687450001 [0.213148668408] [0.224738225341]
0.2199923917655 [0.219030618668] [0.220954164863]
0.2208065465095 [0.223618537188] [0.217994555831]
0.2196092531085 [0.222390472889] [0.216828033328]
0.21723102778199999 [0.218923777342] [0.215538278222]
0.21196118742249997 [0.210204795003] [0.213717579842]
0.20617166906599999 [0.201302930713] [0.211040407419]
0.20040614902999998 [0.194045454264] [0.206766843796]
0.19550757855200002 [0.190479055047] [0.200536102057]
0.1920172572135 [0.189982056618] [0.194052457809]
0.188197478652 [0.190417423844] [0.18597753346]
0.18367114663099998 [0.189293324947] [0.178048968315]
0.1783988028765 [0.185182705522] [0.171614900231]
0.1734160333875 [0.178297400475] [0.1685346663]
0.168970249593 [0.16972926259] [0.168211236596]
0.16481624543649998 [0.160660997033] [0.16897149384]
0.16045361757249998 [0.15180696547] [0.169100269675]
0.1560740172865 [0.145181953907] [0.166966080666]
0.152860172093 [0.141854792833] [0.163865551353]
0.15188921987999998 [0.141694843769] [0.162083595991]
0.15179689973600002 [0.142111822963] [0.161481976509]
0.15284579247199997 [0.140835434198] [0.164856150746]
0.1524417772885 [0.134466975927] [0.17041657865]
0.15212291479099999 [0.127005010843] [0.177240818739]
0.15437977388500002 [0.123135559261] [0.185623988509]
0.1571872793135 [0.122805692255] [0.191568866372]
0.159613214433 [0.123593479395] [0.195632949471]
0.1596261300145 [0.124468035996] [0.194784224033]
0.1592801101505 [0.124463401735] [0.194096818566]
0.1584272421895 [0.123275436461] [0.193579047918]
0.156802095473 [0.12138594687] [0.192218244076]
0.15456392616050002 [0.119475185871] [0.18965266645]
0.150811843574 [0.116759344935] [0.184864342213]
