0.0739193111658 [0.0716049969196] [0.076233625412]
0.0759003423154 [0.0733087956905] [0.0784918889403]
0.0779388286173 [0.0732295438647] [0.0826481133699]
0.0778554491699 [0.0673397406936] [0.0883711576462]
0.07647197134795 [0.0561151765287] [0.0968287661672]
0.07678726688005 [0.0433814227581] [0.110193111002]
0.08240480162185 [0.0343835689127] [0.130426034331]
0.09330856800064999 [0.0283204317093] [0.158296704292]
0.10558588616539999 [0.0248232148588] [0.186348557472]
0.11026193574065 [0.0226467326283] [0.197877138853]
0.1048863651232 [0.0209380630404] [0.188834667206]
0.0948386760427 [0.0191986653954] [0.17047868669]
0.08511373214399999 [0.017907243222] [0.152320221066]
0.07831461541375 [0.0173726938665] [0.139256536961]
0.0734146814793 [0.0171754322946] [0.129653930664]
0.06946353241805 [0.0174100697041] [0.121516995132]
0.06399287376570001 [0.0179873425514] [0.10999840498]
0.05697053857145 [0.0186320133507] [0.0953090637922]
0.04903595894575 [0.0192296281457] [0.0788422897458]
0.042918713763350005 [0.019826259464] [0.0660111680627]
0.0393687337637 [0.0206518881023] [0.0580855794251]
0.038016181439150004 [0.0218158811331] [0.0542164817452]
0.03825922310355 [0.0232921652496] [0.0532262809575]
0.0392331201583 [0.024794600904] [0.0536716394126]
0.038896759971949996 [0.0261105634272] [0.0516829565167]
0.0396310193464 [0.0271835718304] [0.0520784668624]
0.03977376874535 [0.0284179095179] [0.0511296279728]
0.03994928859175 [0.0294903628528] [0.0504082143307]
0.03991458564995 [0.030370414257] [0.0494587570429]
0.03942077886315 [0.0306295771152] [0.0482119806111]
0.0384517852217 [0.0300173275173] [0.0468862429261]
0.0373556222767 [0.0287336930633] [0.0459775514901]
0.0367740141228 [0.0271936822683] [0.0463543459773]
0.03754374198615 [0.0260399095714] [0.0490475744009]
0.0404229322448 [0.0256909113377] [0.0551549531519]
0.04575840756295 [0.0263009741902] [0.0652158409357]
0.04654686897995 [0.0278778970242] [0.0652158409357]
0.0464368322864 [0.0276578236371] [0.0652158409357]
0.0462166732177 [0.0272175054997] [0.0652158409357]
0.04588881880045 [0.0265617966652] [0.0652158409357]
0.0455665308982 [0.0259172208607] [0.0652158409357]
0.04534898139535 [0.025482121855] [0.0652158409357]
0.0454181022942 [0.0256203636527] [0.0652158409357]
0.0458501847461 [0.0264845285565] [0.0652158409357]
0.0466489875689 [0.0280821342021] [0.0652158409357]
0.04803548473865 [0.0308551285416] [0.0652158409357]
0.050417495891450004 [0.0356191508472] [0.0652158409357]
0.055071756243700004 [0.0449276715517] [0.0652158409357]
0.055071756243700004 [0.0449276715517] [0.0652158409357]
0.055071756243700004 [0.0449276715517] [0.0652158409357]
0.055071756243700004 [0.0449276715517] [0.0652158409357]
0.055071756243700004 [0.0449276715517] [0.0652158409357]
0.055071756243700004 [0.0449276715517] [0.0652158409357]
0.06983181647955 [0.078684322536] [0.0609793104231]
0.07844153419135 [0.0887752473354] [0.0681078210473]
0.08690590411425 [0.0999383628368] [0.0738734453917]
0.09466645866654999 [0.111407950521] [0.0779249668121]
0.10126889869585 [0.121783949435] [0.0807538479567]
0.10655643790955 [0.129984602332] [0.0831282734871]
0.1105521097777 [0.135675117373] [0.0854291021824]
0.1134934872389 [0.139302790165] [0.0876841843128]
0.11584800481775001 [0.141741558909] [0.0899544507265]
0.1182114742696 [0.143644452095] [0.0927784964442]
0.1207594387232 [0.145458653569] [0.0960602238774]
0.1233220435679 [0.147145986557] [0.0994981005788]
0.145474489778 [0.176309391856] [0.1146395877]
0.17187478393299999 [0.214750662446] [0.12899890542]
0.194976784289 [0.250272631645] [0.139680936933]
0.205868296325 [0.265841215849] [0.145895376801]
0.20872864872199998 [0.266582280397] [0.150875017047]
0.2073803916575 [0.259197026491] [0.155563756824]
0.2038177400825 [0.247327968478] [0.160307511687]
0.19739335775400002 [0.231983929873] [0.162802785635]
0.19099974632299999 [0.219365909696] [0.16263358295]
0.1826314106585 [0.207939386368] [0.157323434949]
0.172054596245 [0.195415332913] [0.148693859577]
0.159767076373 [0.18117813766] [0.138356015086]
0.147981248796 [0.169322654605] [0.126639842987]
0.13928244635499998 [0.160804703832] [0.117760188878]
0.133198611438 [0.15449039638] [0.111906826496]
0.12932418286800001 [0.150923863053] [0.107724502683]
0.127593945712 [0.149814486504] [0.10537340492]
0.127367384732 [0.150492563844] [0.10424220562]
0.128061477095 [0.15281380713] [0.10330914706]
0.129866860807 [0.157671540976] [0.102062180638]
0.133225250989 [0.165849715471] [0.100600786507]
0.13684001192445 [0.175058543682] [0.0986214801669]
0.13910812139525 [0.182291582227] [0.0959246605635]
0.1397757977249 [0.186694607139] [0.0928569883108]
0.14102463424189998 [0.190397083759] [0.0916521847248]
0.14588808268295 [0.196148112416] [0.0956280529499]
0.15638637542699999 [0.205572262406] [0.107200488448]
0.1736355796455 [0.220870926976] [0.126400232315]
0.1954159289595 [0.241380691528] [0.149451166391]
0.21470840275250003 [0.256651908159] [0.172764897346]
0.227574005723 [0.262962937355] [0.192185074091]
0.2345370799305 [0.264474183321] [0.20459997654]
0.2381774038075 [0.263498365879] [0.212856441736]
0.239667519927 [0.260473638773] [0.218861401081]
0.240566574037 [0.256286561489] [0.224846586585]
0.2418173626065 [0.25100672245] [0.232628002763]
0.2454193755985 [0.24663515389] [0.244203597307]
0.2535420432685 [0.245795920491] [0.261288166046]
0.2670819684865 [0.249633565545] [0.284530371428]
0.2863653302195 [0.257666438818] [0.315064221621]
0.307169497013 [0.265818089247] [0.348520904779]
0.323436945677 [0.270951062441] [0.375922828913]
0.33348557353 [0.276321828365] [0.390649318695]
0.343454122543 [0.285497963428] [0.401410281658]
0.355860769749 [0.298395097256] [0.413326442242]
0.371458739042 [0.315124094486] [0.427793383598]
0.3831685483455 [0.326595246792] [0.439741849899]
0.38138602674 [0.315150976181] [0.447621077299]
0.34984417259699996 [0.250101208687] [0.449587136507]
0.300226531923 [0.160289153457] [0.440163910389]
0.2585452087224 [0.0981721952558] [0.418918222189]
0.22756231576215 [0.0652052611113] [0.389919370413]
0.20581007376315 [0.0485992208123] [0.363020926714]
0.1918265353886 [0.0401131473482] [0.343539923429]
0.18448569066835 [0.0356596447527] [0.333311736584]
0.1820661909879 [0.0330336168408] [0.331098765135]
0.1820220397783 [0.0311662945896] [0.332877784967]
0.18183214776235002 [0.0296561978757] [0.334008097649]
0.179357131943 [0.028350751847] [0.330363512039]
0.17417174391454998 [0.0270976983011] [0.321245789528]
0.16708985995519998 [0.0256703104824] [0.308509409428]
0.16034185327599998 [0.024044919759] [0.296638786793]
0.15614426042875 [0.0225531142205] [0.289735406637]
0.1555979428811 [0.0217396374792] [0.289456248283]
0.15818522963665 [0.0223203916103] [0.294050067663]
0.16274512745465 [0.0251669175923] [0.300323337317]
0.1680740136654 [0.0319655574858] [0.304182469845]
0.17138386704035002 [0.0454929359257] [0.297274798155]
