0.06313517689705 [0.0947107076645] [0.0315596461296]
0.06273117661475 [0.0937986448407] [0.0316637083888]
0.06556503474715 [0.0942884087563] [0.036841660738]
0.06764078140255 [0.0955798104405] [0.0397017523646]
0.06831425242125 [0.0971866622567] [0.0394418425858]
0.06783960759640001 [0.0985818430781] [0.0370973721147]
0.06629617139695 [0.0982914790511] [0.0343008637428]
0.06287925504149999 [0.0936680585146] [0.0320904515684]
0.0570301162079 [0.0834392085671] [0.0306210238487]
0.049797495827100004 [0.0698779001832] [0.029717091471]
0.043993449769950004 [0.0584200508893] [0.0295668486506]
0.04067546967415 [0.0512599982321] [0.0300909411162]
0.0396960824728 [0.0476939640939] [0.0316982008517]
0.040230602026 [0.0462683774531] [0.0341928265989]
0.0411003623158 [0.045453555882] [0.0367471687496]
0.04104819335045 [0.0435354597867] [0.0385609269142]
0.04010749608275 [0.0410328879952] [0.0391821041703]
0.0388108510524 [0.0383336022496] [0.0392880998552]
0.03859872743485 [0.0371387787163] [0.0400586761534]
0.0389850344509 [0.0357241891325] [0.0422458797693]
0.0398861076683 [0.0341633297503] [0.0456088855863]
0.040948223322649996 [0.0328629650176] [0.0490334816277]
0.040572160854949996 [0.0321108400822] [0.0490334816277]
0.0405812393874 [0.0321289971471] [0.0490334816277]
0.041062688454999996 [0.0330918952823] [0.0490334816277]
0.0419235676527 [0.0348136536777] [0.0490334816277]
0.0430428814143 [0.0370522812009] [0.0490334816277]
0.04343424737455 [0.0378350131214] [0.0490334816277]
0.042486133053900005 [0.0359387844801] [0.0490334816277]
0.04049932211635 [0.031965162605] [0.0490334816277]
0.03916115220635 [0.029288822785] [0.0490334816277]
0.07638291735200001 [0.027861552313] [0.124904282391]
0.08338092453775 [0.0277315713465] [0.139030277729]
0.08848559483865 [0.0269237682223] [0.150047421455]
0.09240488428605001 [0.0268538985401] [0.157955870032]
0.09531883057229999 [0.0273409020156] [0.163296759129]
0.09740850236255 [0.0283537488431] [0.166463255882]
0.0982906185088 [0.0294936969876] [0.16708754003]
0.09841711539779999 [0.0308327618986] [0.166001468897]
0.0981169342995 [0.032440841198] [0.163793027401]
0.0974834281953 [0.0344092585146] [0.160557597876]
0.09689388796670001 [0.0362956896424] [0.157492086291]
0.0971077084542 [0.0388576835394] [0.155357733369]
0.10340035334245001 [0.0432518497109] [0.163548856974]
0.10960116796194999 [0.0510472171009] [0.168155118823]
0.11702411994355 [0.0644213780761] [0.169626861811]
0.12650505080825 [0.0842164978385] [0.168793603778]
0.135265752673 [0.105844914913] [0.164686590433]
0.138074621558 [0.120438620448] [0.155710622668]
0.1343076154585 [0.124818205833] [0.143797025084]
0.1288993135095 [0.12615275383] [0.131645873189]
0.12459217384499999 [0.128001108766] [0.121183238924]
0.122307293117 [0.13152487576] [0.113089710474]
0.12279538065199999 [0.138496354222] [0.107094407082]
0.127420552075 [0.15204641223] [0.10279469192]
0.1343989521263 [0.169058218598] [0.0997396856546]
0.14070613682285 [0.183341354132] [0.0980709195137]
0.14442799612905 [0.19062525034] [0.0982307419181]
0.14512079954135 [0.190403729677] [0.0998378694057]
0.146230094135 [0.190144658089] [0.102315530181]
0.1488077379765 [0.192993864417] [0.104621611536]
0.151587549597 [0.197414681315] [0.105760417879]
0.152013231069 [0.198558405042] [0.105468057096]
0.1493675261735 [0.193922922015] [0.104812130332]
0.143623381853 [0.182145163417] [0.105101600289]
0.13580601289900002 [0.16652302444] [0.105089001358]
0.126490805298 [0.15031170845] [0.102669902146]
0.1187648773196 [0.13864825666] [0.0988814979792]
0.1135314926506 [0.132036432624] [0.0950265526772]
0.1095420606434 [0.127820611] [0.0912635102868]
0.10730004683114999 [0.126676946878] [0.0879231467843]
