0.11846568062884999 [0.0997307673097] [0.137200593948]
0.13883660733699998 [0.129973515868] [0.147699698806]
0.162738196552 [0.167081445456] [0.158394947648]
0.1839756965635 [0.204189196229] [0.163762196898]
0.1991250365975 [0.235812738538] [0.162437334657]
0.20839077234300002 [0.260604798794] [0.156176745892]
0.2125890553 [0.277065128088] [0.148112982512]
0.21719840169000001 [0.286283820868] [0.148112982512]
0.21719840169000001 [0.286283820868] [0.148112982512]
0.21719840169000001 [0.286283820868] [0.148112982512]
0.21719840169000001 [0.286283820868] [0.148112982512]
0.21719840169000001 [0.286283820868] [0.148112982512]
0.21719840169000001 [0.286283820868] [0.148112982512]
0.21719840169000001 [0.286283820868] [0.148112982512]
0.21719840169000001 [0.286283820868] [0.148112982512]
0.21719840169000001 [0.286283820868] [0.148112982512]
0.21719840169000001 [0.286283820868] [0.148112982512]
0.21719840169000001 [0.286283820868] [0.148112982512]
0.21719840169000001 [0.286283820868] [0.148112982512]
0.21719840169000001 [0.286283820868] [0.148112982512]
0.21719840169000001 [0.286283820868] [0.148112982512]
0.21719840169000001 [0.286283820868] [0.148112982512]
0.21719840169000001 [0.286283820868] [0.148112982512]
0.21719840169000001 [0.286283820868] [0.148112982512]
0.21719840169000001 [0.286283820868] [0.148112982512]
0.21719840169000001 [0.286283820868] [0.148112982512]
0.21719840169000001 [0.286283820868] [0.148112982512]
0.21719840169000001 [0.286283820868] [0.148112982512]
0.21719840169000001 [0.286283820868] [0.148112982512]
0.21719840169000001 [0.286283820868] [0.148112982512]
0.21719840169000001 [0.286283820868] [0.148112982512]
0.21719840169000001 [0.286283820868] [0.148112982512]
0.21719840169000001 [0.286283820868] [0.148112982512]
0.21719840169000001 [0.286283820868] [0.148112982512]
0.21719840169000001 [0.286283820868] [0.148112982512]
0.21719840169000001 [0.286283820868] [0.148112982512]
0.21719840169000001 [0.286283820868] [0.148112982512]
0.21719840169000001 [0.286283820868] [0.148112982512]
0.21719840169000001 [0.286283820868] [0.148112982512]
0.21719840169000001 [0.286283820868] [0.148112982512]
0.2018789350985 [0.255358427763] [0.148399442434]
0.20217820256949998 [0.247221246362] [0.157135158777]
0.2038716748355 [0.244180560112] [0.163562789559]
0.20650541782350001 [0.245412304997] [0.16759853065]
0.2082184776665 [0.246855124831] [0.169581830502]
0.2053983658555 [0.24240732193] [0.168389409781]
0.198092661798 [0.232558205724] [0.163627117872]
0.185952372849 [0.218486130238] [0.15341861546]
0.168625153601 [0.19927957654] [0.137970730662]
0.1517532281575 [0.178865820169] [0.124640636146]
0.1382175423205 [0.16092902422] [0.115506060421]
0.1294214874505 [0.150318279862] [0.108524695039]
0.12467727065050001 [0.1448649019] [0.104489639401]
0.11859187111245001 [0.137654200196] [0.0995295420289]
0.11419112607845 [0.132380872965] [0.0960013791919]
0.11146491765965 [0.128729701042] [0.0942001342773]
0.10934762284155 [0.125562056899] [0.0931331887841]
0.1073793657125 [0.12245092541] [0.092307806015]
0.10553668066855 [0.11911470443] [0.0919586569071]
0.10401089116945 [0.115590527654] [0.0924312546849]
0.103360209614 [0.11278886348] [0.093931555748]
0.1035403534771 [0.111181676388] [0.0958990305662]
0.1051205247638 [0.11235756427] [0.0978834852576]
0.10897372663 [0.117141075432] [0.100806377828]
0.1161783896385 [0.125989809632] [0.106366969645]
0.12726195901600001 [0.135883569717] [0.118640348315]
0.13648449629499998 [0.134416237473] [0.138552755117]
0.134478632361 [0.110256351531] [0.158700913191]
0.11713197454835 [0.0756520852447] [0.158611863852]
