0.10777304228375 [0.0269889663905] [0.188557118177]
0.10673162434229999 [0.0249061305076] [0.188557118177]
0.10555502586045 [0.0225529335439] [0.188557118177]
0.10432728938739999 [0.0200974605978] [0.188557118177]
0.0280952285975 [0.0177993029356] [0.0383911542594]
0.026070781983449996 [0.015926880762] [0.0362146832049]
0.02372689545155 [0.0145619213581] [0.032891869545]
0.0214459435083 [0.0133373280987] [0.0295545589179]
0.0201969104819 [0.0133373280987] [0.0270564928651]
0.01943969586865 [0.0133373280987] [0.0255420636386]
0.0190635486506 [0.0133373280987] [0.0247897692025]
0.01884280750525 [0.0133373280987] [0.0243482869118]
0.0186218782328 [0.0133373280987] [0.0239064283669]
0.01841396605595 [0.0133373280987] [0.0234906040132]
0.0183052723296 [0.0133373280987] [0.0232732165605]
0.0184025480412 [0.0133373280987] [0.0234677679837]
0.01825693110005 [0.0133373280987] [0.0231765341014]
0.018238044809550002 [0.0133373280987] [0.0231387615204]
0.01845713192595 [0.0133373280987] [0.0235769357532]
0.01897600339725 [0.0133373280987] [0.0246146786958]
0.01979352207855 [0.0133373280987] [0.0262497160584]
0.0209799655713 [0.0133373280987] [0.0286226030439]
0.02267410000785 [0.0133373280987] [0.032010871917]
0.02515994524585 [0.0133373280987] [0.036982562393]
0.0283934897743 [0.0133373280987] [0.0434496514499]
0.03207628196105 [0.0133373280987] [0.0508152358234]
0.03603210439905 [0.0133373280987] [0.0587268806994]
0.0402981447987 [0.0133373280987] [0.0672589614987]
0.0455189454369 [0.0133373280987] [0.0777005627751]
0.0513348649256 [0.0133373280987] [0.0893324017525]
0.07575955800715001 [0.0549794919789] [0.0965396240354]
0.07753486 [0.0576717816293] [0.0973979383707]
0.07591580785815 [0.0589620880783] [0.092869527638]
0.070186143741 [0.0559458397329] [0.0844264477491]
0.061910226941150004 [0.0502408370376] [0.0735796168447]
0.0548159983009 [0.0455042980611] [0.0641276985407]
0.050199173390850005 [0.0427269898355] [0.0576713569462]
0.047883369028550005 [0.0416307337582] [0.0541360042989]
0.04724899120624999 [0.0420884005725] [0.05240958184]
0.047544868662950004 [0.0436198636889] [0.051469873637]
0.0482452958822 [0.0456189140677] [0.0508716776967]
0.049238147214049996 [0.0475656539202] [0.0509106405079]
0.0508097950369 [0.049747351557] [0.0518722385168]
0.0522713717073 [0.0510735698044] [0.0534691736102]
0.05386809259655 [0.0522754006088] [0.0554607845843]
0.0553460996598 [0.0532929114997] [0.0573992878199]
0.05616313964125 [0.0531937293708] [0.0591325499117]
0.057521898299449994 [0.0527966618538] [0.0622471347451]
0.0609627496451 [0.0533099658787] [0.0686155334115]
0.06826578266915 [0.0561568252742] [0.0803747400641]
0.08164893835785 [0.0628240332007] [0.100473843515]
0.10183617100125 [0.0752753689885] [0.128396973014]
0.12627736851569998 [0.0917577669024] [0.160796970129]
0.1467951610685 [0.107292920351] [0.186297401786]
0.15615497157 [0.114621318877] [0.197688624263]
0.1557896360755 [0.11334618926] [0.198233082891]
0.153050277382 [0.110722385347] [0.195378169417]
0.1501630842685 [0.107589229941] [0.192736938596]
0.1494821943345 [0.105991072953] [0.192973315716]
0.153482522815 [0.107972182333] [0.198992863297]
0.1635691821575 [0.116725027561] [0.210413336754]
0.17380074411649998 [0.12945894897] [0.218142539263]
0.181958861649 [0.140909522772] [0.223008200526]
0.1825308427215 [0.148443579674] [0.216618105769]
0.171462766826 [0.149904042482] [0.19302149117]
0.156110659242 [0.146551072598] [0.165670245886]
0.1440151482825 [0.144129171968] [0.143901124597]
0.1357270181175 [0.141099825501] [0.130354210734]
0.131283711642 [0.138300850987] [0.124266572297]
