0.1718074083327 [0.294505447149] [0.0491093695164]
0.1710822377354 [0.295025408268] [0.0471390672028]
0.1701783332973 [0.294847100973] [0.0455095656216]
0.16819109208905 [0.291935384274] [0.0444467999041]
0.1643324308095 [0.284558743238] [0.044106118381]
0.1586388740691 [0.272849798203] [0.0444279499352]
0.1537988688797 [0.262623846531] [0.0449738912284]
0.15015046671015 [0.254744917154] [0.0455560162663]
0.14687932282670002 [0.247446402907] [0.0463122427464]
0.1386894434691 [0.229690372944] [0.0476885139942]
0.12246273271755 [0.195918336511] [0.0490071289241]
0.10443121753635001 [0.159415781498] [0.0494466535747]
0.0895241796969 [0.130918473005] [0.0481298863888]
0.0793764721604 [0.111736364663] [0.0470165796578]
0.07310879975555 [0.0993660390377] [0.0468515604734]
0.0702864602208 [0.0923162847757] [0.0482566356659]
0.07075860351325 [0.0894087553024] [0.0521084517241]
0.07447827421129999 [0.0895010307431] [0.0594555176795]
0.08121188730000001 [0.091074347496] [0.071349427104]
0.0895666256547 [0.090613886714] [0.0885193645954]
0.09770891070365 [0.0853821337223] [0.110035687685]
0.10377471521505 [0.0776262357831] [0.129923194647]
0.10440027341239999 [0.0706631615758] [0.138137385249]
0.08956978470105001 [0.0654407888651] [0.113698780537]
0.0774366371334 [0.0624118149281] [0.0924614593387]
0.06993986666205 [0.061850450933] [0.0780292823911]
0.07149269059305 [0.0634660199285] [0.0795193612576]
0.07580837607384999 [0.0668731406331] [0.0847436115146]
0.08042755350469999 [0.0719445347786] [0.0889105722308]
0.0850602723658 [0.0774433538318] [0.0926771908998]
0.0899051353335 [0.0825296938419] [0.0972805768251]
0.09524978324755 [0.0862684026361] [0.104231163859]
0.10136032104495 [0.0881377160549] [0.114582926035]
0.10808630660185 [0.0883671864867] [0.127805426717]
0.11434205994015001 [0.0887408927083] [0.139943227172]
0.1198012530806 [0.0919162333012] [0.14768627286]
0.12488647550350002 [0.100903898478] [0.148869052529]
0.132229398936 [0.120578311384] [0.143880486488]
0.149484090507 [0.151845425367] [0.147122755647]
0.1575524359945 [0.17367695272] [0.141427919269]
0.14722361415649998 [0.163711830974] [0.130735397339]
0.128209184855 [0.136061683297] [0.120356686413]
0.1123192459345 [0.111865825951] [0.112772665918]
0.10202837735425 [0.0954093933105] [0.108647361398]
0.09549879655235 [0.0832082033157] [0.107789389789]
0.0915348157285 [0.073192499578] [0.109877131879]
0.08943297714005 [0.0644885823131] [0.114377371967]
0.0887396391482 [0.0572959147394] [0.120183363557]
0.08858874067675 [0.0519076660275] [0.125269815326]
0.08773704618225 [0.0481806099415] [0.127293482423]
0.08572674728919999 [0.0457174517214] [0.125736042857]
0.08329518511875 [0.0441115275025] [0.122478842735]
0.08134753070760001 [0.0433357395232] [0.119359321892]
0.0805811695756 [0.0434128642082] [0.117749474943]
0.0815282929691 [0.0445678643882] [0.11848872155]
0.08427025936535 [0.0472177676857] [0.121322751045]
0.08859318494770001 [0.0519181489944] [0.125268220901]
0.0941494721919 [0.0590959526598] [0.129202991724]
0.1010375879704 [0.0688394531608] [0.13323572278]
0.1090967133642 [0.0821595042944] [0.136033922434]
0.1189162097875 [0.102192126215] [0.13564029336]
0.13380922377100002 [0.135667786002] [0.13195066154]
0.158186994493 [0.190550103784] [0.125823885202]
0.193575117737 [0.268077433109] [0.119072802365]
0.232151262462 [0.350576162338] [0.113726362586]
0.2588079907 [0.406566053629] [0.111049927771]
0.2721116021275 [0.433033615351] [0.111189588904]
0.281793735921 [0.450327992439] [0.113259479403]
0.288973920047 [0.461946517229] [0.116001322865]
0.2937025129795 [0.468383193016] [0.119021832943]
0.296171654016 [0.469755858183] [0.122587449849]
0.2961568683385 [0.465804636478] [0.126509100199]
0.2893543541435 [0.450617104769] [0.128091603518]
0.263214305043 [0.400777339935] [0.125651270151]
0.20954795181750002 [0.30659326911] [0.112502634525]
0.15944405272625 [0.221771165729] [0.0971169397235]
0.12535052373995 [0.167128190398] [0.0835728570819]
0.10483035072665 [0.135181933641] [0.0744787678123]
0.0929975733163 [0.116252407432] [0.0697427392006]
0.08703541383130001 [0.105716206133] [0.0683546215296]
0.08478193730120001 [0.100167118013] [0.0693967565894]
0.0843844562769 [0.0970563367009] [0.0717125758529]
0.0847118459642 [0.0949280783534] [0.074495613575]
0.08509700372814999 [0.0932842418551] [0.0769097656012]
0.0848134085536 [0.0915512964129] [0.0780755206943]
0.08281990513205001 [0.088993050158] [0.0766467601061]
0.0797397904098 [0.0854013338685] [0.0740782469511]
0.07667538151145001 [0.0813354179263] [0.0720153450966]
0.0752425156534 [0.0793813839555] [0.0711036473513]
0.07742030918600001 [0.0824221223593] [0.0724184960127]
0.0852136313915 [0.0936890468001] [0.0767382159829]
0.10076081007715 [0.116388067603] [0.0851335525513]
0.12402455881235 [0.15192823112] [0.0961208865047]
0.1486925184725 [0.191528841853] [0.105856195092]
0.1662907674905 [0.221316799521] [0.11126473546]
0.172001052648 [0.232174500823] [0.111827604473]
0.171239886433 [0.233214616776] [0.10926515609]
0.167078435421 [0.229443207383] [0.104713663459]
0.1591115444898 [0.219386845827] [0.0988362431526]
0.1451220698657 [0.198886841536] [0.0913572981954]
0.12508544325845 [0.1674400419] [0.0827308446169]
0.1050243712964 [0.134276837111] [0.0757719054818]
0.0914523527024 [0.111317902803] [0.0715868026018]
0.0836617574096 [0.0976159721613] [0.0697075426579]
0.0794403888285 [0.0894650816917] [0.0694156959653]
0.07726365327835 [0.0846525654197] [0.069874741137]
0.07612614706160001 [0.0816419273615] [0.0706103667617]
