0.0905252993107 [0.0891063436866] [0.0919442549348]
0.0862930007279 [0.0795389637351] [0.0930470377207]
0.07945462316275001 [0.0703896135092] [0.0885196328163]
0.07239289954305 [0.0626810193062] [0.0821047797799]
0.0668769758195 [0.0569417960942] [0.0768121555448]
0.06396102160215 [0.0528952106833] [0.075026832521]
0.06338593363759999 [0.0511342063546] [0.0756376609206]
0.064233712852 [0.051063850522] [0.077403575182]
0.0654484834522 [0.0521290488541] [0.0787679180503]
0.06659019924699999 [0.0537507422268] [0.0794296562672]
0.06806924939155 [0.0556892231107] [0.0804492756724]
0.06989995203915 [0.0577897168696] [0.0820101872087]
0.07165222428735 [0.05991339311] [0.0833910554647]
0.07265532389285 [0.0612346529961] [0.0840759947896]
0.07165558077395 [0.0587181635201] [0.0845929980278]
0.07007863186300001 [0.0538608245552] [0.0862964391708]
0.069870274514 [0.0494821146131] [0.0902584344149]
0.07186673395335 [0.0470308251679] [0.0967026427388]
0.0754925925287 [0.0459217466414] [0.105063438416]
0.07961829751745 [0.0458588600159] [0.113377735019]
0.0829419512302 [0.0462158955634] [0.119668006897]
0.08454399742205 [0.0462999455631] [0.122788049281]
0.0844694133849 [0.0454731099308] [0.123465716839]
0.08392281271525 [0.0442149452865] [0.123630680144]
0.08434332720945001 [0.0426923595369] [0.125994294882]
0.0860566422341 [0.0410015881062] [0.131111696362]
0.0872731208801 [0.0391668826342] [0.135379359126]
0.08636575750985 [0.0372024588287] [0.135529056191]
0.08596370741715001 [0.0352700278163] [0.136657387018]
0.0865577105435 [0.033795196563] [0.139320224524]
0.0865161009135 [0.03328859061] [0.139743611217]
0.0860448293386 [0.0346403047442] [0.137449353933]
0.08718363940735001 [0.0398497134447] [0.13451756537]
0.08582314848885 [0.0398497134447] [0.131796583533]
0.08461307734235 [0.0398497134447] [0.12937644124]
0.08399222791185 [0.0398497134447] [0.128134742379]
0.08403613418335 [0.0398497134447] [0.128222554922]
0.08456393331285 [0.0398497134447] [0.129278153181]
0.08567826449885001 [0.0398497134447] [0.131506815553]
0.08738029003135 [0.0398497134447] [0.134910866618]
0.08923511207085 [0.0398497134447] [0.138620510697]
0.09025278687485 [0.0398497134447] [0.140655860305]
0.09016853570935 [0.0398497134447] [0.140487357974]
0.08940967917435 [0.0398497134447] [0.138969644904]
0.173604570329 [0.209930554032] [0.137278586626]
0.1751475557685 [0.213428765535] [0.136866346002]
0.17816635966299998 [0.215027704835] [0.141305014491]
0.178144685924 [0.210008621216] [0.146280750632]
0.1731045395135 [0.198730304837] [0.14747877419]
0.16603799164299998 [0.186355292797] [0.145720690489]
0.159132771194 [0.174337372184] [0.143928170204]
0.153205506504 [0.165039390326] [0.141371622682]
0.146504893899 [0.159222334623] [0.133787453175]
0.139123458415 [0.156269356608] [0.121977560222]
0.1333082057535 [0.155171230435] [0.111445181072]
0.12938290089350002 [0.156064093113] [0.102701708674]
0.12662173435095 [0.156169936061] [0.0970735326409]
0.12471782416089999 [0.154232472181] [0.0952031761408]
0.12357701361165 [0.150894373655] [0.0962596535683]
0.12164626270555 [0.146342530847] [0.0969499945641]
0.11773709207795 [0.141426712275] [0.0940474718809]
0.11166070774180001 [0.135130986571] [0.0881904289126]
0.10661045461890001 [0.131122380495] [0.0820985287428]
0.10648455843345 [0.134489193559] [0.0784799233079]
0.10970329865835 [0.142801329494] [0.0766052678227]
0.11494206264615 [0.153820887208] [0.0760632380843]
0.1212061680852 [0.165618613362] [0.0767937228084]
0.12785818055265 [0.176449254155] [0.0792671069503]
0.13435030356045 [0.184696316719] [0.0840042904019]
0.13975749537345 [0.188951075077] [0.0905639156699]
0.1434832029045 [0.190011560917] [0.096954844892]
0.14228934422130002 [0.185879588127] [0.0986991003156]
0.13329337164775001 [0.173522666097] [0.0930640771985]
0.11777088791115001 [0.152807563543] [0.0827342122793]
0.1026575565339 [0.132992744446] [0.0723223686218]
0.09158002957675 [0.118261635303] [0.0648984238505]
0.0844484660773 [0.108240291476] [0.0606566406786]
0.08050705492505 [0.101915203035] [0.0590989068151]
0.07880779728295001 [0.0986197590828] [0.0589958354831]
0.0777314472944 [0.0963253974915] [0.0591374970973]
0.07577233016490001 [0.0926465392113] [0.0588981211185]
0.07336062192915 [0.0889721363783] [0.05774910748]
0.07120859809220001 [0.0856605693698] [0.0567566268146]
0.06937798112634999 [0.082660548389] [0.0560954138637]
0.06820551306005 [0.0804922431707] [0.0559187829494]
0.0680912900716 [0.0797760039568] [0.0564065761864]
0.06950902380045 [0.0810699909925] [0.0579480566084]
0.0734409093857 [0.0853104069829] [0.0615714117885]
0.0816292017698 [0.0943578109145] [0.0689005926251]
0.09660041332225 [0.111514896154] [0.0816859304905]
0.1220785081385 [0.14101575315] [0.103141263127]
0.1582857593895 [0.183553785086] [0.133017733693]
0.1972397193315 [0.23102401197] [0.163455426693]
0.22826761752400002 [0.271371662617] [0.185163572431]
0.247704297304 [0.300006896257] [0.195401698351]
0.2614841759205 [0.321960508823] [0.201007843018]
0.273008979857 [0.339616984129] [0.206400975585]
0.2838786691425 [0.355399876833] [0.212357461452]
0.291786581278 [0.366295605898] [0.217277556658]
0.2929570823905 [0.366431623697] [0.219482541084]
0.288763515651 [0.358060836792] [0.21946619451]
0.28315445035700004 [0.346828430891] [0.219480469823]
0.2799652740355 [0.339291542768] [0.220639005303]
0.2815632596615 [0.339655697346] [0.223470821977]
0.2856652513145 [0.346031337976] [0.225299164653]
0.288996525109 [0.355663627386] [0.222329422832]
0.291442044079 [0.364315539598] [0.21856854856]
0.29409110546100004 [0.369148403406] [0.219033807516]
0.297530680895 [0.368335902691] [0.226725459099]
0.3025373965505 [0.364013165236] [0.241061627865]
0.307339400053 [0.356450915337] [0.258227884769]
0.309208065271 [0.345373779535] [0.273042351007]
0.306855663657 [0.331096112728] [0.282615214586]
0.304910853505 [0.321518301964] [0.288303405046]
0.307794004679 [0.322757780552] [0.292830228806]
0.31467957794699997 [0.333580195904] [0.29577895999]
0.3233087956905 [0.348794668913] [0.297822922468]
0.3307371884585 [0.361142218113] [0.300332158804]
0.3326565623285 [0.362499266863] [0.302813857794]
0.33146968483899997 [0.357173234224] [0.305766135454]
0.3254730403425 [0.342950731516] [0.307995349169]
0.31520262360600004 [0.326269298792] [0.30413594842]
