0.0966000296175 [0.121147327125] [0.07205273211]
0.129359036684 [0.153784111142] [0.104933962226]
0.16803759336500002 [0.184630855918] [0.151444330812]
0.1564488112925 [0.153523132205] [0.15937449038]
0.09939260780805001 [0.0911341607571] [0.107651054859]
0.058734096586699994 [0.0541924610734] [0.0632757321]
0.0384733937681 [0.0369779132307] [0.0399688743055]
0.02914095949385 [0.0293653365225] [0.0289165824652]
0.02518068626525 [0.0263876132667] [0.0239737592638]
0.02398944459855 [0.025759126991] [0.0222197622061]
0.024299893528250002 [0.0262900516391] [0.0223097354174]
0.02544170804325 [0.0272672530264] [0.0236161630601]
0.0270543927327 [0.0282695554197] [0.0258392300457]
0.0280837863684 [0.027315851301] [0.0288517214358]
0.0293269483373 [0.0265438947827] [0.0321100018919]
0.0306133069098 [0.0258499532938] [0.0353766605258]
0.0316870128736 [0.0251703169197] [0.0382037088275]
0.032504482194749995 [0.0245242156088] [0.0404847487807]
0.0335109280422 [0.0242325197905] [0.0427893362939]
0.03540944866835 [0.0248505882919] [0.0459683090448]
0.03912521339955 [0.0272271111608] [0.0510233156383]
0.044985430315149996 [0.032666284591] [0.0573045760393]
0.0527906510979 [0.0437106192112] [0.0618706829846]
0.06332418322565 [0.065520554781] [0.0611278116703]
0.056289933621900004 [0.0565224029124] [0.0560574643314]
0.048620948568 [0.0465474613011] [0.0506944358349]
0.04174097813665 [0.0365994423628] [0.0468825139105]
0.0369278732687 [0.0296873934567] [0.0441683530807]
0.03675795346495 [0.0318733565509] [0.041642550379]
0.03583993576465 [0.0325591005385] [0.0391207709908]
0.034478992223750005 [0.0324035473168] [0.0365544371307]
0.0333697088063 [0.0324154943228] [0.0343239232898]
0.03289817087355 [0.0331923887134] [0.0326039530337]
0.03308998048305 [0.0347467623651] [0.031433198601]
0.03366844262925 [0.0366196222603] [0.0307172629982]
0.0344983274117 [0.0383486971259] [0.0306479576975]
0.035808350890899995 [0.0397923178971] [0.0318243838847]
0.03819931484755 [0.0411205552518] [0.0352780744433]
0.0421523377299 [0.0425996035337] [0.0417050719261]
0.0544162392616 [0.0568533092737] [0.0519791692495]
0.07080567255615 [0.0764307901263] [0.065180554986]
0.08669776096939999 [0.0927852913737] [0.0806102305651]
0.1006959453224 [0.105148501694] [0.0962433889508]
0.115402586758 [0.117983333766] [0.11282183975]
0.13580714911199998 [0.137842059135] [0.133772239089]
0.165372915566 [0.167764604092] [0.16298122704]
0.198668785393 [0.200605601072] [0.196731969714]
0.225044220686 [0.227143600583] [0.222944840789]
0.23616905510449998 [0.236607164145] [0.235730946064]
0.2368564754725 [0.232331171632] [0.241381779313]
0.22185646742600001 [0.199184894562] [0.24452804029]
0.1924587190155 [0.141855105758] [0.243062332273]
0.1686520688234 [0.0954122319818] [0.241891905665]
0.15460511669515 [0.0678282752633] [0.241381958127]
0.1472214292733 [0.0523710660636] [0.242071792483]
0.14445475861425 [0.0437834486365] [0.245126068592]
0.14428324811145 [0.0391537509859] [0.249412745237]
0.14448721520619998 [0.0367980860174] [0.252176344395]
0.14412034302954999 [0.0355286151171] [0.252712070942]
0.1420732345431 [0.0345718674362] [0.24957460165]
0.13801487907775 [0.0335217788815] [0.242507979274]
0.13047099485969998 [0.0321943834424] [0.228747606277]
0.12043429724895 [0.0303159765899] [0.210552617908]
0.1079257344828 [0.0276847016066] [0.188166767359]
0.0974368844181 [0.0245963521302] [0.170277416706]
0.0914094606412 [0.0218874979764] [0.160931423306]
0.08812591154129999 [0.0199542138726] [0.15629760921]
0.08603709843015 [0.0190888177603] [0.1529853791]
0.08514128346000001 [0.019500458613] [0.150782108307]
0.0850577279926 [0.0211099982262] [0.149005457759]
0.08532513026135 [0.0234057027847] [0.147244557738]
0.08512698393319999 [0.0255372878164] [0.14471668005]
0.0850486289712 [0.0269017480314] [0.143195509911]
0.08589047845475001 [0.0276972632855] [0.144083693624]
0.08745140489165 [0.0281012188643] [0.146801590919]
0.08986622001969999 [0.0280618499964] [0.151670590043]
0.0930485576392 [0.0276276767254] [0.158469438553]
0.0969766741618 [0.0272023361176] [0.166751012206]
0.10137012694025 [0.0273576993495] [0.175382554531]
0.10661334265024999 [0.0286768022925] [0.184549883008]
0.1145990863443 [0.0317433327436] [0.197454839945]
0.12574540264905 [0.0361232794821] [0.215367525816]
0.13560246862485 [0.0403867848217] [0.230818152428]
0.14291102252925 [0.0431632213295] [0.242658823729]
0.1489787679165 [0.044050630182] [0.253906905651]
0.15478023700420002 [0.0439751408994] [0.265585333109]
0.15913174301404998 [0.0438282936811] [0.274435192347]
0.15701768733575 [0.0440258570015] [0.27000951767]
0.1383619010448 [0.0446707606316] [0.232053041458]
0.10015001706769999 [0.0462900809944] [0.154009953141]
0.06898176297545 [0.0499927401543] [0.0879707857966]
0.0547547955066 [0.0575859956443] [0.0519235953689]
0.052035510539999996 [0.0698214843869] [0.0342495366931]
0.0555958412588 [0.0856638103724] [0.0255278721452]
0.06022184342145 [0.0991726219654] [0.0212710648775]
0.0621750643475 [0.104920595884] [0.019429532811]
0.0622165678067 [0.105583041906] [0.0188500937074]
0.0617938898506 [0.10474562645] [0.0188421532512]
0.0619189506395 [0.104726463556] [0.019111437723]
0.0626347865909 [0.106057703495] [0.0192118696868]
0.06330777052805 [0.107456840575] [0.0191587004811]
0.06354232784370001 [0.108114898205] [0.0189697574824]
0.0629813335835 [0.107216067612] [0.018746599555]
0.061339136213249996 [0.10395090282] [0.0187273696065]
0.05949774477635 [0.0994959622622] [0.0194995272905]
0.058394555933799996 [0.0948807820678] [0.0219083297998]
0.06091987900435 [0.0945203453302] [0.0273194126785]
0.06905018538225 [0.100317828357] [0.0377825424075]
0.0835488792507 [0.111358992755] [0.0557387657464]
0.10218924283985001 [0.124481394887] [0.0798970907927]
0.1175019107755 [0.134396076202] [0.100607745349]
0.1244466789065 [0.138068497181] [0.110824860632]
0.1259681619705 [0.136613920331] [0.11532240361]
0.1258138641715 [0.132830113173] [0.11879761517]
0.125486657023 [0.129030719399] [0.121942594647]
0.1251659579575 [0.125859290361] [0.124472625554]
0.124741047621 [0.123171910644] [0.126310184598]
0.1248897649345 [0.121427096426] [0.128352433443]
0.125697568059 [0.121478810906] [0.129916325212]
0.1268916018305 [0.123991139233] [0.129792064428]
0.12749387323849998 [0.127548605204] [0.127439141273]
