0.199187703431 [0.263076156378] [0.135299250484]
0.227404274046 [0.286730498075] [0.168078050017]
0.26216207444649997 [0.314725965261] [0.209598183632]
0.29772123694450003 [0.341715306044] [0.253727167845]
0.3240182995795 [0.365952551365] [0.282084047794]
0.3367968052625 [0.383343696594] [0.290249913931]
0.3399499207735 [0.393218547106] [0.286681294441]
0.3416710495945 [0.400270760059] [0.28307133913]
0.344219818711 [0.407040864229] [0.281398773193]
0.3453565239905 [0.411378234625] [0.279334813356]
0.344699278474 [0.412443548441] [0.276955008507]
0.343493402004 [0.413526445627] [0.273460358381]
0.3343044519425 [0.401256859303] [0.267352044582]
0.3133388757705 [0.371900647879] [0.254777103662]
0.271051064134 [0.306367427111] [0.235734701157]
0.2160539627075 [0.217696636915] [0.2144112885]
0.1719778180125 [0.148265883327] [0.195689752698]
0.1436596624555 [0.105867035687] [0.181452289224]
0.1295860037206 [0.0825044810772] [0.176667526364]
0.12443272396925001 [0.0701620057225] [0.178703442216]
0.12444973364484999 [0.0651158615947] [0.183783605695]
0.12248807400440001 [0.0645666271448] [0.180409520864]
0.11689101532089999 [0.0661865398288] [0.167595490813]
0.10946291312555001 [0.0683392807841] [0.150586545467]
0.1042860709132 [0.0701074525714] [0.138464689255]
0.1001353897153 [0.0714475139976] [0.128823265433]
0.09497692435970001 [0.0721468776464] [0.117806971073]
0.0890056081115 [0.072396799922] [0.105614416301]
0.08364433422685 [0.0726958885789] [0.0945927798748]
0.08007219433785 [0.0742426887155] [0.0859016999602]
0.07803900539875 [0.0782743990421] [0.0778036117554]
0.07697829604145001 [0.0848281756043] [0.0691284164786]
0.0750589892268 [0.0905727744102] [0.0595452040434]
0.06970700621605 [0.088753901422] [0.0506601110101]
0.05994203314185 [0.0764199793339] [0.0434640869498]
0.04994751885535 [0.0616826415062] [0.0382123962045]
0.0428330991417 [0.0508323609829] [0.0348338373005]
0.0388829242438 [0.0447689592838] [0.0329968892038]
0.037362581118949995 [0.0422330275178] [0.0324921347201]
0.037823066115349996 [0.0421572104096] [0.0334889218211]
0.04002644307915 [0.0437399670482] [0.0363129191101]
0.0433408450335 [0.0461288616061] [0.0405528284609]
0.04640093259515 [0.0481873191893] [0.044614546001]
0.04891835711895 [0.0493318848312] [0.0485048294067]
0.0507458690554 [0.0496915765107] [0.0518001616001]
0.05277191475035 [0.0502688065171] [0.0552750229836]
0.056315295398250004 [0.0524294264615] [0.060201164335]
0.06320872716605 [0.0574865676463] [0.0689308866858]
0.0755598768592 [0.0667262747884] [0.08439347893]
0.0948750749233 [0.0804731845856] [0.109276965261]
0.1178995035591 [0.0943438187242] [0.141455188394]
0.13773915171599999 [0.100134819746] [0.175343483686]
0.14837191998955 [0.0947530120611] [0.201990827918]
0.15095032751555 [0.0844974368811] [0.21740321815]
0.15235138311975 [0.0757399871945] [0.228962779045]
0.14876570552605 [0.0696479380131] [0.227883473039]
0.1424445584416 [0.0656570196152] [0.219232097268]
0.13516028225445 [0.0635118633509] [0.206808701158]
0.12880822271109998 [0.0631062537432] [0.194510191679]
0.12456927076005 [0.0637761279941] [0.185362413526]
0.1224022135137 [0.0645332187414] [0.180271208286]
0.1211813092231 [0.0642738044262] [0.17808881402]
0.1199958622456 [0.0632981657982] [0.176693558693]
0.11903781071325001 [0.0627598538995] [0.175315767527]
0.1175325773657 [0.0642221048474] [0.170843049884]
0.11443305015555 [0.0683953464031] [0.160470753908]
0.11038864403965 [0.0750643461943] [0.145712941885]
0.10763619840149999 [0.083434432745] [0.131837964058]
0.10695216804745 [0.0916305631399] [0.122273772955]
0.10704512521615 [0.0969280153513] [0.117162235081]
0.10729941353175 [0.0990964621305] [0.115502364933]
0.10762992501235 [0.0993250906467] [0.115934759378]
0.1079531535505 [0.098697707057] [0.117208600044]
0.1080977506937 [0.0978047922254] [0.118390709162]
0.108307406306 [0.097345046699] [0.119269765913]
0.10847219824775 [0.0975124537945] [0.119431942701]
0.1083108484744 [0.0978929325938] [0.118728764355]
0.10759291052835 [0.0976871475577] [0.117498673499]
0.1064287945628 [0.0964894518256] [0.1163681373]
0.10526045411804999 [0.0944915860891] [0.116029322147]
0.10512925684475 [0.0929312333465] [0.117327280343]
0.10752090811750001 [0.093518473208] [0.121523343027]
0.11337481811645 [0.0972665473819] [0.129483088851]
0.1239963397385 [0.106155857444] [0.141836822033]
0.137493498623 [0.117364943027] [0.157622054219]
0.14992512017499998 [0.127095460892] [0.172754779458]
0.159032419324 [0.132504120469] [0.185560718179]
0.16644974797950002 [0.135692089796] [0.197207406163]
0.17315046489250002 [0.137894332409] [0.208406597376]
0.1783187389375 [0.13898691535] [0.217650562525]
0.180105753243 [0.13875836134] [0.221453145146]
0.1788849681615 [0.137540131807] [0.220229804516]
0.175564296544 [0.13621647656] [0.214912116528]
0.171878613532 [0.135830432177] [0.207926794887]
0.1704682558775 [0.138088896871] [0.202847614884]
0.173946790397 [0.14557236433] [0.202321216464]
0.1848614513875 [0.161845684052] [0.207877218723]
0.203141063452 [0.187644466758] [0.218637660146]
0.223744377494 [0.217715337873] [0.229773417115]
0.2380585074425 [0.240007355809] [0.236109659076]
0.24245139956450001 [0.247370794415] [0.237532004714]
0.239687040448 [0.244671419263] [0.234702661633]
0.23421642929300002 [0.238361224532] [0.230071634054]
0.2295480147 [0.231304183602] [0.227791845798]
0.2285767570135 [0.225547149777] [0.23160636425]
0.233511708677 [0.22319829464] [0.243825122714]
0.24847228825099998 [0.227401256561] [0.269543319941]
0.2736747860905 [0.240693211555] [0.306656360626]
0.305208772421 [0.262062937021] [0.348354607821]
0.3370725661515 [0.28934904933] [0.384796082973]
0.363098233938 [0.31591245532] [0.410284012556]
0.377013757825 [0.335230052471] [0.418797463179]
0.380166307092 [0.344307214022] [0.416025400162]
0.383026853204 [0.35172149539] [0.414332211018]
0.38938517868550004 [0.363740295172] [0.415030062199]
0.3963685929775 [0.374182373285] [0.41855481267]
0.40554869174950003 [0.385535091162] [0.425562292337]
0.415534377098 [0.395577222109] [0.435491532087]
0.42710761725900004 [0.406635522842] [0.447579711676]
0.43299661576750004 [0.416188955307] [0.449804276228]
0.431245788932 [0.422492682934] [0.43999889493]
0.42490163445499995 [0.424625605345] [0.425177663565]
0.4159129709005 [0.42227935791] [0.409546583891]
0.404404491186 [0.416714757681] [0.392094224691]
0.3929701447485 [0.412789195776] [0.373151093721]
0.384282693267 [0.412117481232] [0.356447905302]
0.37535980343849995 [0.410956323147] [0.33976328373]
0.365326225758 [0.407425284386] [0.32322716713]
0.35559608042199997 [0.402332693338] [0.308859467506]
0.345635026693 [0.395714640617] [0.295555412769]
0.3317788243295 [0.383313506842] [0.280244141817]
0.31537716090699996 [0.370211005211] [0.260543316603]
0.298153169453 [0.355704843998] [0.240601494908]
0.281061992049 [0.340279430151] [0.221844553947]
0.265128962696 [0.323962002993] [0.206295922399]
0.253574565053 [0.311870276928] [0.195278853178]
0.24657644331450002 [0.304666489363] [0.188486397266]
0.2417204529045 [0.298945754766] [0.184495151043]
0.23955506831450002 [0.297164767981] [0.181945368648]
0.2412263527515 [0.300584673882] [0.181868031621]
0.247754059732 [0.309550255537] [0.185957863927]
0.25993213802549997 [0.323904752731] [0.19595952332]
0.27491380274300004 [0.339640825987] [0.210186779499]
0.291252501309 [0.355193942785] [0.227311059833]
0.305653914809 [0.366439759731] [0.244868069887]
0.3151966631415 [0.370395153761] [0.259998172522]
0.3204527795315 [0.366878837347] [0.274026721716]
0.3231832534075 [0.360018283129] [0.286348223686]
0.322506889701 [0.352722764015] [0.292291015387]
0.321289792657 [0.347655892372] [0.294923692942]
0.32380102574799996 [0.3498660326] [0.297736018896]
