0.014062537346 [0.014533823356] [0.013591251336]
0.015356056392200002 [0.0161132570356] [0.0145988557488]
0.01696347538385 [0.0179089084268] [0.0160180423409]
0.0189499808475 [0.019780466333] [0.018119495362]
0.020768718794 [0.0211208835244] [0.0204165540636]
0.0220846310258 [0.0215347856283] [0.0226344764233]
0.023019122891149997 [0.0213693659753] [0.024668879807]
0.02426219079645 [0.0213598012924] [0.0271645803005]
0.02671581041065 [0.0221809763461] [0.0312506444752]
0.03118558507415 [0.0243218857795] [0.0380492843688]
0.0376632558182 [0.0277171712369] [0.0476093403995]
0.0445476770401 [0.0315749682486] [0.0575203858316]
0.0490866824985 [0.0345190763474] [0.0636542886496]
0.0507279764861 [0.0363428555429] [0.0651130974293]
0.051020497456200006 [0.0373966656625] [0.0646443292499]
0.05073638632895 [0.0381670668721] [0.0633057057858]
0.0495502334088 [0.0386249050498] [0.0604755617678]
0.04698843881485 [0.0386800765991] [0.0552968010306]
0.04349530674515 [0.0384922362864] [0.0484983772039]
0.04093513824045 [0.039072945714] [0.0427973307669]
0.040669195354 [0.0421308875084] [0.0392075031996]
0.04353866167365 [0.0491675548255] [0.0379097685218]
0.0487415920943 [0.059284940362] [0.0381982438266]
0.0546949300915 [0.0699079036713] [0.0394819565117]
0.05993546918035 [0.0776927620173] [0.0421781763434]
0.0641157831997 [0.0809688046575] [0.0472627617419]
0.0679098069668 [0.0812969431281] [0.0545226708055]
0.0711982510984 [0.0801056474447] [0.0622908547521]
0.07334553077815001 [0.0781588181853] [0.068532243371]
0.07382426783439999 [0.0756934583187] [0.0719550773501]
0.07242961972955 [0.0725339353085] [0.0723253041506]
0.0695926807821 [0.0685473755002] [0.070637986064]
0.0663974583149 [0.06388104707] [0.0689138695598]
0.0640869624913 [0.0599128007889] [0.0682611241937]
0.06434375420215 [0.0599128007889] [0.0687747076154]
0.06519515812400001 [0.0599128007889] [0.0704775154591]
0.06648843735455001 [0.0599128007889] [0.0730640739202]
0.06780671328305 [0.0599128007889] [0.0757006257772]
0.0682597383857 [0.0599128007889] [0.0766066759825]
0.06759189441800001 [0.0599128007889] [0.0752709880471]
0.06546535342935 [0.0599128007889] [0.0710179060698]
0.0619604922831 [0.0599128007889] [0.0640081837773]
0.05767535418275 [0.0599128007889] [0.0554379075766]
0.047275993973050004 [0.0475416630507] [0.0470103248954]
0.03719092719255 [0.032305046916] [0.0420768074691]
0.03353986889125 [0.0249477773905] [0.042131960392]
0.03248428739605 [0.0214526169002] [0.0435159578919]
0.03386142943055 [0.0200545098633] [0.0476683489978]
0.036864480935 [0.0198455881327] [0.0538833737373]
0.04078923817725 [0.0204290729016] [0.0611494034529]
0.04530273191635 [0.0217073373497] [0.068898126483]
0.0498945452273 [0.0235719010234] [0.0762171894312]
0.054064758122 [0.025910794735] [0.082218721509]
0.0573951005936 [0.028392598033] [0.0863976031542]
0.05970134865495 [0.0306957419962] [0.0887069553137]
0.06028375588359999 [0.0314928032458] [0.0890747085214]
0.0603152550757 [0.0320670232177] [0.0885634869337]
0.06073361076415 [0.0329037345946] [0.0885634869337]
0.061716400086900006 [0.0348693132401] [0.0885634869337]
0.0638464987278 [0.0391295105219] [0.0885634869337]
0.0679824594408 [0.0474014319479] [0.0885634869337]
0.0752241369337 [0.0618847869337] [0.0885634869337]
0.08601805940269999 [0.0834726318717] [0.0885634869337]
0.09616709500535 [0.103770703077] [0.0885634869337]
0.10116882994785001 [0.113774172962] [0.0885634869337]
0.10134451091285 [0.114125534892] [0.0885634869337]
0.07678061537465 [0.110554017127] [0.0430072136223]
0.0739974025637 [0.104929946363] [0.0430648587644]
0.06964167021215 [0.097223110497] [0.0420602299273]
0.06328116357325 [0.0872410312295] [0.039321295917]
0.055740088224400006 [0.0758003219962] [0.0356798544526]
0.04908308573065 [0.0658097863197] [0.0323563851416]
0.04457520507275 [0.0586910434067] [0.0304593667388]
0.042097040452050004 [0.0541261322796] [0.0300679486245]
0.0410646069795 [0.0515239425004] [0.0306052714586]
0.04085301235315 [0.050101455301] [0.0316045694053]
0.04097373224795001 [0.0493230745196] [0.0326243899763]
0.0409049335867 [0.0482050999999] [0.0336047671735]
0.0401051323861 [0.04603613168] [0.0341741330922]
0.038954997435200006 [0.0421209298074] [0.035789065063]
0.0375482644886 [0.036952380091] [0.0381441488862]
0.0363932028413 [0.0322448089719] [0.0405415967107]
0.03571836091575 [0.0287034027278] [0.0427333191037]
0.03547126892955 [0.0263586621732] [0.0445838756859]
0.035838873125599996 [0.0250174086541] [0.0466603375971]
0.03713732771575 [0.0244816765189] [0.0497929789126]
0.0395814999938 [0.0245104506612] [0.0546525493264]
0.043181755579999995 [0.0248881634325] [0.0614753477275]
0.04745480790735 [0.0250216498971] [0.0698879659176]
0.051327304914600004 [0.0242011733353] [0.0784534364939]
0.053558396175500005 [0.0225555486977] [0.0845612436533]
0.054116038605550004 [0.0207843221724] [0.0874477550387]
0.054180198349049996 [0.019472124055] [0.0888882726431]
0.0547002153471 [0.0188197586685] [0.0905806720257]
0.05613292288035 [0.0189721193165] [0.0932937264442]
0.0583409834653 [0.0200608931482] [0.0966210737824]
0.062091107480400004 [0.0219912808388] [0.102190934122]
0.0667332774029 [0.0243504550308] [0.109116099775]
0.07067015580845 [0.0265954919159] [0.114744819701]
0.07483031414454999 [0.0282551757991] [0.12140545249]
0.07808034494495 [0.0293726250529] [0.126788064837]
0.0822156416252 [0.0302562657744] [0.134175017476]
0.0866721300407 [0.0310866143554] [0.142257645726]
0.09072187729195 [0.0322643406689] [0.149179413915]
0.0935692992062 [0.0344165824354] [0.152722015977]
0.0958788674324 [0.0387731604278] [0.152984574437]
0.1001655943691 [0.0469957962632] [0.153335392475]
0.10705157555655 [0.0609158016741] [0.153187349439]
0.11693776771425 [0.0808670297265] [0.153008505702]
0.1270893402395 [0.101719431579] [0.1524592489]
0.132762607187 [0.11416644603] [0.151358768344]
0.1347479484975 [0.119330309331] [0.150165587664]
0.135222375393 [0.120551869273] [0.149892881513]
0.1360855810345 [0.120664663613] [0.151506498456]
0.1370449587705 [0.119029954076] [0.155059963465]
0.134642902762 [0.109719462693] [0.159566342831]
0.1262407340109 [0.0890436843038] [0.163437783718]
0.1171903237699 [0.0685744732618] [0.165806174278]
0.11087605915945001 [0.0542893670499] [0.167462751269]
0.10836210660619999 [0.0454295389354] [0.171294674277]
0.11161782033760001 [0.0407223887742] [0.182513251901]
0.120945757255 [0.038732778281] [0.203158736229]
0.13146011531375001 [0.0379638671875] [0.22495636344]
0.13404622674005 [0.0370436608791] [0.231048792601]
0.13207585923375 [0.0355021469295] [0.228649571538]
0.12789002433425 [0.0338232293725] [0.221956819296]
0.1234213747083 [0.0323540493846] [0.214488700032]
0.1203456996009 [0.0310920979828] [0.209599301219]
0.11918352078644999 [0.0291785504669] [0.209188491106]
0.11886873561875 [0.0263885799795] [0.211348891258]
0.1166064534335 [0.023460958153] [0.209751948714]
0.11408048868195 [0.0213276743889] [0.206833302975]
0.11255515087405 [0.0204699132591] [0.204640388489]
0.1126339081674 [0.0211177058518] [0.204150110483]
0.1148332795127 [0.0230484139174] [0.206618145108]
0.11840157583345 [0.0255535468459] [0.211249604821]
0.12131795007715 [0.0282140169293] [0.214421883225]
0.12343491893274999 [0.0307179596275] [0.216151878238]
0.12553663365565 [0.0329206697643] [0.218152597547]
0.1261471956966 [0.0348035991192] [0.217490792274]
0.12137044221144999 [0.0361971408129] [0.20654374361]
0.10850631445645001 [0.0371790677309] [0.179833561182]
0.08656975626925 [0.0378657877445] [0.135273724794]
0.060317315161249996 [0.0389918088913] [0.0816428214312]
0.044559786096199996 [0.0418514944613] [0.0472680777311]
0.0390273593366 [0.0483923181891] [0.0296624004841]
0.0408685738221 [0.0608554445207] [0.0208817031235]
0.0487264217809 [0.0809969380498] [0.016455905512]
0.06013754149895 [0.105957224965] [0.0143178580329]
0.06978588504735 [0.126205325127] [0.0133664449677]
0.07352983299625 [0.134031295776] [0.0130283702165]
0.07270632917075 [0.132416635752] [0.0129960225895]
0.06980932364235 [0.126387760043] [0.0132308872417]
0.06665437622015 [0.119694501162] [0.0136142512783]
0.06432422110785 [0.114460214972] [0.0141882272437]
0.0636674771088 [0.112359322608] [0.0149756316096]
0.06529384199550001 [0.11453422159] [0.016053462401]
0.0695514800026 [0.121690481901] [0.0174124781042]
0.07688315492140001 [0.134540587664] [0.0192257221788]
0.08844055421665001 [0.154905304313] [0.0219758041203]
0.10631254222230001 [0.185899943113] [0.0267251413316]
0.1301305796951 [0.224455460906] [0.0358056984842]
0.15365074761195 [0.253733873367] [0.0535676218569]
0.1753688678146 [0.264666825533] [0.0860709100962]
0.1977566108105 [0.261642128229] [0.133871093392]
0.21362043172149997 [0.254803925753] [0.17243693769]
0.217807412148 [0.248340889812] [0.187273934484]
0.216617524624 [0.241644233465] [0.191590815783]
0.21049172431250002 [0.226092576981] [0.194890871644]
0.189385935664 [0.181846618652] [0.196925252676]
0.158520631492 [0.124707832932] [0.192333430052]
0.13151958584785 [0.0844117999077] [0.178627371788]
0.1111835315825 [0.061807140708] [0.160559922457]
0.09577220119515001 [0.0491331852973] [0.142411217093]
0.0848391950129 [0.0420939475298] [0.127584442496]
0.0767361894249 [0.0386344268918] [0.114837951958]
