0.17731194943200002 [0.261380672455] [0.093243226409]
0.18082512542625 [0.265820384026] [0.0958298668265]
0.1831240691244 [0.268067806959] [0.0981803312898]
0.20082093775249998 [0.264056533575] [0.13758534193]
0.21192165464149998 [0.251840144396] [0.172003164887]
0.19482452422399998 [0.213369011879] [0.176280036569]
0.1482682153585 [0.165414258838] [0.131122171879]
0.10811348631975 [0.124883711338] [0.0913432613015]
0.08081796765325 [0.0964914560318] [0.0651444792747]
0.06432542949915 [0.078455939889] [0.0501949191093]
0.0548859480768 [0.0676661804318] [0.0421057157218]
0.049809575080900004 [0.0614579729736] [0.0381611771882]
0.0472733154893 [0.0577774383128] [0.0367691926658]
0.04600269161165 [0.0552857071161] [0.0367196761072]
0.045408321544550004 [0.0535032078624] [0.0373134352267]
0.0452119596303 [0.0520414076746] [0.038382511586]
0.0449649039656 [0.0506264567375] [0.0393033511937]
0.04484654031695 [0.0496187508106] [0.0400743298233]
0.04505168274045 [0.0492285117507] [0.0408748537302]
0.045945439487699996 [0.0499242283404] [0.041966650635]
0.04807772673665 [0.052223905921] [0.0439315475523]
0.052167508751150005 [0.056640073657] [0.0476949438453]
0.05917123891415 [0.0636545419693] [0.054687935859]
0.0704111866653 [0.0735959112644] [0.0672264620662]
0.0864001438022 [0.0856790915132] [0.0871211960912]
0.1060844659805 [0.09902241081] [0.113146521151]
0.126003436744 [0.115429371595] [0.136577501893]
0.141693174839 [0.136047765613] [0.147338584065]
0.142957240343 [0.140232995152] [0.145681485534]
0.1194541975855 [0.103449359536] [0.135459035635]
0.0907564554363 [0.0614374540746] [0.120075456798]
0.080851001665 [0.060924295336] [0.100777707994]
0.07247229479254999 [0.0597940646112] [0.0851505249739]
0.06694544106719999 [0.0580857619643] [0.0758051201701]
0.06239342316985 [0.055579200387] [0.0692076459527]
0.058555232360950005 [0.0520773343742] [0.0650331303477]
0.05529039539395 [0.0477686189115] [0.0628121718764]
0.052620632574 [0.0431646369398] [0.0620766282082]
0.050560016185 [0.0389267429709] [0.0621932893991]
0.05179837532345 [0.0411706119776] [0.0624261386693]
0.05238498188555 [0.0422672219574] [0.0625027418137]
0.051147680729649994 [0.0394886508584] [0.0628067106009]
0.04844643361865 [0.0331740938127] [0.0637187734246]
0.0462067667395 [0.0268380306661] [0.0655755028129]
0.045471408404400004 [0.0224948544055] [0.0684479624033]
0.04707425646485 [0.0213047154248] [0.0728437975049]
0.05007302574815 [0.0201293937862] [0.0800166577101]
0.05654590390625 [0.0201293937862] [0.0929624140263]
0.0690736155956 [0.0201293937862] [0.118017837405]
0.0848016645761 [0.0201293937862] [0.149473935366]
0.0953254308551 [0.0201293937862] [0.170521467924]
0.1016705911606 [0.0201293937862] [0.183211788535]
0.1032056789846 [0.0201293937862] [0.186281964183]
0.10303330235159999 [0.0201293937862] [0.185937210917]
0.10081791598335 [0.0177632514387] [0.183872580528]
0.0984483761713 [0.0156512316316] [0.181245520711]
0.09668145701265 [0.0139917060733] [0.179371207952]
0.0963485254905 [0.012923377566] [0.179773673415]
0.09879531106 [0.012923377566] [0.184667244554]
0.10383863141750001 [0.012923377566] [0.194753885269]
0.1104002087375 [0.012923377566] [0.207877039909]
0.11726735672000001 [0.012923377566] [0.221611335874]
0.1220145761035 [0.012923377566] [0.231105774641]
0.1220145761035 [0.012923377566] [0.231105774641]
0.1220145761035 [0.012923377566] [0.231105774641]
0.1220145761035 [0.012923377566] [0.231105774641]
0.1220145761035 [0.012923377566] [0.231105774641]
0.1220145761035 [0.012923377566] [0.231105774641]
0.1220145761035 [0.012923377566] [0.231105774641]
0.1220145761035 [0.012923377566] [0.231105774641]
0.1220145761035 [0.012923377566] [0.231105774641]
0.1220145761035 [0.012923377566] [0.231105774641]
0.1220145761035 [0.012923377566] [0.231105774641]
0.05120318895205 [0.012923377566] [0.0894830003381]
0.0618304759264 [0.0545324459672] [0.0691285058856]
0.05390078015625 [0.0537486970425] [0.05405286327]
0.04931782186035 [0.0527379252017] [0.045897718519]
0.04717724025245 [0.051602166146] [0.0427523143589]
0.0468170698732 [0.0507343076169] [0.0428998321295]
0.047623956576 [0.0505528114736] [0.0446951016784]
0.04914899542925 [0.0512608736753] [0.0470371171832]
0.05098078027365 [0.0526705794036] [0.0492909811437]
0.0529056396335 [0.0543231926858] [0.0514880865812]
0.0548626948148 [0.0558825954795] [0.0538427941501]
0.05689622089265 [0.0574915669858] [0.0563008747995]
0.05845250189305 [0.0592476800084] [0.0576573237777]
0.05976976267995 [0.0613465085626] [0.0581930167973]
0.060029065236450005 [0.0628766342998] [0.0571814961731]
0.05941650271415 [0.0638384371996] [0.0549945682287]
0.0597046241164 [0.0663677975535] [0.0530414506793]
0.061756754294050004 [0.0705524459481] [0.05296106264]
0.066027328372 [0.0767565369606] [0.0552981197834]
0.0723835490644 [0.0856291800737] [0.0591379180551]
0.0801142603159 [0.0966698229313] [0.0635586977005]
0.08716224879005 [0.107664391398] [0.0666601061821]
0.09149976447245001 [0.115533985198] [0.0674655437469]
0.09288534522059999 [0.118935532868] [0.0668351575732]
0.0926390960815 [0.119799509645] [0.065478682518]
0.09188216924685 [0.120105877519] [0.0636584609747]
0.0910452231767 [0.120579592884] [0.0615108534694]
0.09071476012465 [0.121586062014] [0.0598434582353]
0.09138641320165 [0.123240225017] [0.0595326013863]
0.0936695132404 [0.125913992524] [0.0614250339568]
0.09503469988725 [0.125984936953] [0.0640844628215]
0.08951884694375 [0.118122734129] [0.0609149597585]
0.07374570705 [0.0989150926471] [0.0485763214529]
0.056983718648549994 [0.0776943564415] [0.0362730808556]
0.04502996988595 [0.0628527328372] [0.0272072069347]
