0.02998900227245 0.03035386791455 0.03131931181995 0.03252246882765 0.0336662316695 0.03446409944445 0.0348993418738 0.03483154438435 0.0345415957272 0.0350220920518 0.0377945182845 0.04373344965275 0.052872342988850005 0.06149417720735 0.0648960955441 
0.0640307441354 0.060795938596099997 0.056720992550249996 0.052608862519249996 0.04966577887535 0.04831831343475 0.048702616244549995 0.05060587264595 0.05270269140600001 0.05278969183564999 0.049671974033150004 0.0467463247478 0.04552787728605 0.04590375348924999 0.04750845208765 
0.0493806116283 0.050657527521249995 0.05123701132835 0.05119927413765 0.05063508078455 0.0491703040898 0.046726979315249995 0.04404819384215 0.0427123988047 0.04367301426825 0.0469443462789 0.05223413556815 0.058720819652050005 0.0635432433337 0.06565041281285 
0.06566272117195 0.0658235382289 0.0665872134268 0.06771529465915 0.06922375410795001 0.07206002995375001 0.0778285097329 0.0886923708022 0.10894193127730001 0.143696911633 0.186676055193 0.2212686017155 0.2294768989085 0.21019282192 0.169442385435 
0.12483092769995 0.09174101427180001 0.071230372414 0.0597685854882 0.05376954749230001 0.05027188546955 0.046354513615399995 0.040519154630600004 0.034696992486699996 0.030245998874299997 0.0274461852387 0.025961838662599997 0.02531130705025 0.024541071616100002 0.022894331254100002 
0.0206816205755 0.01884195487945 0.0177788939327 0.017367747612299998 0.01735267415645 0.0174969090149 0.0176693131216 0.01800570357595 0.0185903934762 0.01950026862325 0.020581720396899997 0.0214779479429 0.02199095208195 0.022771487943849998 0.024894069880250003 
0.0297013670206 0.0391424512491 0.056857345625750004 0.08662958815710001 0.12267651036395 0.136171590537 0.10384649783395 0.07017038576305 0.05050190538165 0.04020087420945 0.03474130108955 0.0319852028042 0.0307167582214 0.030100912787050002 0.0295823784545 
0.028979985974750003 0.028280232101699998 0.027635271661 0.027136852964749998 0.0269250785932 0.02694187220185 0.0274587897584 0.02922115195545 0.0337276402861 0.0444595795125 0.06822671927509999 0.11333640664809999 0.16922517865885 0.2004164904355 0.21399404853600001 
0.2235146984455 0.2288280501965 0.2354448884725 0.243390157819 0.2518841400745 0.260017469525 0.26527810096750004 0.2714708298445 0.280564598739 0.29158271104100003 0.30263297259800004 0.31269025802600003 0.31869740039149996 0.320308044553 0.3172945305705 
0.3111616447565 0.3039326146245 0.297302618623 0.29114665090999997 0.2866470888255 0.277864947915 0.265091955662 0.2474498674275 0.2178320512175 0.1776330173015 0.1406328305605 0.11301819235069999 0.09539500623944999 0 0 
