0.02609823923555 0.024984170682750002 0.024260639213 0.023930443450799997 0.023852083832 0.0240615233779 0.0246091261506 0.025463208556199997 0.027143630199150004 0.030398341827100002 0.0363466097042 0.045968569815150004 0.058901695534550005 0.06898374296725 0.0734118744731 
0.0736774392426 0.07140652835370001 0.06871340423825001 0.0666816085577 0.0656957644969 0.06595127284525 0.06788540631535 0.0718960650265 0.07843555137515 0.08745136111974999 0.09752742946155 0.10633073374624999 0.11276042833905 0.11813277378679998 0.12193783000105 
0.12130405753850002 0.1093994416298 0.08679804764705 0.06469815969465 0.04986956715585 0.04168599378315 0.0374967632815 0.03579960297795 0.03542137518525 0.0355059886351 0.03566741477695 0.03579726442695 0.0359292244539 0.03603535238655 0.0359623627737 
0.03535545989875 0.03398719988765 0.03211659938095 0.03106917627155 0.031607712619 0.03344939742235 0.0359420981258 0.0375395771116 0.0377577589825 0.03717380110175 0.0362935001031 0.03547695837915 0.0348147880286 0.03433077502995 0.0340872071683 
0.03436223603785 0.035713301971549996 0.0388109833002 0.04479609429835 0.053734453395 0.06288034282625 0.06904310174285 0.07022147625685 0.06388663873075 0.052257221192099995 0.039794607088000006 0.03122573345895 0.0262404493988 0.02369072660805 0.02252576127645 
0.021824030205649998 0.02104183752085 0.0200284477323 0.01900156307965 0.018081119284 0.01736036874355 0.016919724643199997 0.016813365742549997 0.0172942113131 0.01865305379035 0.0209336578846 0.0230654506013 0.02369482535865 0.0226792115718 0.0209636809304 
0.01993115060031 0.02035485859961 0.02218498615546 0.025062512140705 0.027816589456064997 0.02953128190711 0.03021362936126 0.03012039931492 0.02905124751851 0.027630130294710002 0.02650869684295 0.02643809327855 0.0275128195062 0.030457371845799996 0.035939752124250005 
0.04414735920725 0.0527697093785 0.0579860974103 0.05865296535195 0.0572543554008 0.0555449668318 0.0539625193924 0.05258110538124999 0.051766792312249996 0.052234489470750003 0.055299406871199996 0.0637247860432 0.07855052873495 0.09690354764455 0.1102526262405 
0.1145828813315 0.11456988751899999 0.114078104496 0.114371534437 0.1099942028525 0.0911549627783 0.0686635877937 0.05225967429575 0.04171780031175 0.035532516893 0.0324376784265 0.031664528884 0.03209992079065 0.0330250291154 0.034154140856099996 
0.0352460802533 0.036258904729 0.037142985500399996 0.0372638795525 0.0359330875799 0.03254168713465 0.028075962327400002 0.02424026466905 0.022030613385099998 0.021268037147799998 0.02145587000995 0.02182670217005 0.021825101226600002 0 0 
