0.178186237812 0.18990044295800002 0.19037007913 0.18946133181449998 0.1888166368006 0.1806650236249 0.14801315218225 0.10456738993544999 0.07228520698825 0.0531706288457 0.04254422243685 0.037086070282405 0.03457735991104 0.033568943152225 0.03290461399591 
0.03179745818487 0.030120248673505 0.02795923268422 0.026240923441965 0.02500516502188 0.024236193159595 0.02393126045356 0.024135224521165 0.024874848313609997 0.026187463663549997 0.0281459633261 0.0305469892919 0.03277644049375 0.03406310267745 0.03459599334745 
0.0351716736332 0.03655020333825 0.03908971324565 0.043075073510400005 0.04862207733095 0.0553038585931 0.06389536336064999 0.07588278129695 0.0969012640415 0.13146918267000002 0.17525016516449998 0.2158897668125 0.244273178279 0.262009881437 0.274464264512 
0.2839873284105 0.2887985259295 0.2893840149045 0.2882861867545 0.2909509837625 0.294424213469 0.29843113571400004 0.302327379584 0.3040793314575 0.302144855261 0.2979862093925 0.2916532680395 0.287388302386 0.2832529991865 0.276167526841 
0.263543583453 0.247075907886 0.22736382484450002 0.192352540791 0.13993405923250002 0.0878127403555 0.0544216372073 0.0366856483743 0.0275650192052 0.0228888625279 0.0204602787271 0.019143239595 0.018314440734650002 0.0177801726386 0.0174864986911 
0.0174750732258 0.01768239680675 0.01805356144905 0.0187023701146 0.01994095183905 0.02240425534545 0.0272116325796 0.036408428102749996 0.05371251516045 0.08490115776660001 0.131838597357 0.17655858397500002 0.2010112628345 0.209179855883 0.2108583003285 
0.21104218810800002 0.2108340635895 0.21072841435650003 0.211328461766 0.2131613492965 0.2156615927815 0.21832948923099998 0.2230022624135 0.22901471704249998 0.23395926505300002 0.23149713128799998 0.225008264184 0.216814853251 0.2049505487085 0.1927816867825 
0.1821182742715 0.174124352634 0.1678559966385 0.15922774747000001 0.150921408087 0.1440494954585 0.1394735909998 0.13394714891915 0.12438848614715001 0.1104583442209 0.09613187611085 0.08779478073105 0.08454314619305 0.08450927957900001 0.08610286191085001 
0.08791908621795 0.08922057226310001 0.090617582202 0.09215126559129999 0.09308321401465 0.09414288774125 0.0953632369637 0.0970891490578 0.1002128086986 0.1061765328049 0.11698446050264999 0.135164428502 0.1598360165955 0.1848503351215 0.2018030509355 
0.206534706056 0.208389542997 0.20721401274200002 0.205965682864 0.205805413425 0.2083812505005 0.2120376750825 0.216676361859 0.219680786133 0.22075881809 0.22097552567700002 0.22081836313 0.217679962516 0.20624817162749998 0.1840122342105 
0.159859314561 0.1417196244002 0 0 0 0 0 0 0 0 0 0 0 0 0 
