0.08701498806475 [0.0546680912375] [0.119361884892]
0.0863242801279 [0.0549478717148] [0.117700688541]
0.0855936743317 [0.0557465553284] [0.115440793335]
0.08532778359955 [0.0572506375611] [0.113404929638]
0.08731929585334999 [0.0607043653727] [0.113934226334]
0.092693425715 [0.067254409194] [0.118132442236]
0.09903383627515 [0.0758069828153] [0.122260689735]
0.09814809635305 [0.0801109522581] [0.116185240448]
0.0920081138613 [0.0790018737316] [0.105014353991]
0.08538420498374999 [0.0756255090237] [0.0951429009438]
0.08478030189875 [0.0747466683388] [0.0948139354587]
0.08381063863635 [0.0734299942851] [0.0941912829876]
0.082745667547 [0.0720938295126] [0.0933975055814]
0.0815561898053 [0.0707041099668] [0.0924082696438]
0.08009745925664999 [0.0689933001995] [0.0912016183138]
0.0783709995449 [0.0669220015407] [0.0898199975491]
0.07653556019065 [0.064778894186] [0.0882922261953]
0.0747391730547 [0.0629182085395] [0.0865601375699]
0.07267352379860001 [0.0612988807261] [0.0840481668711]
0.0700854305178 [0.0596669204533] [0.0805039405823]
0.06729180924594999 [0.0581543110311] [0.0764293074608]
0.06729180924594999 [0.0581543110311] [0.0764293074608]
0.06729180924594999 [0.0581543110311] [0.0764293074608]
0.06729180924594999 [0.0581543110311] [0.0764293074608]
0.06729180924594999 [0.0581543110311] [0.0764293074608]
0.06729180924594999 [0.0581543110311] [0.0764293074608]
0.06729180924594999 [0.0581543110311] [0.0764293074608]
0.06729180924594999 [0.0581543110311] [0.0764293074608]
0.06729180924594999 [0.0581543110311] [0.0764293074608]
0.06729180924594999 [0.0581543110311] [0.0764293074608]
0.06729180924594999 [0.0581543110311] [0.0764293074608]
0.06729180924594999 [0.0581543110311] [0.0764293074608]
0.06729180924594999 [0.0581543110311] [0.0764293074608]
0.06729180924594999 [0.0581543110311] [0.0764293074608]
0.06729180924594999 [0.0581543110311] [0.0764293074608]
0.05331070162355 [0.0301920957863] [0.0764293074608]
0.04459511861205 [0.0319696068764] [0.0572206303477]
0.0450843013823 [0.0326179638505] [0.0575506389141]
0.04453554004435 [0.032336588949] [0.0567344911397]
0.0437865629792 [0.0320383273065] [0.0555347986519]
0.0433562044054 [0.0319871045649] [0.0547253042459]
0.04365631379185 [0.0323517695069] [0.0549608580768]
0.044705376029 [0.0331363305449] [0.0562744215131]
0.0463191550225 [0.034132823348] [0.058505486697]
0.0483277030289 [0.0351988300681] [0.0614565759897]
0.0504305046052 [0.0360963754356] [0.0647646337748]
0.05256951227785 [0.0368298366666] [0.0683091878891]
0.0551044959575 [0.0389276333153] [0.0712813585997]
0.05748030543325 [0.0388006567955] [0.076159954071]
0.0592456012964 [0.0370539948344] [0.0814372077584]
0.06059974618255 [0.0355477519333] [0.0856517404318]
0.06184087134895 [0.0348267741501] [0.0888549685478]
0.0627141650766 [0.0342499651015] [0.0911783650517]
0.06446007825435 [0.0341870971024] [0.0947330594063]
0.0671695843339 [0.034603074193] [0.0997360944748]
0.06976277939955 [0.0353377945721] [0.104187764227]
0.0712937749923 [0.0358985736966] [0.106688976288]
0.07128242962065 [0.0361387319863] [0.106426127255]
0.0692755226047 [0.0361426733434] [0.102408371866]
0.0666778571904 [0.0360567197204] [0.0972989946604]
0.06512789428235 [0.0360536798835] [0.0942021086812]
0.0645048581064 [0.036149635911] [0.0928600803018]
0.06461756303905 [0.0363376587629] [0.0928974673152]
0.065430091694 [0.0367269255221] [0.0941332578659]
0.0669886190444 [0.0374033115804] [0.0965739265084]
0.06949802488085 [0.0393188372254] [0.0996772125363]
0.07382624037585 [0.0448609031737] [0.102791577578]
0.0803058352322 [0.0555811561644] [0.1050305143]
0.0876497700809 [0.0695578232408] [0.105741716921]
0.0936877653001 [0.0807943418622] [0.106581188738]
0.0983204543592 [0.0884013175964] [0.108239591122]
0.10094440728439999 [0.0921915397048] [0.109697274864]
0.1045871935787 [0.0949860811234] [0.114188306034]
0.1102139279246 [0.0990517362952] [0.121376119554]
0.1168416887525 [0.105071663857] [0.128611713648]
0.1277539134025 [0.11537617445] [0.140131652355]
0.1434838995335 [0.130292445421] [0.156675353646]
0.158470749855 [0.14452560246] [0.17241589725]
0.1623327881095 [0.146730482578] [0.177935093641]
0.16063335537899998 [0.141648828983] [0.179617881775]
0.15889095515 [0.135649308562] [0.182132601738]
0.15535534173249999 [0.128276154399] [0.182434529066]
0.1452780365945 [0.113964915276] [0.176591157913]
0.1304061859847 [0.0964885503054] [0.164323821664]
0.11454881355155 [0.0811195448041] [0.147978082299]
0.1017685905101 [0.0706192404032] [0.132917940617]
0.0930087417365 [0.064625442028] [0.121392041445]
0.08927049860365 [0.0625816583633] [0.115959338844]
0.0893101990224 [0.0644855499268] [0.114134848118]
0.09165177866805 [0.0691090449691] [0.114194512367]
0.09552461281395 [0.0749448314309] [0.116104394197]
0.09991390630595 [0.0812837481499] [0.118544064462]
0.1044152155521 [0.0886025428772] [0.120227888227]
0.1086853966117 [0.0972188934684] [0.120151899755]
0.112578254193 [0.107011757791] [0.118144750595]
0.1164893619715 [0.117450237274] [0.115528486669]
0.12196799367649999 [0.1298456043] [0.114090383053]
0.1307902149855 [0.145820111036] [0.115760318935]
0.14471232518549998 [0.166433259845] [0.122991390526]
0.1646943837405 [0.194296419621] [0.13509234786]
0.1866977512835 [0.226343870163] [0.147051632404]
0.20563746988749998 [0.250626862049] [0.160648077726]
0.192167431116 [0.235359609127] [0.148975253105]
0.14639176428349998 [0.183074474335] [0.109709054232]
0.1109024025499 [0.135769471526] [0.0860353335738]
0.09375682473175 [0.110359430313] [0.0771542191505]
0.0871489010751 [0.0993461310863] [0.0749516710639]
0.08324114233255 [0.0915160104632] [0.0749662742019]
0.080130495131 [0.0851662904024] [0.0750946998596]
0.0779257938266 [0.0802943557501] [0.0755572319031]
0.07651644200089999 [0.0767757147551] [0.0762571692467]
0.07570506632325 [0.0744792744517] [0.0769308581948]
0.07526947557925001 [0.0730554908514] [0.0774834603071]
0.07506597414615 [0.0721206367016] [0.0780113115907]
0.07501504570244999 [0.0714036747813] [0.0786264166236]
0.0749345831573 [0.070701494813] [0.0791676715016]
0.07481333985925001 [0.0699892193079] [0.0796374604106]
0.07435745373370001 [0.0691105872393] [0.0796043202281]
0.07350654527545 [0.0679769739509] [0.0790361166]
0.07251251116395 [0.0668371394277] [0.0781878829002]
0.07247761636975 [0.0666977837682] [0.0782574489713]
0.07735534757375 [0.0727321282029] [0.0819785669446]
0.09144113585355 [0.0885285884142] [0.0943536832929]
0.1154954209925 [0.1145767048] [0.116414137185]
0.143461063504 [0.143917828798] [0.14300429821]
0.1665530353785 [0.165856137872] [0.167249932885]
0.1851934194565 [0.180124774575] [0.190262064338]
0.19878721237199998 [0.190891817212] [0.206682607532]
0.20962131768449999 [0.201924264431] [0.217318370938]
0.216121055186 [0.212561607361] [0.219680503011]
0.2146001681685 [0.220466166735] [0.208734169602]
0.2103092074395 [0.22211496532] [0.198503449559]
0.206566877663 [0.22135476768] [0.191778987646]
0.2044160440565 [0.221770018339] [0.187062069774]
0.20563631504750002 [0.228463128209] [0.182809501886]
0.2102385163305 [0.242425009608] [0.178052023053]
0.21804405003799998 [0.262731462717] [0.173356637359]
0.227498359978 [0.286006718874] [0.168990001082]
0.23566514253600002 [0.305491238832] [0.16583904624]
0.2415462210775 [0.320426911116] [0.162665531039]
0.248206011951 [0.335184931755] [0.161227092147]
0.254856094718 [0.348388433456] [0.16132375598]
0.2589941322805 [0.358815401793] [0.159172862768]
0.256470620632 [0.358068168163] [0.154873073101]
0.2358833029865 [0.330809473991] [0.140957131982]
0.2070896439255 [0.295118063688] [0.119061224163]
0.18054433539525 [0.264113724232] [0.0969749465585]
0.16104756295685 [0.243561923504] [0.0785332024097]
0.1467394866048 [0.227473080158] [0.0660058930516]
0.13643514923755 [0.214109659195] [0.0587606392801]
0.12866666167965 [0.202246904373] [0.0550864189863]
0.1223383322356 [0.191139966249] [0.0535366982222]
0.11591581255205 [0.179097056389] [0.0527345687151]
