0.0388689804822 [0.0449456386268] [0.0327923223376]
0.04006070829925 [0.0462870933115] [0.033834323287]
0.040897609666 [0.0471367314458] [0.0346584878862]
0.04165737889705 [0.0478628054261] [0.035451952368]
0.0424969792366 [0.0483868122101] [0.0366071462631]
0.043535009026499996 [0.0486544035375] [0.0384156145155]
0.0450021214783 [0.0485824719071] [0.0414217710495]
0.04658806696535 [0.0482452623546] [0.0449308715761]
0.0481935851276 [0.0483774878085] [0.0480096824467]
0.0507383570075 [0.050133317709] [0.051343396306]
0.05494187027215 [0.0539929047227] [0.0558908358216]
0.0608979891986 [0.0598166510463] [0.0619793273509]
0.06442823261024999 [0.0627473667264] [0.0661090984941]
0.0583051517606 [0.0558479614556] [0.0607623420656]
0.0517145693302 [0.0562522821128] [0.0471768565476]
0.0451065115631 [0.0552741698921] [0.0349388532341]
0.04033031500875 [0.0537103936076] [0.0269502364099]
0.0369482832029 [0.0518672317266] [0.0220293346792]
0.0341966105625 [0.0494466535747] [0.0189465675503]
0.031876692548400004 [0.0467253513634] [0.0170280337334]
0.0299184229225 [0.0438902638853] [0.0159465819597]
0.02824449539185 [0.0411159843206] [0.0153730064631]
0.0266457386315 [0.0382436029613] [0.0150478743017]
0.02508995775135 [0.0353419594467] [0.014837956056]
0.024708539247499998 [0.0346214659512] [0.0147956125438]
0.025243442971250002 [0.0354692414403] [0.0150176445022]
0.0268091042526 [0.0380514860153] [0.0155667224899]
0.029830296523849997 [0.0433224067092] [0.0163381863385]
0.0407867282629 [0.0643901526928] [0.017183303833]
0.0412128884345 [0.0643730908632] [0.0180526860058]
0.0429505230859 [0.0665068477392] [0.0193941984326]
0.0462610628456 [0.0702062994242] [0.022315826267]
0.051668371073899995 [0.0744134262204] [0.0289233159274]
0.0604761838913 [0.0784210860729] [0.0425312817097]
0.07450524717564999 [0.0814402326941] [0.0675702616572]
0.09284543246054999 [0.0819961279631] [0.103694736958]
0.1051162220539 [0.0763963535428] [0.133836090565]
0.09514353796819999 [0.0631449595094] [0.127142116427]
0.07844058796755 [0.0491774305701] [0.107703745365]
0.0645423233509 [0.0375587642193] [0.0915258824825]
0.05519672483205 [0.0298428311944] [0.0805506184697]
0.049171760678299994 [0.0254181697965] [0.0729253515601]
0.0455931331962 [0.0235724560916] [0.0676138103008]
0.044887958094449995 [0.0238574184477] [0.0659184977412]
0.0471215248108 [0.0257620960474] [0.0684809535742]
0.0514633851126 [0.0285822246224] [0.0743445456028]
0.05661979690195 [0.0315286666155] [0.0817109271884]
0.06150812283155 [0.0341378226876] [0.0888784229755]
0.06555827893315 [0.0363670401275] [0.0947495177388]
0.06875713355835 [0.0388461835682] [0.0986680835485]
0.0710116587579 [0.0421383231878] [0.099884994328]
0.071957398206 [0.0462983325124] [0.0976164638996]
0.07218064926565 [0.0516997464001] [0.0926615521312]
0.07312737964089999 [0.0589966215193] [0.0872581377625]
0.07651382684710001 [0.0692052766681] [0.0838223770261]
0.0835571736097 [0.0838351771235] [0.0832791700959]
0.0946031734348 [0.102604225278] [0.0866021215916]
0.10623636841789999 [0.120855174959] [0.0916175618768]
0.11319549009220001 [0.131464198232] [0.0949267819524]
0.11102083325369999 [0.129727259278] [0.0923144072294]
0.10158611834049999 [0.118403442204] [0.084768794477]
0.08874772861595 [0.103699684143] [0.0737957730889]
0.07654653675855 [0.0908918455243] [0.0622012279928]
0.06640230678020001 [0.0809239819646] [0.0518806315958]
0.058670943602900004 [0.0733358636498] [0.044006023556]
0.053049663081750006 [0.0674256980419] [0.0386736281216]
0.04875786602495 [0.0620416253805] [0.0354741066694]
0.0447528809309 [0.0558128841221] [0.0336928777397]
0.040277093648950005 [0.0483010001481] [0.0322531871498]
0.035067275166550005 [0.0401089675725] [0.0300255827606]
0.0298298243433 [0.0330589562654] [0.0266006924212]
0.025500934571050002 [0.0279750581831] [0.023026810959]
0.02252209279685 [0.0246793385595] [0.0203648470342]
0.02060958743095 [0.0226967595518] [0.0185224153101]
0.01965601742265 [0.0218661073595] [0.0174459274858]
0.019421481527400003 [0.0220062620938] [0.016836700961]
0.019902227446400002 [0.0231213457882] [0.0166831091046]
0.0207836292684 [0.0248177032918] [0.016749555245]
0.0217660199851 [0.0265125781298] [0.0170194618404]
0.0223850579932 [0.0274304989725] [0.0173396170139]
0.02267756685615 [0.0276502966881] [0.0177048370242]
0.0227884454653 [0.0276778005064] [0.0178990904242]
0.023295436054450003 [0.0284414812922] [0.0181493908167]
0.024765831418350003 [0.0306656677276] [0.0188659951091]
0.02754662465305 [0.0347902700305] [0.0203029792756]
0.032021358609199996 [0.0411982946098] [0.0228444226086]
0.038360546343 [0.050143931061] [0.026577161625]
0.0459952382371 [0.0607846416533] [0.0312058348209]
0.05368831753735 [0.0711526498199] [0.0362239852548]
0.06005494855345 [0.0791627317667] [0.0409471653402]
0.06431983411315 [0.083428375423] [0.0452112928033]
0.0667636543512 [0.0840968340635] [0.0494304746389]
0.06778834201395 [0.0811330974102] [0.0544435866177]
0.06933536007999999 [0.0775904208422] [0.0610802993178]
0.07203347980975 [0.0738890767097] [0.0701778829098]
0.07466261833905 [0.070674277842] [0.0786509588361]
0.0758014060557 [0.0683907866478] [0.0832120254636]
0.07474898174405001 [0.0650046691298] [0.0844932943583]
0.07255854457620001 [0.0608761236072] [0.0842409655452]
0.0705100353807 [0.0573632009327] [0.0836568698287]
0.0689952466637 [0.055427338928] [0.0825631543994]
0.0678960308433 [0.0547685399652] [0.0810235217214]
0.0663464572281 [0.0541863255203] [0.0785065889359]
0.0651360936463 [0.0541256517172] [0.0761465355754]
0.064379831776 [0.0543808825314] [0.0743787810206]
0.06401863507925 [0.0552870668471] [0.0727502033114]
0.06362785957755 [0.0565376542509] [0.0707180649042]
0.0634362436831 [0.0586283504963] [0.0682441368699]
0.06377261690795 [0.0617456845939] [0.065799549222]
0.06485768407585 [0.0655877739191] [0.0641275942326]
0.06700436770915 [0.0697356164455] [0.0642731189728]
0.0708315894008 [0.0735585689545] [0.0681046098471]
0.073166500777 [0.075309984386] [0.071023017168]
0.07234345003965 [0.0738113373518] [0.0708755627275]
0.0687605328858 [0.0690542757511] [0.0684667900205]
0.06440323218705 [0.0628596544266] [0.0659468099475]
0.06099952943625 [0.0574344880879] [0.0645645707846]
0.05927118472755 [0.0537828095257] [0.0647595599294]
0.0588417816907 [0.0518458820879] [0.0658376812935]
0.0591475311667 [0.0512305684388] [0.0670644938946]
0.05943526141345 [0.0518035702407] [0.0670669525862]
0.0600792709738 [0.0520527772605] [0.0681057646871]
0.05881414189935 [0.0496416985989] [0.0679865851998]
0.054660933092249994 [0.0434144847095] [0.065907381475]
