0.168583810329 [0.167921647429] [0.169245973229]
0.19178199768100002 [0.185143873096] [0.198420122266]
0.212514385581 [0.202338382602] [0.22269038856]
0.2280241400005 [0.219363600016] [0.236684679985]
0.238688997924 [0.235158666968] [0.24221932888]
0.245846904814 [0.249896928668] [0.24179688096]
0.249617770314 [0.261559307575] [0.237676233053]
0.2482857331635 [0.265918314457] [0.23065315187]
0.240309804678 [0.258176207542] [0.222443401814]
0.22716332227 [0.23662532866] [0.21770131588]
0.2103920951485 [0.206414565444] [0.214369624853]
0.1938562691215 [0.176340579987] [0.211371958256]
0.181861720979 [0.153600364923] [0.210123077035]
0.173784069717 [0.13731610775] [0.210252031684]
0.16673557460299998 [0.12384185195] [0.209629297256]
0.1591364741325 [0.109756886959] [0.208516061306]
0.1497673839329 [0.0940821319818] [0.205452635884]
0.13730392232535 [0.0782132074237] [0.196394637227]
0.12073374539609999 [0.0647356510162] [0.176731839776]
0.10215139575294999 [0.0554841347039] [0.148818656802]
0.08579506538805 [0.0497880838811] [0.121802046895]
0.07372007146465 [0.0461321622133] [0.101307980716]
0.06603691726925 [0.0441428795457] [0.0879309549928]
0.06280992925164999 [0.0445615649223] [0.081058293581]
0.064030719921 [0.0489015094936] [0.0791599303484]
0.06985516287384999 [0.0591050572693] [0.0806052684784]
0.0765447355807 [0.0753081813455] [0.0777812898159]
0.08112622052435 [0.0877723321319] [0.0744801089168]
0.08290429040790001 [0.0948873013258] [0.07092127949]
0.08427765220405001 [0.101038761437] [0.0675165429711]
0.0856568031015 [0.106873698533] [0.06443990767]
0.08605111576624999 [0.110244639218] [0.0618575923145]
0.086111586541 [0.112301722169] [0.059921450913]
0.086772441864 [0.114348731935] [0.059196151793]
0.0889760591089 [0.116955295205] [0.0609968230128]
0.0928616002202 [0.119754947722] [0.0659682527184]
0.1001655645666 [0.12187077105] [0.0784603580832]
0.1086999624966 [0.122556634247] [0.0948432907462]
0.1136776395145 [0.121620424092] [0.105734854937]
0.109905183315 [0.119111873209] [0.100698493421]
0.09541399031875 [0.114899687469] [0.0759282931685]
0.0887578316033 [0.108608417213] [0.0689072459936]
0.08172771334645 [0.0999942794442] [0.0634611472487]
0.07380749285220001 [0.0887217596173] [0.0588932260871]
0.06599997356535 [0.0773854479194] [0.0546144992113]
0.0599219519645 [0.069254219532] [0.050589684397]
0.055247705429799995 [0.0630520582199] [0.0474433526397]
0.04980681464075 [0.0541285462677] [0.0454850830138]
0.045833600685 [0.0468288995326] [0.0448383018374]
0.043347898870699994 [0.0416821017861] [0.0450136959553]
0.041036073118450006 [0.038534026593] [0.0435381196439]
0.0383762195706 [0.036300715059] [0.0404517240822]
0.035629598423849995 [0.0346357822418] [0.0366234146059]
0.0334923751652 [0.0334044508636] [0.0335802994668]
0.032423660159100004 [0.0327350832522] [0.032112237066]
0.0320843011141 [0.0319957919419] [0.0321728102863]
0.0318801384419 [0.0311233848333] [0.0326368920505]
0.032146416604550004 [0.0306090116501] [0.033683821559]
0.033000016585 [0.0308853909373] [0.0351146422327]
0.0344756245613 [0.0320666134357] [0.0368846356869]
0.03643979132175 [0.0339629612863] [0.0389166213572]
0.038299305364500005 [0.0361572876573] [0.0404413230717]
0.03961909934875 [0.0382425561547] [0.0409956425428]
0.040099643170850005 [0.0398854278028] [0.0403138585389]
0.04005039855835 [0.0407345406711] [0.0393662564456]
0.040072659030550004 [0.0414125025272] [0.0387328155339]
0.04044002108275 [0.0424080751836] [0.0384719669819]
0.040506755933199995 [0.0430010966957] [0.0380124151707]
0.0404008887708 [0.0429190993309] [0.0378826782107]
0.040039975196150004 [0.0425154678524] [0.0375644825399]
