0.0637813694775 [0.0669397115707] [0.0606230273843]
0.06824191659689999 [0.0694220289588] [0.067061804235]
0.0755291879177 [0.0743513703346] [0.0767070055008]
0.0855910181999 [0.0816404670477] [0.0895415693521]
0.09857284277685 [0.0922962650657] [0.104849420488]
0.1095644533635 [0.101438723505] [0.117690183222]
0.1073003746571 [0.0960740670562] [0.118526682258]
0.09231875836855 [0.0785012543201] [0.106136262417]
0.0796196833253 [0.0670293793082] [0.0922099873424]
0.07548414543269999 [0.0658979862928] [0.0850703045726]
0.0784848295152 [0.0735258385539] [0.0834438204765]
0.08655434474345 [0.0878390818834] [0.0852696076035]
0.0970633774998 [0.105411626399] [0.0887151286006]
0.1071960180998 [0.122153416276] [0.0922386199236]
0.11558554321539999 [0.135563194752] [0.0956078916788]
0.12274414300895001 [0.145994380116] [0.0994939059019]
0.1292889341715 [0.153766423464] [0.104811444879]
0.136609181762 [0.160308301449] [0.112910062075]
0.1443776860835 [0.164607226849] [0.124148145318]
0.151547566056 [0.165357917547] [0.137737214565]
0.158657737076 [0.164856687188] [0.152458786964]
0.167458944023 [0.167192012072] [0.167725875974]
0.1796044111255 [0.175111860037] [0.184096962214]
0.1956558451055 [0.188580080867] [0.202731609344]
0.21436188369999998 [0.204249486327] [0.224474281073]
0.23076258599799998 [0.216652810574] [0.244872361422]
0.23991330712999998 [0.222120031714] [0.257706582546]
0.24324563890700002 [0.222295060754] [0.26419621706]
0.24401594698399998 [0.22056338191] [0.267468512058]
0.24475928396 [0.219871208072] [0.269647359848]
0.24676836282 [0.220807597041] [0.272729128599]
0.25074640661500003 [0.223091557622] [0.278401255608]
0.25635362416499996 [0.226895585656] [0.285811662674]
0.2624748125675 [0.232452467084] [0.292497158051]
0.266178227961 [0.239502266049] [0.292854189873]
0.2658419162035 [0.246777713299] [0.284906119108]
0.260283306241 [0.250878095627] [0.269688516855]
0.24961244314949999 [0.248023822904] [0.251201063395]
0.236176930368 [0.238644272089] [0.233709588647]
0.22197899967450002 [0.22652579844] [0.217432200909]
0.2090135291215 [0.215032637119] [0.202994421124]
0.19870954752 [0.205931693316] [0.191487401724]
0.1918994337325 [0.199527740479] [0.184271126986]
0.188598163426 [0.195815116167] [0.181381210685]
0.1867832541465 [0.192713201046] [0.180853307247]
0.184036746621 [0.188329786062] [0.17974370718]
0.179293617606 [0.182131230831] [0.176456004381]
0.1734737306835 [0.174945935607] [0.17200152576]
0.1684341579675 [0.168749004602] [0.168119311333]
0.16506171971599998 [0.165131658316] [0.164991781116]
0.1634163558485 [0.165532484651] [0.161300227046]
0.1634014099835 [0.170795917511] [0.156006902456]
0.16356656700400002 [0.179160162807] [0.147972971201]
0.16231803596049998 [0.189265355468] [0.135370716453]
0.15883752331099998 [0.19598698616] [0.121688060462]
0.1539473123845 [0.198089510202] [0.109805114567]
0.1479843147097 [0.196520671248] [0.0994479581714]
0.1400064677 [0.191252976656] [0.088759958744]
0.12793265655625 [0.179680034518] [0.0761852785945]
0.11262988671675 [0.161717578769] [0.0635421946645]
0.0969411768019 [0.141467705369] [0.0524146482348]
0.0841610487548 [0.123957753181] [0.0443643443286]
0.07459682226165 [0.110609926283] [0.0385837182403]
0.0672474149616 [0.100250989199] [0.0342438407242]
0.0624149106443 [0.0935370028019] [0.0312928184867]
0.060209033079450004 [0.0907540544868] [0.0296640116721]
0.06039025262 [0.0911844968796] [0.0295960083604]
0.0621517971158 [0.0929914787412] [0.0313121154904]
0.06462070532145 [0.0946352109313] [0.0346061997116]
0.0668611861765 [0.0951697081327] [0.0385526642203]
0.0682566538453 [0.0946588665247] [0.0418544411659]
0.06861101090905 [0.093454696238] [0.0437673255801]
0.06821301020685 [0.0921286121011] [0.0442974083126]
0.06768552213904999 [0.0911766514182] [0.0441943928599]
0.06735008209945 [0.0906812623143] [0.0440189018846]
0.06749847903850001 [0.0908127501607] [0.0441842079163]
0.0683324933052 [0.0915087610483] [0.0451562255621]
0.07062007300555 [0.0947397574782] [0.0465003885329]
0.07456549629585 [0.100274048746] [0.0488569438457]
0.07753963582225 [0.103621736169] [0.0514575354755]
0.07571472972635 [0.0992798507214] [0.0521496087313]
0.0706112291664 [0.0899912416935] [0.0512312166393]
0.06445832364265 [0.0799084529281] [0.0490081943572]
0.05763262696565 [0.0700539499521] [0.0452113039792]
0.05103134922685 [0.0614231415093] [0.0406395569444]
0.0451586097479 [0.054093811661] [0.0362234078348]
0.04143070988355 [0.0493584424257] [0.0335029773414]
0.040605083107949996 [0.0475548245013] [0.0336553417146]
0.0425233002752 [0.0487323254347] [0.0363142751157]
0.0464686769992 [0.0524711981416] [0.0404661558568]
0.051599532365800005 [0.0582763962448] [0.0449226684868]
0.05722352489825 [0.0653718411922] [0.0490752086043]
0.06308802589775 [0.0729564502835] [0.053219601512]
0.0685846656561 [0.0791579261422] [0.05801140517]
0.07195425406095 [0.0814928859472] [0.0624156221747]
0.07411802560094999 [0.0820829123259] [0.066153138876]
0.07575274631385 [0.0824989676476] [0.0690065249801]
0.0775905586779 [0.0835637003183] [0.0716174170375]
0.0802819393575 [0.0858888477087] [0.0746750310063]
0.0841179043055 [0.0894275605679] [0.0788082480431]
0.0889233648777 [0.0938281416893] [0.0840185880661]
0.09329866617915 [0.0976363420486] [0.0889609903097]
0.095048122108 [0.0995066612959] [0.0905895829201]
0.0934009552002 [0.0986394807696] [0.0881624296308]
0.0890132933855 [0.0945817604661] [0.0834448263049]
0.08379858732225 [0.0887014642358] [0.0788957104087]
0.0795888453722 [0.0834185257554] [0.075759164989]
0.07689346745610001 [0.0801381468773] [0.0736487880349]
0.0761704258621 [0.080260835588] [0.0720800161362]
0.0776446349919 [0.0844919383526] [0.0707973316312]
0.08147487416865001 [0.0929084122181] [0.0700413361192]
0.08707259595405001 [0.103891015053] [0.0702541768551]
0.09379098564365 [0.115752138197] [0.0718298330903]
0.10118605568979999 [0.126568421721] [0.0758036896586]
0.1091447249057 [0.136291995645] [0.0819974541664]
0.11784184351565 [0.147014990449] [0.0886686965823]
0.1262927241626 [0.157175675035] [0.0954097732902]
0.133280687034 [0.164811953902] [0.101749420166]
0.13827912509450002 [0.16993650794] [0.106621742249]
0.13898364082 [0.170684695244] [0.107282586396]
0.135271400213 [0.166541725397] [0.104001075029]
0.1306646652521 [0.161523357034] [0.0998059734702]
0.1264459416271 [0.156298980117] [0.0965929031372]
