0.0921796876936 0.09022694826135 0.08907869458225001 0.08856239821754999 0.08816279284664999 0.0870712939649 0.08269157912599999 0.08077406045045 0.0803162483498 0.07729061320444999 0.0767033658921 0.0790684288367 0.08338313549745001 0.08745935559250001 0.08953765500325 
0.08836288936429999 0.08498101681455 0.08106632251285 0.0781252346932 0.0782962823286 0.0785798374563 0.07897238433355 0.07954322267314999 0.08047873154275 0.0702381078153 0.0739883910866 0.07893242687009999 0.0854299347847 0.09410545229895001 0.09928722679595 
0.10588226467355 0.1132230497895 0.1186801865695 0.12103426828950001 0.1201552674175 0.1163430958985 0.11783692985775 0.12328014522805 0.1294191777705 0.13379591703395 0.13199506327490002 0.1285136267541 0.1230392716823 0.1219353545455 0.12081499211470001 
0.11943418718855 0.1177095696328 0.1159738674758 0.1147209852932 0.11439631320515001 0.11513677984455001 0.11674557998755 0.11845183186215 0.1156069189308 0.1133772060273 0.11176058091205 0.1110397633163 0.11258013546445 0.11290874890965 0.11405381746570001 
0.1162820607422 0.1195491142569 0.12327527627330001 0.1268299035726 0.1297612115739 0.13191082701065 0.1336300186811 0.1353767439721 0.14201743528225 0.1492572315035 0.15772961825100001 0.1671036109325 0.1778330057855 0.189083471894 0.19753433018900002 
0.202233031392 0.20229293405999998 0.199448138475 0.36772362142799997 0.36103320121750004 0.3525169417265 0.3460535854105 0.34463883936399997 0.35041026771100003 0.35725718736650003 0.357699379325 0.3546112030745 0.3531602323055 0.35544447600850004 0.3596533983945 
0.3627358824015 0.3690867275 0.379204005003 0.39061251282700005 0.40114976465700003 0.4106104969975 0.4125482738015 0.4101389348505 0.4041576832535 0.396891847253 0.391166493297 0.3879234194755 0.3851969987155 0.37893079221250003 0.37049581110450003 
0.35638025402999995 0.337680846453 0.31472574174400003 0.29303053021400005 0.27496850490549996 0.257333964109 0.231359615922 0.19521027803399998 0.16576505452375 0.14603583514715 0.13529875501985 0.13286600448195 0.13848500140015 0.1498093865811 0.1521809808909 
0.1543164253237 0.1684393174947 0.18037858977909998 0.19076509401225 0.19915502890960002 0.20399873331170001 0.20496181771160002 0.2024439685045 0.19806202873575 0.19507971778515001 0.1933306641875 0.18961915746309999 0.1816247925161 0.17118228226895 0.1683994419875 
0.1678230017425 0.1596865337342 0.15130087360720001 0.14066507481055 0.1271350905298 0.1137053743005 0.10401690378785 0.09945950843410001 0.09945610351850001 0.10365651547925 0.11004934832455 0.11709708720445 0.12336579710245 0.1282724253833 0.13164089806375 
0.1335486974565 0.13354098983085 0.1311864424495 0.1294916551561 0.1301030982287 0.13467326015245 0.14447383582575 0.15867250412714998 0.1739484611898 0.1864787396043 0.19362536817815001 0.19504540786165 0.19177294895045 0.1837159823627 0.18217521905905001 
0.18086470849820002 0.17992216721185 0.17933875136085 0.1796227712185 0.18043551966555002 0.18164863064895 0.18191047199080002 0.181878335774 0.18118892982610002 0.18028984963900002 0.17949622683235 0.17908215336510003 0.1791219934822 0.17949789017445 0.1798865403981 
0.18002177774915 0.1799551602454 0.18008052185185003 0.17992251738915002 0 0 0 0 0 0 0 0 0 0 0 
