0.05402922444045 [0.0377665646374] [0.0702918842435]
0.0535811018199 [0.0370232872665] [0.0701389163733]
0.053458174690600005 [0.0359886549413] [0.0709276944399]
0.053877726197249995 [0.0348383337259] [0.0729171186686]
0.054648563265800004 [0.0339549034834] [0.0753422230482]
0.0547867901623 [0.0327956303954] [0.0767779499292]
0.05287622567265 [0.0310253854841] [0.0747270658612]
0.047068289481100006 [0.0280143748969] [0.0661222040653]
0.03942676540465 [0.0240940582007] [0.0547594726086]
0.03266066871585 [0.0202196761966] [0.0451016612351]
0.027952991426 [0.017193261534] [0.038712721318]
0.0251442515291 [0.0152669223025] [0.0350215807557]
0.0237140194513 [0.0141350487247] [0.0332929901779]
0.023074882105 [0.0135475583375] [0.0326022058725]
0.022736977320150002 [0.0132104186341] [0.0322635360062]
0.0223907409236 [0.0129256267101] [0.0318558551371]
0.02192174457015 [0.0126054938883] [0.031237995252]
0.02127752872185 [0.0121578248218] [0.0303972326219]
0.02012548549105 [0.0115976640955] [0.0286533068866]
0.0183830689639 [0.0107556022704] [0.0260105356574]
0.0166646139696 [0.0099621899426] [0.0233670379966]
0.015356044285010001 [0.00941635854542] [0.0212957300246]
0.01460493728518 [0.00921054556966] [0.0199993290007]
0.014488025102754999 [0.00942963827401] [0.0195464119315]
0.0150090479292 [0.0101462127641] [0.0198718830943]
0.015996198635549998 [0.0113352360204] [0.0206571612507]
0.01704139309 [0.0126725202426] [0.0214102659374]
0.0176839469932 [0.0137358335778] [0.0216320604086]
0.01772003015505 [0.0142928576097] [0.0211472027004]
0.0174305192195 [0.014477298595] [0.020383739844]
0.0171412131749 [0.014556213282] [0.0197262130678]
0.0169902490452 [0.0146673675627] [0.0193131305277]
0.0171103421599 [0.0149875674397] [0.0192331168801]
0.0175205497071 [0.015571821481] [0.0194692779332]
0.0183766838163 [0.0166543480009] [0.0200990196317]
0.01988656353205 [0.0186317320913] [0.0211413949728]
0.0224336637184 [0.0217739380896] [0.0230933893472]
0.0254234177992 [0.0254892036319] [0.0253576319665]
0.02738397475335 [0.027878029272] [0.0268899202347]
0.0271039241925 [0.0275829285383] [0.0266249198467]
0.025948174297799997 [0.0258155670017] [0.0260807815939]
0.02536801900715 [0.0246214903891] [0.0261145476252]
0.025483854115 [0.0239441748708] [0.0270235333592]
0.026424957439299998 [0.0241083502769] [0.0287415646017]
0.0276523977518 [0.0243597719818] [0.0309450235218]
0.028791814111149998 [0.0247059036046] [0.0328777246177]
0.02941915765405 [0.024728346616] [0.0341099686921]
0.02930828463285 [0.0243739429861] [0.0342426262796]
0.0285375583917 [0.0235836058855] [0.0334915108979]
0.0273389946669 [0.0229292809963] [0.0317487083375]
0.027073541656150002 [0.0230973977596] [0.0310496855527]
0.0285924160853 [0.0245077181607] [0.0326771140099]
0.0321922879666 [0.0272851400077] [0.0370994359255]
0.0373151935637 [0.0309943854809] [0.0436360016465]
0.0427057594061 [0.0345066860318] [0.0509048327804]
0.046751033514750004 [0.0368345230818] [0.0566675439477]
0.04861185885965 [0.0378528013825] [0.0593709163368]
0.0489637516439 [0.0381624214351] [0.0597650818527]
0.0485767275095 [0.0380641706288] [0.0590892843902]
0.048274522647250004 [0.037930585444] [0.0586184598505]
0.04874994419515 [0.0379795841873] [0.059520304203]
0.05014574341475 [0.0385011918843] [0.0617902949452]
0.052601486444499995 [0.0397782996297] [0.0654246732593]
0.056175658479300006 [0.041958656162] [0.0703926607966]
0.0611302498728 [0.0452375523746] [0.077022947371]
0.06761427596215 [0.0500023812056] [0.0852261707187]
0.07613393478095 [0.0561721436679] [0.096095725894]
0.0870848000048 [0.0635419785976] [0.110627621412]
0.1003224812447 [0.0723872706294] [0.12825769186]
0.11208895221340001 [0.0828124210238] [0.141365483403]
0.11653788015235 [0.0883250311017] [0.144750729203]
0.115094318986 [0.086532831192] [0.14365580678]
0.10699272528305 [0.0815188065171] [0.132466644049]
0.09888833016165 [0.0775491148233] [0.1202275455]
0.09306352958075 [0.0748644173145] [0.111262641847]
0.08911021426315 [0.0728991106153] [0.105321317911]
0.0865268148483 [0.0713970437646] [0.101656585932]
0.08555752784015 [0.0711935311556] [0.0999215245247]
0.08455730229615 [0.0713427439332] [0.0977718606591]
0.0821445174515 [0.0706819593906] [0.0936070755124]
0.079125918448 [0.0686779841781] [0.0895738527179]
0.07608408853410001 [0.0654136016965] [0.0867545753717]
0.07351696863769999 [0.0627496019006] [0.0842843353748]
0.07140076532959999 [0.0609912499785] [0.0818102806807]
0.06992534175515 [0.0600228235126] [0.0798278599977]
0.0692961551249 [0.059517711401] [0.0790745988488]
0.06926880590615 [0.0586468763649] [0.0798907354474]
0.0692167710513 [0.0568643398583] [0.0815692022443]
0.07021022215485 [0.0560263693333] [0.0843940749764]
0.07169630751014999 [0.0560646504164] [0.0873279646039]
0.0731328912079 [0.0565490275621] [0.0897167548537]
0.0733538046479 [0.0565936937928] [0.090113915503]
0.0712624378502 [0.0551044940948] [0.0874203816056]
0.0642237942666 [0.0500342361629] [0.0784133523703]
0.055951554328199996 [0.0436696410179] [0.0682334676385]
0.0496434159577 [0.0386590771377] [0.0606277547777]
0.045997582376000004 [0.0361672453582] [0.0558279193938]
0.0439103487879 [0.0348340347409] [0.0529866628349]
0.043022733181699996 [0.0340674445033] [0.0519780218601]
0.0422602985054 [0.0329648517072] [0.0515557453036]
0.04084190819415 [0.0308777894825] [0.0508060269058]
0.0391174228862 [0.0285500977188] [0.0496847480536]
0.03747223783285 [0.0264317858964] [0.0485126897693]
0.03583155199885 [0.0245705991983] [0.0470925047994]
0.033981938846399995 [0.0230933818966] [0.0448704957962]
0.03194770496335 [0.0220608208328] [0.0418345890939]
0.03016672004015 [0.0214268770069] [0.0389065630734]
0.029000172391499997 [0.0210869312286] [0.0369134135544]
0.028596864081950002 [0.020922748372] [0.0362709797919]
0.0290181189775 [0.0209640115499] [0.0370722264051]
0.03023154474795 [0.0210939981043] [0.0393690913916]
0.0315918326378 [0.0211444832385] [0.0420391820371]
0.032336753793049997 [0.0210380870849] [0.0436354205012]
0.03255081083625 [0.0210941713303] [0.0440074503422]
0.0328764514998 [0.0218924749643] [0.0438604280353]
0.0340035688132 [0.0240274518728] [0.0439796857536]
0.03631860297175 [0.0278776269406] [0.0447595790029]
0.03945874422785 [0.0333823524415] [0.0455351360142]
0.043191678822049995 [0.0402806848288] [0.0461026728153]
0.047812528908249996 [0.0477993525565] [0.04782570526]
0.053798167035 [0.0559026747942] [0.0516936592758]
0.06154244579375 [0.0646061524749] [0.0584787391126]
0.07049745693805 [0.0732413232327] [0.0677535906434]
0.07859072834254999 [0.0802978426218] [0.0768836140633]
0.08360947296025001 [0.0845457315445] [0.082673214376]
0.0813344977796 [0.0817955434322] [0.080873452127]
0.07117015495894999 [0.0721788033843] [0.0701615065336]
0.05822650156915 [0.0619000308216] [0.0545529723167]
0.04800351150335 [0.0539619661868] [0.0420450568199]
0.04075929522515 [0.0479702986777] [0.0335482917726]
0.0358372470364 [0.0434140078723] [0.0282604862005]
0.03255607187745 [0.0399338454008] [0.0251782983541]
0.03065888024865 [0.0377545766532] [0.0235631838441]
0.02987233921885 [0.036908056587] [0.0228366218507]
