0.02455767802895 [0.0316005796194] [0.0175147764385]
0.0250679086894 [0.0315942466259] [0.0185415707529]
0.025441165082150004 [0.0316558517516] [0.0192264784127]
0.026331000030049997 [0.0324110388756] [0.0202509611845]
0.02804832160475 [0.0343516543508] [0.0217449888587]
0.031025624834 [0.0380404740572] [0.0240107756108]
0.0347618972883 [0.0434949100018] [0.0260288845748]
0.037498614750800005 [0.0486087203026] [0.026388509199]
0.03756979852915 [0.0503939799964] [0.0247456170619]
0.0355081530288 [0.0486739128828] [0.0223423931748]
0.03335582092405 [0.0464212708175] [0.0202903710306]
0.0318354424089 [0.0447186119854] [0.0189522728324]
0.0310661578551 [0.0437403954566] [0.0183919202536]
0.03075387049465 [0.0428574346006] [0.0186503063887]
0.0308031961322 [0.0417167693377] [0.0198896229267]
0.0312181813642 [0.0403248853981] [0.0221114773303]
0.0318982852623 [0.0388406068087] [0.0249559637159]
0.03279211744665 [0.0376819074154] [0.0279023274779]
0.0336651429534 [0.0370344482362] [0.0302958376706]
0.034360889345400006 [0.0368023067713] [0.0319194719195]
0.034759595990199996 [0.0367111489177] [0.0328080430627]
0.035293491557200005 [0.0369550362229] [0.0336319468915]
0.0369626376778 [0.0384276285768] [0.0354976467788]
0.0413348674774 [0.0424946025014] [0.0401751324534]
0.050347255542849995 [0.0507879965007] [0.049906514585]
0.06589512899515 [0.0650053322315] [0.0667849257588]
0.0833330191672 [0.0808239504695] [0.0858420878649]
0.08352090418335 [0.0794465988874] [0.0875952094793]
0.06715474277735001 [0.0647170469165] [0.0695924386382]
0.05203754268585 [0.0522957444191] [0.0517793409526]
0.04242416657505 [0.044469948858] [0.0403783842921]
0.03699750825765 [0.0402501933277] [0.0337448231876]
0.0341693153605 [0.0382549352944] [0.0300836954266]
0.03278163447975 [0.0373714379966] [0.0281918309629]
0.03210722655055 [0.0368242561817] [0.0273901969194]
0.0319437170401 [0.0364537015557] [0.0274337325245]
0.032050171867050004 [0.0361511781812] [0.0279491655529]
0.0322392126545 [0.0358195379376] [0.0286588873714]
0.03226534929125 [0.0353081077337] [0.0292225908488]
0.03210905194285 [0.0348577164114] [0.0293603874743]
0.0320722023025 [0.0349239371717] [0.0292204674333]
0.032726987265049995 [0.0360421314836] [0.0294118430465]
0.0349450912327 [0.0387323237956] [0.0311578586698]
0.03954214975235 [0.0436792299151] [0.0354050695896]
0.0469380710274 [0.0512986406684] [0.0425775013864]
0.053396580740800004 [0.0584780536592] [0.0483151078224]
0.0519681349397 [0.0584021545947] [0.0455341152847]
0.04427222535015 [0.0514148846269] [0.0371295660734]
0.0368097834289 [0.0438634566963] [0.0297561101615]
0.03203876316545 [0.0390168353915] [0.0250606909394]
0.0296246157959 [0.036895185709] [0.0223540458828]
0.02881439775225 [0.036753244698] [0.0208755508065]
0.028740407899049997 [0.0375078208745] [0.0199729949236]
0.0289971707389 [0.0385512299836] [0.0194431114942]
0.029372351244100002 [0.0395253933966] [0.0192193090916]
0.02966696210205 [0.0401179604232] [0.0192159637809]
0.02969135902825 [0.0401661768556] [0.0192165412009]
0.0293887536973 [0.0397693105042] [0.0190081968904]
0.029095309786500004 [0.0395357087255] [0.0186549108475]
0.029464735649550003 [0.0403960980475] [0.0185333732516]
0.031200940720749998 [0.0432163253427] [0.0191855560988]
0.035400354303449996 [0.0495018400252] [0.0212988685817]
0.0435658087954 [0.0612445026636] [0.0258871149272]
0.0583257339895 [0.0814535841346] [0.0351978838444]
0.08204577676955 [0.11237937212] [0.0517121814191]
0.10926291719095 [0.146374985576] [0.0721508488059]
0.1292831450701 [0.169721364975] [0.0888449251652]
0.13788542896525 [0.178957641125] [0.0968132168055]
0.1407238915561 [0.182765677571] [0.0986821055412]
0.14126491546615 [0.184422805905] [0.0981070250273]
0.14153541624565 [0.18582841754] [0.0972424149513]
0.14303741604075 [0.188591495156] [0.0974833369255]
0.1430950015782 [0.187563627958] [0.0986263751984]
0.13525054976349998 [0.171085715294] [0.099415384233]
0.10875844955434999 [0.125990539789] [0.0915263593197]
0.0755068100989 [0.0781391263008] [0.072874493897]
0.05030500888825 [0.0478152111173] [0.0527948066592]
0.03544288501145 [0.0326488688588] [0.0382369011641]
0.026664005592499998 [0.024488279596] [0.028839731589]
0.02124399412425 [0.0198981519789] [0.0225898362696]
0.0178742147982 [0.0169777292758] [0.0187707003206]
0.0159793714993 [0.015184677206] [0.0167740657926]
0.01514988113195 [0.0141394045204] [0.0161603577435]
0.014984874520450001 [0.0136531693861] [0.0163165796548]
0.01506886165585 [0.0133902225643] [0.0167475007474]
0.01527874777095 [0.0133425509557] [0.0172149445862]
0.015505715739 [0.0134584205225] [0.0175530109555]
0.0156571296975 [0.0136147309095] [0.0176995284855]
0.01579937851055 [0.0137651981786] [0.0178335588425]
0.015979079529649998 [0.0138316825032] [0.0181264765561]
0.0164973689243 [0.0140181761235] [0.0189765617251]
0.0176778449677 [0.014660990797] [0.0206946991384]
0.019828032702200002 [0.0160430818796] [0.0236129835248]
0.02290309593085 [0.0181742049754] [0.0276319868863]
0.02659326884895 [0.0208198335022] [0.0323667041957]
0.03055732510985 [0.0237281173468] [0.0373865328729]
0.03442122228445 [0.026663210243] [0.0421792343259]
0.03810472693295 [0.0291181001812] [0.0470913536847]
0.03941019438205 [0.0294819846749] [0.0493384040892]
0.0369738060981 [0.0273797288537] [0.0465678833425]
0.034542899578799996 [0.0251048058271] [0.0439809933305]
0.03261821437625 [0.0232241246849] [0.0420123040676]
0.0312221143395 [0.0218126177788] [0.0406316109002]
0.030365338548999997 [0.0209550745785] [0.0397756025195]
0.029986645095050002 [0.0206210855395] [0.0393522046506]
0.029924390837549997 [0.0206662900746] [0.0391824916005]
0.02998380921785 [0.0209258757532] [0.0390417426825]
0.0300710145384 [0.0212631970644] [0.0388788320124]
0.02989791426805 [0.0216007251292] [0.0381951034069]
0.029410745948549998 [0.0219877287745] [0.0368337631226]
0.028698990121499998 [0.022336833179] [0.035061147064]
0.02773247286675 [0.022535700351] [0.0329292453825]
0.02671166975055 [0.0226379539818] [0.0307853855193]
0.025849504396300002 [0.0228339806199] [0.0288650281727]
0.0254462333396 [0.0235762670636] [0.0273161996156]
0.0261073270813 [0.0254936628044] [0.0267209913582]
0.0282716536894 [0.0290878154337] [0.0274554919451]
0.031572942622 [0.0341019518673] [0.0290439333767]
0.03478801902385 [0.0387160368264] [0.0308600012213]
0.03693393804135 [0.0417885966599] [0.0320792794228]
0.0381712112576 [0.0434937924147] [0.0328486301005]
0.03933528810735 [0.0445950068533] [0.0340755693614]
0.040464939549599996 [0.0453609824181] [0.0355688966811]
0.0415412094444 [0.0457115098834] [0.0373709090054]
0.0427095387131 [0.0459047034383] [0.0395143739879]
0.04490267299115 [0.0469971001148] [0.0428082458675]
0.04862181283535 [0.049163389951] [0.0480802357197]
0.05359203368425 [0.0524413958192] [0.0547426715493]
0.05734829232095 [0.0548392832279] [0.059857301414]
0.0562100317329 [0.0537951439619] [0.0586249195039]
0.05057472735645 [0.0493179559708] [0.0518314987421]
0.044676320627299995 [0.0444712564349] [0.0448813848197]
0.040928950533250005 [0.0414460338652] [0.0404118672013]
0.039037266746150004 [0.039795294404] [0.0382792390883]
0.03805166855455 [0.0388587675989] [0.0372445695102]
0.0371632799506 [0.0379865467548] [0.0363400131464]
0.03601112030445 [0.0370714627206] [0.0349507778883]
0.03473564609885 [0.0362792126834] [0.0331920795143]
0.0335622727871 [0.035583358258] [0.0315411873162]
0.03266774024815 [0.0348388105631] [0.0304966699332]
0.03198703564705 [0.0338700413704] [0.0301040299237]
0.0315398983657 [0.0328299105167] [0.0302498862147]
0.031874705106000004 [0.0325122140348] [0.0312371961772]
0.03401273675265 [0.0340512990952] [0.0339741744101]
0.039765374735 [0.0392817445099] [0.0402490049601]
0.0518106073141 [0.0508104301989] [0.0528107844293]
0.07261684536935 [0.0710105076432] [0.0742231830955]
0.10046126320945001 [0.0989025011659] [0.102020025253]
0.123687542975 [0.121533796191] [0.125841289759]
0.1316030696035 [0.126844927669] [0.136361211538]
0.1253608688715 [0.117663189769] [0.133058547974]
0.1067447438835 [0.093274384737] [0.12021510303]
0.08401912078255 [0.0668284446001] [0.101209796965]
0.0639885477722 [0.0478225871921] [0.0801545083523]
0.04987932555374999 [0.0367380939424] [0.0630205571651]
0.041161818429850006 [0.0310892611742] [0.0512343756855]
0.0363789079711 [0.0286783631891] [0.0440794527531]
0.0340669574216 [0.0278325844556] [0.0403013303876]
0.0330654727295 [0.0274758990854] [0.0386550463736]
0.03260874934495 [0.0270699448884] [0.0381475538015]
0.03235258627685 [0.0266322884709] [0.0380728840828]
0.0322136003524 [0.0263351686299] [0.0380920320749]
0.03208229504525 [0.0262154266238] [0.0379491634667]
0.03169179335235 [0.0261179991066] [0.0372655875981]
0.030946426093600002 [0.0259178206325] [0.0359750315547]
0.029656859114750002 [0.0252061039209] [0.0341076143086]
0.0282268356532 [0.0244661681354] [0.031987503171]
0.02735161501915 [0.0243892539293] [0.030313976109]
0.027473621070400002 [0.0252550542355] [0.0296921879053]
0.02858400903645 [0.0269150231034] [0.0302529949695]
0.0305245313793 [0.0290690362453] [0.0319800265133]
0.03265292942525 [0.0309179015458] [0.0343879573047]
0.034347720444199994 [0.0319209136069] [0.0367745272815]
0.035464623943 [0.0323835536838] [0.0385456942022]
0.035762919113050004 [0.0324351936579] [0.0390906445682]
0.03594457171855 [0.0327420309186] [0.0391471125185]
0.036660969257350004 [0.0336379744112] [0.0396839641035]
0.03795625828205 [0.0349407084286] [0.0409718081355]
0.039548365399249996 [0.0362668819726] [0.0428298488259]
0.0411407649517 [0.037653490901] [0.0446280390024]
0.04264205507935 [0.0394392609596] [0.0458448491991]
0.0433357618749 [0.0416359566152] [0.0450355671346]
0.04296337254345 [0.0435674227774] [0.0423593223095]
0.04150486551225 [0.0443252176046] [0.0386845134199]
0.03935660608115 [0.0436546877027] [0.0350585244596]
0.03719156607985 [0.0421345569193] [0.0322485752404]
