0.028354505077 [0.024735674262] [0.031973335892]
0.028097407892349997 [0.0246666632593] [0.0315281525254]
0.02803086210045 [0.02487857081] [0.0311831533909]
0.028151750564600002 [0.0252434741706] [0.0310600269586]
0.028344320133300002 [0.02542443946] [0.0312642008066]
0.02862319536505 [0.0253465361893] [0.0318998545408]
0.029055639170099998 [0.0250846352428] [0.0330266430974]
0.02992991264905 [0.0251739043742] [0.0346859209239]
0.03166931308805 [0.0264782235026] [0.0368604026735]
0.03459374886005 [0.0294941496104] [0.0396933481097]
0.036878407001499997 [0.0328788086772] [0.0408780053258]
0.03776623867455 [0.0346704050899] [0.0408620722592]
0.03718027845025 [0.0351206511259] [0.0392399057746]
0.03590078279375 [0.0344938524067] [0.0373077131808]
0.034925326704999995 [0.0338883623481] [0.0359622910619]
0.03489282913505 [0.0341975316405] [0.0355881266296]
0.03568796627225 [0.0353329628706] [0.0360429696739]
0.0367976333946 [0.0365350730717] [0.0370601937175]
0.03803471662105 [0.0380350276828] [0.0380344055593]
0.038791397586450005 [0.0386866144836] [0.0388961806893]
0.03864168561995 [0.0379661098123] [0.0393172614276]
0.0372880231589 [0.0354312844574] [0.0391447618604]
0.035382244736000004 [0.0321489349008] [0.0386155545712]
0.03380403481425 [0.0292972363532] [0.0383108332753]
0.03338244650515 [0.027856701985] [0.0389081910253]
0.03446268755945 [0.027753463015] [0.0411719121039]
0.0371140912175 [0.0286463461816] [0.0455818362534]
0.04081283602865 [0.029998568818] [0.0516271032393]
0.04457613267005 [0.0312683843076] [0.0578838810325]
0.047459606081249994 [0.0320665091276] [0.0628527030349]
0.048836724832649996 [0.0323406197131] [0.0653328299522]
0.049361312761900006 [0.0321957208216] [0.0665269047022]
0.04934234358375 [0.0314480029047] [0.0672366842628]
0.049256637692450006 [0.0302401930094] [0.0682730823755]
0.0487355897203 [0.0280040446669] [0.0694671347737]
0.0478110872209 [0.0243953838944] [0.0712267905474]
0.0455555450171 [0.0198820643127] [0.0712290257215]
0.042857326567149995 [0.0164136588573] [0.069300994277]
0.03986939787865 [0.0145206674933] [0.065218128264]
0.03716497682035 [0.0140005759895] [0.0603293776512]
0.0351366745308 [0.0144012141973] [0.0558721348643]
0.03435900993645 [0.0152835771441] [0.0534344427288]
0.03465066291395 [0.0162110924721] [0.0530902333558]
0.0353755103424 [0.0168778952211] [0.0538731254637]
0.03592157922685 [0.0171748660505] [0.0546682924032]
0.0359874451533 [0.0171423163265] [0.0548325739801]
0.0356784313917 [0.0169229060411] [0.0544339567423]
0.03511585760865 [0.0166036318988] [0.0536280833185]
0.03404468484225 [0.016298674047] [0.0517906956375]
0.0321978367865 [0.0161659643054] [0.0482297092676]
0.0299415439367 [0.0164747983217] [0.0434082895517]
0.0283335549757 [0.0175219271332] [0.0391451828182]
0.0279572531581 [0.0194140560925] [0.0365004502237]
0.02899465057995 [0.022142233327] [0.0358470678329]
0.030985879711800002 [0.0252162199467] [0.0367555394769]
0.0326781552285 [0.0273811854422] [0.0379751250148]
0.032845022156800005 [0.0274099335074] [0.0382801108062]
0.0315057504922 [0.0256686732173] [0.0373428277671]
0.0299287382513 [0.024088576436] [0.0357689000666]
0.02857893146575 [0.022936988622] [0.0342208743095]
0.0274768667296 [0.0220102835447] [0.0329434499145]
0.0262048607692 [0.0210506822914] [0.031359039247]
0.02450328227135 [0.0200205277652] [0.0289860367775]
0.02271273825315 [0.0190628673881] [0.0263626091182]
0.021431723609600002 [0.0186140984297] [0.0242493487895]
0.021092206239699998 [0.019044874236] [0.0231395382434]
0.021890224888900002 [0.0207645781338] [0.023015871644]
0.023587093688549998 [0.0237580034882] [0.0234161838889]
0.02554556634275 [0.0272406414151] [0.0238504912704]
0.0266060885042 [0.0293330233544] [0.023879153654]
0.0267542777583 [0.0298433024436] [0.023665253073]
0.02643918525425 [0.0293420832604] [0.0235362872481]
0.02599892765285 [0.0283784233034] [0.0236194320023]
0.025456358678650003 [0.0271770562977] [0.0237356610596]
0.0242734020576 [0.0252557005733] [0.0232911035419]
0.0223130043596 [0.0228296015412] [0.021796407178]
0.0203856630251 [0.0205597486347] [0.0202115774155]
0.01919787470255 [0.019286159426] [0.0191095899791]
0.01891494356095 [0.0190739966929] [0.018755890429]
0.01956388540565 [0.019857654348] [0.0192701164633]
0.02095940243455 [0.0213392842561] [0.020579520613]
0.02259260043505 [0.0229333005846] [0.0222519002855]
0.02395055629315 [0.0241160746664] [0.0237850379199]
0.02481683623045 [0.0247770901769] [0.024856582284]
0.02524740900845 [0.0250073820353] [0.0254874359816]
0.02530260011555 [0.0249739158899] [0.0256312843412]
0.024650042876599998 [0.0244377292693] [0.0248623564839]
0.023108567111199997 [0.0233070906252] [0.0229100435972]
0.02110816072675 [0.022169707343] [0.0200466141105]
0.019555157050450002 [0.0215398687869] [0.017570445314]
0.01908489037305 [0.0220272336155] [0.0161425471306]
0.0200262395665 [0.0240944717079] [0.0159580074251]
0.022387473844 [0.0279068220407] [0.0168681256473]
0.02546309586615 [0.0324028320611] [0.0185233596712]
0.0281629189849 [0.0360993593931] [0.0202264785767]
