0.012639814522124999 [0.00991793349385] [0.0153616955504]
0.0126222632825 [0.010163472034] [0.015081054531]
0.0127532398328 [0.010497293435] [0.0150091862306]
0.0128915105015 [0.0108630703762] [0.0149199506268]
0.0129696498625 [0.0111076226458] [0.0148316770792]
0.012889259960499999 [0.0111576421186] [0.0146208778024]
0.01254634046925 [0.0109370788559] [0.0141556020826]
0.0119062624872 [0.0103995241225] [0.0134130008519]
0.011223614215855 [0.00980827119201] [0.0126389572397]
0.010841121431424999 [0.00953592173755] [0.0121463211253]
0.010978521313515 [0.00983934942633] [0.0121176932007]
0.0118158366531 [0.010935889557] [0.0126957837492]
0.01328245690095 [0.0126631315798] [0.0139017822221]
0.01474910834805 [0.0142065128312] [0.0152917038649]
0.015552011318500002 [0.0150720495731] [0.0160319730639]
0.0156022449955 [0.0152655690908] [0.0159389209002]
0.0154295712709 [0.0153109207749] [0.0155482217669]
0.01536661526185 [0.0155404899269] [0.0151927405968]
0.0155412009917 [0.0160466842353] [0.0150357177481]
0.01589101180435 [0.0167312882841] [0.0150507353246]
0.016230817418550002 [0.01729407534] [0.0151675594971]
0.016680525150149998 [0.0178654007614] [0.0154956495389]
0.017505588941249997 [0.0187456272542] [0.0162655506283]
0.01898463163525 [0.0202400162816] [0.0177292469889]
0.02114742901175 [0.0223784353584] [0.0199164226651]
0.02350428234785 [0.02463122271] [0.0223773419857]
0.025203214027 [0.0261089578271] [0.0242974702269]
0.0259078508243 [0.0265189837664] [0.0252967178822]
0.025964985601600002 [0.0263214167207] [0.0256085544825]
0.026096864603450003 [0.0262150671333] [0.0259786620736]
0.026579510420549998 [0.0265777427703] [0.0265812780708]
0.02778495848175 [0.0276268739253] [0.0279430430382]
0.02947851270435 [0.0289550349116] [0.0300019904971]
0.03140262886885 [0.0300633274019] [0.0327419303358]
0.03406987432395 [0.0310495179147] [0.0370902307332]
0.038909908384099995 [0.0332402735949] [0.0445795431733]
0.04903215914965 [0.0399036332965] [0.0581606850028]
0.0695473253727 [0.0573042482138] [0.0817904025316]
0.1059776246548 [0.0942832678556] [0.117671981454]
0.154297828674 [0.150117769837] [0.158477887511]
0.189116127789 [0.190627589822] [0.187604665756]
0.200195461512 [0.201491042972] [0.198899880052]
0.1970472335815 [0.191811978817] [0.202282488346]
0.194423407316 [0.176130145788] [0.212716668844]
0.1901638954875 [0.162837028503] [0.217490762472]
0.1834820359945 [0.152127742767] [0.214836329222]
0.17733763158299998 [0.14393915236] [0.210736110806]
0.1731235831975 [0.138174846768] [0.208072319627]
0.16932810843 [0.133588165045] [0.205068051815]
0.150200419128 [0.129816651344] [0.170584186912]
0.11492775380600001 [0.12269859761] [0.107156910002]
0.08752984181055 [0.112069271505] [0.0629904121161]
0.07077651657165 [0.0995930358768] [0.0419599972665]
0.0608635544777 [0.0896370187402] [0.0320900902152]
0.055007528513650004 [0.0831888988614] [0.0268261581659]
0.0523012587801 [0.0807777270675] [0.0238247904927]
0.052245566621399994 [0.0823371186852] [0.0221540145576]
0.05392468255015 [0.0866312161088] [0.0212181489915]
0.0563708432019 [0.0921076834202] [0.0206340029836]
0.059050654992450005 [0.0977715626359] [0.020329747349]
0.061786618083599996 [0.103263646364] [0.0203095898032]
0.0645671607926 [0.108539417386] [0.0205949041992]
0.06618628371505 [0.111376337707] [0.0209962297231]
0.06618553772575 [0.110974058509] [0.0213970169425]
0.0602484811097 [0.0988113954663] [0.0216855667531]
0.04789328947665 [0.073832474649] [0.0219541043043]
0.0370882190764 [0.0516879111528] [0.022488527]
0.03082017134875 [0.0378508791327] [0.0237894635648]
0.028814239427449997 [0.0310801155865] [0.0265483632684]
0.0292065106332 [0.0273869913071] [0.0310260299593]
0.0312303891405 [0.0255138110369] [0.0369469672441]
0.03343384712935 [0.02453000471] [0.0423376895487]
0.0348426923156 [0.0241072140634] [0.0455781705678]
0.03559241537005 [0.0241711121053] [0.0470137186348]
0.03593885432925 [0.0247764792293] [0.0471012294292]
0.03586498368535 [0.0255387257785] [0.0461912415922]
0.03553833439945 [0.0261758826673] [0.0449007861316]
0.0353470556438 [0.0265613086522] [0.0441328026354]
0.03537358995525 [0.0267507340759] [0.0439964458346]
0.03575866203755 [0.0269691925496] [0.0445481315255]
0.0370009187609 [0.0277052074671] [0.0462966300547]
0.039565638639000006 [0.0294311959296] [0.0497000813484]
0.0439252089709 [0.0326641276479] [0.0551862902939]
0.0502865500748 [0.038003526628] [0.0625695735216]
0.0579150971025 [0.0449823401868] [0.0708478540182]
0.06535721570255 [0.0528169423342] [0.0778974890709]
0.06955133005979999 [0.0591421052814] [0.0799605548382]
0.06807157211005 [0.0612617097795] [0.0748814344406]
0.06242865510285 [0.0577800609171] [0.0670772492886]
0.055518463254000006 [0.0489308461547] [0.0621060803533]
0.0488287303597 [0.0406080745161] [0.0570493862033]
0.043933928012849996 [0.0353974625468] [0.0524703934789]
0.04162597842515 [0.0331138372421] [0.0501381196082]
0.0412226691842 [0.0331704877317] [0.0492748506367]
