0.0410061562434 [0.0271720271558] [0.054840285331]
0.0425521172583 [0.0289686694741] [0.0561355650425]
0.04472165368495 [0.0312384366989] [0.058204870671]
0.0475149191916 [0.0341625213623] [0.0608673170209]
0.0514046475291 [0.0383011177182] [0.06450817734]
0.0572122614831 [0.044816095382] [0.0696084275842]
0.06472693011165 [0.0536994487047] [0.0757544115186]
0.06719355285165 [0.0601692795753] [0.074217826128]
0.061268987134100006 [0.0604116804898] [0.0621262937784]
0.05402133800085 [0.0576389022171] [0.0504037737846]
0.04815614782275 [0.054151467979] [0.0421608276665]
0.0439080707729 [0.0512875579298] [0.036528583616]
0.04122697003185 [0.0493812114] [0.0330727286637]
0.0398199092597 [0.0483562164009] [0.0312836021185]
0.0391314998269 [0.0474876277149] [0.0307753719389]
0.0387943899259 [0.0466475188732] [0.0309412609786]
0.037550609558800005 [0.0443960614502] [0.0307051576674]
0.03402328304945 [0.0391272082925] [0.0289193578064]
0.02863598894325 [0.0318245962262] [0.0254473816603]
0.023368454538249997 [0.025180703029] [0.0215562060475]
0.019471436739000002 [0.0204991232604] [0.0184437502176]
0.017009750939900002 [0.0175668559968] [0.016452645883]
0.01564684556795 [0.0158779043704] [0.0154157867655]
0.0149861192331 [0.0149521045387] [0.0150201339275]
0.0147735187784 [0.014447549358] [0.0150994881988]
0.0148862376809 [0.0141301192343] [0.0156423561275]
0.0150716891512 [0.0137046705931] [0.0164387077093]
0.015085591003300002 [0.0132183097303] [0.0169528722763]
0.0151145774871 [0.0129510629922] [0.017278091982]
0.015153083018949999 [0.0129249095917] [0.0173812564462]
0.0151793104596 [0.0130665460601] [0.0172920748591]
0.01528601301835 [0.0133413905278] [0.0172306355089]
0.015669811051299998 [0.0138375619426] [0.01750206016]
0.0167032661848 [0.0148467766121] [0.0185597557575]
0.0188692798838 [0.0167858395725] [0.0209527201951]
0.022649569436899997 [0.0200623013079] [0.0252368375659]
0.02801755722615 [0.0245722550899] [0.0314628593624]
0.03370510041715 [0.0289421230555] [0.0384680777788]
0.03764091059565 [0.0312722548842] [0.0440095663071]
0.039742304012149995 [0.0319923609495] [0.0474922470748]
0.0419415961951 [0.0328531824052] [0.051030009985]
0.0460706520826 [0.0350189469755] [0.0571223571897]
0.0525855626911 [0.0386389382184] [0.0665321871638]
0.0604028329253 [0.0411252081394] [0.0796804577112]
0.0672978479415 [0.0400901250541] [0.0945055708289]
0.0702459570021 [0.0359293408692] [0.104562573135]
0.0694798734037 [0.0313020162284] [0.107657730579]
0.06798958126475 [0.0283850152045] [0.107594147325]
0.06658220384265 [0.0267880950123] [0.106376312673]
0.06267385743555 [0.0247775353491] [0.100570179522]
0.055352287367 [0.021746840328] [0.088957734406]
0.047166613861949994 [0.0182239376009] [0.076109290123]
0.04066079389305 [0.0152198057622] [0.0661017820239]
0.0364624094218 [0.0131425969303] [0.0597822219133]
0.0341630005278 [0.0119702080265] [0.0563557930291]
0.033359207212900005 [0.0115255080163] [0.0551929064095]
0.03320470731705 [0.0115330088884] [0.0548764057457]
0.0327710779384 [0.0118468832225] [0.0536952726543]
0.0323133445345 [0.0126294037327] [0.0519972853363]
0.0320168249309 [0.0136190131307] [0.0504146367311]
0.0318113900721 [0.0146336555481] [0.0489891245961]
0.0306179486215 [0.0146260857582] [0.0466098114848]
0.027201710268850002 [0.0130087845027] [0.041394636035]
0.02287698630245 [0.0108542274684] [0.0348997451365]
0.0195024055429 [0.0093985972926] [0.0296062137932]
0.017476364038865 [0.00885709375143] [0.0260956343263]
0.016562324017305 [0.00910700112581] [0.0240176469088]
0.016219361685225 [0.00975886546075] [0.0226798579097]
0.01585608627645 [0.0103994961828] [0.0213126763701]
0.0152594973333 [0.0107790129259] [0.0197399817407]
