0.049600647762450004 [0.0383022464812] [0.0608990490437]
0.0510744098574 [0.0401764065027] [0.0619724132121]
0.050040157511849995 [0.0403237193823] [0.0597565956414]
0.04650262743235 [0.0396618358791] [0.0533434189856]
0.042808447033149996 [0.0384251847863] [0.04719170928]
0.039940148592 [0.0381162054837] [0.0417640917003]
0.0375479813665 [0.038064148277] [0.037031814456]
0.035234350711099996 [0.037478171289] [0.0329905301332]
0.03306558914485 [0.0360959991813] [0.0300351791084]
0.0313533563167 [0.0344954021275] [0.0282113105059]
0.030250325799 [0.0332308523357] [0.0272697992623]
0.0295863393694 [0.032393310219] [0.0267793685198]
0.02915781829505 [0.0318792052567] [0.0264364313334]
0.0287072537467 [0.0313931256533] [0.0260213818401]
0.0279395831749 [0.0307383257896] [0.0251408405602]
0.02664698660375 [0.0297610219568] [0.0235329512507]
0.0249517308548 [0.0284205563366] [0.021482905373]
0.0232205176726 [0.0269080493599] [0.0195329859853]
0.02177614625545 [0.0253421608359] [0.018210131675]
0.0208486635238 [0.023868823424] [0.0178285036236]
0.020366600714649997 [0.0220595095307] [0.0186736918986]
0.02045904565605 [0.0204044673592] [0.0205136239529]
0.020921564661 [0.018999863416] [0.022843265906]
0.0215094378218 [0.017662730068] [0.0253561455756]
0.021936996839899997 [0.0166138913482] [0.0272601023316]
0.02215251140295 [0.0161247178912] [0.0281803049147]
0.02215976826845 [0.0159732624888] [0.0283462740481]
0.0221610032022 [0.0160254556686] [0.0282965507358]
0.02243292238565 [0.0163156744093] [0.028550170362]
0.02309033460915 [0.0166622772813] [0.029518391937]
0.02423837129025 [0.0170756001025] [0.031401142478]
0.02569960616525 [0.0174477100372] [0.0339515022933]
0.027184621430949997 [0.0177273955196] [0.0366418473423]
0.0282950345427 [0.0178373716772] [0.0387526974082]
0.02847715839745 [0.017842438072] [0.0391118787229]
0.027847012504950003 [0.0179478749633] [0.0377461500466]
0.026968969963499997 [0.0182480979711] [0.0356898419559]
0.02640343178065 [0.019042333588] [0.0337645299733]
0.0264145350084 [0.0204747449607] [0.0323543250561]
0.0270257573575 [0.0225046500564] [0.0315468646586]
0.028104595839949998 [0.0247746966779] [0.031434495002]
0.0292684296146 [0.0266723874956] [0.0318644717336]
0.029839085415 [0.0272583067417] [0.0324198640883]
0.02921144478025 [0.026187453419] [0.0322354361415]
0.0281751798466 [0.0248544830829] [0.0314958766103]
0.026937102898950002 [0.0236057005823] [0.0302685052156]
0.0264834528789 [0.0231456458569] [0.0298212599009]
0.027812474407299996 [0.0240367148072] [0.0315882340074]
0.03233955893665 [0.0275502633303] [0.037128854543]
0.0408078674227 [0.0346275269985] [0.0469882078469]
0.04991905018685 [0.0440619699657] [0.055776130408]
0.0508212391287 [0.047577816993] [0.0540646612644]
0.0432761516422 [0.0419487729669] [0.0446035303175]
0.035814732313149994 [0.0354529283941] [0.0361765362322]
0.03131912648675 [0.031429272145] [0.0312089808285]
0.02915963623675 [0.0296049639583] [0.0287143085152]
0.02829697728155 [0.0290224160999] [0.0275715384632]
0.028082665056000003 [0.0291117094457] [0.0270536206663]
0.028002267703400002 [0.0293151549995] [0.0266893804073]
0.027479333803099998 [0.0289090611041] [0.0260496065021]
0.026174061000350003 [0.0275015830994] [0.0248465389013]
0.0240421462804 [0.0250197760761] [0.0230645164847]
0.0216368790716 [0.0223927348852] [0.020881023258]
0.01963705662635 [0.0204110983759] [0.0188630148768]
0.0184136936441 [0.0194074623287] [0.0174199249595]
0.0182282431051 [0.0196497645229] [0.0168067216873]
0.01967079099265 [0.0220925249159] [0.0172490570694]
0.023882778361450002 [0.028632607311] [0.0191329494119]
0.03212216775865 [0.0414476245642] [0.0227967109531]
0.0434240978211 [0.0589812770486] [0.0278669185936]
0.053404524922350004 [0.074413113296] [0.0323959365487]
0.05853490158914999 [0.082566536963] [0.0345032662153]
0.05977744609115 [0.0852200835943] [0.034334808588]
0.0600901823491 [0.0867318585515] [0.0334485061467]
0.06155004538595 [0.0899444371462] [0.0331556536257]
0.06506436131894999 [0.0960880890489] [0.034040633589]
0.07081294991055 [0.105278730392] [0.0363471694291]
0.07797343283895 [0.115879520774] [0.0400673449039]
0.0842124093326 [0.12416215241] [0.0442626662552]
0.086705826223 [0.126834407449] [0.046577244997]
0.08476359210885 [0.123098544776] [0.0464286394417]
0.08030966483035 [0.116200715303] [0.0444186143577]
0.0753549840303 [0.109067410231] [0.0416425578296]
0.07073018327345 [0.102630920708] [0.0388294458389]
0.06671962700785 [0.0972327142954] [0.0362065397203]
0.06371359527115 [0.0932642295957] [0.0341629609466]
0.06223483942445 [0.0912337005138] [0.0332359783351]
0.06240673922005 [0.0910035297275] [0.0338099487126]
0.0632380731404 [0.0909555107355] [0.0355206355453]
0.0631285849959 [0.0887580364943] [0.0374991334975]
0.061015689745549995 [0.0834228992462] [0.0386084802449]
0.05763075128195 [0.0766257047653] [0.0386357977986]
0.054483121261 [0.0705675333738] [0.0383987091482]
0.052979150786999996 [0.0671767517924] [0.0387815497816]
0.05380542576315 [0.0668463408947] [0.0407645106316]
0.05874013900755 [0.0717604383826] [0.0457198396325]
