0.0209097415209 [0.0182748194784] [0.0235446635634]
0.02099749911575 [0.0173994395882] [0.0245955586433]
0.02118625212465 [0.0167697090656] [0.0256027951837]
0.021167798899099997 [0.0162151865661] [0.0261204112321]
0.02089376561345 [0.0157058555633] [0.0260816756636]
0.020424066577099997 [0.0152490576729] [0.0255990754813]
0.0198616189882 [0.0149104744196] [0.0248127635568]
0.01927916007115 [0.0147737590596] [0.0237845610827]
0.0188028183766 [0.0148594407365] [0.0227461960167]
0.01855917228385 [0.0151533158496] [0.0219650287181]
0.018652486614900002 [0.0156996380538] [0.021605335176]
0.01911234110595 [0.0164651591331] [0.0217595230788]
0.0200962657109 [0.0178112965077] [0.0223812349141]
0.02146224677565 [0.0198889691383] [0.023035524413]
0.022631182335300003 [0.0224571395665] [0.0228052251041]
0.0221166666597 [0.0230440441519] [0.0211892891675]
0.0198927037418 [0.0212075542659] [0.0185778532177]
0.017156205140100002 [0.0184085015208] [0.0159039087594]
0.01498336251825 [0.0160107798874] [0.0139559451491]
0.01357920095325 [0.0143848741427] [0.0127735277638]
0.0128618790768 [0.0134776523337] [0.0122461058199]
0.01266866317015 [0.0131051195785] [0.0122322067618]
0.0128933787346 [0.0131378499791] [0.0126489074901]
0.0134859592654 [0.0133822122589] [0.0135897062719]
0.0144148301333 [0.0136756971478] [0.0151539631188]
0.01540624862535 [0.0137156927958] [0.0170968044549]
0.016123414970900002 [0.0134085025638] [0.018838327378]
0.0163899585605 [0.0128765702248] [0.0199033468962]
0.01639442890885 [0.0122808944434] [0.0205079633743]
0.0165185988881 [0.0117754666135] [0.0212617311627]
0.01721889851615 [0.0115961944684] [0.0228416025639]
0.018764038570200002 [0.0119161456823] [0.0256119314581]
0.02156704105435 [0.0128308292478] [0.0303032528609]
0.0260485825129 [0.0144517319277] [0.0376454330981]
0.0324353501201 [0.0166627466679] [0.0482079535723]
0.04048520699145 [0.0192251391709] [0.061745274812]
0.0498263882473 [0.0215330068022] [0.0781197696924]
0.057350628078 [0.0228143036366] [0.0918869525194]
0.0604682527483 [0.0229638293386] [0.097972676158]
0.06348909437675 [0.0223479270935] [0.10463026166]
0.067212065682 [0.021701451391] [0.112722679973]
0.07152541074895 [0.0214126203209] [0.121638201177]
0.07754105236375 [0.0219668429345] [0.133115261793]
0.08364960830679999 [0.0236408468336] [0.14365836978]
0.08864371385435 [0.0260200034827] [0.151267424226]
0.0885217674076 [0.0287253633142] [0.148318171501]
0.0830673333258 [0.0307675264776] [0.135367140174]
0.07303206436325 [0.0315631218255] [0.114501006901]
0.0628464911133 [0.0312534831464] [0.0944394990802]
0.05524852499365 [0.0304486751556] [0.0800483748317]
0.05064854118975 [0.0296748671681] [0.0716222152114]
0.048436479643000005 [0.0293206088245] [0.0675523504615]
0.0477743353695 [0.0295529700816] [0.0659957006574]
0.047455146908749996 [0.0303835645318] [0.0645267292857]
0.0464308988303 [0.0317906290293] [0.0610711686313]
0.0441584400833 [0.0336797088385] [0.0546371713281]
0.04127707891165 [0.035946700722] [0.0466074571013]
0.03823754191395 [0.037463594228] [0.0390114895999]
0.0353457145393 [0.0374090448022] [0.0332823842764]
0.0327429752797 [0.0356968417764] [0.029789108783]
0.03062959946695 [0.0334085337818] [0.0278506651521]
0.0292719909921 [0.0313109718263] [0.0272330101579]
0.028969173319650002 [0.0302397366613] [0.027698609978]
0.029587192460899997 [0.0303259566426] [0.0288484282792]
0.0306072961539 [0.0307022724301] [0.0305123198777]
0.0312526980415 [0.0308119710535] [0.0316934250295]
0.03052347898485 [0.0297782421112] [0.0312687158585]
0.02871680725365 [0.0277446787804] [0.0296889357269]
0.02687869779765 [0.0256578661501] [0.0280995294452]
0.0260369349271 [0.0246327854693] [0.0274410843849]
0.026363670826 [0.0249262452126] [0.0278010964394]
0.0277525894344 [0.0261500738561] [0.0293551050127]
0.02991700731215 [0.0279338955879] [0.0319001190364]
0.0322142913938 [0.0295012891293] [0.0349272936583]
0.03411482740195 [0.0303186122328] [0.0379110425711]
0.0351985273883 [0.0302206743509] [0.0401763804257]
0.035173590295 [0.0293014589697] [0.0410457216203]
0.034260038286449995 [0.0277461409569] [0.040773935616]
0.0330213997513 [0.0262233279645] [0.0398194715381]
0.03219123091545 [0.0252043996006] [0.0391780622303]
0.03231643140315 [0.0249493643641] [0.0396834984422]
0.033616974018549996 [0.0254684109241] [0.041765537113]
0.03593742847445 [0.0265525132418] [0.0453223437071]
0.038952199742199996 [0.0279231183231] [0.0499812811613]
0.0423749331385 [0.0289461351931] [0.0558037310839]
0.045761895366 [0.0293885972351] [0.0621351934969]
0.048772147856649996 [0.0293882321566] [0.0681560635567]
0.051031752489499996 [0.0292750727385] [0.0727884322405]
0.05099791660905 [0.0292168930173] [0.0727789402008]
0.0484135113657 [0.0291839614511] [0.0676430612803]
0.04380912240595 [0.0291330423206] [0.0584852024913]
0.03962083905935 [0.0296552143991] [0.0495864637196]
0.0374339492992 [0.0310257878155] [0.0438421107829]
0.03674978204075 [0.0330305732787] [0.0404689908028]
0.037079706788050004 [0.0351377502084] [0.0390216633677]
0.03705110028385 [0.0361583344638] [0.0379438661039]
0.0354614276439 [0.0349589511752] [0.0359639041126]
0.032151430845250004 [0.0317671522498] [0.0325357094407]
0.0277812378481 [0.027546916157] [0.0280155595392]
0.0236387932673 [0.0236615035683] [0.0236160829663]
0.02056421712045 [0.0209745652974] [0.0201538689435]
0.01892319135365 [0.0199302975088] [0.0179160851985]
0.018527392298 [0.0203020144254] [0.0167527701706]
0.01903064735235 [0.0215273536742] [0.0165339410305]
0.02018964942545 [0.0230832584202] [0.0172960404307]
0.0220471667126 [0.0249268859625] [0.0191674474627]
0.024308018386400003 [0.0267218910158] [0.021894145757]
0.0264060702175 [0.0280932374299] [0.0247189030051]
0.02691651601345 [0.028434695676] [0.0253983363509]
0.0253502316773 [0.0273916311562] [0.0233088321984]
0.02278284635395 [0.0255491640419] [0.020016528666]
0.0209160279483 [0.0240007117391] [0.0178313441575]
0.020505622960649998 [0.0235613193363] [0.017449926585]
0.0219652336091 [0.02489951998] [0.0190309472382]
0.0251558413729 [0.0280724912882] [0.0222391914576]
0.0290568806231 [0.0317921228707] [0.0263216383755]
0.0319480318576 [0.0340452827513] [0.0298507809639]
0.032989310100649996 [0.0338434651494] [0.0321351550519]
0.03262016549705 [0.0321796387434] [0.0330606922507]
0.03168778307735 [0.0304896347225] [0.0328859314322]
0.03068191185595 [0.0295645855367] [0.0317992381752]
0.02986844815315 [0.029396975413] [0.0303399208933]
0.02959571871905 [0.0299024041742] [0.0292890332639]
0.0305173965171 [0.03138487041] [0.0296499226242]
0.03348092734815 [0.0344674922526] [0.0324943624437]
0.039400381967400006 [0.0401906222105] [0.0386101417243]
0.04901208542285 [0.0500260777771] [0.0479980930686]
0.061971597373449996 [0.0659414604306] [0.0580017343163]
0.07538297772405 [0.0877676159143] [0.0629983395338]
0.0846131984142 [0.109280057251] [0.0599463395774]
0.0871760807933 [0.122230395675] [0.0521217659116]
0.08585543558 [0.126442104578] [0.045268766582]
0.08407570607985 [0.127687811852] [0.0404636003077]
0.08336905762534999 [0.128828540444] [0.0379095748067]
0.0844697244466 [0.131063014269] [0.0378764346242]
0.08688867650939999 [0.133373230696] [0.0404041223228]
0.08901491574955 [0.133305847645] [0.0447239838541]
0.09114527888605001 [0.133726000786] [0.0485645569861]
0.09288984164620001 [0.135090515018] [0.0506891682744]
0.09473320841785 [0.138350278139] [0.0511161386967]
0.09595406055465 [0.141318291426] [0.0505898296833]
0.09540349245095 [0.140651673079] [0.0501553118229]
0.09579839371155001 [0.140910536051] [0.0506862513721]
0.09625985473405001 [0.139860391617] [0.0526593178511]
0.0975015107544 [0.138774827123] [0.0562281943858]
0.09822904877375 [0.135362043977] [0.0610960535705]
0.09812016412635 [0.130430310965] [0.0658100172877]
0.0964931845663 [0.122709035873] [0.0702773332596]
0.0936754718425 [0.114408269525] [0.07294267416]
0.09015877172365 [0.106328159571] [0.0739893838763]
0.08673118427395 [0.099414780736] [0.0740475878119]
0.08191128820179999 [0.0909090042114] [0.0729135721922]
0.07532841712235 [0.0808888673782] [0.0697679668665]
0.06603998318315 [0.0683561116457] [0.0637238547206]
0.05572138354185 [0.0570003576577] [0.054442409426]
0.04636473581195 [0.0484424605966] [0.0442870110273]
0.039157377556 [0.0426402948797] [0.0356744602323]
0.0343895377591 [0.0388441607356] [0.0299349147826]
0.0314493449405 [0.036255415529] [0.026643274352]
0.029891920276 [0.0345444828272] [0.0252393577248]
0.0293177999556 [0.0335396379232] [0.025095961988]
0.02939953841265 [0.033086258918] [0.0257128179073]
0.0298547167331 [0.0332074984908] [0.0265019349754]
0.030340061523 [0.0337467975914] [0.0269333254546]
0.03079564031215 [0.0346436686814] [0.0269476119429]
0.03129930607975 [0.035851534456] [0.0267470777035]
0.0318923452869 [0.0372292920947] [0.0265553984791]
0.03268859256055 [0.0386271141469] [0.0267500709742]
0.03368673752995 [0.0398734547198] [0.0275000203401]
0.0351517042145 [0.0409942641854] [0.0293091442436]
0.03778444975615 [0.0425761826336] [0.0329927168787]
0.04262850806115 [0.0454301647842] [0.0398268513381]
0.050041463226099994 [0.0496337488294] [0.0504491776228]
0.05908058211205 [0.0539589375257] [0.0642022266984]
0.06627020984885 [0.0563607960939] [0.0761796236038]
0.0674917660654 [0.0546309128404] [0.0803526192904]
