0.0986374653878 [0.102850645781] [0.0944242849946]
0.1020111441613 [0.109598003328] [0.0944242849946]
0.10588091984379999 [0.117337554693] [0.0944242849946]
0.1083855107428 [0.122346736491] [0.0944242849946]
0.1074414253233 [0.120458565652] [0.0944242849946]
0.1045120842753 [0.114599883556] [0.0944242849946]
0.1004102379083 [0.106396190822] [0.0944242849946]
0.09577921777965 [0.0971341505647] [0.0944242849946]
0.09136863052845 [0.0883129760623] [0.0944242849946]
0.08808022364974999 [0.0817361623049] [0.0944242849946]
0.0869234763086 [0.0794226676226] [0.0944242849946]
0.0575766582042 [0.0825007855892] [0.0326525308192]
0.0625992808491 [0.0914907753468] [0.0337077863514]
0.06968340650205 [0.10525649786] [0.0341103151441]
0.07812692224975 [0.122017070651] [0.0342367738485]
0.08713347278514999 [0.139440476894] [0.0348264686763]
0.09531196393095 [0.15483956039] [0.0357843674719]
0.10043206252174999 [0.164125606418] [0.0367385186255]
0.1002705823629 [0.162961348891] [0.0375798158348]
0.09452440775945 [0.15066459775] [0.0383842177689]
0.0873203631488 [0.135489031672] [0.0391516946256]
0.08109904266885 [0.122384212911] [0.0398138724267]
0.07617800123974999 [0.111945390701] [0.0404106117785]
0.0732643045486 [0.10403110832] [0.0424975007772]
0.07052618823945 [0.0964747071266] [0.0445776693523]
0.0661261174828 [0.0867390558124] [0.0455131791532]
0.05942041799430001 [0.0740073025227] [0.0448335334659]
0.05120187439025 [0.0599011853337] [0.0425025634468]
0.0434329416603 [0.0480262897909] [0.0388395935297]
0.038099860772499994 [0.0415169969201] [0.0346827246249]
0.03475364577025 [0.0387167111039] [0.0307905804366]
0.0328054148704 [0.0380560643971] [0.0275547653437]
0.0320769911632 [0.0388262793422] [0.0253277029842]
0.03236901946365 [0.0409880802035] [0.0237499587238]
0.03372534643855 [0.0445950850844] [0.0228556077927]
0.0360793871805 [0.0491122119129] [0.0230465624481]
0.038721180521 [0.0528384931386] [0.0246038679034]
0.0406209649518 [0.0536812767386] [0.027560653165]
0.04135205969215 [0.0512664467096] [0.0314376726747]
0.041720487177349996 [0.0479680225253] [0.0354729518294]
0.04244334995745 [0.0457385778427] [0.0391481220722]
0.0437769293785 [0.0450831912458] [0.0424706675112]
0.0460104383528 [0.0459215417504] [0.0460993349552]
0.04931486956775 [0.0477608926594] [0.0508688464761]
0.054000530391950005 [0.0505198724568] [0.0574811883271]
0.06015381775795001 [0.0539644099772] [0.0663432255387]
0.067498318851 [0.0570986047387] [0.0778980329633]
0.0755613911897 [0.0590042732656] [0.0921185091138]
0.0852224938571 [0.0607801228762] [0.109664864838]
0.097105730325 [0.064080260694] [0.130131199956]
