0.07901317812519999 [0.0307278968394] [0.127298459411]
0.0846307389439 [0.0312385633588] [0.138022914529]
0.08675790950665 [0.0315395072103] [0.141976311803]
0.08194550219935 [0.0311804879457] [0.132710516453]
0.07239524275085 [0.0304292216897] [0.114361263812]
0.0628501391038 [0.0295163746923] [0.0961839035153]
0.055531308054950004 [0.0284579098225] [0.0826047062874]
0.0508332569152 [0.0274534933269] [0.0742130205035]
0.04771408811215 [0.026456207037] [0.0689719691873]
0.0456421421841 [0.0254691708833] [0.0658151134849]
0.04439835157245 [0.0246503930539] [0.064146310091]
0.04351155553015 [0.0242880973965] [0.0627350136638]
0.043332115747 [0.0246381703764] [0.0620260611176]
0.0442102588713 [0.025755867362] [0.0626646503806]
0.045294912532 [0.0273001454771] [0.0632896795869]
0.04600447323175 [0.0285986866802] [0.0634102597833]
0.046038092114049994 [0.0290238428861] [0.063052341342]
0.0455200849101 [0.0285674277693] [0.0624727420509]
0.04487505648285 [0.0277054477483] [0.0620446652174]
0.0446640215814 [0.0272679552436] [0.0620600879192]
0.04510555043815 [0.0274612084031] [0.0627498924732]
0.045927057974 [0.0276189204305] [0.0642351955175]
0.046565928496400004 [0.027189867571] [0.0659419894218]
0.04644069448115 [0.0263357535005] [0.0665456354618]
0.04596791788935 [0.0252221524715] [0.0667136833072]
0.04532681312415 [0.0240482669324] [0.0666053593159]
0.04442333243785 [0.0228815041482] [0.0659651607275]
0.0429175356403 [0.0216441247612] [0.0641909465194]
0.040639241226050005 [0.0202924627811] [0.060986019671]
0.03814856801185 [0.0188595671207] [0.057437568903]
0.0360386893153 [0.017513949424] [0.0545634292066]
0.034693706780699995 [0.0166320577264] [0.052755355835]
0.0344891473651 [0.0162486471236] [0.0527296476066]
0.03513937909155 [0.0161450784653] [0.0541336797178]
0.03571514226495 [0.0161227174103] [0.0553075671196]
0.03600896149875 [0.0159571841359] [0.0560607388616]
0.036350097507250004 [0.0157597064972] [0.0569404885173]
0.0369416968897 [0.0155002791435] [0.0583831146359]
0.0376995559782 [0.015308175236] [0.0600909367204]
0.03842121642085 [0.0152163077146] [0.0616261251271]
0.03910505445675 [0.015372321941] [0.0628377869725]
0.0400328654796 [0.0159459672868] [0.0641197636724]
0.04180730413645 [0.0170848350972] [0.0665297731757]
0.045291984453800005 [0.0187901742756] [0.071793794632]
0.0503115039319 [0.0209688805044] [0.0796541273594]
0.0554350093007 [0.023166231811] [0.0877037867904]
0.05905712209645 [0.0244757048786] [0.0936385393143]
0.06174571160225 [0.0248577836901] [0.0986336395144]
0.06440568715350001 [0.024624273181] [0.104187101126]
0.06780243571835 [0.0245617683977] [0.111043103039]
0.0720997322353 [0.0249733291566] [0.119226135314]
0.07733063958595 [0.0259836576879] [0.128677621484]
0.0842514112594 [0.0278258174658] [0.140677005053]
0.09305993001925 [0.0303983893245] [0.155721470714]
0.10090255551045 [0.0326965562999] [0.169108554721]
0.10561540350339998 [0.0328904166818] [0.178340390325]
0.10867905616765 [0.0302777141333] [0.187080398202]
0.11161296907835 [0.0263638664037] [0.196862071753]
0.11665445659325001 [0.0232047159225] [0.210104197264]
0.12288817949585 [0.0216385163367] [0.224137842655]
0.12938359100355 [0.0215659979731] [0.237201184034]
0.13518157321965 [0.0226953867823] [0.247667759657]
0.1389465369284 [0.0247184112668] [0.25317466259]
0.14116779062905 [0.0272924918681] [0.25504308939]
0.14270585961615 [0.0301435627043] [0.255268156528]
0.1442255303264 [0.0324098616838] [0.256041198969]
0.14494270086275 [0.0335211753845] [0.256364226341]
0.14643422141690002 [0.0337469950318] [0.259121447802]
0.14906999655085001 [0.0340504981577] [0.264089494944]
0.15263242833335 [0.0351679883897] [0.270096868277]
0.15687576867635 [0.0383557267487] [0.275395810604]
0.16178056225195 [0.0451183542609] [0.278442770243]
0.1691998690366 [0.0572101771832] [0.28118956089]
0.1801483333109 [0.0760625898838] [0.284234076738]
0.19287222623845002 [0.0993400812149] [0.286404371262]
0.20359305292399998 [0.118087306619] [0.289098799229]
0.209290020168 [0.124238982797] [0.294341057539]
0.21014692634350002 [0.120267704129] [0.300026148558]
0.208585433662 [0.111907050014] [0.30526381731]
0.207370374352 [0.102988429368] [0.311752319336]
0.20178997516629998 [0.0947466790676] [0.308833271265]
0.193069919944 [0.086175352335] [0.299964487553]
0.17910981178270002 [0.0764584839344] [0.281761139631]
0.16399163007745 [0.0710597038269] [0.256923556328]
0.1526185125112 [0.0702379345894] [0.234999090433]
0.14747264236215002 [0.0725644230843] [0.22238086164]
0.14512301236414998 [0.0755738914013] [0.214672133327]
0.1418425962329 [0.0777588188648] [0.205926373601]
0.13635576143875 [0.0784379169345] [0.194273605943]
0.13074617087845 [0.0788566768169] [0.18263566494]
0.12642609700545 [0.0796083733439] [0.173243820667]
0.1256005428733 [0.0820357874036] [0.169165298343]
0.1278179623187 [0.0864517465234] [0.169184178114]
0.13184158504010002 [0.0932988971472] [0.170384272933]
0.1364616043865 [0.102612636983] [0.17031057179]
0.141691997647 [0.113975524902] [0.169408470392]
0.148161672056 [0.126899287105] [0.169424057007]
0.156559959054 [0.141309306026] [0.171810612082]
0.165080405772 [0.154702007771] [0.175458803773]
0.17196219414500002 [0.165769964457] [0.178154423833]
0.1762121021745 [0.173564597964] [0.178859606385]
0.17756153643150002 [0.177790209651] [0.177332863212]
0.176302924752 [0.180101290345] [0.172504559159]
0.176290333271 [0.184077993035] [0.168502673507]
0.1817594096065 [0.194718062878] [0.168800756335]
0.19066695123900002 [0.21295017004] [0.168383732438]
0.1956340149045 [0.227908015251] [0.163360014558]
0.192017868161 [0.230871647596] [0.153164088726]
0.18316511064750002 [0.226269558072] [0.140060663223]
0.17156144231550002 [0.215291202068] [0.127831682563]
0.1577643081545 [0.197248071432] [0.118280544877]
0.14468641579150002 [0.178062140942] [0.111310690641]
0.13410904631 [0.160876750946] [0.107341341674]
0.12454918772000001 [0.14351554215] [0.10558283329]
0.11855087429300001 [0.131005302072] [0.106096446514]
0.11651983484600001 [0.124315410852] [0.10872425884]
0.119299333543 [0.12342710048] [0.115171566606]
0.12559598684349998 [0.126586824656] [0.124605149031]
0.133955232799 [0.132265552878] [0.13564491272]
0.142995007336 [0.138420790434] [0.147569224238]
0.147960953414 [0.141416072845] [0.154505833983]
0.15020870417350002 [0.141680806875] [0.158736601472]
0.149341598153 [0.137378439307] [0.161304756999]
0.14671973139049999 [0.12894743681] [0.164492025971]
0.1463313773275 [0.1217353791] [0.170927375555]
0.14791464805600002 [0.114017099142] [0.18181219697]
0.149306476116 [0.102170065045] [0.196442887187]
0.15014414489255 [0.0863130986691] [0.213975191116]
0.1488376781342 [0.0703894495964] [0.227285906672]
0.1426954939963 [0.0589982420206] [0.226392745972]
0.129092110321 [0.052779328078] [0.205404892564]
0.11261823959629999 [0.0506805218756] [0.174555957317]
0.09999338909960001 [0.0514605864882] [0.148526191711]
0.09239042177795 [0.0526664629579] [0.132114380598]
0.08778562955540001 [0.0521043799818] [0.123466879129]
0.0844879280774 [0.0487770996988] [0.120198756456]
0.0819168910383 [0.0434546396136] [0.120379142463]
0.0801848787816 [0.0377878509462] [0.122581906617]
0.07901891320955 [0.0330670103431] [0.124970816076]
0.07744561228915 [0.0295470822603] [0.125344142318]
0.07427349686644999 [0.0273119360209] [0.121235057712]
0.06908566690965 [0.0259304456413] [0.112240888178]
