0.06630682386435 [0.0227323435247] [0.109881304204]
0.0702533619477 [0.0229147616774] [0.117591962218]
0.07447444740665 [0.0229977238923] [0.125951170921]
0.07907837629315001 [0.0230237543583] [0.135132998228]
0.0840868903326 [0.0231054779142] [0.145068302751]
0.0889929989353 [0.0232257116586] [0.154760286212]
0.0934915402904 [0.0231817234308] [0.16380135715]
0.0978368725629 [0.0229752026498] [0.172698542476]
0.10282276012015 [0.0229378528893] [0.182707667351]
0.1086277971044 [0.0234637726098] [0.193791821599]
0.11540534999205 [0.0250550340861] [0.205755665898]
0.12542652525005 [0.0277003832161] [0.223152667284]
0.13629274908465 [0.0302221942693] [0.2423633039]
0.1376567725094 [0.0303455926478] [0.244967952371]
0.12389942444865 [0.0272802449763] [0.220518603921]
0.1095927031711 [0.0265692714602] [0.192616134882]
0.0951581802221 [0.0255934856832] [0.164722874761]
0.08270899765205 [0.0244905464351] [0.140927448869]
0.0728819137437 [0.0231782924384] [0.122585535049]
0.0646009119226 [0.0214603487402] [0.107741475105]
0.0570735260844 [0.0193570703268] [0.094789981842]
0.0502654183656 [0.01725685969] [0.0832739770412]
0.0446069375612 [0.0155708389357] [0.0736430361867]
0.0402889321558 [0.0144834881648] [0.0660943761468]
0.03741038078445 [0.0138194160536] [0.0610013455153]
0.03550397371875 [0.012984267436] [0.0580236800015]
0.0348459421657 [0.012984267436] [0.0567076168954]
0.0348462010734 [0.012984267436] [0.0567081347108]
0.0353412474506 [0.012984267436] [0.0576982274652]
0.03611693670975 [0.012984267436] [0.0592496059835]
0.037254370283350005 [0.012984267436] [0.0615244731307]
0.0450938232243 [0.0250388160348] [0.0651488304138]
0.04616318829355 [0.0243476219475] [0.0679787546396]
0.0466840416193 [0.0233970507979] [0.0699710324407]
0.0467459205538 [0.0221410803497] [0.0713507607579]
0.047219011932599995 [0.0206627994776] [0.0737752243876]
0.04880012385545 [0.0192425586283] [0.0783576890826]
0.0526949055493 [0.0183767899871] [0.0870130211115]
0.059673422947650004 [0.0182469002903] [0.101099945605]
0.06835883762695 [0.0188191216439] [0.11789855361]
0.0770274912938 [0.0199666749686] [0.134088307619]
0.0826470972971 [0.0215515885502] [0.143742606044]
0.08430374599969999 [0.0233581997454] [0.145249292254]
0.08301351126275 [0.0252676885575] [0.140759333968]
0.1067138891665 [0.027712341398] [0.185715436935]
0.12803137395515 [0.0306792277843] [0.225383520126]
0.1499383058398 [0.0331694595516] [0.266707152128]
0.18780235201135 [0.0346664637327] [0.34093824029]
0.19108809344465 [0.0351980887353] [0.346978098154]
0.1923157647254 [0.0354758948088] [0.349155634642]
0.1914437431843 [0.0362554229796] [0.346632063389]
0.1889139506966 [0.0380529351532] [0.33977496624]
0.18530039302995 [0.0409234724939] [0.329677313566]
0.18135316111145 [0.0444550104439] [0.318251311779]
0.1775684189054 [0.0476054809988] [0.307531356812]
0.17376228980709998 [0.0493595264852] [0.298165053129]
0.16970900073650003 [0.049708224833] [0.28970977664]
0.16536163911245 [0.0492578372359] [0.281465440989]
0.16100532747785 [0.0484289117157] [0.27358174324]
0.15758992917825002 [0.0477303899825] [0.267449468374]
0.15270486287775 [0.0475289188325] [0.257880806923]
0.1489827129989 [0.0483421124518] [0.249623313546]
0.14771284908045001 [0.0509835034609] [0.2444421947]
0.1468212381006 [0.0565203726292] [0.237122103572]
0.14644835516805 [0.0663108155131] [0.226585894823]
0.14929384738185 [0.0819450616837] [0.21664263308]
0.1577446199955 [0.104960419238] [0.210528820753]
0.17323671281300002 [0.134692817926] [0.2117806077]
0.19297024607649998 [0.164621323347] [0.221319168806]
0.20979315042500002 [0.184936016798] [0.234650284052]
0.221374064684 [0.1940407902] [0.248707339168]
0.230060815811 [0.198623359203] [0.261498272419]
0.237637922168 [0.202878415585] [0.272397428751]
0.24625703692450002 [0.210128545761] [0.282385528088]
0.2542263045905 [0.219267234206] [0.289185374975]
0.2554407939315 [0.22632394731] [0.284557640553]
0.246248625219 [0.221598848701] [0.270898401737]
0.23533564805950002 [0.214346170425] [0.256325125694]
0.2246845662595 [0.204936519265] [0.244432613254]
0.2174584791065 [0.196802213788] [0.238114744425]
0.214916422963 [0.190959870815] [0.238872975111]
0.216147594154 [0.187656924129] [0.244638264179]
0.2191164195535 [0.187281489372] [0.250951349735]
0.22249113768349998 [0.188839569688] [0.256142705679]
0.22493414580800003 [0.190536946058] [0.259331345558]
0.2263439670205 [0.190743103623] [0.261944830418]
0.22714066505449998 [0.189156383276] [0.265124946833]
0.2282911017535 [0.187066927552] [0.269515275955]
0.2312082275745 [0.186664149165] [0.275752305984]
0.2368384376165 [0.189307376742] [0.284369498491]
0.2449854314325 [0.194039702415] [0.29593116045]
0.2552817761895 [0.200335472822] [0.310228079557]
0.264172077179 [0.202430814505] [0.325913339853]
0.2725002765655 [0.203237295151] [0.34176325798]
0.279816634953 [0.203827753663] [0.355805516243]
0.285749219358 [0.203332051635] [0.368166387081]
0.287824600935 [0.19739434123] [0.37825486064]
0.273705124855 [0.185295730829] [0.362114518881]
0.2379897087815 [0.164600133896] [0.311379283667]
0.1947974711655 [0.140429779887] [0.249165162444]
0.1606065630915 [0.120862722397] [0.200350403786]
0.1386369355025 [0.107561387122] [0.169712483883]
0.12625155597935 [0.0994898229837] [0.153013288975]
0.11941329389819999 [0.0948843955994] [0.143942192197]
0.11548788100499999 [0.092275261879] [0.138700500131]
0.11271431297085 [0.0909745693207] [0.134454056621]
0.11028018593774999 [0.0905994176865] [0.129960954189]
0.10799293965105 [0.0908536911011] [0.125132188201]
0.1057339161634 [0.0911545231938] [0.120313309133]
0.10382766276620001 [0.0918241366744] [0.115831188858]
0.10276493057625 [0.0934347212315] [0.112095139921]
0.10182543471435 [0.0945308357477] [0.109120033681]
0.10186789184815001 [0.0954806879163] [0.10825509578]
0.10428905487080001 [0.0973789319396] [0.111199177802]
0.1087257415057 [0.0974100232124] [0.120041459799]
0.11446697637440001 [0.0923575684428] [0.136576384306]
0.12206048890929999 [0.0811894759536] [0.162931501865]
0.1311607547104 [0.0677996650338] [0.194521844387]
0.1363559812306 [0.0562298297882] [0.216482132673]
0.13511359505365 [0.0473702661693] [0.222856923938]
0.12993648275715 [0.0408216640353] [0.219051301479]
0.1243991516529 [0.0361153706908] [0.212682932615]
0.1202507186682 [0.0329710133374] [0.207530423999]
0.11916841752809999 [0.0312089510262] [0.20712788403]
0.12225869856765001 [0.0305549763143] [0.213962420821]
0.1290539726616 [0.0307093262672] [0.227398619056]
0.13460040092445 [0.0312703251839] [0.237930476665]
0.13879789970825 [0.0319472663105] [0.245648533106]
0.14150877855715002 [0.0326102487743] [0.25040730834]
0.143967119977 [0.033424820751] [0.254509419203]
0.14595552161320002 [0.0349707081914] [0.256940335035]
0.14862390048795 [0.0377775169909] [0.259470283985]
0.1503961607815 [0.041998013854] [0.258794307709]
0.15140206553045 [0.0477805323899] [0.255023598671]
0.1532474867998 [0.0557334944606] [0.250761479139]
0.15912514179925 [0.0675816088915] [0.250668674707]
0.17121664434650002 [0.08690546453] [0.255527824163]
0.1909849233925 [0.118325300515] [0.26364454627]
0.216530010104 [0.162148207426] [0.270911812782]
0.23845157772300002 [0.20359121263] [0.273311942816]
0.24768487364050001 [0.225313171744] [0.270056575537]
0.246275305748 [0.229066163301] [0.263484448195]
0.2397884503005 [0.223027333617] [0.256549566984]
0.233447179198 [0.216714352369] [0.250180006027]
0.22918019443749998 [0.212751880288] [0.245608508587]
0.227699562907 [0.210543259978] [0.244855865836]
0.22788816690449998 [0.208513244987] [0.247263088822]
0.2269442528485 [0.205335617065] [0.248552888632]
0.2253956496715 [0.197062313557] [0.253728985786]
0.21852219104749998 [0.176510989666] [0.260533392429]
0.2099633440375 [0.157091215253] [0.262835472822]
0.199473761022 [0.142594650388] [0.256352871656]
0.18454898893850002 [0.133169010282] [0.235928967595]
0.168234363198 [0.125534445047] [0.210934281349]
0.15291525051 [0.116209946573] [0.189620554447]
0.139402769506 [0.106250762939] [0.172554776073]
0.1254614032804 [0.0929349586368] [0.157987847924]
0.11358525231465 [0.0774935111403] [0.149676993489]
0.1025511063637 [0.0629610046744] [0.142141208053]
0.09364864602675001 [0.0515398308635] [0.13575746119]
0.08715151622895001 [0.0441681370139] [0.130134895444]
0.08301126770685 [0.0408123396337] [0.12521019578]
0.0808610487727 [0.0415143705904] [0.120207726955]
0.0797179378569 [0.0456576570868] [0.113778218627]
0.0790133010598 [0.0513093583286] [0.106717243791]
0.078465387225 [0.056249551475] [0.100681222975]
0.07873206958175 [0.0593372806907] [0.0981268584728]
0.08012368902565 [0.0612440556288] [0.0990033224225]
0.08227160572985001 [0.0625509545207] [0.101992256939]
0.08480134606340001 [0.0639283061028] [0.105674386024]
0.08692453801655001 [0.0656879320741] [0.108161143959]
0.08767560869455 [0.0669848099351] [0.108366407454]
0.08740867674345 [0.0661111623049] [0.108706191182]
0.08638421073575 [0.0628475397825] [0.109920881689]
