0.03735755197705 [0.0435985662043] [0.0311165377498]
0.04251746088265 [0.0480693653226] [0.0369655564427]
0.04869207181035 [0.0526132546365] [0.0447708889842]
0.054523680359100005 [0.0557888112962] [0.053258549422]
0.0538256224245 [0.0553439855576] [0.0523072592914]
0.05208999477325 [0.0510844029486] [0.0530955865979]
0.04794457927345 [0.0442543029785] [0.0516348555684]
0.04355478286745 [0.0372760370374] [0.0498335286975]
0.040476009249700004 [0.031847640872] [0.0491043776274]
0.0391788734123 [0.0281868074089] [0.0501709394157]
0.03868294134735 [0.0262577831745] [0.0511080995202]
0.038307435810549996 [0.0252766534686] [0.0513382181525]
0.0371784828603 [0.024622566998] [0.0497343987226]
0.0357258748263 [0.0237429626286] [0.047708787024]
0.0338575374335 [0.0224887505174] [0.0452263243496]
0.031629976816500004 [0.0207782443613] [0.0424817092717]
0.02950977627185 [0.0189197491854] [0.0400998033583]
0.02816114388405 [0.0174573659897] [0.0388649217784]
0.02813487220555 [0.0168139655143] [0.0394557788968]
0.029657275416000002 [0.0171625297517] [0.0421520210803]
0.03278568480165 [0.0185723844916] [0.0469989851117]
0.037205575034050004 [0.0211418643594] [0.0532692857087]
0.0423155836761 [0.0250983051956] [0.0595328621566]
0.0478953998536 [0.030732344836] [0.0650584548712]
0.05350478738545 [0.0381039455533] [0.0689056292176]
0.0588860232383 [0.0465139038861] [0.0712581425905]
0.0639950763434 [0.0545443035662] [0.0734458491206]
0.06918629445135 [0.0606749840081] [0.0776976048946]
0.0755187869072 [0.0644771233201] [0.0865604504943]
0.083118442446 [0.0671622380614] [0.0990746468306]
0.09234444051964999 [0.0714219734073] [0.113266907632]
0.10323761776064999 [0.0788935497403] [0.127581685781]
0.11380800977335001 [0.0889866426587] [0.138629376888]
0.12160655111075 [0.0985260903835] [0.144687011838]
0.1245606578885 [0.102778457105] [0.146342858672]
0.123500276357 [0.101987116039] [0.145013436675]
0.1197406873106 [0.0978739708662] [0.141607403755]
0.11440880596630001 [0.0919105410576] [0.136907070875]
0.1075959019364 [0.0835566744208] [0.131635129452]
0.10052123665815 [0.0737581402063] [0.12728433311]
0.0950219221415 [0.064659692347] [0.125384151936]
0.09175767376999999 [0.057502515614] [0.126012831926]
0.0907169040295 [0.053424384445] [0.128009423614]
0.09138339571635 [0.0525465272367] [0.130220264196]
0.09399612993 [0.05426864326] [0.1337236166]
0.0976106468588 [0.0577984042466] [0.137422889471]
0.10238231718560001 [0.0618809312582] [0.142883703113]
0.10687781497835 [0.0652910396457] [0.148464590311]
0.11008285358530001 [0.0675156638026] [0.152650043368]
0.11262706294655 [0.0688157305121] [0.156438395381]
0.11515546962625 [0.0704856440425] [0.15982529521]
0.11882916092894999 [0.0722744911909] [0.165383830667]
0.12493154406555 [0.0754157006741] [0.174447387457]
0.1354495324195 [0.081476084888] [0.189422979951]
0.15102121233925 [0.0922564566135] [0.209785968065]
0.1721126511695 [0.109399110079] [0.23482619226]
0.1980901807545 [0.134063661098] [0.262116700411]
0.225395433605 [0.164404585958] [0.286386281252]
0.2501195296645 [0.197037234902] [0.303201824427]
0.2713988497855 [0.229360058904] [0.313437640667]
0.2882650196555 [0.263569146395] [0.312960892916]
0.292087227106 [0.279126405716] [0.305048048496]
0.2885353565215 [0.283730506897] [0.293340206146]
0.2835292816165 [0.283905744553] [0.28315281868]
0.27719178795849997 [0.279797136784] [0.274586439133]
0.2719338834285 [0.275805979967] [0.26806178689]
0.268199428916 [0.272230684757] [0.264168173075]
0.2688135057685 [0.272310942411] [0.265316069126]
0.2703404426575 [0.273378998041] [0.267301887274]
0.270631581545 [0.274803578854] [0.266459584236]
0.269020214677 [0.274745166302] [0.263295263052]
0.26587842404850004 [0.273745983839] [0.258010864258]
0.2613920271395 [0.270927727222] [0.251856327057]
0.257488168776 [0.268000513315] [0.246975824237]
0.255166105926 [0.265524923801] [0.244807288051]
0.254194870591 [0.263840138912] [0.24454960227]
0.2501512914895 [0.256792843342] [0.243509739637]
0.240247659385 [0.24330855906] [0.23718675971]
0.227218218148 [0.22629660368] [0.228139832616]
0.218234553933 [0.212839767337] [0.223629340529]
0.213143989444 [0.204613372684] [0.221674606204]
0.210099160671 [0.201449677348] [0.218748643994]
0.20887236297150003 [0.204450771213] [0.21329395473]
0.204568393528 [0.204518333077] [0.204618453979]
0.189016819 [0.186800971627] [0.191232666373]
0.1706034988165 [0.167460426688] [0.173746570945]
0.1563646793365 [0.153803989291] [0.158925369382]
0.1484510079025 [0.146020680666] [0.150881335139]
0.1468215957285 [0.144129276276] [0.149513915181]
0.148795157671 [0.145904496312] [0.15168581903]
0.1514480262995 [0.148929312825] [0.153966739774]
0.153139777482 [0.151678681374] [0.15460087359]
0.15458766371049998 [0.154419317842] [0.154756009579]
0.157455794513 [0.157799825072] [0.157111763954]
0.162115782499 [0.161606788635] [0.162624776363]
0.16852030903100002 [0.164464443922] [0.17257617414]
0.17351731657949998 [0.164332926273] [0.182701706886]
0.1749177500605 [0.160632714629] [0.189202785492]
0.175253517926 [0.155131772161] [0.195375263691]
0.1776391938325 [0.151012986898] [0.204265400767]
0.1849749982355 [0.151111498475] [0.218838497996]
0.196465037763 [0.155772924423] [0.237157151103]
0.2085505798455 [0.162873074412] [0.254228085279]
0.21446719020600002 [0.166428372264] [0.262506008148]
0.21247196197499998 [0.163776367903] [0.261167556047]
0.205302938819 [0.157238185406] [0.253367692232]
0.1994419395925 [0.153593748808] [0.245290130377]
0.195819541812 [0.151905044913] [0.239734038711]
0.193645834923 [0.152617201209] [0.234674468637]
0.1924031972885 [0.157264977694] [0.227541416883]
0.1908207014205 [0.162733092904] [0.218908309937]
0.1905598565935 [0.170663297176] [0.210456416011]
0.1925261244175 [0.181444019079] [0.203608229756]
0.1970659196375 [0.195723965764] [0.198407873511]
0.204697653651 [0.213988676667] [0.195406630635]
0.214634090662 [0.234993800521] [0.194274380803]
0.225288197398 [0.255136400461] [0.195439994335]
0.2343411147595 [0.269052445889] [0.19962978363]
0.239308267832 [0.272927224636] [0.205689311028]
0.24023275077349998 [0.268357783556] [0.212107717991]
0.2413239777085 [0.260927557945] [0.221720397472]
0.24504400789750003 [0.255402505398] [0.234685510397]
0.2503205537795 [0.253063112497] [0.247577995062]
0.2589237689975 [0.256952553988] [0.260894984007]
0.2719250619415 [0.269788116217] [0.274062007666]
0.282793626189 [0.281850725412] [0.283736526966]
0.289306536317 [0.287301242352] [0.291311830282]
0.288727015257 [0.28640639782] [0.291047632694]
0.284354373813 [0.278623968363] [0.290084779263]
0.2707174122335 [0.258922249079] [0.282512575388]
0.241394162178 [0.223877191544] [0.258911132812]
0.200635500252 [0.178660035133] [0.222610965371]
0.162318430841 [0.138772889972] [0.18586397171]
0.1344523355365 [0.110425725579] [0.158478945494]
