0.05742878094315 [0.0479541793466] [0.0669033825397]
0.06705089285969999 [0.049473375082] [0.0846284106374]
0.07706284336755 [0.0502669326961] [0.103858754039]
0.08488958701485 [0.0509516373277] [0.118827536702]
0.0880701262505 [0.051977019757] [0.124163232744]
0.08829805441195 [0.0517244972289] [0.124871611595]
0.08639340288945 [0.0499599613249] [0.122826844454]
0.08385947719205 [0.0478321090341] [0.11988684535]
0.08120319247255 [0.0456496402621] [0.116756744683]
0.07824785821155 [0.0428872518241] [0.113608464599]
0.0744440704586 [0.0387608334422] [0.110127307475]
0.069752207026 [0.033365059644] [0.106139354408]
0.0651417719201 [0.0281200427562] [0.102163501084]
0.06185870431365 [0.0242083258927] [0.0995090827346]
0.06052912399175 [0.0221724584699] [0.0988857895136]
0.06016473285855 [0.0217987932265] [0.0985306724906]
0.059749560430649995 [0.0226214714348] [0.0968776494265]
0.05881743878125 [0.0239266976714] [0.0937081798911]
0.05783386994155 [0.0247966144234] [0.0908711254597]
0.057827132754000005 [0.0247873868793] [0.0908668786287]
0.059394191019249996 [0.0242179837078] [0.0945703983307]
0.06266906950625001 [0.0235693547875] [0.101768784225]
0.065523601137 [0.022886229679] [0.108160972595]
0.06789705902345 [0.0219856798649] [0.113808438182]
0.07011662889254999 [0.0208798889071] [0.119353368878]
0.07264876551945 [0.0198786146939] [0.125418916345]
0.07537878863525001 [0.0195096842945] [0.131247892976]
0.07843399513525 [0.0201387200505] [0.13672927022]
0.0825834441932 [0.0218131132424] [0.143353775144]
0.08474629092949999 [0.024172315374] [0.145320266485]
0.08414317294935 [0.0265238955617] [0.141762450337]
0.0833941828458 [0.0281344912946] [0.138653874397]
0.08393175899960001 [0.0286384224892] [0.13922509551]
0.08633754309255 [0.0284852068871] [0.144189879298]
0.08983802329725 [0.0284276958555] [0.151248350739]
0.0931532261894 [0.0287999864668] [0.157506465912]
0.0953470533714 [0.0295938383788] [0.161100268364]
0.09646046999845 [0.0307591576129] [0.162161782384]
0.09702506847665 [0.0323648639023] [0.161685273051]
0.0977471340446 [0.0346603877842] [0.160833880305]
0.09905865974729999 [0.0376540757716] [0.160463243723]
0.1009935773908 [0.0407971963286] [0.161189958453]
0.10329804196959999 [0.0432262644172] [0.163369819522]
0.10623729601495001 [0.0444490686059] [0.168025523424]
0.1109156254678 [0.0447831489146] [0.177048102021]
0.1192225273701 [0.0451596789062] [0.193285375834]
0.13065475598 [0.046832896769] [0.214476615191]
0.1440175045284 [0.0520360209048] [0.235998988152]
0.15751420334 [0.063011713326] [0.252016693354]
0.1731215640905 [0.083931311965] [0.262311816216]
0.19269209355099998 [0.121433779597] [0.263950407505]
0.21847487241 [0.177433684468] [0.259516060352]
0.2419576719405 [0.231367900968] [0.252547442913]
0.248822696507 [0.256266623735] [0.241378769279]
0.24683061242100002 [0.265366256237] [0.228294968605]
0.2406014576555 [0.266471147537] [0.214731767774]
0.22536471486100002 [0.249128803611] [0.201600626111]
0.196932077408 [0.202096089721] [0.191768065095]
0.16379270702600002 [0.140073552728] [0.187511861324]
0.14114696159955 [0.0930225327611] [0.189271390438]
0.13075891137100001 [0.066033244133] [0.195484578609]
0.12741601094625 [0.0513123348355] [0.203519687057]
0.1264761239292 [0.0439261198044] [0.209026128054]
0.1242725308984 [0.0407261960208] [0.207818865776]
0.1199439130724 [0.0395469292998] [0.200340896845]
0.11482676677415 [0.0391342900693] [0.190519243479]
0.11062761396189999 [0.0391793251038] [0.18207590282]
0.10880870930845 [0.0396300218999] [0.177987396717]
0.10917681083104999 [0.0402037575841] [0.178149864078]
0.11030328646285 [0.0400292798877] [0.180577293038]
0.11089976131925 [0.0384062081575] [0.183393314481]
0.11096703447424999 [0.0357746221125] [0.186159446836]
0.11096556670985 [0.0335224606097] [0.18840867281]
0.11053097993135 [0.0328604131937] [0.188201546669]
0.1110747475176 [0.0344245620072] [0.187724933028]
0.11351642757675 [0.0384716540575] [0.188561201096]
0.1189297214148 [0.0444156229496] [0.19344381988]
0.12681378051635 [0.0506873503327] [0.2029402107]
0.13579269312305 [0.0553036592901] [0.216281726956]
0.14594746939855 [0.0584543757141] [0.233440563083]
0.15612477809215 [0.0611183792353] [0.251131176949]
0.16490150615580002 [0.0638518854976] [0.265951126814]
0.1716986969113 [0.0661038309336] [0.277293562889]
0.17576906085 [0.067720502615] [0.283817619085]
0.17836302891380001 [0.0700321272016] [0.286693930626]
0.18432638794165 [0.0756678134203] [0.292984962463]
0.1957460977139 [0.0881930366158] [0.303299158812]
0.214289717376 [0.111726775765] [0.316852658987]
0.2409316375855 [0.15075711906] [0.331106156111]
0.271112434566 [0.20129032433] [0.340934544802]
0.2879542484875 [0.235107645392] [0.340800851583]
0.2859802395105 [0.236865758896] [0.335094720125]
0.2762622907755 [0.225557312369] [0.326967269182]
0.2645419090985 [0.213398635387] [0.31568518281]
0.24929248541600002 [0.201990559697] [0.296594411135]
0.2354148104785 [0.189750358462] [0.281079262495]
0.2219503074885 [0.177232146263] [0.266668468714]
0.2058295458555 [0.160269677639] [0.251389414072]
0.183775603771 [0.133247733116] [0.234303474426]
0.1561908498406 [0.0981198698282] [0.214261829853]
0.12960350140905 [0.0689883157611] [0.190218687057]
0.10518693923945 [0.0498707741499] [0.160503104329]
