0.09973681345565 [0.0848456919193] [0.114627934992]
0.1079185456038 [0.0970624536276] [0.11877463758]
0.1143974363805 [0.108128219843] [0.120666652918]
0.1116843968625 [0.112134315073] [0.111234478652]
0.10076310113095 [0.108830749989] [0.0926954522729]
0.0878687277437 [0.100364983082] [0.0753724724054]
0.0754714012146 [0.0866248309612] [0.064317971468]
0.0647467840463 [0.0711587741971] [0.0583347938955]
0.056467520073050004 [0.057382363826] [0.0555526763201]
0.05044714175165 [0.046411562711] [0.0544827207923]
0.04611324705185 [0.0381448529661] [0.0540816411376]
0.0433666929603 [0.0321824923158] [0.0545508936048]
0.04191141948105 [0.0280367061496] [0.0557861328125]
0.0413228748366 [0.025226412341] [0.0574193373322]
0.0410754457116 [0.0232498906553] [0.0589010007679]
0.04073238093405 [0.0216610152274] [0.0598037466407]
0.040178703144199995 [0.02014920488] [0.0602082014084]
0.0399442398921 [0.0187866110355] [0.0611018687487]
0.04089056514205 [0.0177762024105] [0.0640049278736]
0.04393746331335 [0.0178578495979] [0.0700170770288]
0.0489854738116 [0.0188468173146] [0.0791241303086]
0.05436468683185 [0.0198896415532] [0.0888397321105]
0.0573415979743 [0.0205000713468] [0.0941831246018]
0.05692024342715 [0.0205357782543] [0.0933047086]
0.055294107645750004 [0.0203910693526] [0.0901971459389]
0.054171380586949994 [0.0205440092832] [0.0877987518907]
0.05405631102625 [0.0211662091315] [0.086946412921]
0.05420311633495 [0.022036800161] [0.0863694325089]
0.05356119014325 [0.0228388272226] [0.0842835530639]
0.05205739475785 [0.023438308388] [0.0806764811277]
0.0503350645304 [0.023961648345] [0.0767084807158]
0.048604873009 [0.0246218908578] [0.0725878551602]
0.047211053781250005 [0.025510577485] [0.0689115300775]
0.04611960425975 [0.026226580143] [0.0660126283765]
0.045977800153199994 [0.0274352040142] [0.0645203962922]
0.0470944605768 [0.029167406261] [0.0650215148926]
0.0500089302659 [0.0320916697383] [0.0679261907935]
0.054846139624750004 [0.0367856137455] [0.072906665504]
0.06096150539815 [0.0433006621897] [0.0786223486066]
0.0668061655015 [0.0499629713595] [0.0836493596435]
0.07055540382865 [0.0539949089289] [0.0871158987284]
0.07124633528295 [0.0541842840612] [0.0883083865047]
0.0709788799286 [0.0522558093071] [0.0897019505501]
0.07206502743064999 [0.0505036376417] [0.0936264172196]
0.07497435435655 [0.0502905100584] [0.0996581986547]
0.0799149572848 [0.0519249141216] [0.107905000448]
0.08707565628015 [0.0550985969603] [0.1190527156]
0.09623808227495 [0.0594037435949] [0.133072420955]
0.1062798351051 [0.0638140887022] [0.148745581508]
0.1152284294365 [0.066687092185] [0.163769766688]
0.1207415126266 [0.0660574361682] [0.175425589085]
0.1228526923807 [0.0621252544224] [0.183580130339]
0.1227316632867 [0.0568238794804] [0.188639447093]
0.12227743677780001 [0.0522196404636] [0.192335233092]
0.12239185720689999 [0.0498788058758] [0.194904908538]
0.122964726761 [0.050212521106] [0.195716932416]
0.12246223725364999 [0.0527226366103] [0.192201837897]
0.1201337035744 [0.0550634674728] [0.185203939676]
0.116756884381 [0.052936758846] [0.180577009916]
0.11038707941779999 [0.0466277748346] [0.174146384001]
0.10214924253535 [0.0398315675557] [0.164466917515]
0.09492335468525 [0.0350006222725] [0.154846087098]
0.08844294957825 [0.0322520546615] [0.144633844495]
0.0834050197155 [0.030822802335] [0.135987237096]
0.08025108370945 [0.0299531538039] [0.130549013615]
0.07853385992339999 [0.0292373038828] [0.127830415964]
0.07734664343275 [0.0285878144205] [0.126105472445]
0.0760085312648 [0.0283156167716] [0.123701445758]
0.0739311892538 [0.0284184254706] [0.119443953037]
0.07057850155999999 [0.028488734737] [0.112668268383]
0.06586533971145 [0.0280746184289] [0.103656060994]
0.06049706880005 [0.027123445645] [0.0938706919551]
0.055348072201 [0.025920689106] [0.084775455296]
0.0509978029877 [0.0247058235109] [0.0772897824645]
0.04837339092045 [0.025658654049] [0.0710881277919]
0.0466202367097 [0.0275204144418] [0.0657200589776]
0.045943422243 [0.0297424085438] [0.0621444359422]
0.04597102478145 [0.0311077646911] [0.0608342848718]
0.0468467939645 [0.0309644155204] [0.0627291724086]
0.0488922931254 [0.0298971682787] [0.0678874179721]
0.051883350126450005 [0.0285431127995] [0.0752235874534]
0.0549507085234 [0.0270363204181] [0.0828650966287]
0.0577638633549 [0.0250980630517] [0.0904296636581]
0.06030047964305 [0.0226874109358] [0.0979135483503]
0.06844860780965 [0.0287757012993] [0.10812151432]
0.07964107394215 [0.0362590253353] [0.123023122549]
0.09378467127659999 [0.0456035211682] [0.141965821385]
0.11028205044575 [0.0583822615445] [0.162181839347]
0.13152419775745 [0.0824500024319] [0.180598393083]
0.1409306116404 [0.0850414857268] [0.196819737554]
0.15006927400804998 [0.0874370187521] [0.212701529264]
0.1603643856941 [0.0899193361402] [0.230809435248]
0.17229855433125 [0.0923098400235] [0.252287268639]
0.18479500710955 [0.0936716198921] [0.275918394327]
0.19547637924560002 [0.0923872813582] [0.298565477133]
0.20218599960225 [0.0880728289485] [0.316299170256]
0.20146905258300002 [0.0823077932] [0.320630311966]
0.1976010538635 [0.077033765614] [0.318168342113]
0.18762130662819998 [0.0730180963874] [0.302224516869]
0.1653757952153 [0.0740440413356] [0.256707549095]
0.12312528118475 [0.0700582787395] [0.17619228363]
0.1133457459509 [0.0634356364608] [0.163255855441]
0.1062884107231 [0.0597318261862] [0.15284499526]
0.1039411649107 [0.0609746426344] [0.146907687187]
0.1042118705808 [0.0646147206426] [0.143809020519]
0.10341131687145 [0.0672460794449] [0.139576554298]
0.0989067181944 [0.0664212107658] [0.131392225623]
0.0906443353744 [0.0619937889278] [0.119294881821]
0.08062467537835 [0.0561289973557] [0.105120353401]
0.07124026305975 [0.0513012520969] [0.0911792740226]
0.0694862771779 [0.0480542965233] [0.0909182578325]
0.06693411059675 [0.0463406331837] [0.0875275880098]
0.0646632052958 [0.0456548631191] [0.0836715474725]
0.06417147815230001 [0.0456912517548] [0.0826517045498]
0.06573568657039999 [0.046281054616] [0.0851903185248]
0.07363519631325 [0.047409851104] [0.0998605415225]
0.07339827902615001 [0.0486078895628] [0.0981886684895]
0.07241606153545 [0.0489665828645] [0.0958655402064]
0.07084863074125 [0.0473658852279] [0.0943313762546]
0.06895447336140001 [0.0436147786677] [0.0942941680551]
0.0675341617316 [0.0392082445323] [0.0958600789309]
0.06782944500445 [0.0367092788219] [0.098949611187]
0.07100657932474999 [0.0382787920535] [0.103734366596]
0.0774221643804 [0.0449917465448] [0.109852582216]
0.0869648251684 [0.0574170984328] [0.116512551904]
0.09999589249500002 [0.074740447104] [0.125251337886]
0.11486921459435001 [0.0938533246517] [0.135885104537]
0.128185514361 [0.109955079854] [0.146415948868]
0.1350315064195 [0.116637796164] [0.153425216675]
0.131540942937 [0.106517113745] [0.156564772129]
0.12385340780015 [0.0898974835873] [0.157809332013]
