0.0587614439428 [0.0529913902283] [0.0645314976573]
0.05553448572755 [0.0490434058011] [0.062025565654]
0.05242743343115 [0.0457146130502] [0.0591402538121]
0.0493601895869 [0.0430606119335] [0.0556597672403]
0.0462813023478 [0.0407105572522] [0.0518520474434]
0.043399315327400004 [0.0385633446276] [0.0482352860272]
0.04089933261275 [0.0364076979458] [0.0453909672797]
0.03923154063525 [0.034395005554] [0.0440680757165]
0.038367925211800005 [0.032325129956] [0.0444107204676]
0.03817204851655 [0.0300671290606] [0.0462769679725]
0.03836430795495 [0.0276335626841] [0.0490950532258]
0.038525050506 [0.0252755321562] [0.0517745688558]
0.0388126382604 [0.0233409386128] [0.054284337908]
0.03925981931385 [0.0217914022505] [0.0567282363772]
0.03995908796785 [0.020317107439] [0.0596010684967]
0.0410370398313 [0.0189198590815] [0.0631542205811]
0.0431884704158 [0.0175909083337] [0.0687860324979]
0.04621385410425 [0.0165309756994] [0.0758967325091]
0.04906018823385 [0.0159796774387] [0.082140699029]
0.051069907844049994 [0.016030035913] [0.0861097797751]
0.05342623684555 [0.0165035519749] [0.0903489217162]
0.0576662933454 [0.0175312217325] [0.0978013649583]
0.06383602321165 [0.0191714912653] [0.108500555158]
0.0719205550848 [0.0215533450246] [0.122287765145]
0.0813214238734 [0.0247573070228] [0.137885540724]
0.09210539795464999 [0.0287676490843] [0.155443146825]
0.1053152065725 [0.03312734887] [0.177503064275]
0.12081369943895 [0.0373036600649] [0.204323738813]
0.1378995943816 [0.0411874689162] [0.234611719847]
0.15320710651564998 [0.0454793535173] [0.260934859514]
0.16369083710030002 [0.0511906184256] [0.276191055775]
0.17189357988545 [0.0595344565809] [0.28425270319]
0.1816077642144 [0.0709440037608] [0.292271524668]
0.19317879527805 [0.0852750688791] [0.301082521677]
0.2053290456535 [0.101319342852] [0.309338748455]
0.2182339057325 [0.1178060323] [0.318661779165]
0.23091198504 [0.133658617735] [0.328165352345]
0.2424585446715 [0.14808870852] [0.336828380823]
0.2516274154185 [0.157543808222] [0.345711022615]
0.25768269598500004 [0.160126388073] [0.355239003897]
0.2597788721325 [0.156548589468] [0.363009154797]
0.2573476433755 [0.149950683117] [0.364744603634]
0.2497541680935 [0.144064947963] [0.355443388224]
0.238580174744 [0.139842048287] [0.337318301201]
0.22863342612999998 [0.136528417468] [0.320738434792]
0.22128935158250002 [0.134675681591] [0.307903021574]
0.2150810286405 [0.131782218814] [0.298379838467]
0.209672704339 [0.127919763327] [0.291425645351]
0.2043043635785 [0.122822098434] [0.285786628723]
0.1983088701965 [0.117924541235] [0.278693199158]
0.19241431728 [0.114247240126] [0.270581394434]
0.186977095902 [0.111811771989] [0.262142419815]
0.18255667388449998 [0.110968977213] [0.254144370556]
0.1793427169325 [0.112089440227] [0.246595993638]
0.1769965812565 [0.114957332611] [0.239035829902]
0.174300864339 [0.118174016476] [0.230427712202]
0.1690899617965 [0.121988408267] [0.216191515326]
0.16404543072 [0.126941099763] [0.201149761677]
0.16185066103950002 [0.134699508548] [0.189001813531]
0.164268583059 [0.14699819684] [0.181538969278]
0.17151497304449997 [0.165323391557] [0.177706554532]
0.1795216724275 [0.184955447912] [0.174087896943]
0.186746798456 [0.201226130128] [0.172267466784]
0.19367811083800002 [0.214610978961] [0.172745242715]
0.197172448039 [0.222622692585] [0.171722203493]
0.1966441348195 [0.225489735603] [0.167798534036]
0.1935631632805 [0.225700601935] [0.161425724626]
0.1895300894975 [0.225361093879] [0.153699085116]
0.1858273372055 [0.225220575929] [0.146434098482]
0.1827674433585 [0.225498706102] [0.140036180615]
0.179197818041 [0.223916515708] [0.134479120374]
0.17173255234950002 [0.213496983051] [0.129968121648]
0.159391231835 [0.190287992358] [0.128494471312]
0.14394323527800001 [0.15431047976] [0.133575990796]
0.1309129111465 [0.115713961422] [0.146111860871]
0.1251948401333 [0.0853208750486] [0.165068805218]
0.1260422654452 [0.0659783259034] [0.186106204987]
0.129857642576 [0.054545905441] [0.205169379711]
0.13271850906335 [0.0486351959407] [0.216801822186]
0.1362666599454 [0.0457573011518] [0.226776018739]
0.13917016424259998 [0.0440253652632] [0.234314963222]
0.1423225756736 [0.0424704365432] [0.242174714804]
0.1436038129033 [0.0400856658816] [0.247121959925]
0.13871381059265 [0.0361531302333] [0.241274490952]
0.12668953649710002 [0.0307977162302] [0.222581356764]
0.1123699303718 [0.0252029560506] [0.199536904693]
0.10065331216885 [0.0207411628217] [0.180565461516]
0.09325330983869999 [0.0179988797754] [0.168507739902]
0.08901030290865 [0.0169665459543] [0.161054059863]
0.08686748705814999 [0.0173202566803] [0.156414717436]
0.08562802150835 [0.0185964927077] [0.152659550309]
0.08438969030975 [0.0201532915235] [0.148626089096]
0.0828458499162 [0.0212578587234] [0.144433841109]
0.08106298744655 [0.0215384662151] [0.140587508678]
0.0796753168106 [0.0213762372732] [0.137974396348]
0.07878347486255001 [0.0213379561901] [0.136228993535]
0.07916888128945 [0.0218538697809] [0.136483892798]
0.08146875817315 [0.0230410341173] [0.139896482229]
0.0860595842821 [0.0249457787722] [0.147173389792]
0.09412337094525 [0.0278062820435] [0.160440459847]
0.10596709325925 [0.0313826575875] [0.180551528931]
0.11824685707674999 [0.0338145419955] [0.202679172158]
0.1285074353219 [0.0332086533308] [0.223806217313]
0.13495670258975 [0.0304282307625] [0.239485174417]
