0.149209573865 [0.126768544316] [0.171650603414]
0.21296592056750002 [0.190801918507] [0.235129922628]
0.2386971637605 [0.217469289899] [0.259925037622]
0.242529839277 [0.223754763603] [0.261304914951]
0.239890001714 [0.217881456017] [0.261898547411]
0.23444253951299998 [0.208052352071] [0.260832726955]
0.220025911927 [0.193423271179] [0.246628552675]
0.16971677541699998 [0.156374171376] [0.183059379458]
0.1048976667225 [0.10637678206] [0.103418551385]
0.06258509121835 [0.0673243775964] [0.0578458048403]
0.04079095833 [0.0450223460793] [0.0365595705807]
0.0300495279953 [0.0333378836513] [0.0267611723393]
0.02453800383955 [0.0272525213659] [0.0218234863132]
0.02158561255785 [0.0238453987986] [0.0193258263171]
0.019718573428700002 [0.0212935246527] [0.0181436222047]
0.01808053534475 [0.0185890868306] [0.0175719838589]
0.01636383961885 [0.0155984647572] [0.0171292144805]
0.01472888933495 [0.0128653524444] [0.0165924262255]
0.01342568686235 [0.0109428977594] [0.0159084759653]
0.012577432673429999 [0.00995573587716] [0.0151991294697]
0.012098650448049999 [0.0096355015412] [0.0145617993549]
0.01192434085531 [0.00961239542812] [0.0142362862825]
0.011972880456605 [0.00969481468201] [0.0142509462312]
0.012331252451965001 [0.00994057767093] [0.014721927233]
0.01325634587555 [0.0106419045478] [0.0158707872033]
0.015246357303099999 [0.0123345023021] [0.0181582123041]
0.019337733276200003 [0.0160204432905] [0.0226550232619]
0.027299585752199998 [0.0235109999776] [0.0310881715268]
0.0412099212408 [0.0368894189596] [0.045530423522]
0.0612647160888 [0.0554050281644] [0.0671244040132]
0.0868571922183 [0.0767058506608] [0.0970085337758]
0.12467543035749999 [0.105288460851] [0.144062399864]
0.1779976785185 [0.146804198623] [0.209191158414]
0.23824037611499999 [0.193836152554] [0.282644599676]
0.2774190083145 [0.223265990615] [0.331572026014]
0.291881836951 [0.227952733636] [0.355810940266]
0.2922236397865 [0.220709398389] [0.363737881184]
0.2710338234905 [0.205267608166] [0.336800038815]
0.2119240239265 [0.158787056804] [0.265060991049]
0.11629154905655001 [0.0826260820031] [0.14995701611]
0.055768558755500006 [0.0389089845121] [0.0726281329989]
0.029897218570099998 [0.0218407437205] [0.0379536934197]
0.01898636762055 [0.0148433558643] [0.0231293793768]
0.014013710431749999 [0.0116177294403] [0.0164096914232]
0.01169081917035 [0.010058474727] [0.0133231636137]
0.010730322916085 [0.00938996113837] [0.0120706846938]
0.010508830193454999 [0.00921617075801] [0.0118014896289]
0.010625367518514998 [0.00928399525583] [0.0119667397812]
0.01087877107783 [0.00948532670736] [0.0122722154483]
0.0111290109344 [0.0097614787519] [0.0124965431169]
0.01137005444615 [0.0101057188585] [0.0126343900338]
0.0116217555478 [0.0104926973581] [0.0127508137375]
0.0118762771599 [0.0108520444483] [0.0129005098715]
0.012173928320399999 [0.0112079214305] [0.0131399352103]
0.012652275618150001 [0.0116712749004] [0.0136332763359]
0.013650895096399999 [0.0125635294244] [0.0147382607684]
0.015829063952 [0.0144871938974] [0.0171709340066]
0.02038094680755 [0.0186060424894] [0.0221558511257]
0.0295085022226 [0.0271478313953] [0.0318691730499]
0.046346174553 [0.0434863939881] [0.0492059551179]
0.06753028556705 [0.065088942647] [0.0699716284871]
0.07179421931505 [0.0722393095493] [0.0713491290808]
0.056824430823349995 [0.0613193511963] [0.0523295104504]
0.04320681281385 [0.0495391488075] [0.0368744768202]
0.03487678151575 [0.041388310492] [0.0283652525395]
0.03033906128255 [0.0364780463278] [0.0242000762373]
0.02813176158815 [0.033895354718] [0.0223681684583]
0.02738698292525 [0.0331600047648] [0.0216139610857]
0.027336102910349998 [0.0335183590651] [0.0211538467556]
0.0275702942163 [0.034416474402] [0.0207241140306]
0.0277532916516 [0.035246219486] [0.0202603638172]
0.02785021904855 [0.0358164645731] [0.019883973524]
0.027822163887349996 [0.0360124371946] [0.0196318905801]
0.02771616820245 [0.0359152816236] [0.0195170547813]
0.02768767718225 [0.0357264690101] [0.0196488853544]
0.0282953651622 [0.0361485518515] [0.0204421784729]
0.03053661808375 [0.0383963249624] [0.0226769112051]
0.03597452212125 [0.0443798825145] [0.027569161728]
0.0476224683225 [0.0577859841287] [0.0374589525163]
0.07199454680084999 [0.0858384370804] [0.0581506565213]
0.12101484462600001 [0.140318468213] [0.101711221039]
0.2033497393135 [0.223785310984] [0.182914167643]
0.28437076509000003 [0.290208101273] [0.278533428907]
0.3225244879725 [0.306945025921] [0.338103950024]
0.329909235239 [0.296552836895] [0.363265633583]
0.323065266013 [0.274377197027] [0.371753334999]
0.3168426305055 [0.259522289038] [0.374162971973]
0.3129580169915 [0.254040002823] [0.37187603116]
0.311162143946 [0.251390844584] [0.370933443308]
0.311830282211 [0.250593334436] [0.373067229986]
0.3110107555985 [0.248987242579] [0.373034268618]
0.3085489273075 [0.242270469666] [0.374827384949]
0.3039558455345 [0.231575861573] [0.376335829496]
0.2945233657955 [0.214365020394] [0.374681711197]
0.282536163926 [0.193769752979] [0.371302574873]
0.270239777863 [0.173052802682] [0.367426753044]
0.2633075118065 [0.155814856291] [0.370800167322]
0.2612374424935 [0.142938762903] [0.379536122084]
0.262116275728 [0.133929625154] [0.390302926302]
0.26167091727249997 [0.127191781998] [0.396150052547]
0.2618720196185 [0.122388862073] [0.401355177164]
0.263063564897 [0.120453447104] [0.40567368269]
0.261754207313 [0.125687465072] [0.397820949554]
0.263395227492 [0.137929335237] [0.388861119747]
0.269990213215 [0.15481133759] [0.38516908884]
0.278132133186 [0.172212854028] [0.384051412344]
0.28518625348800003 [0.189264431596] [0.38110807538]
0.290285371244 [0.201135709882] [0.379435032606]
0.294063821435 [0.209823399782] [0.378304243088]
0.299797013402 [0.222748994827] [0.376845031977]
0.299903050065 [0.231112957001] [0.368693143129]
0.2751043587925 [0.214409828186] [0.335798889399]
0.2079884409905 [0.16265130043] [0.253325581551]
0.1306621283295 [0.104903370142] [0.156420886517]
0.08023182675240001 [0.067193031311] [0.0932706221938]
0.05465720407665 [0.0473251119256] [0.0619892962277]
0.0418715607375 [0.0371829420328] [0.0465601794422]
0.03535532206295 [0.0318593122065] [0.0388513319194]
0.03207437880335 [0.029007807374] [0.0351409502327]
0.0303402049467 [0.0272550228983] [0.0334253869951]
0.029229009524000003 [0.0258786343038] [0.0325793847442]
0.028446276672199997 [0.024713171646] [0.0321793816984]
0.027887712232800003 [0.0237167645246] [0.032058659941]
0.0276136593893 [0.0230311807245] [0.0321961380541]
0.0274744546041 [0.0224889870733] [0.0324599221349]
