0.07468913123015 [0.0662749409676] [0.0831033214927]
0.0797982290387 [0.0702840462327] [0.0893124118447]
0.0829580873251 [0.0725685507059] [0.0933476239443]
0.08522045239805 [0.0733055025339] [0.0971354022622]
0.08413334563375 [0.0711674764752] [0.0970992147923]
0.0716600921005 [0.0594375468791] [0.0838826373219]
0.04831081070005 [0.039066940546] [0.0575546808541]
0.0300906514749 [0.0234545748681] [0.0367267280817]
0.02031152322885 [0.0149927064776] [0.0256303399801]
0.01574184233325 [0.0108103407547] [0.0206733439118]
0.013705899473260001 [0.00880738068372] [0.0186044182628]
0.012989448383465 [0.00790886953473] [0.0180700272322]
0.012942514847984999 [0.00755515228957] [0.0183298774064]
0.013116330606875 [0.00742764165625] [0.0188050195575]
0.013216885738065 [0.00736354850233] [0.0190702229738]
0.01312411669642 [0.00733349472284] [0.01891473867]
0.012686421163359999 [0.00734999589622] [0.0180228464305]
0.011718181194725001 [0.00742876389995] [0.0160075984895]
0.01032160758042 [0.00751357199624] [0.0131296431646]
0.00899367290547 [0.00764735462144] [0.0103399911895]
0.008115206379445 [0.00787269510329] [0.0083577176556]
0.007820471655579999 [0.00839342083782] [0.00724752247334]
0.00816059997305 [0.00949928537011] [0.00682191457599]
0.009222379419955 [0.0116036022082] [0.00684115663171]
0.011179216904554999 [0.0152203440666] [0.00713808974251]
0.01402035169305 [0.0205405801535] [0.0075001232326]
0.0170046479907 [0.0262526124716] [0.0077566835098]
0.018886039499204997 [0.0299284718931] [0.00784360710531]
0.01942514069377 [0.0310259889811] [0.00782429240644]
0.01937985070981 [0.0310090444982] [0.00775065692142]
0.019326811656375 [0.0309758074582] [0.00767781585455]
0.019690558314310002 [0.0316824764013] [0.00769864022732]
0.021114149130895002 [0.034208573401] [0.00801972486079]
0.023486520163739998 [0.0380282811821] [0.00894475914538]
0.02481325808915 [0.038661852479] [0.0109646636993]
0.030124187469449996 [0.045379884541] [0.0148684903979]
0.0378562062979 [0.0542186275125] [0.0214937850833]
0.04613352473825 [0.0626373067498] [0.0296297427267]
0.0507539436221 [0.0672899633646] [0.0342179238796]
0.05069248005745 [0.0677313953638] [0.0336535647511]
0.04868263937535 [0.0655650869012] [0.0318001918495]
0.04643155727540001 [0.0625381469727] [0.0303249675781]
0.0443475963548 [0.0592335946858] [0.0294615980238]
0.04226340726015 [0.0557694137096] [0.0287574008107]
0.039841215126249996 [0.051486350596] [0.0281960796565]
0.0375166758895 [0.0473657101393] [0.0276676416397]
0.03574514668435 [0.0443355962634] [0.0271546971053]
0.03310738876465 [0.0394275300205] [0.0267872475088]
0.0333779333159 [0.0401227176189] [0.0266331490129]
0.08063140418375 [0.134247869253] [0.0270149391145]
0.0835809139537 [0.138833791018] [0.0283280368894]
0.08678895235084999 [0.142115592957] [0.0314623117447]
0.0910376198592 [0.144167542458] [0.0379076972604]
0.09839751012600001 [0.145984306931] [0.050810713321]
0.1128300465644 [0.150550723076] [0.0751093700528]
0.134073484689 [0.155476763844] [0.112670205534]
0.15468765050150002 [0.157781794667] [0.151593506336]
0.16308315843350002 [0.154291421175] [0.171874895692]
0.156527467072 [0.144071608782] [0.168983325362]
0.134334072471 [0.123144730926] [0.145523414016]
0.0935728289187 [0.0882920473814] [0.098853610456]
0.0555565971881 [0.0540689229965] [0.0570442713797]
0.0331851579249 [0.0335640013218] [0.032806314528]
0.021887809038149998 [0.0231560375541] [0.0206195805222]
0.01630325848235 [0.0178973004222] [0.0147092165425]
0.013568886090099999 [0.0152205228806] [0.0119172492996]
0.012389805633550001 [0.0140081364661] [0.010771474801]
0.0119961858727 [0.0134792784229] [0.0105130933225]
0.011873143259449999 [0.0130955660716] [0.0106507204473]
0.011778423562600001 [0.012682871893] [0.0108739752322]
0.011548660229849999 [0.0121669657528] [0.0109303547069]
0.0112975514494 [0.0117727313191] [0.0108223715797]
0.01108714938165 [0.0115796327591] [0.0105946660042]
0.010966787580400001 [0.0115526616573] [0.0103809135035]
0.0110004898161 [0.011646703817] [0.0103542758152]
0.011372610460949999 [0.0119680948555] [0.0107771260664]
0.0124376076274 [0.0128411687911] [0.0120340464637]
0.014649135060600001 [0.014796519652] [0.0145017504692]
0.0175739694387 [0.0175105519593] [0.0176373869181]
0.0207512229681 [0.0175464544445] [0.0239559914917]
0.0246619209647 [0.0155230127275] [0.0338008292019]
0.02902714628725 [0.013414574787] [0.0446397177875]
0.0309872729704 [0.01184473373] [0.0501298122108]
0.02976203151045 [0.01083913818] [0.0486849248409]
0.02753433212635 [0.0102807283401] [0.0447879359126]
0.0253859916702 [0.0100565236062] [0.0407154597342]
0.023676804266874997 [0.00996050052345] [0.0373931080103]
0.022279960569 [0.0100047392771] [0.0345551818609]
0.022234005853529998 [0.00999983400106] [0.034468177706]
0.02201598044485 [0.0100305695087] [0.034001391381]
0.020952347666050003 [0.0100466758013] [0.0318580195308]
0.019720858428650002 [0.0100212087855] [0.0294205080718]
0.019867761991905 [0.00994586572051] [0.0297896582633]
0.028161690104739998 [0.00994189176708] [0.0463814884424]
0.03014724422245 [0.0101932156831] [0.0501012727618]
0.033649454358950004 [0.0109148668125] [0.0563840419054]
0.03819585172455 [0.0127238919958] [0.0636678114533]
0.04362494871020001 [0.016766667366] [0.0704832300544]
0.0505498740822 [0.0250689424574] [0.076030805707]
0.0590205825865 [0.0381571128964] [0.0798840522766]
0.0647795945406 [0.0490812137723] [0.0804779753089]
0.0618064031005 [0.0485847070813] [0.0750280991197]
0.051923971623200005 [0.0403578579426] [0.0634900853038]
0.0403162110597 [0.0312821045518] [0.0493503175676]
0.03157918155195 [0.0246208757162] [0.0385374873877]
0.0265065450221 [0.0208033956587] [0.0322096943855]
0.0243326118216 [0.0194663964212] [0.029198827222]
0.0240602642298 [0.0199080873281] [0.0282124411315]
0.02470248565075 [0.0214209631085] [0.027984008193]
0.0254033636302 [0.0232370402664] [0.027569686994]
0.025786884129050003 [0.024851815775] [0.0267219524831]
0.02574892062695 [0.0260025933385] [0.0254952479154]
0.0255011189729 [0.0268120262772] [0.0241902116686]
0.025095016695549997 [0.0272689573467] [0.0229210760444]
0.02491034567355 [0.0280860122293] [0.0217346791178]
0.0252025118098 [0.0295622609556] [0.020842762664]
0.026579820551 [0.0324330441654] [0.0207265969366]
0.0299282129854 [0.037789568305] [0.0220668576658]
0.036178503185500005 [0.0469521805644] [0.0254048258066]
0.04486221820115 [0.0601883493364] [0.0295360870659]
0.04843596275895 [0.067241974175] [0.0296299513429]
0.03877115808425 [0.0542729459703] [0.0232693701982]
0.0265089618042 [0.0364823490381] [0.0165355745703]
0.018519681412700002 [0.0248290132731] [0.0122103495523]
0.014103618916115 [0.0183901414275] [0.00981709640473]
0.01173421880231 [0.0149329872802] [0.00853545032442]
0.01052356883884 [0.0131514966488] [0.00789564102888]
0.009929578285685001 [0.0122654056177] [0.00759375095367]
0.00963171478363 [0.0117718521506] [0.00749157741666]
0.0094014252536 [0.0112818935886] [0.0075209569186]
0.009168070741015 [0.0106032919139] [0.00773284956813]
0.00859672226943 [0.00969638116658] [0.00749706337228]
0.00791041390039 [0.00862002372742] [0.00720080407336]
0.007170863449575 [0.00750371674076] [0.00683801015839]
0.006471695844085 [0.00650538876653] [0.00643800292164]
0.00598753616214 [0.00586704956368] [0.0061080227606]
0.005847877357155 [0.0056623625569] [0.00603339215741]
0.006189179606735 [0.00590747082606] [0.00647088838741]
0.007264583138745 [0.00660352921113] [0.00792563706636]
0.00956326187589 [0.00766225764528] [0.0114642661065]
0.014010805636650001 [0.008804615587] [0.0192169956863]
0.021513902116569998 [0.00971147511154] [0.0333163291216]
0.0217719450593 [0.010227560997] [0.0333163291216]
0.021915436256699998 [0.0105145433918] [0.0333163291216]
0.02206014748665 [0.0108039658517] [0.0333163291216]
0.02223139675335 [0.0111464643851] [0.0333163291216]
0.06454054918165 [0.0116177033633] [0.117463395]
0.053200616966900004 [0.0124207055196] [0.0939805284142]
0.0454677864909 [0.0139585509896] [0.0769770219922]
0.041384883225 [0.0170099884272] [0.0657597780228]
0.0411789435893 [0.0230621770024] [0.0592957101762]
0.0452219285071 [0.0350730791688] [0.0553707778454]
