0.10923261940475 [0.0767164081335] [0.141748830676]
0.11266293749234998 [0.0783188715577] [0.147007003427]
0.11613703891645 [0.0794236734509] [0.152850404382]
0.11938535049555 [0.0800307616591] [0.158739939332]
0.12186135724175 [0.0795729234815] [0.164149791002]
0.1232887394727 [0.0776440128684] [0.168933466077]
0.12311744317394999 [0.0743644759059] [0.171870410442]
0.12210252881055 [0.0706915259361] [0.173513531685]
0.12134655565045 [0.0687290430069] [0.173964068294]
0.12094121426354999 [0.0692531168461] [0.172629311681]
0.1212737783789 [0.0715397447348] [0.171007812023]
0.12124342471334999 [0.0731784701347] [0.169308379292]
0.1154820844533 [0.0694232583046] [0.161540910602]
0.1004853043705 [0.060770008713] [0.140200600028]
0.09148520231245 [0.0449008792639] [0.138069525361]
0.0814647171645 [0.029932860285] [0.132996574044]
0.0729812122882 [0.0213065966964] [0.12465582788]
0.0655746338888 [0.0168653633446] [0.114283904433]
0.0589830987153 [0.0141957104206] [0.10377048701]
0.05373200029135 [0.0123130530119] [0.0951509475708]
0.0499292020686 [0.011066772975] [0.0887916311622]
0.04759759409355 [0.0108753582463] [0.0843198299408]
0.0456205960363 [0.0107386596501] [0.0805025324225]
0.0433938438073 [0.0105957109481] [0.0761919766665]
0.039329988881935 [0.00890534743667] [0.0697546303272]
0.038613682147105 [0.00747273396701] [0.0697546303272]
0.03814331302418 [0.00653199572116] [0.0697546303272]
0.03791103046386 [0.00606743060052] [0.0697546303272]
0.037827610736700004 [0.0059005911462] [0.0697546303272]
0.005422533722595 [0.00584800960496] [0.00499705784023]
0.00577415432781 [0.00572866760194] [0.00581964105368]
0.006094651995225 [0.0055441102013] [0.00664519378915]
0.006390939932315 [0.00543460668996] [0.00734727317467]
0.00674547394738 [0.00548382289708] [0.00800712499768]
0.007197893224659999 [0.00574762746692] [0.0086481589824]
0.00771203963086 [0.00617370568216] [0.00925037357956]
0.008107498753815001 [0.00646263919771] [0.00975235830992]
0.00839490303768 [0.00663022883236] [0.010159577243]
0.008625499671335 [0.00669567426667] [0.010555325076]
0.00926696509124 [0.00749978795648] [0.011034142226]
0.0104135638103 [0.0092141572386] [0.011612970382]
0.0142925460823 [0.0123913595453] [0.0161937326193]
0.019868542440199997 [0.01703270711] [0.0227043777704]
0.025412538088850002 [0.0218249801546] [0.0290000960231]
0.02919681556525 [0.0252341851592] [0.0331594459713]
0.0318956673145 [0.0281756147742] [0.0356157198548]
0.034051002934550004 [0.0308367460966] [0.0372652597725]
0.035518925637 [0.0323360040784] [0.0387018471956]
0.0361770372838 [0.033137537539] [0.0392165370286]
0.03353840019555 [0.0300361532718] [0.0370406471193]
0.02950676437465 [0.0301804374903] [0.028833091259]
0.0304198982194 [0.0315434038639] [0.0292963925749]
0.032623605802700004 [0.0346715189517] [0.0305756926537]
0.036396283656350004 [0.0401621609926] [0.0326304063201]
0.04163202084605 [0.0482227429748] [0.0350412987173]
0.047593226656350004 [0.0580765344203] [0.0371099188924]
0.05260511487725 [0.0672692358494] [0.0379409939051]
0.054951032623650004 [0.0727302134037] [0.0371718518436]
0.05348001793025001 [0.0724112764001] [0.0345487594604]
0.049017393961550006 [0.0674643740058] [0.0305704139173]
0.0431756330654 [0.0606687553227] [0.0256825108081]
0.0372688360512 [0.054156396538] [0.0203812755644]
0.0345282536 [0.0486752316356] [0.0203812755644]
0.03612752258775 [0.0518737696111] [0.0203812755644]
0.1087508145722 [0.19712035358] [0.0203812755644]
0.1096218619497 [0.198862448335] [0.0203812755644]
0.21345132589350002 [0.195507735014] [0.231394916773]
0.1980650275945 [0.190532058477] [0.205597996712]
0.185586459935 [0.185347348452] [0.185825571418]
0.1759903132915 [0.176837444305] [0.175143182278]
0.167521968484 [0.164015054703] [0.171028882265]
0.16132424771749998 [0.151928901672] [0.170719593763]
0.1534956395625 [0.132736027241] [0.174255251884]
0.13364404812435 [0.0949122980237] [0.172375798225]
0.10502195172025 [0.0544034950435] [0.155640408397]
0.0787712633612 [0.0309181660414] [0.126624360681]
0.059210592880849996 [0.0197418667376] [0.0986793190241]
0.0467663197778 [0.0142525387928] [0.0792801007628]
0.0383998709731 [0.0113602494821] [0.0654394924641]
0.0339859914966 [0.0099861966446] [0.0579857863486]
0.031924059148865 [0.00957737397403] [0.0542707443237]
0.031218728050599998 [0.0098946839571] [0.0525427721441]
0.03175333933905 [0.0109916450456] [0.0525150336325]
0.03384615527465 [0.0136786261573] [0.054013684392]
0.0376971438527 [0.0185880251229] [0.0568062625825]
0.04260209575295 [0.0254736766219] [0.059730514884]
0.04709845408795 [0.0327162891626] [0.0614806190133]
0.0499248225242 [0.0388940982521] [0.0609555467963]
0.051537837833149996 [0.0437696762383] [0.059305999428]
0.053556781262149994 [0.0489568598568] [0.0581567026675]
0.0554981697351 [0.051995549351] [0.0590007901192]
0.0599172189832 [0.0577738285065] [0.0620606094599]
0.0665747188032 [0.0665398538113] [0.0666095837951]
0.07417271286245 [0.0771322548389] [0.071213170886]
0.08050104975700001 [0.0867939516902] [0.0742081478238]
0.0847651660442 [0.0928493738174] [0.076680958271]
0.08706199377775001 [0.0954435914755] [0.07868039608]
0.088107842952 [0.0957653298974] [0.0804503560066]
0.08782447502015 [0.0940781980753] [0.081570751965]
0.086081109941 [0.0903348401189] [0.0818273797631]
0.0837046466768 [0.0853321477771] [0.0820771455765]
0.08469145372510001 [0.0853321477771] [0.0840507596731]
0.08728017657995 [0.0853321477771] [0.0892282053828]
0.09133433550594999 [0.0853321477771] [0.0973365232348]
0.09629205614305 [0.0853321477771] [0.107251964509]
0.10148825123905 [0.0853321477771] [0.117644354701]
0.10651353374104999 [0.0853321477771] [0.127694919705]
0.11174221709355 [0.0853321477771] [0.13815228641]
0.11772612854855 [0.0853321477771] [0.15012010932]
0.12507648393505 [0.0853321477771] [0.164820820093]
0.13021550700055 [0.0853321477771] [0.175098866224]
0.12781883403655 [0.0853321477771] [0.170305520296]
0.12046142295005 [0.0853321477771] [0.155590698123]
0.11378559842705 [0.0853321477771] [0.142239049077]
0.10850469395505 [0.0853321477771] [0.131677240133]
0.10489527881155 [0.0853321477771] [0.124458409846]
0.10232580453155 [0.0853321477771] [0.119319461286]
0.09975402057155 [0.0853321477771] [0.114175893366]
0.09649895131605 [0.0853321477771] [0.107665754855]
0.0925670899451 [0.0853321477771] [0.0998020321131]
0.088646478951 [0.0853321477771] [0.0919608101249]
