0.0890209190549 [0.0635406970978] [0.114501141012]
0.09371572732950001 [0.071717068553] [0.115714386106]
0.09736649692085 [0.0767080560327] [0.118024937809]
0.1009043827651 [0.0822074189782] [0.119601346552]
0.10262421146020001 [0.0867926329374] [0.118455789983]
0.08349053934215 [0.0750026255846] [0.0919784530997]
0.0702964924276 [0.0472723990679] [0.0933205857873]
0.06138282455505 [0.0287935771048] [0.0939720720053]
0.05641594715415 [0.0197552926838] [0.0930766016245]
0.05178221035745 [0.0154201108962] [0.0881443098187]
0.0472229211591 [0.01329069864] [0.0811551436782]
0.04280804097655 [0.0122904106975] [0.0733256712556]
0.0391781036742 [0.0118010947481] [0.0665551126003]
0.036670694593299996 [0.011482280679] [0.0618591085076]
0.0348679223098 [0.0112514169887] [0.0584844276309]
0.034061835147449995 [0.0110298041254] [0.0570938661695]
0.0320084532723 [0.0108046177775] [0.0532122887671]
0.02855860115965 [0.0105460742489] [0.0465711280704]
0.02360894018785 [0.0103705273941] [0.0368473529816]
0.01711869006975 [0.0103737814352] [0.0238635987043]
0.012146026361749999 [0.0106785669923] [0.0136134857312]
0.00926460372282 [0.0114019233733] [0.00712728407234]
0.00989974243567 [0.012672200799] [0.00712728407234]
0.01101952558382 [0.0149117670953] [0.00712728407234]
0.01280477596447 [0.0184822678566] [0.00712728407234]
0.01491704722867 [0.022706810385] [0.00712728407234]
0.01684048352762 [0.0265536829829] [0.00712728407234]
0.01815552962942 [0.0291837751865] [0.00712728407234]
0.018942742142819997 [0.0307582002133] [0.00712728407234]
0.020033238921335 [0.0317306555808] [0.00833582226187]
0.020578943192950002 [0.032612465322] [0.0085454210639]
0.02110961219296 [0.0334053337574] [0.00881389062852]
0.021627523005025 [0.0340890400112] [0.00916600599885]
0.02216351404787 [0.0344656892121] [0.00986133888364]
0.02321497537195 [0.0348261743784] [0.0116037763655]
0.026888763532049997 [0.0360307581723] [0.0177467688918]
0.14568403363245 [0.0391761064529] [0.252191960812]
0.14011577889305 [0.0459373220801] [0.234294235706]
0.14004246704270001 [0.0603357963264] [0.219749137759]
0.14772358164175 [0.0837203636765] [0.211726799607]
0.159207277 [0.110647335649] [0.207767218351]
0.16624771803600003 [0.125540629029] [0.206954807043]
0.1672884076835 [0.126547291875] [0.208029523492]
0.166061356664 [0.123199105263] [0.208923608065]
0.1661896705625 [0.12063857913] [0.211740761995]
0.160465616733 [0.116673566401] [0.204257667065]
0.1503087095915 [0.110574491322] [0.190042927861]
0.139791246504 [0.102805219591] [0.176777273417]
0.12996902689360001 [0.0945923998952] [0.165345653892]
0.12397300452005 [0.0892561972141] [0.158689811826]
0.12132779508830001 [0.0879229456186] [0.154732644558]
0.11982301622609999 [0.0897561311722] [0.14988990128]
0.12107082828895 [0.0931987985969] [0.148942857981]
0.11715390160705 [0.0886048898101] [0.145702913404]
0.11209281906499999 [0.090110488236] [0.134075149894]
0.09223709627985 [0.0894172489643] [0.0950569435954]
0.07166494242845001 [0.0872845575213] [0.0560453273356]
0.058826165273799996 [0.084444321692] [0.0332080088556]
0.051356617361300004 [0.0806172341108] [0.0220960006118]
0.0460058292374 [0.0755516588688] [0.016459999606]
0.0417978302576 [0.0700865015388] [0.0135091589764]
0.0388148664497 [0.0656650736928] [0.0119646592066]
0.036922836210599996 [0.0626869648695] [0.0111587075517]
0.03594330186025 [0.0611957348883] [0.0106908688322]
0.035440651234199996 [0.0604939460754] [0.010387356393]
0.03528722049665 [0.0604939460754] [0.0100804949179]
0.035117502789925 [0.0604939460754] [0.00974105950445]
0.034906337037665 [0.0604939460754] [0.00931872799993]
0.03464245889334 [0.0604939460754] [0.00879097171128]
0.11296104080994501 [0.217684194446] [0.00823788717389]
0.10665553295972001 [0.205506250262] [0.00780481565744]
0.097208930877855 [0.186657130718] [0.00776073103771]
0.08764612674708 [0.166746854782] [0.00854539871216]
0.08003659779195 [0.149110227823] [0.0109629677609]
0.0715757077558 [0.126131340861] [0.0170200746506]
0.06074891239405 [0.091807551682] [0.0296902731061]
0.049454674124700004 [0.060268394649] [0.0386409536004]
0.0373114068061 [0.0405314974487] [0.0340913161635]
0.029017552733449997 [0.0307701211423] [0.0272649843246]
0.02453859336675 [0.0259035360068] [0.0231736507267]
0.022446835413549998 [0.0235660318285] [0.0213276389986]
0.02074152883145 [0.020668534562] [0.0208145231009]
0.0201971931383 [0.0194766074419] [0.0209177788347]
0.0201006326824 [0.0190642084926] [0.0211370568722]
0.02007627021525 [0.0187795236707] [0.0213730167598]
0.02000169456005 [0.0183502417058] [0.0216531474143]
0.019887905567900002 [0.0177286099643] [0.0220472011715]
0.01968244463205 [0.0169623363763] [0.0224025528878]
0.01941426564005 [0.016250366345] [0.0225781649351]
0.0190566536039 [0.0156549103558] [0.022458396852]
0.01887253299355 [0.0153793543577] [0.0223657116294]
0.019279564730800003 [0.0157018806785] [0.0228572487831]
0.020802909508350002 [0.0170305836946] [0.0245752353221]
0.024182770401249998 [0.0201754681766] [0.0281900726259]
0.030132113024599998 [0.0261636450887] [0.0341005809605]
0.038064215332250004 [0.0348734036088] [0.0412550270557]
