0.11696119606500001 [0.127510294318] [0.106412097812]
0.1065284162755 [0.108805596828] [0.104251235723]
0.10106394439960001 [0.0969991832972] [0.105128705502]
0.0995181091129 [0.0897620543838] [0.109274163842]
0.09969811141485 [0.0851942822337] [0.114201940596]
0.095172703266 [0.076946310699] [0.113399095833]
0.0785731021315 [0.0599620528519] [0.0971841514111]
0.05624208785595 [0.0416449643672] [0.0708392113447]
0.03821923397485 [0.0281054116786] [0.0483330562711]
0.02747398242355 [0.0199643559754] [0.0349836088717]
0.0217277230695 [0.0153933800757] [0.0280620660633]
0.0189001574181 [0.0129966503009] [0.0248036645353]
0.017782274167950002 [0.0118590192869] [0.023705529049]
0.01753682037815 [0.0114105055109] [0.0236631352454]
0.0175725072622 [0.0112867429852] [0.0238582715392]
0.01763124996795 [0.0113620860502] [0.0239004138857]
0.01761410338805 [0.0115642650053] [0.0236639417708]
0.0175617397763 [0.011811089702] [0.0233123898506]
0.01745818182825 [0.0119588896632] [0.0229574739933]
0.0174068282358 [0.0119811026379] [0.0228325538337]
0.0175215201452 [0.0119605697691] [0.0230824705213]
0.01819298276675 [0.0121931368485] [0.024192828685]
0.01996350008995 [0.0131492763758] [0.0267777238041]
0.023467127233750003 [0.0153966806829] [0.0315375737846]
0.029145616106700002 [0.0196867417544] [0.038604490459]
0.03695745952425 [0.0271236672997] [0.0467912517488]
0.045496404170999996 [0.0375686660409] [0.0534241423011]
0.0518874898553 [0.0476456582546] [0.056129321456]
0.05544060654935 [0.0539898984134] [0.0568913146853]
0.057691976428 [0.057506121695] [0.057877831161]
0.05932197906075 [0.0593340359628] [0.0593099221587]
0.05918587185445 [0.0576340854168] [0.0607376582921]
0.05624756775795 [0.0509273596108] [0.0615677759051]
0.0515731908381 [0.041625533253] [0.0615208484232]
0.047087218612449994 [0.0332105793059] [0.060963857919]
0.0437871674076 [0.0271886121482] [0.060385722667]
0.0416923845187 [0.0233499053866] [0.0600348636508]
0.04067210201175 [0.0211092103273] [0.0602349936962]
0.04098900035025 [0.0202130749822] [0.0617649257183]
0.0427789380774 [0.0204588528723] [0.0650990232825]
0.04500743653625 [0.0215235631913] [0.0684913098812]
0.0467748586088 [0.0228657983243] [0.0706839188933]
0.04616239853205 [0.0237083695829] [0.0686164274812]
0.04216783400625 [0.02250370197] [0.0618319660425]
0.03397023305295 [0.019246250391] [0.0486942157149]
0.0241500940174 [0.014625120908] [0.0336750671268]
0.02332532871515 [0.0144194420427] [0.0322312153876]
0.02256711060185 [0.0144764920697] [0.030657729134]
0.0169035815634 [0.0148380370811] [0.0189691260457]
0.0127107929438 [0.0106685319915] [0.0147530538961]
0.011197800748035 [0.00928959529847] [0.0131060061976]
0.01098047709092 [0.00919873360544] [0.0127622205764]
0.010452200192974999 [0.00892924610525] [0.0119751542807]
0.0098369210027 [0.0084334211424] [0.011240420863]
0.00909391557796 [0.00770972575992] [0.010478105396]
0.008219523588194999 [0.00679563218728] [0.00964341498911]
0.007186620263385001 [0.00563590647653] [0.00873733405024]
0.006279436405750001 [0.00462047662586] [0.00793839618564]
0.005491017829625 [0.00366780441254] [0.00731423124671]
0.005345717305315 [0.00366780441254] [0.00702363019809]
0.005463852081445 [0.00366780441254] [0.00725989975035]
0.005463852081445 [0.00366780441254] [0.00725989975035]
0.005463852081445 [0.00366780441254] [0.00725989975035]
0.005463852081445 [0.00366780441254] [0.00725989975035]
0.005463852081445 [0.00366780441254] [0.00725989975035]
0.005463852081445 [0.00366780441254] [0.00725989975035]
0.005463852081445 [0.00366780441254] [0.00725989975035]
0.009835564997025 [0.0124112302437] [0.00725989975035]
0.008949315175425 [0.0106387306005] [0.00725989975035]
0.008114347234365 [0.00896879471838] [0.00725989975035]
0.007496930425985 [0.00773396110162] [0.00725989975035]
0.013860551640399999 [0.006966015324] [0.0207550879568]
0.012258715461955 [0.00658045616001] [0.0179369747639]
0.01168399583548 [0.00650915689766] [0.0168588347733]
0.01186396251432 [0.00675224652514] [0.0169756785035]
0.012590579921385 [0.00731265963987] [0.0178685002029]
0.013728784397225 [0.00825097970665] [0.0192065890878]
0.015380194410675 [0.00980133749545] [0.0209590513259]
0.0179753927514 [0.0128739047796] [0.0230768807232]
0.01924474630505 [0.0129414219409] [0.0255480706692]
0.02023119432855 [0.0128411902115] [0.0276211984456]
0.0214077285491 [0.0127876279876] [0.0300278291106]
0.023208524100449997 [0.0130927097052] [0.0333243384957]
0.0266951951198 [0.0141528761014] [0.0392375141382]
0.032324643805650005 [0.016415566206] [0.0482337214053]
0.039915882050999996 [0.020608317107] [0.059223446995]
0.0500736609101 [0.0279934033751] [0.0721539184451]
0.06376964226365 [0.0410178303719] [0.0865214541554]
0.08239455148595 [0.0640304684639] [0.100758634508]
0.1068047210575 [0.100761316717] [0.112848125398]
0.11117782816300001 [0.100761316717] [0.121594339609]
0.113703582436 [0.100761316717] [0.126645848155]
0.1145074479285 [0.100761316717] [0.12825357914]
0.1139604710045 [0.100761316717] [0.127159625292]
0.1126996800305 [0.100761316717] [0.124638043344]
0.0797220915554 [0.0365344062448] [0.122909776866]
0.078615754843 [0.033835478127] [0.123396031559]
0.07935298979300001 [0.03279979527] [0.125906184316]
0.08192580193270001 [0.0327826440334] [0.131068959832]
0.08583886548885 [0.0333488360047] [0.138328894973]
0.08979459293165 [0.0341525115073] [0.145436674356]
0.08653842471525 [0.0348873995245] [0.138189449906]
0.07882938906535 [0.0351835414767] [0.122475236654]
0.06952724047 [0.034467112273] [0.104587368667]
0.06012439914045 [0.0325259529054] [0.0877228453755]
0.051323643885550004 [0.0299018602818] [0.0727454274893]
0.0439890474081 [0.027379475534] [0.0605986192822]
0.03722891118375 [0.022565735504] [0.0518920868635]
0.0333740860224 [0.019934989512] [0.0468131825328]
0.0322697479278 [0.0195437632501] [0.0449957326055]
0.03429375123235 [0.0214627366513] [0.0471247658134]
0.0390043798834 [0.025306597352] [0.0527021624148]
0.0442228531465 [0.0300737004727] [0.0583720058203]
0.04891704581674999 [0.0342716015875] [0.063562490046]
0.05055259354410001 [0.0336670167744] [0.0674381703138]
0.05125207826495 [0.0326900556684] [0.0698141008615]
0.0516490545124 [0.0317258499563] [0.0715722590685]
0.0520914653316 [0.031240882352] [0.0729420483112]
0.05296051315965 [0.0319505669177] [0.0739704594016]
0.05494836159055 [0.0349870808423] [0.0749096423388]
0.05954678170385 [0.0423091091216] [0.0767844542861]
0.06917480938135 [0.0585086606443] [0.0798409581184]
0.08841213211415 [0.0931843668222] [0.0836398974061]
0.12460341304515 [0.162363544106] [0.0868432819843]
0.17722724005605 [0.266279727221] [0.0881747528911]
0.17694684863115 [0.266279727221] [0.0876139700413]
0.17598998546625 [0.266279727221] [0.0857002437115]
0.17456710711145002 [0.266279727221] [0.0828544870019]
0.17252770438815002 [0.266279727221] [0.0787756815553]
0.16970725357555 [0.266279727221] [0.0731347799301]
0.16656445339345 [0.266279727221] [0.0668491795659]
0.1639293357732 [0.266279727221] [0.0615789443254]
0.16257734783015002 [0.266279727221] [0.0588749684393]
0.16293199732925 [0.266279727221] [0.0595842674375]
0.1649310290816 [0.266279727221] [0.0635823309422]
0.16765448451065001 [0.266279727221] [0.0690292418003]
0.1703621000054 [0.266279727221] [0.0744444727898]
0.17232505232120002 [0.266279727221] [0.0783703774214]
0.173279386014 [0.266279727221] [0.080279044807]
0.17326265946055 [0.266279727221] [0.0802455917001]
0.11009361967430001 [0.141646519303] [0.0785407200456]
0.08183364197609999 [0.0881132483482] [0.075554035604]
0.0794471800327 [0.0881132483482] [0.0707811117172]
0.0757227540016 [0.0881132483482] [0.063332259655]
0.07039145380255 [0.0881132483482] [0.0526696592569]
0.06520591303705 [0.0881132483482] [0.0422985777259]
0.061425244435650006 [0.0881132483482] [0.0347372405231]
0.059015353210250004 [0.0881132483482] [0.0299174580723]
0.05759865511205 [0.0881132483482] [0.0270840618759]
0.0567951360717 [0.0881132483482] [0.0254770237952]
0.056273127906 [0.0881132483482] [0.0244330074638]
