0.11750365421185 [0.0960935279727] [0.138913780451]
0.1385297253725 [0.125674471259] [0.151384979486]
0.162459515035 [0.168937921524] [0.155981108546]
0.1702653318645 [0.208804905415] [0.131725758314]
0.13871940225385 [0.200287163258] [0.0771516412497]
0.1009530015288 [0.162390708923] [0.0395152941346]
0.07316224556405 [0.123427569866] [0.0228969212621]
0.05707929376515 [0.0983178690076] [0.0158407185227]
0.04785596905275 [0.0829632282257] [0.0127487098798]
0.04301078990105 [0.0746282935143] [0.0113932862878]
0.0405730139464 [0.0702685937285] [0.0108774341643]
0.03955770982425 [0.0683766379952] [0.0107387816533]
0.039206012617800004 [0.0677297115326] [0.010682313703]
0.039122393820450005 [0.067619279027] [0.0106255086139]
0.0390934753232 [0.0676326528192] [0.0105542978272]
0.03903779620305 [0.0675172954798] [0.0105582969263]
0.0389498132281 [0.0672096535563] [0.0106899728999]
0.03862504288555 [0.066356651485] [0.0108934342861]
0.038135649170699996 [0.0651404187083] [0.0111308796331]
0.037769847083850006 [0.0640379860997] [0.011501708068]
0.03825335297735 [0.0641498118639] [0.0123568940908]
0.0404447829351 [0.0666630715132] [0.014226494357]
0.0453870333731 [0.0727305412292] [0.018043525517]
0.05153143405915 [0.0773816257715] [0.0256812423468]
0.06445106863975 [0.0907057449222] [0.0381963923573]
0.07487271539859999 [0.1070247069] [0.0427207238972]
0.07559714466345 [0.120212338865] [0.0309819504619]
0.07415024563690001 [0.127335801721] [0.0209646895528]
0.07187311537565 [0.127887621522] [0.0158586092293]
0.069243928883 [0.125133991241] [0.013353866525]
0.06589313456765 [0.119587168097] [0.0121991010383]
0.0608673430981 [0.110082894564] [0.0116517916322]
0.0551822357811 [0.099063269794] [0.0113012017682]
0.04960259795185 [0.088218845427] [0.0109863504767]
0.039346335921449996 [0.068092726171] [0.0105999456719]
0.0322305732407 [0.0542890429497] [0.0101721035317]
0.026767978444685 [0.0438692346215] [0.00966672226787]
0.02331920620054 [0.0375442802906] [0.00909413211048]
0.02512522879989 [0.041731428355] [0.00851902924478]
0.026684899348755002 [0.045252058655] [0.00811774004251]
0.02907012589275 [0.0500131472945] [0.008127104491]
0.032601059414445 [0.056335888803] [0.00886623002589]
0.03800542559475 [0.0650892332196] [0.0109216179699]
0.04588348791 [0.0758204013109] [0.0159465745091]
0.055364905856550004 [0.0830573141575] [0.0276724975556]
0.06351527757945 [0.077614761889] [0.0494157932699]
0.05598932504655 [0.057150837034] [0.0548278130591]
0.03512338362635 [0.0366070456803] [0.0336397215724]
0.02142685931175 [0.0237037297338] [0.0191499888897]
0.01432474562895 [0.0164135228842] [0.0122359683737]
0.010829106904555 [0.0127235734835] [0.00893464032561]
0.009191091405214999 [0.0110197542235] [0.00736242858693]
0.008550737286005 [0.0104055469856] [0.00669592758641]
0.00844578491523 [0.0103803873062] [0.00651118252426]
0.008575497195125 [0.0106186484918] [0.00653234589845]
0.008826907258500001 [0.0110109932721] [0.0066428212449]
0.00907163880766 [0.0113352360204] [0.00680804159492]
0.009265882661544999 [0.0115217370912] [0.00701002823189]
0.009341810364264999 [0.0114657031372] [0.00721791759133]
0.009379754774274999 [0.0113407727331] [0.00741873681545]
0.009475491009645 [0.011332815513] [0.00761816650629]
0.00989453447982 [0.0118332998827] [0.00795576907694]
0.01099096052351 [0.0133130922914] [0.00866882875562]
0.01312583265825 [0.0160731635988] [0.0101785017177]
0.0164765352383 [0.0197579786181] [0.0131950918585]
0.02019932866095 [0.0216907542199] [0.018707903102]
0.02309259213505 [0.0193432383239] [0.0268419459462]
0.0247786664404 [0.0152118289843] [0.0343455038965]
0.0248069022782 [0.0120920659974] [0.037521738559]
0.02423849282785 [0.0103401085362] [0.0381368771195]
0.0240195551887 [0.0094698574394] [0.038569252938]
0.024274799972784998 [0.00915943086147] [0.0393901690841]
0.024767043534685 [0.00910138059407] [0.0404327064753]
0.02536020753903 [0.00912540312856] [0.0415950119495]
0.02578666759654 [0.00915511604398] [0.0424182191491]
0.026235427707425 [0.00913947075605] [0.0433313846588]
0.02664258237928 [0.00906595401466] [0.0442192107439]
0.02706882590428 [0.00899532902986] [0.0451423227787]
0.028071257751435 [0.00912178959697] [0.0470207259059]
0.03016474656759 [0.00969110056758] [0.0506383925676]
0.0339760845527 [0.0111308675259] [0.0568213015795]
0.04030099883675 [0.0142070651054] [0.0663949325681]
0.0499065089971 [0.0205887369812] [0.079224281013]
0.06334216333925 [0.0342972539365] [0.092387072742]
0.08220820873975 [0.0640425905585] [0.100373826921]
0.107328914106 [0.11482834816] [0.099829480052]
0.12576323375100001 [0.158318594098] [0.093207873404]
0.12676578760135 [0.166362956166] [0.0871686190367]
0.11973873525855 [0.156525298953] [0.0829521715641]
0.11334966868175 [0.147537082434] [0.0791622549295]
0.1071644388139 [0.139861240983] [0.0744676366448]
0.0959603041409 [0.131326794624] [0.0605938136578]
0.0783977620304 [0.117643006146] [0.0391525179148]
0.0593606811017 [0.095724709332] [0.0229966528714]
0.04440375603735 [0.0741163268685] [0.0146911852062]
0.03459117608145 [0.0583855696023] [0.0107967825606]
0.028750152327135 [0.0485929809511] [0.00890732370317]
0.025745776016265 [0.0434852913022] [0.00800626073033]
0.02480001118966 [0.0419664643705] [0.00763355800882]
0.02515082922766 [0.0427511185408] [0.00755053991452]
0.02592926495708 [0.0442495830357] [0.00760894687846]
0.026655906345695 [0.0455602183938] [0.00775159429759]
0.027106810826795003 [0.0462971255183] [0.00791649613529]
0.027391387615364998 [0.0466706901789] [0.00811208505183]
0.027449542190885 [0.0466332063079] [0.00826587807387]
0.027535215485835 [0.0466262102127] [0.00844422075897]
0.027773461304625 [0.0469600297511] [0.00858689285815]
0.028733493760230003 [0.0486465767026] [0.00882041081786]
0.03117943415416 [0.0529599525034] [0.00939891580492]
0.03620399395 [0.0615550987422] [0.0108528891578]
0.04544611321765 [0.076555415988] [0.0143368104473]
0.0609709415585 [0.0992370322347] [0.0227048508823]
0.0831925366073 [0.123220309615] [0.0431647635996]
0.1104226000607 [0.13684669137] [0.0839985087514]
0.130576822907 [0.13839802146] [0.122755624354]
0.1321897283195 [0.132375374436] [0.132004082203]
0.1178182698785 [0.117634855211] [0.118001684546]
0.0861216671765 [0.0870720073581] [0.0851713269949]
0.04931330680845 [0.0516461804509] [0.046980433166]
0.0273507302627 [0.0292985457927] [0.0254029147327]
0.01685323007405 [0.0181115008891] [0.015594959259]
0.0120093617588 [0.0127620361745] [0.0112566873431]
0.009772216901195 [0.0102000795305] [0.00934435427189]
0.008828137069940001 [0.00909069459885] [0.00856557954103]
0.00851969188079 [0.0087632574141] [0.00827612634748]
0.008470472414045 [0.00884956028312] [0.00809138454497]
0.00852633174509 [0.00918488018215] [0.00786778330803]
0.008608468109745 [0.00959335546941] [0.00762358075008]
0.00874176179061 [0.0100389067084] [0.00744461687282]
0.00892020901667 [0.0104641830549] [0.00737623497844]
0.00912247947418 [0.0108912382275] [0.00735372072086]
0.00934398267417 [0.0113000962883] [0.00738786906004]
0.00965180853382 [0.0117980754003] [0.00750554166734]
0.01020244928078 [0.0125053515658] [0.00789954699576]
0.011234643869125 [0.0136101180688] [0.00885916966945]
0.01294620893895 [0.0152049148455] [0.0106875030324]
0.0156483324245 [0.0174248721451] [0.0138717927039]
0.0190743478015 [0.019597703591] [0.018550992012]
0.0220247991383 [0.0207926575094] [0.0232569407672]
0.02347145043315 [0.0209179501981] [0.0260249506682]
0.0236580474302 [0.020503308624] [0.0268127862364]
0.02343826182185 [0.0199415516108] [0.0269349720329]
0.0233117295429 [0.019484532997] [0.0271389260888]
0.02343598939475 [0.0190812386572] [0.0277907401323]
0.0235900450498 [0.0186095181853] [0.0285705719143]
0.0234858831391 [0.0178604014218] [0.0291113648564]
0.0224253218621 [0.0167026314884] [0.0281480122358]
0.0198623770848 [0.0151555798948] [0.0245691742748]
0.0170446401462 [0.0137083102018] [0.0203809700906]
0.01529353810475 [0.01279734727] [0.0177897289395]
0.014462168794100002 [0.0125195207074] [0.0164048168808]
0.0144927254878 [0.0129710724577] [0.0160143785179]
0.01523032039405 [0.0139687471092] [0.0164918936789]
0.01612648135055 [0.0147993853316] [0.0174535773695]
0.01700665429235 [0.0154147353023] [0.0185985732824]
0.0177752645686 [0.0157223101705] [0.0198282189667]
0.01838715747 [0.0157970767468] [0.0209772381932]
0.0187670374289 [0.0157038606703] [0.0218302141875]
0.0188827482052 [0.0155003340915] [0.0222651623189]
0.018841588404 [0.0152139784768] [0.0224691983312]
0.0186576624401 [0.0146979996935] [0.0226173251867]
0.018417904153449998 [0.0137571599334] [0.0230786483735]
0.0182237057015 [0.012343108654] [0.024104302749]
0.0183220584877 [0.0107587045059] [0.0258854124695]
0.019134604372095 [0.00933984108269] [0.0289293676615]
0.020592128857965 [0.00833006948233] [0.0328541882336]
0.02204458834605 [0.0077764140442] [0.0363127626479]
0.022966768825445 [0.00754676805809] [0.0383867695928]
0.023097040830160002 [0.00744715845212] [0.0387469232082]
0.022820329759274997 [0.00732678268105] [0.0383138768375]
0.022080762777475 [0.00712791550905] [0.0370336100459]
0.02114059892484 [0.00690591195598] [0.0353752858937]
0.020131583558395 [0.00666219228879] [0.033600974828]
0.018898741574945 [0.00635469192639] [0.0314427912235]
0.01693608053031 [0.00591036304832] [0.0279617980123]
0.014627794269490001 [0.00533755216748] [0.0239180363715]
0.012847867794339999 [0.00487442873418] [0.0208213068545]
0.011961824959155 [0.00469495495781] [0.0192286949605]
0.01188861904665 [0.0048566525802] [0.0189205855131]
0.012483666883805 [0.00533724622801] [0.0196300875396]
