0.21583691984449999 [0.157737269998] [0.273936569691]
0.24209959804999998 [0.184266388416] [0.299932807684]
0.25699827075000004 [0.207898467779] [0.306098073721]
0.2536357045175 [0.219376653433] [0.287894755602]
0.206123910844 [0.201493144035] [0.210754677653]
0.127413131297 [0.146026745439] [0.108799517155]
0.09706398472205 [0.0901869088411] [0.103941060603]
0.0777322743088 [0.0567159168422] [0.0987486317754]
0.06594436988235 [0.0385704189539] [0.0933183208108]
0.058107993565500005 [0.0284177865833] [0.0877982005477]
0.051948002539600004 [0.0214777644724] [0.0824182406068]
0.048881036229449996 [0.0204710457474] [0.0772910267115]
0.0457384325564 [0.0194668471813] [0.0720100179315]
0.0420737694949 [0.0184324644506] [0.0657150745392]
0.035278717987199996 [0.0129532460123] [0.0576041899621]
0.029348035342999998 [0.0110890697688] [0.0476070009172]
0.023500544019 [0.0104235950857] [0.0365774929523]
0.0234401966445 [0.0103029003367] [0.0365774929523]
0.023492132313549997 [0.0104067716748] [0.0365774929523]
0.0236248783767 [0.0106722638011] [0.0365774929523]
0.02380384458225 [0.0110301962122] [0.0365774929523]
0.02408923255275 [0.0116009721532] [0.0365774929523]
0.02446834789585 [0.0123592028394] [0.0365774929523]
0.0249714227393 [0.0133653525263] [0.0365774929523]
0.09862206690035 [0.0146870724857] [0.182557061315]
0.09745340328665 [0.0167966540903] [0.178110152483]
0.09292905498305 [0.0174192134291] [0.168438896537]
0.08566031232480001 [0.0180581882596] [0.15326243639]
0.07813886366805001 [0.0186540000141] [0.137623727322]
0.07659205887465 [0.0283760670573] [0.124808050692]
0.08324659988285 [0.0491038560867] [0.117389343679]
0.09963570535204999 [0.0844049006701] [0.114866510034]
0.116681728512 [0.116462230682] [0.116901226342]
0.12082582712199999 [0.121790647507] [0.119861006737]
0.117370780557 [0.115115396678] [0.119626164436]
0.09595794230679999 [0.0912530869246] [0.100662797689]
0.0773823149502 [0.0568432882428] [0.0979213416576]
0.0642420463264 [0.0330987796187] [0.0953853130341]
0.05746986158195 [0.0220403634012] [0.0928993597627]
0.0539112640545 [0.0175187122077] [0.0903038159013]
0.05163227487355 [0.0156711731106] [0.0875933766365]
0.0501162135042 [0.0150833399966] [0.0851490870118]
0.04931787680835 [0.01511236839] [0.0835233852267]
0.0493817706592 [0.0154433706775] [0.0833201706409]
0.05016613565385 [0.0159087441862] [0.0844235271215]
0.0508426576853 [0.0164088457823] [0.0852764695883]
0.055898888036599995 [0.0168161056936] [0.0949816703796]
0.05867376271619999 [0.0170224327594] [0.100325092673]
0.058219187893000006 [0.0170894507319] [0.0993489250541]
0.059303943999150004 [0.0172149334103] [0.101392954588]
0.12830794975185 [0.0177485123277] [0.238867387176]
0.1141974972561 [0.0190647039562] [0.209330290556]
0.1060956632716 [0.0216675829142] [0.190523743629]
0.10198202449835 [0.0263758394867] [0.17758820951]
0.10040562227370001 [0.0360376760364] [0.164773568511]
0.10605472140005 [0.0563868992031] [0.155722543597]
0.1240571029483 [0.0967593863606] [0.151354819536]
0.1487923935055 [0.148500278592] [0.149084508419]
0.155235826969 [0.164417147636] [0.146054506302]
0.14763250947 [0.153147041798] [0.142117977142]
0.13846690207700002 [0.138552829623] [0.138380974531]
0.1291440725325 [0.128165274858] [0.130122870207]
0.1236173920335 [0.121215514839] [0.126019269228]
0.1171527765695 [0.11295234412] [0.121353209019]
0.09820503741514999 [0.0928381308913] [0.103571943939]
0.0701339505613 [0.0688940435648] [0.0713738575578]
0.0454638488591 [0.0473692417145] [0.0435584560037]
0.029773313552150002 [0.032231643796] [0.0273149833083]
0.02128632273525 [0.0235744100064] [0.0189982354641]
0.01679749554025 [0.0187986586243] [0.0147963324562]
0.014646538067599999 [0.0164770632982] [0.012816012837]
