0.0831468440592 [0.111617475748] [0.0546762123704]
0.08018152043215 [0.107634551823] [0.0527284890413]
0.0773974191398 [0.103241659701] [0.0515531785786]
0.07317263446745001 [0.0953957736492] [0.0509494952857]
0.0622153505683 [0.0748932212591] [0.0495374798775]
0.04312709346415 [0.0427640452981] [0.0434901416302]
0.026796983555 [0.0211356133223] [0.0324583537877]
0.021091897971949998 [0.0203285459429] [0.021855250001]
0.017196668777649998 [0.0195216033608] [0.0148717341945]
0.014770558569599999 [0.0186208114028] [0.0109203057364]
0.013193746097405 [0.0175903514028] [0.00879714079201]
0.012085853610175 [0.0164692122489] [0.00770249497145]
0.011219287291175 [0.0152416760102] [0.00719689857215]
0.010480997851140001 [0.0138843916357] [0.00707760406658]
0.0098862873856 [0.0124384528026] [0.0073341219686]
0.0094984699972 [0.0109980814159] [0.0079988585785]
0.00939261028543 [0.00972516927868] [0.00906005129218]
0.009383282158515 [0.00847619585693] [0.0102903684601]
0.009953851811564999 [0.00847619585693] [0.0114315077662]
0.010417568031715 [0.00847619585693] [0.0123589402065]
0.010941027663665 [0.00847619585693] [0.0134058594704]
0.011801793240014999 [0.00847619585693] [0.0151273906231]
0.023595982231199998 [0.0291177872568] [0.0180741772056]
0.027841718867450002 [0.0329192504287] [0.0227641873062]
0.0335788289085 [0.0377897694707] [0.0293678883463]
0.0401207096875 [0.0431070737541] [0.0371343456209]
0.0465095192194 [0.0484767965972] [0.0445422418416]
0.05232836306095 [0.0542430095375] [0.0504137165844]
0.057331208139649995 [0.0600043088198] [0.0546581074595]
0.05885516665875 [0.0600043088198] [0.0577060244977]
0.0600042715669 [0.0600043088198] [0.060004234314]
0.060873473063149997 [0.0600043088198] [0.0617426373065]
0.061777520924799996 [0.0600043088198] [0.0635507330298]
0.0633250139654 [0.0600043088198] [0.066645719111]
0.0687615163624 [0.0652534663677] [0.0722695663571]
0.0794379338622 [0.0776200890541] [0.0812557786703]
0.09695818647740001 [0.101724512875] [0.0921918600798]
0.12131391838200001 [0.141474425793] [0.101153410971]
0.1481826119125 [0.192780435085] [0.10358478874]
0.167562149465 [0.235539421439] [0.099584877491]
0.1642527393996 [0.235539421439] [0.0929660573602]
0.16095382720225 [0.235539421439] [0.0863682329655]
0.15817765519015 [0.235539421439] [0.0808158889413]
0.15638718008985 [0.235539421439] [0.0772349387407]
0.21306000277405002 [0.350008994341] [0.0761110112071]
0.2100380659101 [0.343117088079] [0.0769590437412]
0.2032497189941 [0.327254801989] [0.0792446359992]
0.19584192708115 [0.308441907167] [0.0832419469953]
0.19103780388810002 [0.293062895536] [0.0890127122402]
0.18985227122895001 [0.283085554838] [0.0966189876199]
0.1915499977765 [0.278172254562] [0.104927740991]
0.194500889629 [0.27548378706] [0.113517992198]
0.197451721877 [0.272218078375] [0.122685365379]
0.201667368412 [0.269266933203] [0.134067803621]
0.20799779892 [0.265965163708] [0.150030434132]
0.215452827513 [0.261184245348] [0.169721409678]
0.2195852175355 [0.248654589057] [0.190515846014]
0.21773698925950002 [0.229446932673] [0.206027045846]
0.206201918423 [0.202521085739] [0.209882751107]
0.1912097781895 [0.179376557469] [0.20304299891]
0.182267405093 [0.171774297953] [0.192760512233]
0.17802225798350002 [0.172792226076] [0.183252289891]
0.175029978156 [0.176636278629] [0.173423677683]
0.173169650137 [0.180374577641] [0.165964722633]
0.1714675575495 [0.182471603155] [0.160463511944]
0.1662703752515 [0.181975394487] [0.150565356016]
0.150714222342 [0.176858454943] [0.124569989741]
0.1252025105059 [0.165146201849] [0.0852588191628]
0.1024276968094 [0.148081928492] [0.0567734651268]
0.08574903197575 [0.13013279438] [0.0413652695715]
0.07444195449365 [0.115518383682] [0.0333655253053]
0.06717592012125001 [0.105008639395] [0.0293432008475]
0.0622935099527 [0.0971017628908] [0.0274852570146]
0.058256129734199996 [0.0899608582258] [0.0265514012426]
0.054187996312999996 [0.0826440304518] [0.0257319621742]
0.0504128728062 [0.076098933816] [0.0247268117964]
0.04694241378455 [0.0704282224178] [0.0234566051513]
0.04387114942075 [0.0655276477337] [0.0222146511078]
0.04147393722085 [0.0616760738194] [0.0212718006223]
0.0405389107764 [0.060224249959] [0.0208535715938]
0.0406590346247 [0.060399569571] [0.0209184996784]
0.041679777205 [0.0617620460689] [0.0215975083411]
0.043927932158099994 [0.0646609663963] [0.0231948979199]
0.04822363797575 [0.0701278597116] [0.0263194162399]
0.055769352242349995 [0.0791517794132] [0.0323869250715]
0.06776552088559999 [0.0914115011692] [0.044119540602]
0.08404757455 [0.104416228831] [0.063678920269]
0.100925989449 [0.114230915904] [0.087621062994]
0.1095896363255 [0.11744005233] [0.101739220321]
0.104589562863 [0.108940348029] [0.100238777697]
0.08585257455705 [0.085399441421] [0.0863057076931]
0.06272005848585 [0.0595771707594] [0.0658629462123]
0.045007316395650004 [0.0417397990823] [0.048274833709]
0.033717150799949996 [0.0308270324022] [0.0366072691977]
0.02691954374315 [0.0242065694183] [0.029632518068]
0.02290106751025 [0.0201786234975] [0.025623511523]
0.02057153265925 [0.0177284497768] [0.0234146155417]
0.0192797034979 [0.01634856686] [0.0222108401358]
0.01864680834115 [0.0157138481736] [0.0215797685087]
0.01844697073105 [0.0155717339367] [0.0213222075254]
0.018485807813700003 [0.0156717840582] [0.0212998315692]
0.01871086657045 [0.0159086566418] [0.0215130764991]
0.019086514599650002 [0.0161743331701] [0.0219986960292]
0.01959076244385 [0.0164589304477] [0.02272259444]
0.02034730277955 [0.0169596616179] [0.0237349439412]
0.021787300705950002 [0.018078269437] [0.0254963319749]
0.02477460261435 [0.0204956792295] [0.0290535259992]
0.030900314450250002 [0.0255015045404] [0.0362991243601]
0.04296510480345 [0.0353542640805] [0.0505759455264]
0.065676484257 [0.0533519014716] [0.0780010670424]
0.1009505800902 [0.0795433819294] [0.122357778251]
0.1311771944165 [0.102891460061] [0.159462928772]
0.140876699239 [0.112409509718] [0.16934388876]
0.1360934637485 [0.112627200782] [0.159559726715]
0.12892192229649999 [0.109099723399] [0.148744121194]
0.12323954701449999 [0.105362147093] [0.141116946936]
0.1204213164745 [0.103206910193] [0.137635722756]
0.119879826903 [0.103284090757] [0.136475563049]
0.119726102799 [0.104967795312] [0.134484410286]
0.12005067989250001 [0.107415042818] [0.132686316967]
0.120448421687 [0.112051807344] [0.12884503603]
0.12107332423299999 [0.117330022156] [0.12481662631]
0.1204565279185 [0.120055966079] [0.120857089758]
