0.145120959729 [0.1943911165] [0.095850802958]
0.13418194651604998 [0.189130216837] [0.0792336761951]
0.12870152294615 [0.188415408134] [0.0689876377583]
0.12321074679515001 [0.183510050178] [0.0629114434123]
0.11577701941150001 [0.17212381959] [0.059430219233]
0.1047182809563 [0.152395397425] [0.0570411644876]
0.0749056823552 [0.0976972728968] [0.0521140918136]
0.047007448971250004 [0.0523933768272] [0.0416215211153]
0.02929034270345 [0.0295839924365] [0.0289966929704]
0.0197490658611 [0.0194441638887] [0.0200539678335]
0.01486249919985 [0.0148534951732] [0.0148715032265]
0.0122645581141 [0.0124629307538] [0.0120661854744]
0.01098084403205 [0.0112539911643] [0.0107076968998]
0.01054884213955 [0.0107210017741] [0.010376682505]
0.010674112010750001 [0.0105556249619] [0.0107925990596]
0.0111092906445 [0.0105488831177] [0.0116696981713]
0.011616877745850001 [0.0105361174792] [0.0126976380125]
0.01203366601835 [0.0104652177542] [0.0136021142825]
0.012308184523149999 [0.0103764990345] [0.0142398700118]
0.01247977185995 [0.010385112837] [0.0145744308829]
0.01269566547125 [0.0106009403244] [0.0147903906181]
0.0131018408574 [0.0111002335325] [0.0151034481823]
0.0139901209623 [0.0120587125421] [0.0159215293825]
0.01590060209855 [0.0139014841989] [0.0178997199982]
0.01984985545275 [0.0175020191818] [0.0221976917237]
0.02821057569235 [0.0251478012651] [0.0312733501196]
0.0459203086793 [0.0412168167531] [0.0506238006055]
0.07332164235415001 [0.0608738474548] [0.0857694372535]
0.08317395485915 [0.0539744459093] [0.112373463809]
0.06523316726085 [0.0365533456206] [0.0939129889011]
0.046562916599200005 [0.0259602796286] [0.0671655535698]
0.0354347312823 [0.0205672513694] [0.0503022111952]
0.0293134264648 [0.0177747569978] [0.0408520959318]
0.026194657199100004 [0.0163630042225] [0.0360263101757]
0.02483236556875 [0.0156162111089] [0.0340485200286]
0.024273445829750002 [0.01512240991] [0.0334244817495]
0.0238520181738 [0.0146989328787] [0.0330051034689]
0.0232755499892 [0.0142353316769] [0.0323157683015]
0.02249331772325 [0.0137831289321] [0.0312035065144]
0.02153236372395 [0.0133741153404] [0.0296906121075]
0.02055863663555 [0.0130622982979] [0.0280549749732]
0.019789626356199998 [0.012918417342] [0.0266608353704]
0.019495760556349998 [0.0130486832932] [0.0259428378195]
0.020013792905949998 [0.0136211393401] [0.0264064464718]
0.021768348291499998 [0.0149066839367] [0.0286300126463]
0.0254577603191 [0.0176230743527] [0.0332924462855]
0.0328498193994 [0.0235550981015] [0.0421445406973]
0.047169927507600004 [0.0366177000105] [0.0577221550047]
0.06913237087429999 [0.0615518577397] [0.0767128840089]
0.09287468343975 [0.0951828584075] [0.090566508472]
0.10840291157355 [0.119753628969] [0.0970521941781]
0.116720795631 [0.131401211023] [0.102040380239]
0.122870236635 [0.139781415462] [0.105959057808]
0.129097569734 [0.145749926567] [0.112445212901]
0.1319357156755 [0.146158605814] [0.117712825537]
0.1287752613425 [0.140459403396] [0.117091119289]
0.122799895704 [0.131013631821] [0.114586159587]
0.11646124348049999 [0.121435195208] [0.111487291753]
0.11175881698750001 [0.114812858403] [0.108704775572]
0.1093652024865 [0.111834354699] [0.106896050274]
0.1088716797535 [0.112185582519] [0.105557776988]
0.108888801187 [0.114167690277] [0.103609912097]
0.1077146641908 [0.11668164283] [0.0987476855516]
0.1061053238811 [0.119164116681] [0.0930465310812]
0.10456502810144999 [0.121912606061] [0.0872174501419]
0.10278521850695 [0.122058317065] [0.0835121199489]
0.10113247111455 [0.119943596423] [0.0823213458061]
0.09976802021275 [0.116163492203] [0.0833725482225]
0.09938054531795 [0.11240247637] [0.0863586142659]
0.10041240975255 [0.111207216978] [0.0896176025271]
0.1031178161501 [0.114605732262] [0.0916299000382]
0.10753093659875 [0.123131006956] [0.0919308662415]
0.11313711106765001 [0.135086789727] [0.0911874324083]
0.11861976981155001 [0.146344065666] [0.0908954739571]
0.12297676876199999 [0.153834819794] [0.09211871773]
0.126137882471 [0.156447008252] [0.09582875669]
0.12967293337 [0.156366810203] [0.102979056537]
0.134210921824 [0.155545175076] [0.112876668572]
0.138376947492 [0.153670236468] [0.123083658516]
0.142907217145 [0.153012990952] [0.132801443338]
0.14924145489899998 [0.156194284558] [0.14228862524]
0.1574115604165 [0.163927435875] [0.150895684958]
0.16449669003450001 [0.17700882256] [0.151984557509]
0.1709763556715 [0.192593708634] [0.149359002709]
0.1763869076965 [0.206397488713] [0.14637632668]
0.178640343249 [0.212778642774] [0.144502043724]
0.17782466858649998 [0.211187705398] [0.144461631775]
0.1722086071965 [0.198945984244] [0.145471230149]
0.1653510034085 [0.184637755156] [0.146064251661]
0.160497151315 [0.173583552241] [0.147410750389]
0.1557250395415 [0.165173113346] [0.146276965737]
0.1489064842465 [0.154836639762] [0.142976328731]
0.141043893993 [0.142378866673] [0.139708921313]
