0.0134267890826 [0.0193028431386] [0.0075507350266]
0.01345190312713 [0.0191224720329] [0.00778133422136]
0.013796728104365 [0.0193789303303] [0.00821452587843]
0.014840769115845 [0.0206347871572] [0.00904675107449]
0.01729102386165 [0.0238276906312] [0.0107543570921]
0.02273397054525 [0.0310717225075] [0.014396218583]
0.034152548760149996 [0.0463809035718] [0.0219241939485]
0.051465312018999995 [0.0696923285723] [0.0332382954657]
0.053049881011249994 [0.0719255879521] [0.0341741740704]
0.0363236209378 [0.0499527640641] [0.0226944778115]
0.0240112096071 [0.0339906774461] [0.0140317417681]
0.0176146524027 [0.0255834646523] [0.0096458401531]
0.014577964786435001 [0.0215563494712] [0.00759958010167]
0.01319651119412 [0.019724406302] [0.00666861608624]
0.012634715763865 [0.0189759153873] [0.00629351614043]
0.01239581871778 [0.0186186246574] [0.00617301277816]
0.01223735930396 [0.0182979535311] [0.00617676507682]
0.012077865423635 [0.0179345048964] [0.00622122595087]
0.011971440864734999 [0.017654735595] [0.00628814613447]
0.011977459769680001 [0.0176252685487] [0.00632965099066]
0.01201395527458 [0.0177453588694] [0.00628255167976]
0.011991958133865 [0.017818916589] [0.00616499967873]
0.01158552896231 [0.0171162765473] [0.00605478137732]
0.011499509448185001 [0.0169535279274] [0.00604549096897]
0.011813042685415 [0.0173920039088] [0.00623408146203]
0.012875994667405 [0.0190742611885] [0.00667772814631]
0.01512401830405 [0.0228605158627] [0.0073875207454]
0.01893876446412 [0.0296506509185] [0.00822687800974]
0.023732192814375 [0.0383805148304] [0.00908387079835]
0.027026345487665 [0.044173926115] [0.00987876486033]
0.027448228094749998 [0.0443030893803] [0.0105933668092]
0.02632035920395 [0.041364736855] [0.0112759815529]
0.0265463902615 [0.0411878824234] [0.0119048980996]
0.02640400314705 [0.0404350012541] [0.01237300504]
0.025723978877049997 [0.0387270748615] [0.0127208828926]
0.02575721405445 [0.0384786762297] [0.0130357518792]
0.028382826130849997 [0.0433347634971] [0.0134308887646]
0.0794049222024 [0.144717395306] [0.0140924490988]
0.08319605095305 [0.150971457362] [0.0154206445441]
0.08363762963575 [0.149209007621] [0.0180662516505]
0.0835243491454 [0.143612131476] [0.0234365668148]
0.08601086959259999 [0.138205006719] [0.0338167324662]
0.09281544946115 [0.134332567453] [0.0512983314693]
0.10198765248055 [0.13278080523] [0.0711944997311]
0.10698663443334999 [0.133354663849] [0.0806186050177]
0.10724490880955001 [0.135272413492] [0.0792174041271]
0.10586319118715 [0.137708112597] [0.0740182697773]
0.10610138997435001 [0.142557784915] [0.0696449950337]
0.10800262913129999 [0.148317009211] [0.0676882490516]
0.11181112006305 [0.154224306345] [0.0693979337811]
0.1173897124828 [0.160057872534] [0.0747215524316]
0.116621326655 [0.157476738095] [0.075765915215]
0.10268631018709999 [0.143571585417] [0.0618010349572]
0.07963228039455 [0.118034206331] [0.0412303544581]
0.058828132227049995 [0.0906228944659] [0.0270333699882]
0.0458292821422 [0.0723691880703] [0.0192893762141]
0.038590009324249996 [0.0618828870356] [0.0152971316129]
0.03443509247155 [0.0555377304554] [0.0133324544877]
0.031991425901699996 [0.0515441410244] [0.012438710779]
0.0304218335077 [0.0487497188151] [0.0120939482003]
0.0292302146554 [0.0464117377996] [0.0120486915112]
0.02838128292935 [0.0444548726082] [0.0123076932505]
0.027784818317699998 [0.042857799679] [0.0127118369564]
0.0274199373089 [0.0416487976909] [0.0131910769269]
0.0271034943871 [0.0406697876751] [0.0135372010991]
0.0267056138255 [0.0397238880396] [0.0136873396114]
0.0262113134377 [0.0387456864119] [0.0136769404635]
0.026071453467 [0.0383281558752] [0.0138147510588]
0.02715319627895 [0.0396749339998] [0.0146314585581]
0.030692596919849997 [0.0445338152349] [0.0168513786048]
0.0386353377253 [0.0553461313248] [0.0219245441258]
0.05550577305255 [0.0779089108109] [0.0331026352942]
0.0872223488987 [0.117627978325] [0.0568167194724]
0.12593929097035 [0.155087202787] [0.0967913791537]
0.147045366466 [0.163949564099] [0.130141168833]
0.1520918756725 [0.1640291363] [0.140154615045]
0.150597333908 [0.161888703704] [0.139305964112]
0.147866770625 [0.158379733562] [0.137353807688]
0.14493973553150002 [0.15448179841] [0.135397672653]
0.14215440303100002 [0.150537148118] [0.133771657944]
0.13993734866399998 [0.147218614817] [0.132656082511]
0.13899922370950002 [0.144887208939] [0.13311123848]
0.138604208827 [0.143129393458] [0.134079024196]
0.13695628941049998 [0.141412422061] [0.13250015676]
0.135026283562 [0.140253469348] [0.129799097776]
0.13313229382050001 [0.139935106039] [0.126329481602]
0.130940500647 [0.139558002353] [0.122322998941]
0.1295215673745 [0.139919012785] [0.119124121964]
0.1288701407615 [0.140098512173] [0.11764176935]
0.1289888769385 [0.140563562512] [0.117414191365]
0.129280820489 [0.142645865679] [0.115915775299]
0.11935839802 [0.136401623487] [0.102315172553]
0.09167238697415 [0.108113706112] [0.0752310678363]
0.06034372374415 [0.0708632171154] [0.0498242303729]
0.0395797546953 [0.0452401898801] [0.0339193195105]
0.02819911018015 [0.0312342531979] [0.0251639671624]
0.021980036050100002 [0.0239365193993] [0.0200235527009]
0.0198022760451 [0.0203679576516] [0.0192365944386]
0.0186990983784 [0.0188078768551] [0.0185903199017]
0.0182082187384 [0.0182933658361] [0.0181230716407]
0.017985262908049998 [0.0181485731155] [0.0178219527006]
0.017892697826 [0.0181722640991] [0.0176131315529]
0.017843529582 [0.0183034017682] [0.0173836573958]
0.01777694188055 [0.0185749456286] [0.0169789381325]
0.0175596689805 [0.0189422499388] [0.0161770880222]
0.0172020792961 [0.019493939355] [0.0149102192372]
0.01674356777225 [0.0203065592796] [0.0131805762649]
0.016517982352500002 [0.0217090155929] [0.0113269491121]
0.017765474971400002 [0.0242040008307] [0.0113269491121]
0.019812209066 [0.0282974690199] [0.0113269491121]
0.0228246836923 [0.0343224182725] [0.0113269491121]
0.02670334046705 [0.042079731822] [0.0113269491121]
0.21067543141540002 [0.0501728914678] [0.371177971363]
0.2138991598042 [0.0570165105164] [0.370781809092]
0.21666600182665002 [0.0624435916543] [0.370888411999]
0.21950351819375002 [0.0687984749675] [0.37020856142]
0.22262730449454998 [0.0793976634741] [0.365856945515]
0.23089202493425 [0.0995803922415] [0.362203657627]
0.246492125094 [0.134635105729] [0.358349144459]
0.2677580341695 [0.18493334949] [0.350582718849]
0.288077302277 [0.238132491708] [0.338022112846]
0.29648114740849996 [0.27078717947] [0.322175115347]
0.290674135089 [0.277188926935] [0.304159343243]
