0.19253572076550002 [0.155046656728] [0.230024784803]
0.1136864237489 [0.0847811624408] [0.142591685057]
0.061844592914 [0.044243555516] [0.079445630312]
0.035664931871000005 [0.025733737275] [0.045596126467]
0.0228283442557 [0.0171521604061] [0.0285045281053]
0.016220996622 [0.0127333728597] [0.0197086203843]
0.012390771880749999 [0.0100894225761] [0.0146921211854]
0.009808510541895 [0.00821610447019] [0.0114009166136]
0.008008762495589999 [0.00717372400686] [0.00884380098432]
0.0063451190944750005 [0.0058457669802] [0.00684447120875]
0.005138071253895 [0.00482362462208] [0.00545251788571]
0.004349267343059999 [0.00410533230752] [0.0045932023786]
0.003880254924295 [0.00363569334149] [0.0041248165071]
0.003634484601205 [0.00337090832181] [0.0038980608806]
0.003524432424455 [0.00322624575347] [0.00382261909544]
0.003504895139485 [0.0031738046091] [0.00383598566987]
0.0035532654728750003 [0.00318696908653] [0.00391956185922]
0.0036892277421400003 [0.00328649464063] [0.00409196084365]
0.003911836771295 [0.00349485035986] [0.00432882318273]
0.00424874504097 [0.00383451487869] [0.00466297520325]
0.004698327276860001 [0.00430406769738] [0.00509258685634]
0.00543021131307 [0.00500757433474] [0.0058528482914]
0.00677669560537 [0.00614971807227] [0.00740367313847]
0.008981560589725 [0.00754014076665] [0.0104229804128]
0.01286885235457 [0.00999130122364] [0.0157464034855]
0.0193235962652 [0.0138032222167] [0.0248439703137]
0.03049039281905 [0.0202483013272] [0.0407324843109]
0.050582082942099996 [0.0323961190879] [0.0687680467963]
0.0862963143736 [0.0574946515262] [0.115097977221]
0.1407474204895 [0.107622697949] [0.17387214303]
0.200558595359 [0.180684804916] [0.220432385802]
0.2349552288655 [0.232622072101] [0.23728838563]
0.236161164939 [0.240168124437] [0.232154205441]
0.2181196659805 [0.227341398597] [0.208897933364]
0.177339084446 [0.188064590096] [0.166613578796]
0.121625542641 [0.134492710233] [0.108758375049]
0.0747219324112 [0.0869524404407] [0.0624914243817]
0.0452024769038 [0.055094640702] [0.0353103131056]
0.02849111519755 [0.0362197495997] [0.0207624807954]
0.01917257066815 [0.0254206396639] [0.0129245016724]
0.01410685386511 [0.0195258352906] [0.00868787243962]
0.011573597788804998 [0.0166020374745] [0.00654515810311]
0.010544726392265 [0.0154254473746] [0.00566400540993]
0.01025600056163 [0.0150643661618] [0.00544763496146]
0.010226387064925 [0.0149356676266] [0.00551710650325]
0.010225372621795 [0.0148123111576] [0.00563843408599]
0.01023137476293 [0.0146777471527] [0.00578500237316]
0.01023653685115 [0.0145484637469] [0.0059246099554]
0.01027975929902 [0.0144058102742] [0.00615370832384]
0.010341148823499999 [0.0142634678632] [0.0064188297838]
0.010546616511415 [0.0143068069592] [0.00678642606363]
0.01120328484101 [0.0149776237085] [0.00742894597352]
0.012918787077089999 [0.017101880163] [0.00873569399118]
0.01689234003425 [0.0223124474287] [0.0114722326398]
0.025709016248600003 [0.0340708717704] [0.0173471607268]
0.0443127611652 [0.0589053295553] [0.0297201927751]
0.07515871338545 [0.0989471748471] [0.0513702519238]
0.10448255762480001 [0.135674387217] [0.0732907280326]
0.11825345829129999 [0.153849363327] [0.0826575532556]
0.12157737836245 [0.160331517458] [0.0828232392669]
0.123008646071 [0.164258748293] [0.081758543849]
0.12537936866275 [0.167236894369] [0.0835218429565]
0.12551714479915 [0.166261166334] [0.0847731232643]
0.1113534979523 [0.148598983884] [0.0741080120206]
0.0706711038947 [0.0971030965447] [0.0442391112447]
0.04050622694195 [0.0590309202671] [0.0219815336168]
0.02593008475375 [0.0397316627204] [0.0121285067871]
0.019262137822785 [0.0306645352393] [0.00785974040627]
0.01589111075737 [0.0259572044015] [0.00582501711324]
0.013785465620455 [0.0228046644479] [0.00476626679301]
0.01242286013437 [0.0206585116684] [0.00418720860034]
0.011516080936415 [0.0191501379013] [0.00388202397153]
0.01090474543159 [0.0180607810616] [0.00374870980158]
0.01050774636677 [0.0172606874257] [0.00375480530784]
0.010193149908420001 [0.0165604948997] [0.00382580491714]
0.00993834109975 [0.0159484185278] [0.0039282636717]
0.00968749774621 [0.0153427552432] [0.00403224024922]
0.009528413647775 [0.0149486614391] [0.00410816585645]
0.009428270161175 [0.0146983629093] [0.00415817741305]
0.009446626296285 [0.0146930124611] [0.00420024013147]
0.00969553575849 [0.0150881009176] [0.00430297059938]
0.010332902194905 [0.0161076560616] [0.00455814832821]
0.011718999361605 [0.0183152388781] [0.00512275984511]
0.014701206004235001 [0.0230925530195] [0.00630985898897]
0.020293169654885 [0.0317984744906] [0.00878786481917]
0.02973531745375 [0.0453366562724] [0.0141339786351]
0.04392973985525 [0.0615572072566] [0.0263022724539]
0.06629239395264999 [0.0782366022468] [0.0543481856585]
0.09863701462745 [0.0903108045459] [0.106963224709]
0.11401169747115 [0.0834067314863] [0.144616663456]
0.08228236436855 [0.0494166687131] [0.115148060024]
0.0497423345223 [0.0265733022243] [0.0729113668203]
0.03227981273085 [0.0164893772453] [0.0480702482164]
0.0239325170405 [0.0121549675241] [0.0357100665569]
0.0196932251565 [0.0100860958919] [0.0293003544211]
0.01752749597654 [0.00901019852608] [0.026044793427]
0.01654659258203 [0.00844777654856] [0.0246454086155]
0.016152404248695 [0.00809287466109] [0.0242119338363]
0.015952845336865 [0.00776628078893] [0.0241394098848]
0.015852731419705002 [0.00747116422281] [0.0242342986166]
0.015818933956325 [0.00718173757195] [0.0244561303407]
0.015872071497155 [0.00696422532201] [0.0247799176723]
0.01596714532936 [0.00678262626752] [0.0251516643912]
0.01609200774692 [0.00667160889134] [0.0255124066025]
0.016164554748670002 [0.00658038724214] [0.0257487222552]
0.016218002885555 [0.00649193488061] [0.0259440708905]
0.016262139193735002 [0.00644610263407] [0.0260781757534]
0.016356492647915 [0.00665833661333] [0.0260546486825]
0.01680877106264 [0.00743760820478] [0.0261799339205]
0.017677168361845 [0.00942662172019] [0.0259277150035]
0.01930555468425 [0.0132107408717] [0.0254003684968]
0.02119355183095 [0.0176406968385] [0.0247464068234]
0.0220837146044 [0.0199559219182] [0.0242115072906]
0.0217701559886 [0.0198489129543] [0.0236913990229]
0.0207115961239 [0.0184080768377] [0.0230151154101]
0.01946429442615 [0.0173283647746] [0.0216002240777]
0.0147428652272 [0.0100941061974] [0.019391624257]
0.012110173236585 [0.00742221530527] [0.0167981311679]
0.010356098413469999 [0.00622304622084] [0.0144891506061]
0.009205481503135 [0.00558321084827] [0.012827752158]
0.00858278037049 [0.00527626974508] [0.0118892909959]
0.00848171417601 [0.00533947860822] [0.0116239497438]
0.00874618184753 [0.00548917939886] [0.0120031842962]
