0.177817173302 [0.16720713675] [0.188427209854]
0.17445193231099998 [0.184713378549] [0.164190486073]
0.1661913990975 [0.185131549835] [0.14725124836]
0.13985155895350002 [0.156345307827] [0.12335781008]
0.09252481907615 [0.101686127484] [0.0833635106683]
0.06903454475105 [0.0558077655733] [0.0822613239288]
0.0563216563314 [0.0316001437604] [0.0810431689024]
0.04988616425545 [0.0200753752142] [0.0796969532967]
0.04879961442205 [0.0194748323411] [0.078124396503]
0.04758334252985 [0.0188567955047] [0.076309889555]
0.04635936394335 [0.0182851776481] [0.0744335502386]
0.04527453985065 [0.017754888162] [0.0727941915393]
0.04437893163414999 [0.0171928163618] [0.0715650469065]
0.043557923287150004 [0.0165054500103] [0.070610396564]
0.0423362920992 [0.0155059983954] [0.069166585803]
0.0399735365063 [0.0139886625111] [0.0659584105015]
0.0521786971949 [0.0118046728894] [0.0925527215004]
0.06695044226958 [0.00914338603616] [0.124757498503]
0.08382936567052 [0.00650046765804] [0.161158263683]
0.11697163432852 [0.00650046765804] [0.227442800999]
0.11606600135551999 [0.00650046765804] [0.225631535053]
0.11501126736402 [0.00650046765804] [0.22352206707]
0.11354054510601999 [0.00650046765804] [0.220580622554]
0.11062824726102 [0.00650046765804] [0.214756026864]
0.10599954426302 [0.00650046765804] [0.205498620868]
0.10053303837751999 [0.00650046765804] [0.194565609097]
0.09654470533152 [0.00650046765804] [0.186588943005]
0.09434041380902 [0.00650046765804] [0.18218035996]
0.09354534745201999 [0.00650046765804] [0.180590227246]
0.09341106563802 [0.00650046765804] [0.180321663618]
0.09332214295852 [0.00650046765804] [0.180143818259]
0.09257752448302 [0.00650046765804] [0.178654581308]
0.09070087224251999 [0.00650046765804] [0.174901276827]
0.08796532452102 [0.00650046765804] [0.169430181384]
0.310435950756 [0.455963909626] [0.164907991886]
0.294333383441 [0.428081899881] [0.160584867001]
0.27689836919300004 [0.395653635263] [0.158143103123]
0.2772441655395 [0.395653635263] [0.158834695816]
0.2800331786275 [0.395653635263] [0.164412721992]
0.2848799601195 [0.395653635263] [0.174106284976]
0.2903913557525 [0.395653635263] [0.185129076242]
0.29367595911 [0.395653635263] [0.191698282957]
0.2926167324185 [0.395653635263] [0.189579829574]
0.287138827145 [0.395653635263] [0.178624019027]
0.281958863139 [0.395653635263] [0.168264091015]
0.279104232788 [0.395653635263] [0.162554830313]
0.2698041647675 [0.378544867039] [0.161063462496]
0.2601687684655 [0.357385724783] [0.162951812148]
0.252221301198 [0.336334079504] [0.168108522892]
0.25485732406399997 [0.334482043982] [0.175232604146]
0.26445864141 [0.34643137455] [0.18248590827]
0.2903881669045 [0.393620967865] [0.187155365944]
0.294535152614 [0.40146407485] [0.187606230378]
0.29221483319999997 [0.400110423565] [0.184319242835]
0.272307485342 [0.364345431328] [0.180269539356]
0.218919403851 [0.258742183447] [0.179096624255]
0.221990518272 [0.258742183447] [0.185238853097]
0.227659791708 [0.258742183447] [0.196577399969]
0.230269469321 [0.258742183447] [0.201796755195]
0.22669892013100001 [0.258742183447] [0.194655656815]
0.21958638727649998 [0.258742183447] [0.180430591106]
0.212974354625 [0.258742183447] [0.167206525803]
0.207565166056 [0.258742183447] [0.156388148665]
0.1938067302105 [0.241659581661] [0.14595387876]
0.178139247 [0.221242010593] [0.135036483407]
0.1636481545865 [0.203191071749] [0.124105237424]
0.1519528366625 [0.189317077398] [0.114588595927]
0.1432028114795 [0.178910598159] [0.1074950248]
0.138200011104 [0.173682287335] [0.102717734873]
0.14099255204220001 [0.182208001614] [0.0997771024704]
0.20517959818265 [0.31125587225] [0.0991033241153]
0.20890823751700002 [0.315760910511] [0.102055564523]
0.214384652674 [0.318135589361] [0.110633715987]
0.2233253717425 [0.318543106318] [0.128107637167]
0.236047677696 [0.314879983664] [0.157215371728]
0.253122955561 [0.30742764473] [0.198818266392]
0.27385852485900003 [0.299876868725] [0.247840180993]
0.29329299926749997 [0.294233828783] [0.292352169752]
0.3067068308595 [0.290980279446] [0.322433382273]
0.3146809488535 [0.289759069681] [0.339602828026]
0.323234155774 [0.297219574451] [0.349248737097]
0.32917821407299996 [0.306758761406] [0.35159766674]
0.331044718623 [0.308329671621] [0.353759765625]
0.330064892769 [0.301958560944] [0.358171224594]
0.326437354088 [0.287209033966] [0.36566567421]
0.31911513209349995 [0.265870273113] [0.372359991074]
0.30541098117800003 [0.239366471767] [0.371455490589]
0.28422124683850003 [0.207427561283] [0.361014932394]
0.2431666105985 [0.160194605589] [0.326138615608]
0.1859738267955 [0.104236193001] [0.26771146059]
0.1329985074699 [0.0642810240388] [0.201715990901]
0.09531314671044999 [0.0425679087639] [0.148058384657]
0.0724592618646 [0.0314238592982] [0.113494664431]
0.0602764794603 [0.0257270354778] [0.0948259234428]
0.054582056589450006 [0.0229603368789] [0.0862037763]
0.05215809494255 [0.0217603743076] [0.0825558155775]
