0.1286039948465 [0.104816943407] [0.152391046286]
0.132313579321 [0.104816943407] [0.159810215235]
0.1377018764615 [0.104816943407] [0.170586809516]
0.1425345391035 [0.104816943407] [0.1802521348]
0.1454583778975 [0.104816943407] [0.186099812388]
0.16557742655250002 [0.141758844256] [0.189396008849]
0.1764960885045 [0.164339199662] [0.188652977347]
0.18070152401950001 [0.178720697761] [0.182682350278]
0.1800389140845 [0.18471339345] [0.175364434719]
0.177659697831 [0.185156732798] [0.170162662864]
0.1772462129595 [0.185685142875] [0.168807283044]
0.1799672916535 [0.188194856048] [0.171739727259]
0.18491768091900002 [0.19228130579] [0.177554056048]
0.1889171376825 [0.195092916489] [0.182741358876]
0.18754791468350002 [0.192036554217] [0.18305927515]
0.1767397001385 [0.179439410567] [0.17403998971]
0.164880618453 [0.159815683961] [0.169945552945]
0.1389119103555 [0.139557808638] [0.138266012073]
0.126844190061 [0.122453927994] [0.131234452128]
0.118112426251 [0.111139975488] [0.125084877014]
0.1115871071815 [0.101728916168] [0.121445298195]
0.1095238141715 [0.098487727344] [0.120559900999]
0.1084644272924 [0.0952997803688] [0.121629074216]
0.1080575846136 [0.0919257551432] [0.124189414084]
0.107331365347 [0.08826354146] [0.126399189234]
0.10424646735195 [0.0840321108699] [0.124460823834]
0.0946727208795 [0.079148195684] [0.110197246075]
0.0823143944144 [0.073619402945] [0.0910093858838]
0.07250532507895 [0.0678672492504] [0.0771434009075]
0.06706539914015 [0.0627059042454] [0.0714248940349]
0.06627877615395 [0.0587224029005] [0.0738351494074]
0.0684551782906 [0.0564916357398] [0.0804187208414]
0.0776570364833 [0.0564916357398] [0.0988224372268]
0.0776570364833 [0.0564916357398] [0.0988224372268]
0.0776570364833 [0.0564916357398] [0.0988224372268]
0.0776570364833 [0.0564916357398] [0.0988224372268]
0.0776570364833 [0.0564916357398] [0.0988224372268]
0.0776570364833 [0.0564916357398] [0.0988224372268]
0.1564767621459 [0.214131087065] [0.0988224372268]
0.1539720110594 [0.209121584892] [0.0988224372268]
0.1571444608269 [0.215466484427] [0.0988224372268]
0.16239854693435002 [0.225899457932] [0.0988976359367]
0.17124350369 [0.23187237978] [0.1106146276]
0.18310943990950002 [0.230665385723] [0.135553494096]
0.1960122436285 [0.224948093295] [0.167076393962]
0.19934464991099998 [0.218792185187] [0.179897114635]
0.2004430294035 [0.217057466507] [0.1838285923]
0.210530616343 [0.219862312078] [0.201198920608]
0.22069054842 [0.224375650287] [0.217005446553]
0.22643956542 [0.225789114833] [0.227090016007]
0.2294747680425 [0.224074333906] [0.234875202179]
0.2343298941855 [0.223604395986] [0.245055392385]
0.2428929731245 [0.229079291224] [0.256706655025]
0.254210472107 [0.241686910391] [0.266734033823]
0.265261307359 [0.257654100657] [0.272868514061]
0.27452421188349996 [0.272809267044] [0.276239156723]
0.28104807436449997 [0.28286665678] [0.279229491949]
0.28699366748349997 [0.291449546814] [0.282537788153]
0.29349918663499996 [0.302177071571] [0.284821301699]
0.304499492049 [0.316688686609] [0.292310297489]
0.315600246191 [0.333685815334] [0.297514677048]
0.32287235558 [0.348169416189] [0.297575294971]
0.32418325543399995 [0.356200605631] [0.292165905237]
0.3206800669435 [0.357967078686] [0.283393055201]
0.3158826082945 [0.361016690731] [0.270748525858]
0.3157434463505 [0.373174220324] [0.258312672377]
0.3178465217355 [0.389850586653] [0.245842456818]
0.31974581629050003 [0.40539047122] [0.234101161361]
0.318689852953 [0.413569629192] [0.223810076714]
