0.2530805915595 [0.307254731655] [0.198906451464]
0.262730054557 [0.324020504951] [0.201439604163]
0.2729005813595 [0.340082556009] [0.20571860671]
0.2856471017005 [0.360183298588] [0.211110904813]
0.29822737723549997 [0.380009114742] [0.216445639729]
0.3049224466085 [0.387310087681] [0.222534805536]
0.2987172529105 [0.370555698872] [0.226878806949]
0.2854578718545 [0.342032372952] [0.228883370757]
0.27233046293249996 [0.315782368183] [0.228878557682]
0.26415386796 [0.313928723335] [0.214379012585]
0.2645271793005 [0.311198979616] [0.217855378985]
0.26496784389 [0.306336969137] [0.223598718643]
0.2648269310595 [0.297769188881] [0.231884673238]
0.26291943341449997 [0.28444725275] [0.241391614079]
0.258212894201 [0.266399979591] [0.250025808811]
0.25150939077150003 [0.246451213956] [0.256567567587]
0.2445095032455 [0.227520823479] [0.261498183012]
0.2380226776 [0.210331663489] [0.265713691711]
0.2319239377975 [0.195878624916] [0.267969250679]
0.2231308072805 [0.1818600595] [0.264401555061]
0.2165480554105 [0.1818600595] [0.251236051321]
0.2165480554105 [0.1818600595] [0.251236051321]
0.2165480554105 [0.1818600595] [0.251236051321]
0.2165480554105 [0.1818600595] [0.251236051321]
0.2165480554105 [0.1818600595] [0.251236051321]
0.2165480554105 [0.1818600595] [0.251236051321]
0.2165480554105 [0.1818600595] [0.251236051321]
0.2165480554105 [0.1818600595] [0.251236051321]
0.2165480554105 [0.1818600595] [0.251236051321]
0.2165480554105 [0.1818600595] [0.251236051321]
0.2165480554105 [0.1818600595] [0.251236051321]
0.2165480554105 [0.1818600595] [0.251236051321]
0.2165480554105 [0.1818600595] [0.251236051321]
0.2165480554105 [0.1818600595] [0.251236051321]
0.2165480554105 [0.1818600595] [0.251236051321]
0.2165480554105 [0.1818600595] [0.251236051321]
0.2165480554105 [0.1818600595] [0.251236051321]
0.2165480554105 [0.1818600595] [0.251236051321]
0.2165480554105 [0.1818600595] [0.251236051321]
0.2165480554105 [0.1818600595] [0.251236051321]
0.2165480554105 [0.1818600595] [0.251236051321]
0.2165480554105 [0.1818600595] [0.251236051321]
0.2165480554105 [0.1818600595] [0.251236051321]
0.2165480554105 [0.1818600595] [0.251236051321]
0.2165480554105 [0.1818600595] [0.251236051321]
0.2165480554105 [0.1818600595] [0.251236051321]
0.2165480554105 [0.1818600595] [0.251236051321]
0.2165480554105 [0.1818600595] [0.251236051321]
0.2165480554105 [0.1818600595] [0.251236051321]
0.2165480554105 [0.1818600595] [0.251236051321]
0.2165480554105 [0.1818600595] [0.251236051321]
0.2165480554105 [0.1818600595] [0.251236051321]
0.2165480554105 [0.1818600595] [0.251236051321]
0.2165480554105 [0.1818600595] [0.251236051321]
0.2165480554105 [0.1818600595] [0.251236051321]
0.2165480554105 [0.1818600595] [0.251236051321]
0.2165480554105 [0.1818600595] [0.251236051321]
0.2165480554105 [0.1818600595] [0.251236051321]
0.2165480554105 [0.1818600595] [0.251236051321]
0.2165480554105 [0.1818600595] [0.251236051321]
0.2165480554105 [0.1818600595] [0.251236051321]
0.2165480554105 [0.1818600595] [0.251236051321]
0.2165480554105 [0.1818600595] [0.251236051321]
0.2165480554105 [0.1818600595] [0.251236051321]
0.2165480554105 [0.1818600595] [0.251236051321]
0.2165480554105 [0.1818600595] [0.251236051321]
0.2165480554105 [0.1818600595] [0.251236051321]
0.2165480554105 [0.1818600595] [0.251236051321]
0.2165480554105 [0.1818600595] [0.251236051321]
0.2165480554105 [0.1818600595] [0.251236051321]
0.2165480554105 [0.1818600595] [0.251236051321]
0.2165480554105 [0.1818600595] [0.251236051321]
0.2165480554105 [0.1818600595] [0.251236051321]
0.2165480554105 [0.1818600595] [0.251236051321]
0.2165480554105 [0.1818600595] [0.251236051321]
0.2165480554105 [0.1818600595] [0.251236051321]
0.2165480554105 [0.1818600595] [0.251236051321]
0.2165480554105 [0.1818600595] [0.251236051321]
0.1900478675965 [0.1818600595] [0.198235675693]
0.1885007321835 [0.1818600595] [0.195141404867]
0.183891154826 [0.1818600595] [0.185922250152]
0.17752638459199999 [0.1818600595] [0.173192709684]
0.1720543652775 [0.1818600595] [0.162248671055]
0.1683293133975 [0.1818600595] [0.154798567295]
0.16651494056 [0.1818600595] [0.15116982162]
0.16651494056 [0.1818600595] [0.15116982162]
0.16651494056 [0.1818600595] [0.15116982162]
0.16651494056 [0.1818600595] [0.15116982162]
0.1724158897995 [0.1818600595] [0.162971720099]
0.177378065884 [0.1818600595] [0.172896072268]
0.17733014375 [0.1818600595] [0.172800228]
0.177005238831 [0.1818600595] [0.172150418162]
0.176237270236 [0.1818600595] [0.170614480972]
0.1751857697965 [0.1818600595] [0.168511480093]
0.1744279265405 [0.1818600595] [0.166995793581]
0.175130829215 [0.1818600595] [0.16840159893]
0.1785843223335 [0.1818600595] [0.175308585167]
0.18608088791400001 [0.1818600595] [0.190301716328]
0.18608088791400001 [0.1818600595] [0.190301716328]
0.18608088791400001 [0.1818600595] [0.190301716328]
0.18608088791400001 [0.1818600595] [0.190301716328]
0.18608088791400001 [0.1818600595] [0.190301716328]
0.18608088791400001 [0.1818600595] [0.190301716328]
0.18608088791400001 [0.1818600595] [0.190301716328]
0.18608088791400001 [0.1818600595] [0.190301716328]
0.18608088791400001 [0.1818600595] [0.190301716328]
0.18608088791400001 [0.1818600595] [0.190301716328]
0.18608088791400001 [0.1818600595] [0.190301716328]
0.18608088791400001 [0.1818600595] [0.190301716328]
0.18608088791400001 [0.1818600595] [0.190301716328]
0.18608088791400001 [0.1818600595] [0.190301716328]
0.18608088791400001 [0.1818600595] [0.190301716328]
0.18608088791400001 [0.1818600595] [0.190301716328]
0.18608088791400001 [0.1818600595] [0.190301716328]
0.18608088791400001 [0.1818600595] [0.190301716328]
0.170217745006 [0.1818600595] [0.158575430512]
0.164562344551 [0.1818600595] [0.147264629602]
0.16188556700950002 [0.1818600595] [0.141911074519]
0.1617427542805 [0.1818600595] [0.141625449061]
0.1628854945305 [0.1818600595] [0.143910929561]
0.16440469026600002 [0.1818600595] [0.146949321032]
0.16583862900750002 [0.1818600595] [0.149817198515]
0.1671178638935 [0.1818600595] [0.152375668287]
0.168180808425 [0.1818600595] [0.15450155735]
0.168663389981 [0.1818600595] [0.155466720462]
0.1683490648865 [0.1818600595] [0.154838070273]
0.16749520599849999 [0.1818600595] [0.153130352497]
0.1646675094965 [0.1818600595] [0.147474959493]
0.1626037806275 [0.1818600595] [0.143347501755]
0.16224490851200002 [0.1818600595] [0.142629757524]
0.163929693401 [0.1818600595] [0.145999327302]
0.16698692738999998 [0.1818600595] [0.15211379528]
0.16996309161200002 [0.1818600595] [0.158066123724]
0.17215032130500002 [0.1818600595] [0.16244058311]
0.17329409718549998 [0.1818600595] [0.164728134871]
0.1737115085125 [0.1818600595] [0.165562957525]
0.17382860183749999 [0.1818600595] [0.165797144175]
0.1748833283785 [0.1818600595] [0.167906597257]
0.17667542398 [0.1818600595] [0.17149078846]
0.179207392037 [0.1818600595] [0.176554724574]
0.18266556412 [0.1818600595] [0.18347106874]
0.1866021603345 [0.1818600595] [0.191344261169]
0.18941847235 [0.1818600595] [0.1969768852]
0.190263964236 [0.1818600595] [0.198667868972]
0.18960019946099999 [0.1818600595] [0.197340339422]
0.18917211890250002 [0.1818600595] [0.196484178305]
0.190267674625 [0.1818600595] [0.19867528975]
0.19361632317299998 [0.1818600595] [0.205372586846]
0.19763586670150002 [0.1818600595] [0.213411673903]
