0.268514573574 [0.338836252689] [0.198192894459]
0.2584074735645 [0.32425993681] [0.192555010319]
0.24566099047650003 [0.303674131632] [0.187647849321]
0.23193868249650001 [0.27908462286] [0.184792742133]
0.2181953191755 [0.251586914062] [0.184803724289]
0.20283072441799999 [0.218406572938] [0.187254875898]
0.2053483724595 [0.218406572938] [0.192290171981]
0.210142545402 [0.218406572938] [0.201878517866]
0.21847115457049998 [0.218406572938] [0.218535736203]
0.231089860201 [0.218406572938] [0.243773147464]
0.38363280892350005 [0.492152124643] [0.275113493204]
0.4013612568375 [0.496662199497] [0.306060314178]
0.4114806354045 [0.494673281908] [0.328287988901]
0.41396638751000003 [0.487442463636] [0.340490311384]
0.4144850075245 [0.479203283787] [0.349766731262]
0.41545136272899996 [0.469792634249] [0.361110091209]
0.416979163885 [0.458465129137] [0.375493198633]
0.408764138818 [0.434194982052] [0.383333295584]
0.4034754633905 [0.434194982052] [0.372755944729]
0.3870891928675 [0.434194982052] [0.339983403683]
0.366052120924 [0.434194982052] [0.297909259796]
0.34730853140350004 [0.434194982052] [0.260422080755]
0.3338004723195 [0.432557612658] [0.235043331981]
0.3267144188285 [0.43023917079] [0.223189666867]
0.3246285766365 [0.426434516907] [0.222822636366]
0.3234655112025 [0.418173164129] [0.228757858276]
0.322059512138 [0.405931383371] [0.238187640905]
0.3198293074965 [0.390956014395] [0.248702600598]
0.2842272371055 [0.311927556992] [0.256526917219]
0.2652269005775 [0.27079808712] [0.259655714035]
0.25357490778 [0.247331619263] [0.259818196297]
0.25112447142600003 [0.243166357279] [0.259082585573]
0.2661684900525 [0.273230016232] [0.259106963873]
0.282601043582 [0.301988691092] [0.263213396072]
0.30064174532849997 [0.325277805328] [0.276005685329]
0.321331202984 [0.341591209173] [0.301071196795]
0.344698309898 [0.352043509483] [0.337353110313]
0.366691663861 [0.356754481792] [0.37662884593]
0.380409643054 [0.356039524078] [0.40477976203]
0.38215477764600003 [0.35091137886] [0.413398176432]
0.37359829247 [0.342773765326] [0.404422819614]
0.361504778266 [0.333974838257] [0.389034718275]
0.3524878919125 [0.325956404209] [0.379019379616]
0.35570381581800004 [0.331627845764] [0.379779785872]
0.359600543976 [0.336302936077] [0.382898151875]
0.361056536436 [0.337273269892] [0.38483980298]
0.36271986365349995 [0.336495190859] [0.388944536448]
0.3629387766125 [0.333111792803] [0.392765760422]
0.3600743114945 [0.324709177017] [0.395439445972]
0.35537040233600004 [0.313893318176] [0.396847486496]
0.348813906312 [0.303190648556] [0.394437164068]
0.342650920153 [0.297354757786] [0.38794708252]
0.3376812785865 [0.295638382435] [0.379724174738]
0.33298268914249995 [0.295408934355] [0.37055644393]
0.327064439654 [0.291860491037] [0.362268388271]
0.316131040454 [0.27821329236] [0.354048788548]
0.2993726581335 [0.255764633417] [0.34298068285]
0.2842850908635 [0.233687087893] [0.334883093834]
0.2747341319915 [0.216513112187] [0.332955151796]
0.27180164307349997 [0.205699935555] [0.337903350592]
0.2727327942845 [0.199804216623] [0.345661371946]
0.2744496762755 [0.196203887463] [0.352695465088]
0.27500988543 [0.192810297012] [0.357209473848]
0.2736350148915 [0.188571125269] [0.358698904514]
0.2700930535795 [0.182876467705] [0.357309639454]
0.264711625874 [0.17613555491] [0.353287696838]
0.259425997734 [0.169087290764] [0.349764704704]
0.25412993878150003 [0.162192717195] [0.346067160368]
0.2497024461625 [0.156572565436] [0.342832326889]
0.247434280813 [0.153556391597] [0.341312170029]
0.2492955476045 [0.155967652798] [0.342623442411]
0.2570849657055 [0.166964292526] [0.347205638885]
0.2709865272045 [0.188686609268] [0.353286445141]
0.288383349776 [0.219363927841] [0.357402771711]
0.3016327023505 [0.245670437813] [0.357594966888]
0.3060335367915 [0.257737189531] [0.354329884052]
0.30183203518400004 [0.253144800663] [0.350519269705]
0.298606701195 [0.243971213698] [0.353242188692]
0.2998407408595 [0.237791463733] [0.361890017986]
0.3047428429125 [0.234870761633] [0.374614924192]
0.312648668885 [0.235077142715] [0.390220195055]
0.323765002191 [0.236525222659] [0.411004781723]
0.3355806916955 [0.237747013569] [0.433414369822]
0.343855716288 [0.238979533315] [0.448731899261]
0.3501222878695 [0.241062819958] [0.459181755781]
0.356859214604 [0.243579104543] [0.470139324665]
0.36283505707999997 [0.244968309999] [0.480701804161]
0.3673891946675 [0.244325235486] [0.490453153849]
0.3697073608635 [0.241312563419] [0.498102158308]
0.3704465478655 [0.238454431295] [0.502438664436]
0.370384782553 [0.23762857914] [0.503140985966]
0.371460825205 [0.240161061287] [0.502760589123]
0.3747982978825 [0.24813169241] [0.501464903355]
0.3820768743755 [0.263141959906] [0.501011788845]
0.392942801118 [0.281107932329] [0.504777669907]
0.40459343791049995 [0.298532545567] [0.510654330254]
0.418723165989 [0.320336103439] [0.517110228539]
0.43500444292999996 [0.344972670078] [0.525036215782]
0.4496479779485 [0.36772993207] [0.531566023827]
0.4603002667425 [0.385019481182] [0.535581052303]
0.4672859162095 [0.396448761225] [0.538123071194]
0.4723440259695 [0.403560906649] [0.54112714529]
0.476050108671 [0.408285021782] [0.54381519556]
0.48089282214600004 [0.414915591478] [0.546870052814]
0.487890869379 [0.427403450012] [0.548378288746]
0.49743193388000007 [0.447919011116] [0.546944856644]
0.509659424424 [0.476035863161] [0.543282985687]
0.5222960412505 [0.506114661694] [0.538477420807]
0.5315385460855 [0.530415594578] [0.532661497593]
0.5300426483155 [0.535687983036] [0.524397313595]
0.5198696255685 [0.527240455151] [0.512498795986]
0.5049819797275 [0.511734962463] [0.498228996992]
0.48901583254299996 [0.495431989431] [0.482599675655]
0.4742231965065 [0.480775117874] [0.467671275139]
0.462902575731 [0.471292734146] [0.454512417316]
0.456117615104 [0.469300210476] [0.442935019732]
0.4522588700055 [0.47377794981] [0.430739790201]
0.4487764537335 [0.479949712753] [0.417603194714]
0.4445578604935 [0.484813034534] [0.404302686453]
0.4394628405575 [0.489307880402] [0.389617800713]
0.4320801347495 [0.490963071585] [0.373197197914]
0.4216606616975 [0.486741214991] [0.356580108404]
0.40801909565899996 [0.475325465202] [0.340712726116]
0.393050998449 [0.461641013622] [0.324460983276]
0.3753997683525 [0.443726986647] [0.307072550058]
0.358436614275 [0.424444288015] [0.292428940535]
0.343990787864 [0.403972357512] [0.284009218216]
0.333919346333 [0.385197103024] [0.282641589642]
0.326131388545 [0.367279469967] [0.284983307123]
0.31742618978000003 [0.346527069807] [0.288325309753]
0.30561898648749997 [0.320355951786] [0.290882021189]
0.291254982352 [0.290576279163] [0.291933685541]
0.27998444438000003 [0.263666123152] [0.296302765608]
0.277027450502 [0.244819626212] [0.309235274792]
0.2840145751835 [0.235907390714] [0.332121759653]
0.2986828610305 [0.234822943807] [0.362542778254]
0.315540149808 [0.237119793892] [0.393960505724]
0.329320959747 [0.238947287202] [0.419694632292]
0.337818644941 [0.239179983735] [0.436457306147]
0.341987900436 [0.2388125211] [0.445163279772]
0.345337308943 [0.2408708781] [0.449803739786]
0.349220171571 [0.245936006308] [0.452504336834]
0.35110498964750003 [0.250797986984] [0.451411992311]
0.35132871568199997 [0.254400521517] [0.448256909847]
0.352002426982 [0.258786827326] [0.445218026638]
0.356936454773 [0.267286330462] [0.446586579084]
0.3668580800295 [0.281768023968] [0.451948136091]
0.3817283958195 [0.302921593189] [0.46053519845]
0.393914744258 [0.320501416922] [0.467328071594]
0.39653657376749996 [0.326896637678] [0.466176509857]
0.3863629847765 [0.32020431757] [0.452521651983]
