M B1 B2
0.08986489847325 [0.0787901729345] [0.100939624012]
0.08571510761975 [0.07214166224] [0.0992885529995]
0.08160154893995 [0.0658923685551] [0.0973107293248]
0.0776798352599 [0.060214266181] [0.0951454043388]
0.0743434205651 [0.0556361675262] [0.093050673604]
0.07204010523855 [0.0525535084307] [0.0915267020464]
0.070936685428 [0.0507783927023] [0.0910949781537]
0.07095428742465 [0.0502729900181] [0.0916355848312]
0.07221064157785 [0.0509469546378] [0.0934743285179]
0.07478880137205 [0.0526726469398] [0.0969049558043]
0.0790084470062 [0.0552435554564] [0.102773338556]
0.0841154363009 [0.0584501884878] [0.109780684114]
0.0893908850847 [0.0619521290064] [0.116829641163]
0.09404426813115 [0.0657413825393] [0.122347153723]
0.09829896315925 [0.0703241452575] [0.126273781061]
0.10367661714535 [0.0765379220247] [0.130815312266]
0.1133140362798 [0.0857068672776] [0.140921205282]
0.12854139134275 [0.0982310548425] [0.158851727843]
0.146868828684 [0.113525502384] [0.180212154984]
0.1646508947015 [0.127939283848] [0.201362505555]
0.17616216838350002 [0.136776268482] [0.215548068285]
0.176081828773 [0.136505052447] [0.215658605099]
0.168267309666 [0.133098751307] [0.203435868025]
0.1587777733805 [0.131494089961] [0.1860614568]
0.1514523252845 [0.13377211988] [0.169132530689]
0.1462665125725 [0.138301029801] [0.154231995344]
0.14214291423550002 [0.143126681447] [0.141159147024]
0.137255206704 [0.145183041692] [0.129327371716]
0.130035355687 [0.143239811063] [0.116830900311]
0.121413908899 [0.138129144907] [0.104698672891]
0.11228900775324999 [0.130915924907] [0.0936620905995]
0.1031847521661 [0.122939534485] [0.0834299698472]
0.09456019103535 [0.1158920452] [0.0732283368707]
0.0866072103382 [0.110476434231] [0.0627379864454]
0.07989643141645 [0.107048787177] [0.0527440756559]
0.0746406633408 [0.105170927942] [0.0441103987396]
0.07023632153865 [0.102490119636] [0.0379825234413]
0.06692220643165 [0.098962135613] [0.0348822772503]
0.0647704731673 [0.0948548465967] [0.0346860997379]
0.06231439858675 [0.0886777341366] [0.0359510630369]
0.05868892744185 [0.0804366692901] [0.0369411855936]
0.05469101667405 [0.0718458816409] [0.0375361517072]
0.05143132060765 [0.0646949484944] [0.0381676927209]
0.04953829199075 [0.0597274266183] [0.0393491573632]
0.04866902157665 [0.0563769005239] [0.0409611426294]
0.0478784441948 [0.0531498268247] [0.0426070615649]
0.046587875112849994 [0.0498261377215] [0.0433496125042]
0.04452949389815 [0.0465471558273] [0.042511831969]
0.0425169859082 [0.043997861445] [0.0410361103714]
0.04110594280065 [0.0426677688956] [0.0395441167057]
0.04065276496115 [0.0427345708013] [0.038570959121]
0.0410519819707 [0.0437946505845] [0.0383093133569]
0.0421116389334 [0.0454744771123] [0.0387488007545]
0.0439899414778 [0.048202469945] [0.0397774130106]
0.0468430351466 [0.0520959980786] [0.0415900722146]
0.04942763969305 [0.0559828653932] [0.0428724139929]
0.05110897682605 [0.0595891661942] [0.0426287874579]
0.05242186225955 [0.0633459463716] [0.0414977781475]
0.053366886451850004 [0.066925033927] [0.0398087389767]
0.054970424622250005 [0.0708086341619] [0.0391322150826]
0.05760126188395 [0.0750780031085] [0.0401245206594]
0.06157744675875 [0.0797617211938] [0.0433931723237]
0.066386712715 [0.083788909018] [0.048984516412]
0.07164296507835 [0.0865633189678] [0.0567226111889]
0.0736185871065 [0.08426900208] [0.062968172133]
0.06987426802515 [0.0742791593075] [0.0654693767428]
0.06291358545424999 [0.0602288618684] [0.0655983090401]
0.05549007840455 [0.046614523977] [0.0643656328321]
0.04959230683745 [0.0363102070987] [0.0628744065762]
0.0456927381456 [0.0297429487109] [0.0616425275803]
0.042799127288149996 [0.0258430112153] [0.059755243361]
0.0400523114949 [0.0238612145185] [0.0562434084713]
0.0376683566719 [0.023383192718] [0.0519535206258]
0.03642583452165 [0.0242767557502] [0.0485749132931]
0.036636599339550005 [0.0263651777059] [0.0469080209732]
0.03796404786405 [0.0293407998979] [0.0465872958302]
0.03968908078965 [0.0326756983995] [0.0467024631798]
0.0411128178239 [0.0358960479498] [0.046329587698]
0.0420567300171 [0.038715004921] [0.0453984551132]
0.04285711422565 [0.0414222702384] [0.0442919582129]
0.044090209528799995 [0.0446300879121] [0.0435503311455]
0.04652759246525 [0.0493957996368] [0.0436593852937]
0.05053744278845 [0.0570753291249] [0.043999556452]
0.05666326358915 [0.068865403533] [0.0444611236453]
0.06544607691465 [0.0859769582748] [0.0449151955545]
0.07690112292750001 [0.107853978872] [0.045948266983]
0.0893736779691 [0.129971534014] [0.0487758219242]
0.09967188164575 [0.145279884338] [0.0540638789535]
0.1065886188301 [0.150923326612] [0.0622539110482]
0.11069346591835 [0.148383408785] [0.0730035230517]
0.11204909533275001 [0.140052944422] [0.0840452462435]
0.11063859984255 [0.128648564219] [0.0926286354661]
0.10725898668145 [0.116906613111] [0.0976113602519]
0.104178711772 [0.106987960637] [0.101369462907]
0.10392984002799999 [0.10043541342] [0.107424266636]
0.10754286125314999 [0.0983194559813] [0.116766266525]
0.115916673094 [0.102974824607] [0.128858521581]
0.130350198597 [0.117820836604] [0.14287956059]
0.149924106896 [0.149117708206] [0.150730505586]
0.17609070241449998 [0.198269769549] [0.15391163528]
0.19644583761700002 [0.234062939882] [0.158828735352]
0.206521324813 [0.247715786099] [0.165326863527]
0.2108203545215 [0.251552164555] [0.170088544488]
0.2139614149925 [0.253511369228] [0.174411460757]
0.2174532637 [0.256650447845] [0.178256079555]
0.22045185416899998 [0.260927289724] [0.179976418614]
0.221156172454 [0.264470517635] [0.177841827273]
0.21734374016500002 [0.263049781322] [0.171637699008]
0.2083345353605 [0.253104180098] [0.163564890623]
0.195416197181 [0.234213769436] [0.156618624926]
0.185800358653 [0.218352466822] [0.153248250484]
0.18058204650850002 [0.207623109221] [0.153540983796]
0.179032281041 [0.200374647975] [0.157689914107]
0.17953848093750002 [0.196070164442] [0.163006797433]
0.18029781431 [0.193824976683] [0.166770651937]
0.18245292455 [0.19337810576] [0.17152774334]
0.18724647909449998 [0.195061936975] [0.179431021214]
0.1933545321225 [0.198528885841] [0.188180178404]
0.19594089686900001 [0.202156722546] [0.189725071192]
0.1974817961455 [0.203787893057] [0.191175699234]
0.19930916279549998 [0.202566951513] [0.196051374078]
0.2019276991485 [0.200538367033] [0.203317031264]
0.207854807377 [0.200424864888] [0.215284749866]
0.217817544937 [0.205055654049] [0.230579435825]
0.2304757758975 [0.215660557151] [0.245290994644]
0.243906751275 [0.234551608562] [0.253261893988]
0.25490084290500004 [0.253525137901] [0.256276547909]
0.263515844941 [0.265806287527] [0.261225402355]
0.26764982938750004 [0.273463368416] [0.261836290359]
0.26172409951700004 [0.273221850395] [0.250226348639]
0.25349278003 [0.270083934069] [0.236901625991]
0.2437452822925 [0.267007023096] [0.220483541489]
0.2319191098215 [0.261869043112] [0.201969176531]
0.2164737805725 [0.252072989941] [0.180874571204]
0.195749603212 [0.23606698215] [0.155432224274]
0.172743715346 [0.218325287104] [0.127162143588]
0.154885537922 [0.203104153275] [0.106666922569]
0.1431905888022 [0.192714199424] [0.0936669781804]
0.13643044978385 [0.187119036913] [0.0857418626547]
0.13277594000085 [0.184303000569] [0.0812488794327]
0.13027729094020002 [0.181795015931] [0.0787595659494]
0.1271951757374 [0.177279606462] [0.0771107450128]
0.12385272234655001 [0.17209662497] [0.0756088197231]
0.12114095315314999 [0.168029248714] [0.0742526575923]
0.11970914900320001 [0.165949031711] [0.0734692662954]
0.11941993981575 [0.165371805429] [0.0734680742025]
0.12007079645985 [0.166161969304] [0.0739796236157]
0.12070928141494999 [0.166880205274] [0.0745383575559]
0.1222964525224 [0.168719917536] [0.0758729875088]
0.12681025639165 [0.173853382468] [0.0797671303153]
0.1342568919062 [0.18225325644] [0.0862605273724]
