0.183736681938 [0.138632759452] [0.228840604424]
0.1785947307945 [0.138651400805] [0.218538060784]
0.1740793064235 [0.13705034554] [0.211108267307]
0.1702816486355 [0.132841750979] [0.207721546292]
0.168033204973 [0.126847058535] [0.209219351411]
0.168334092945 [0.121395491064] [0.215272694826]
0.170018285513 [0.117908000946] [0.22212857008]
0.1713327616455 [0.11709856987] [0.225566953421]
0.169892113656 [0.118765868247] [0.221018359065]
0.168410431594 [0.122724719346] [0.214096143842]
0.168917551637 [0.128807783127] [0.209027320147]
0.1707315668465 [0.135302305222] [0.206160828471]
0.170370914042 [0.14059214294] [0.200149685144]
0.16894640028500002 [0.143469154835] [0.194423645735]
0.16942211985599998 [0.147063702345] [0.191780537367]
0.17377379536600002 [0.15407153964] [0.193476051092]
0.1815598905085 [0.165076971054] [0.198042809963]
0.19131089746949997 [0.178650036454] [0.203971758485]
0.2005330622195 [0.192877873778] [0.208188250661]
0.2066638320685 [0.205251291394] [0.208076372743]
0.2081448435785 [0.21280901134] [0.203480675817]
0.20533888041999998 [0.213830649853] [0.196847110987]
0.198832012713 [0.208249986172] [0.189414039254]
0.1900422647595 [0.195436254144] [0.184648275375]
0.186407350004 [0.186113610864] [0.186701089144]
0.187139429152 [0.183513000607] [0.190765857697]
0.1915786117315 [0.188602805138] [0.194554418325]
0.1960237696765 [0.194673806429] [0.197373732924]
0.195571966469 [0.190495446324] [0.200648486614]
0.18889095634199998 [0.1762560606] [0.201525852084]
0.1782799065115 [0.157699212432] [0.198860600591]
0.1663967519995 [0.140689730644] [0.192103773355]
0.157393321395 [0.127895861864] [0.186890780926]
0.1512830220165 [0.119767315686] [0.182798728347]
0.148473419249 [0.116546079516] [0.180400758982]
0.148504283279 [0.116750188172] [0.180258378386]
0.1505376696585 [0.118959188461] [0.182116150856]
0.1539644226435 [0.121617332101] [0.186311513186]
0.1571088172495 [0.123585246503] [0.190632387996]
0.1597221940755 [0.124199047685] [0.195245340466]
0.1620941758155 [0.123635739088] [0.200552612543]
0.1604521274565 [0.124124318361] [0.196779936552]
0.15261401981099998 [0.125235676765] [0.179992362857]
0.14016564935450002 [0.123491048813] [0.156840249896]
0.127542246133 [0.122587434947] [0.132497057319]
0.115988701582 [0.119841046631] [0.112136356533]
0.10600940138095 [0.115304686129] [0.0967141166329]
0.09803573414695 [0.110777653754] [0.0852938145399]
0.091935954988 [0.107273593545] [0.076598316431]
0.08705414086585 [0.104434721172] [0.0696735605597]
0.08273100852990001 [0.10179591924] [0.0636660978198]
0.07882017828525 [0.098680742085] [0.0589596144855]
0.075482795015 [0.0954924449325] [0.0554731450975]
0.07253108359875 [0.0923462584615] [0.052715908736]
0.0700042825192 [0.0894633978605] [0.0505451671779]
0.0675820782781 [0.0862260088325] [0.0489381477237]
0.0648360364139 [0.0816285461187] [0.0480435267091]
0.062107812613250005 [0.0762167274952] [0.0479988977313]
0.0605379343033 [0.0716125443578] [0.0494633242488]
0.05977557227015 [0.0683139637113] [0.051237180829]
0.05608877167105 [0.0613158643246] [0.0508616790175]
0.045622929930699996 [0.0442772693932] [0.0469685904682]
0.0342755401507 [0.0279279407114] [0.04062313959]
0.0264833411202 [0.018323244527] [0.0346434377134]
0.0221476792358 [0.0135520612821] [0.0307432971895]
0.0200499976054 [0.0112174656242] [0.0288825295866]
0.019293110352 [0.0101703451946] [0.0284158755094]
0.019253918435405 [0.00983979832381] [0.028668038547]
0.019575609359915 [0.00997979473323] [0.0291714239866]
0.01998068299145 [0.0104318372905] [0.0295295286924]
0.0205088448711 [0.0109904734418] [0.0300272163004]
0.02113840775565 [0.0115221356973] [0.030754679814]
0.021807562559850002 [0.0118654742837] [0.031749650836]
0.0224161981605 [0.0119709214196] [0.0328614749014]
0.0230056992732 [0.0119723407552] [0.0340390577912]
0.023707854095850002 [0.0120245786384] [0.0353911295533]
0.02500521764155 [0.0124361775815] [0.0375742577016]
0.0276835700497 [0.0136182066053] [0.0417489334941]
0.03273364622145 [0.0162004660815] [0.0492668263614]
0.04159971792255 [0.0214881356806] [0.0617113001645]
0.05489643104375 [0.0316382609308] [0.0781546011567]
0.07140428200365 [0.0483402237296] [0.0944683402777]
0.08862814679735001 [0.0691156610847] [0.10814063251]
0.1052633821965 [0.087136991322] [0.123389773071]
0.125175461173 [0.102797344327] [0.147553578019]
0.148084439337 [0.115854516625] [0.180314362049]
0.1740305274725 [0.131945446134] [0.216115608811]
0.183785624802 [0.135592624545] [0.231978625059]
0.1686123535035 [0.131966024637] [0.20525868237]
0.12370048090800001 [0.113975264132] [0.133425697684]
0.0734573639929 [0.0785869210958] [0.06832780689]
0.0419381931424 [0.0474959947169] [0.0363803915679]
0.02627408038825 [0.0301248710603] [0.0224232897162]
0.01887314673515 [0.0216570161283] [0.016089277342]
0.015419130679200001 [0.0177241191268] [0.0131141422316]
0.0139345582575 [0.0160994138569] [0.0117697026581]
0.01347925374285 [0.0157224424183] [0.0112360650674]
0.013518282212350002 [0.016013301909] [0.0110232625157]
0.013773488346500001 [0.0166869349778] [0.0108600417152]
0.01416167756545 [0.0175377391279] [0.010785616003]
0.01462062867355 [0.0184150319546] [0.0108262253925]
0.015217531006800001 [0.0192636344582] [0.0111714275554]
0.01591060915965 [0.0200291387737] [0.0117920795456]
0.01676429482175 [0.0208298563957] [0.0126987332478]
0.0177822560072 [0.0217444449663] [0.0138200670481]
0.01927215233445 [0.0231269393116] [0.0154173653573]
0.0220590243116 [0.0258983969688] [0.0182196516544]
0.027641570195549997 [0.0315420627594] [0.0237410776317]
0.0390410404652 [0.0426783263683] [0.0354037545621]
0.06271582469345 [0.0643476843834] [0.0610839650035]
0.107722211629 [0.101195015013] [0.114249408245]
0.16786393523249998 [0.145746573806] [0.189981296659]
0.207399688661 [0.175958961248] [0.238840416074]
0.2236358150835 [0.190073922276] [0.257197707891]
0.2347950413825 [0.198986783624] [0.270603299141]
0.23988685011850003 [0.202764213085] [0.277009487152]
0.237767189741 [0.200844854116] [0.274689525366]
0.2263881117105 [0.193744838238] [0.259031385183]
0.2118478938935 [0.187312707305] [0.236383080482]
0.197855845094 [0.179805159569] [0.215906530619]
0.18946417421099998 [0.17630033195] [0.202628016472]
0.1880807206035 [0.176356509328] [0.199804931879]
0.19228090345850002 [0.179848507047] [0.20471329987]
0.2001540586355 [0.185415387154] [0.214892730117]
0.209966443479 [0.193436846137] [0.226496040821]
0.21777122467749999 [0.200122252107] [0.235420197248]
0.2187151685355 [0.198413580656] [0.239016756415]
0.2101337015625 [0.181594535708] [0.238672867417]
0.19983486086149999 [0.163320794702] [0.236348927021]
0.19157048314800001 [0.150416702032] [0.232724264264]
0.185952998698 [0.142365962267] [0.229540035129]
0.182345919311 [0.139723464847] [0.224968373775]
0.1816939786075 [0.141725465655] [0.22166249156]
0.183420024812 [0.145894780755] [0.220945268869]
0.18822264671299999 [0.154060691595] [0.222384601831]
0.1904269829395 [0.160320386291] [0.220533579588]
0.189931109548 [0.164347842336] [0.21551437676]
0.186319500208 [0.166731119156] [0.20590788126]
0.181520268321 [0.16988363862] [0.193156898022]
0.176623888314 [0.174596041441] [0.178651735187]
0.17270058393499998 [0.179627418518] [0.165773749352]
0.170846566558 [0.184675753117] [0.157017379999]
0.17020182311499998 [0.187068775296] [0.153334870934]
0.17014116793849998 [0.186184391379] [0.154097944498]
0.169063799083 [0.179896086454] [0.158231511712]
0.166806772351 [0.168735474348] [0.164878070354]
0.164618715644 [0.156198322773] [0.173039108515]
0.1634644046425 [0.145115032792] [0.181813776493]
0.163150079548 [0.135007679462] [0.191292479634]
0.166705466807 [0.130167067051] [0.203243866563]
0.170756995678 [0.129430219531] [0.212083771825]
0.174601525068 [0.129821464419] [0.219381585717]
0.1739511489865 [0.126689776778] [0.221212521195]
0.171746890992 [0.120327107608] [0.223166674376]
0.171510159969 [0.113853305578] [0.22916701436]
0.174173835665 [0.109754420817] [0.238593250513]
0.1780756525695 [0.107785366476] [0.248365938663]
0.1812488138675 [0.107600480318] [0.254897147417]
0.1801303587855 [0.108729176223] [0.251531541348]
0.1774695515635 [0.110282689333] [0.244656413794]
0.1727044694125 [0.110438995063] [0.234969943762]
0.166464179754 [0.107663378119] [0.225264981389]
