M B1 B2
0.05251996219155 [0.0630994364619] [0.0419404879212]
0.05314669013025 [0.0652959793806] [0.0409974008799]
0.05395115539435 [0.0681546106935] [0.0397477000952]
0.0544450003654 [0.0700226053596] [0.0388673953712]
0.05440852604805001 [0.0700756013393] [0.0387414507568]
0.054094275459649996 [0.0692842230201] [0.0389043278992]
0.05458671413365 [0.0691072046757] [0.0400662235916]
0.055557053536149995 [0.0691162422299] [0.0419978648424]
0.056378742679949995 [0.0683828666806] [0.0443746186793]
0.056342503055950004 [0.0662836059928] [0.0464014001191]
0.0559463333338 [0.0635495781898] [0.0483430884778]
0.05604745075105 [0.0614541880786] [0.0506407134235]
0.057204702869049995 [0.061152793467] [0.0532566122711]
0.0593434665352 [0.0623303987086] [0.0563565343618]
0.062262237072 [0.0645703747869] [0.0599540993571]
0.0658999159932 [0.0675685182214] [0.064231313765]
0.07185185700655 [0.0723830237985] [0.0713206902146]
0.08346799016 [0.0804701521993] [0.0864658281207]
0.1060883738099 [0.0930603593588] [0.119116388261]
0.139452971518 [0.108418062329] [0.170487880707]
0.1737310774625 [0.120967619121] [0.226494535804]
0.19692033529300002 [0.127395093441] [0.266445577145]
0.208752669394 [0.128612682223] [0.288892656565]
0.2136923596265 [0.127864405513] [0.29952031374]
0.216571442783 [0.128057822585] [0.305085062981]
0.2190742641685 [0.12860250473] [0.309546023607]
0.21821230649950002 [0.125379085541] [0.311045527458]
0.21145273 [0.12368004024] [0.29922541976]
0.1915783248845 [0.124248169363] [0.258908480406]
0.1944891661405 [0.12658187747] [0.262396454811]
0.197210498154 [0.12846429646] [0.265956699848]
0.1984732076525 [0.129014894366] [0.267931520939]
0.19708903878950002 [0.127800628543] [0.266377449036]
0.19213935732850002 [0.125362187624] [0.258916527033]
0.1829800605775 [0.123064905405] [0.24289521575]
0.1695741117 [0.121509343386] [0.217638880014]
0.1535327881575 [0.120914623141] [0.186150953174]
0.13783895969350002 [0.121937692165] [0.153740227222]
0.1259874254465 [0.123899489641] [0.128075361252]
0.1217057146135 [0.126439198852] [0.116972230375]
0.121660858393 [0.129601016641] [0.113720700145]
0.1227933615445 [0.1324955374] [0.113091185689]
0.1236788108945 [0.135613918304] [0.111743703485]
0.152720421553 [0.139416381717] [0.166024461389]
0.146825648844 [0.143172293901] [0.150479003787]
0.141230918467 [0.145576104522] [0.136885732412]
0.13609728217150002 [0.144648998976] [0.127545565367]
0.1329375058415 [0.14212974906] [0.123745262623]
0.1335522681475 [0.140095517039] [0.127009019256]
0.138159275055 [0.139708265662] [0.136610284448]
0.143896795809 [0.140369594097] [0.147423997521]
0.146280087531 [0.138287186623] [0.154272988439]
0.14468707144249998 [0.136555239558] [0.152818903327]
0.135913416743 [0.131465256214] [0.140361577272]
0.12066841870549999 [0.123079456389] [0.118257381022]
0.1036074534059 [0.110875055194] [0.0963398516178]
0.09091247990724999 [0.0986243188381] [0.0832006409764]
0.08314637094735 [0.0886573642492] [0.0776353776455]
0.07957657799125001 [0.0821368694305] [0.077016286552]
0.07932767271995 [0.0788414552808] [0.0798138901591]
0.08143561705945 [0.0782113596797] [0.0846598744392]
0.08413996547460001 [0.0790667161345] [0.0892132148147]
0.08541594445705 [0.0793735012412] [0.0914583876729]
0.08335458859805 [0.0768323466182] [0.0898768305779]
0.0769885294139 [0.0706609934568] [0.083316065371]
0.0685106366873 [0.0629486516118] [0.0740726217628]
0.06084493733945 [0.056202378124] [0.0654874965549]
0.0556077174842 [0.051449034363] [0.0597664006054]
0.053652517497499996 [0.0496319159865] [0.0576731190085]
0.054584624245800004 [0.0504118613899] [0.0587573871017]
0.05781662277875 [0.0535592809319] [0.0620739646256]
0.061816062778199996 [0.0571543574333] [0.0664777681231]
0.06520979106425 [0.0601070448756] [0.0703125372529]
0.06652275286615 [0.0609220676124] [0.0721234381199]
0.06554838083685 [0.0597591362894] [0.0713376253843]
0.0627319645137 [0.0572065226734] [0.068257406354]
0.05971129052344999 [0.0551941506565] [0.0642284303904]
0.0574612058699 [0.0544485375285] [0.0604738742113]
0.05731472931805 [0.0557105392218] [0.0589189194143]
0.060705663636349994 [0.0597328618169] [0.0616784654558]
0.0689195729792 [0.0676381215453] [0.0702010244131]
0.08231135085225 [0.0800727307796] [0.0845499709249]
0.09933580830675 [0.0952928215265] [0.103378795087]
0.11420553922650001 [0.108551502228] [0.119859576225]
0.12027376517650001 [0.115542523563] [0.12500500679]
0.119057148695 [0.118390195072] [0.119724102318]
0.1150571629405 [0.120151311159] [0.109963014722]
0.109041430056 [0.116055428982] [0.10202743113]
0.10418840125225 [0.110879093409] [0.0974977090955]
0.10169745236620001 [0.107019640505] [0.0963752642274]
0.10151699185395 [0.105847075582] [0.0971869081259]
0.1026362366972 [0.10631917417] [0.0989532992244]
0.1039824970065 [0.106453076005] [0.101511918008]
0.105866163969 [0.106714636087] [0.105017691851]
0.10715343430650001 [0.107120163739] [0.107186704874]
0.107861787081 [0.107818603516] [0.107904970646]
0.108314536512 [0.108617074788] [0.108011998236]
0.1100484766065 [0.110792428255] [0.109304524958]
0.1141681373115 [0.113450326025] [0.114885948598]
0.118531577289 [0.114924609661] [0.122138544917]
0.12121667712949999 [0.112771600485] [0.129661753774]
0.122218862176 [0.109055772424] [0.135381951928]
0.1210657544435 [0.105089597404] [0.137041911483]
0.11849481239899999 [0.101914457977] [0.135075166821]
0.11654481291775 [0.0999555289745] [0.133134096861]
0.11624592915200001 [0.10016284138] [0.132329016924]
0.11785791441750001 [0.103214167058] [0.132501661777]
0.1193077974025 [0.105409704149] [0.133205890656]
0.120571486652 [0.106706157327] [0.134436815977]
0.12119077518600001 [0.105549313128] [0.136832237244]
0.121841069311 [0.102923668921] [0.140758469701]
0.1216283924879 [0.0980327948928] [0.145223990083]
0.120688315481 [0.092391975224] [0.148984655738]
0.11822644248615 [0.0878038927913] [0.148648992181]
0.11491587012995 [0.0858028978109] [0.144028842449]
0.11285009980204999 [0.0864340215921] [0.139266178012]
0.11299226060525 [0.0888160690665] [0.137168452144]
0.11420579627130001 [0.0917831137776] [0.136628478765]
0.1144830286505 [0.094209626317] [0.134756430984]
0.1132500842214 [0.0950683057308] [0.131431862712]
0.1103523671627 [0.0925260037184] [0.128178730607]
0.10777909681199999 [0.089364670217] [0.126193523407]
0.1059252731504 [0.0866344496608] [0.12521609664]
0.1046072430909 [0.0850374177098] [0.124177068472]
0.1032816171646 [0.0841455161572] [0.122417718172]
0.1021022163331 [0.0839202404022] [0.120284192264]
0.10135518386965 [0.0840151384473] [0.118695229292]
0.10087249428025 [0.0839575231075] [0.117787465453]
0.10082456097015 [0.0831176117063] [0.118531510234]
0.09993083402505 [0.0792535021901] [0.12060816586]
0.09822215139865 [0.0725252330303] [0.123919069767]
0.0967640280721 [0.0661129504442] [0.1274151057]
0.09516277164205 [0.0604631304741] [0.12986241281]
0.094394285232 [0.056812889874] [0.13197568059]
0.0950551480056 [0.0554220676422] [0.134688228369]
0.09581352397805 [0.0555819347501] [0.136045113206]
0.0928094238042 [0.0569151192904] [0.128703728318]
0.0884742494672 [0.0589950568974] [0.117953442037]
0.0839748978614 [0.0607930272818] [0.107156768441]
0.0812188051641 [0.0630209371448] [0.0994166731834]
0.08068011701105 [0.0654048398137] [0.0959553942084]
0.08172070235015 [0.0682998150587] [0.0951415896416]
0.0836564153433 [0.0717985406518] [0.0955142900348]
0.08610332012175001 [0.0759314224124] [0.0962752178311]
0.08931807801130001 [0.0812403485179] [0.0973958075047]
0.0945581458509 [0.0895858928561] [0.0995303988457]
0.1029764674605 [0.103445723653] [0.102507211268]
0.1140971407295 [0.12009049207] [0.108103789389]
0.124590639025 [0.135210096836] [0.113971181214]
0.133271537721 [0.14708545804] [0.119457617402]
