M B1 B2
0.06440495327115 [0.0514760315418] [0.0773338750005]
0.0697733517736 [0.0548522658646] [0.0846944376826]
0.0778524391353 [0.0613739341497] [0.0943309441209]
0.09009904414395001 [0.0729737281799] [0.107224360108]
0.1076737046241 [0.0924778282642] [0.122869580984]
0.13066143915099998 [0.121727265418] [0.139595612884]
0.155814707279 [0.157635003328] [0.15399441123]
0.1745598390695 [0.190278217196] [0.158841460943]
0.1807111650705 [0.203739345074] [0.157682985067]
0.1737447082995 [0.193005502224] [0.154483914375]
0.165335275233 [0.176306039095] [0.154364511371]
0.1600084528325 [0.165331825614] [0.154685080051]
0.156448312104 [0.156289741397] [0.156606882811]
0.1553558558225 [0.150460869074] [0.160250842571]
0.1568023338915 [0.147653579712] [0.165951088071]
0.160296522081 [0.146105796099] [0.174487248063]
0.165082536638 [0.142891556025] [0.187273517251]
0.1689294204115 [0.137395083904] [0.200463756919]
0.168896712363 [0.130769520998] [0.207023903728]
0.161610785872 [0.123670585454] [0.19955098629]
0.149943459779 [0.117439098656] [0.182447820902]
0.13802562654 [0.112792313099] [0.163258939981]
0.128367848694 [0.108954325318] [0.14778137207]
0.1216387934985 [0.105738081038] [0.137539505959]
0.11748782917850001 [0.103234671056] [0.131740987301]
0.11622859910149999 [0.103772260249] [0.128684937954]
0.1176147721705 [0.108413375914] [0.126816168427]
0.119680389762 [0.114530943334] [0.12482983619]
0.12157540768399999 [0.121441677213] [0.121709138155]
0.12224430963399999 [0.127036228776] [0.117452390492]
0.12149333581300001 [0.131112128496] [0.11187454313]
0.11973468214300001 [0.134690731764] [0.104778632522]
0.11837178841255 [0.138992980123] [0.0977505967021]
0.11860951036209999 [0.145061045885] [0.0921579748392]
0.1216384954752 [0.152718946338] [0.0905580446124]
0.1291508562865 [0.163513630629] [0.094788081944]
0.14115383848500002 [0.176631763577] [0.105675913393]
0.1567137241365 [0.188736245036] [0.124691203237]
0.17354911565800002 [0.198892429471] [0.148205801845]
0.189268670976 [0.210289239883] [0.168248102069]
0.19919411093 [0.223850175738] [0.174538046122]
0.2039072066545 [0.239908710122] [0.167905703187]
0.2019434571265 [0.250460714102] [0.153426200151]
0.1922385543585 [0.245692163706] [0.138784945011]
0.1740919426085 [0.226913183928] [0.121270701289]
0.149937950075 [0.198660194874] [0.101215705276]
0.12752280756855 [0.170949980617] [0.0840956345201]
0.1110253594815 [0.149891078472] [0.072159640491]
0.10049161687489999 [0.135908871889] [0.0650743618608]
0.0942616723478 [0.126914203167] [0.0616091415286]
0.09034913033245 [0.120564289391] [0.0601339712739]
0.0884232018145 [0.11749483645] [0.059351567179]
0.08776839449985001 [0.11691750586] [0.0586192831397]
0.08697604946769999 [0.115990877151] [0.0579612217844]
0.0857976693661 [0.113701798022] [0.0578935407102]
0.08403667807575 [0.109024092555] [0.0590492635965]
0.08236012980335 [0.102363206446] [0.0623570531607]
0.08238104730845 [0.0966715216637] [0.0680905729532]
0.0860021263361 [0.0963240936399] [0.0756801590323]
0.0936214588585 [0.103482164443] [0.083760753274]
0.10356549546115 [0.115483060479] [0.0916479304433]
0.11150414869189999 [0.125428751111] [0.0975795462728]
0.1153757460415 [0.130543529987] [0.100207962096]
0.1158470511435 [0.131259024143] [0.100435078144]
0.1148778907954 [0.129856660962] [0.0998991206288]
0.11403050273679999 [0.128377899528] [0.0996831059456]
0.11368986964205 [0.127912342548] [0.0994673967361]
0.11377383768535002 [0.128151595592] [0.0993960797787]
0.11413246020675 [0.129165828228] [0.0990990921855]
0.11302842944885 [0.127999439836] [0.0980574190617]
0.11198762804245 [0.127979189157] [0.0959960669279]
0.1110705137254 [0.129143893719] [0.0929971337318]
0.11025206372124999 [0.130734980106] [0.0897691473365]
0.10872617363920001 [0.130875572562] [0.0865767747164]
0.10630161687735 [0.128791242838] [0.0838119909167]
0.10331795737135001 [0.125020727515] [0.0816151872277]
0.1010998822748 [0.121804319322] [0.0803954452276]
0.10178780555700001 [0.122308582067] [0.081267029047]
0.10724176093925 [0.128628015518] [0.0858555063605]
0.11655505746615 [0.138739705086] [0.0943704098463]
0.12585997954 [0.146408289671] [0.105311669409]
0.132224269211 [0.14998999238] [0.114458546042]
0.133572217077 [0.150730893016] [0.116413541138]
0.134295139462 [0.150156080723] [0.118434198201]
0.135351765901 [0.14977003634] [0.120933495462]
0.1418011859055 [0.156275555491] [0.12732681632]
0.1553867682815 [0.171130657196] [0.139642879367]
0.1758513599635 [0.19707596302] [0.154626756907]
0.1965018361805 [0.223561435938] [0.169442236423]
0.1978506967425 [0.217240825295] [0.17846056819]
0.1918035894635 [0.204001680017] [0.17960549891]
0.1818946152925 [0.191474378109] [0.172314852476]
0.1713338047265 [0.183398768306] [0.159268841147]
0.1613187640905 [0.178409576416] [0.144227951765]
0.1493601202965 [0.172333046794] [0.126387193799]
0.131992351264 [0.162390381098] [0.10159432143]
0.114199653268 [0.14905397594] [0.079345330596]
0.0975349619986 [0.132871448994] [0.0621984750032]
0.08372403867525 [0.116931840777] [0.0505162365735]
0.0744758769869 [0.106005117297] [0.0429466366768]
0.06919183768335001 [0.10014988482] [0.0382337905467]
0.06656263768675 [0.0976723432541] [0.0354529321194]
0.0646928846836 [0.0961779654026] [0.0332078039646]
0.0629811799154 [0.0950070768595] [0.0309552829713]
0.0616906583309 [0.0946208313107] [0.0287604853511]
0.06167695857585 [0.0962896868587] [0.027064230293]
0.0628293836489 [0.0993202999234] [0.0263384673744]
0.06495007779445 [0.103145904839] [0.0267542507499]
0.0678786886858 [0.107386387885] [0.0283709894866]
0.0708159618081 [0.110265515745] [0.0313664078712]
0.0727800652386 [0.10935690254] [0.0362032279372]
0.0762352086604 [0.108995102346] [0.0434753149748]
0.0819477066397 [0.109907247126] [0.0539881661534]
0.0908905193212 [0.113112635911] [0.0686684027314]
0.1029199697075 [0.117486685514] [0.088353253901]
0.116120330989 [0.120436519384] [0.111804142594]
0.1277212537825 [0.120469890535] [0.13497261703]
0.1356423571705 [0.117821902037] [0.153462812304]
0.140566524118 [0.114112190902] [0.167020857334]
0.144065055996 [0.111237622797] [0.176892489195]
0.1466511934995 [0.109319821] [0.183982565999]
0.14767125994 [0.107836082578] [0.187506437302]
0.147433910519 [0.106693901122] [0.188173919916]
0.145543910563 [0.105395525694] [0.185692295432]
0.14226759225149999 [0.104837164283] [0.17969802022]
0.1373823806645 [0.105667591095] [0.169097170234]
0.1340443268415 [0.108996674418] [0.159091979265]
0.129470154643 [0.110895261168] [0.148045048118]
0.1267397031185 [0.113655209541] [0.139824196696]
0.1252451874315 [0.115460343659] [0.135030031204]
0.1221803314985 [0.116190262139] [0.128170400858]
0.11887632310349999 [0.114948622882] [0.122804023325]
0.1170113272965 [0.114768408239] [0.119254246354]
0.11679707095 [0.114793926477] [0.118800215423]
0.11620501801399999 [0.115942746401] [0.116467289627]
0.1136970445515 [0.115050494671] [0.112343594432]
0.110558543354 [0.111907467246] [0.109209619462]
0.10749266296650001 [0.108171142638] [0.106814183295]
0.1048681400715 [0.104810096323] [0.10492618382]
0.10367088764900001 [0.103815436363] [0.103526338935]
0.1037687771025 [0.104717217386] [0.102820336819]
0.1052732877435 [0.107482366264] [0.103064209223]
0.1061550453305 [0.109776102006] [0.102533988655]
0.1046941429374 [0.110445067286] [0.0989432185888]
0.10105898976315 [0.109705545008] [0.0924124345183]
0.09665436297635 [0.108627311885] [0.0846814140677]
0.0927835106852 [0.107997335494] [0.0775696858764]
0.0901823751626 [0.107728503644] [0.0726362466812]
0.0887737199662 [0.107025571167] [0.0705218687654]
0.08768899366265001 [0.106293745339] [0.0690842419863]
0.08698430284844999 [0.10642157495] [0.0675470307469]
0.08595672249815 [0.107348762453] [0.0645646825433]
0.0852991677819 [0.10924962908] [0.0613487064838]
0.0853092689065 [0.111166208982] [0.059452328831]
0.08464262634515 [0.110146805644] [0.0591384470463]
0.0836683157829 [0.107612073421] [0.0597245581448]
0.0809903685006 [0.101409465075] [0.0605712719262]
0.07799429818985 [0.0945488810539] [0.0614397153258]
0.07585946470499999 [0.0890569910407] [0.0626619383693]
0.07514770701529999 [0.0856211408973] [0.0646742731333]
0.0752167403698 [0.0830838158727] [0.0673496648669]
0.07629108428955 [0.082653991878] [0.0699281767011]
0.0782837048173 [0.083619646728] [0.0729477629066]
0.07978507503865001 [0.0853586271405] [0.0742115229368]
0.08092752471565 [0.0868249759078] [0.0750300735235]
0.082211446017 [0.0879532769322] [0.0764696151018]
