M B1 B2
0.05268191173675 [0.0684209689498] [0.0369428545237]
0.049310781061649996 [0.0625227689743] [0.036098793149]
0.04532884806395 [0.0557096600533] [0.0349480360746]
0.0417966097593 [0.0491773076355] [0.0344159118831]
0.03931193985045 [0.0441591776907] [0.0344647020102]
0.03800583444535 [0.0410220809281] [0.0349895879626]
0.0375140849501 [0.0392204336822] [0.035807736218]
0.03751458600165 [0.038119494915] [0.0369096770883]
0.03751440532505 [0.0372718088329] [0.0377570018172]
0.0376019496471 [0.0369394719601] [0.0382644273341]
0.038151415064899996 [0.0375697724521] [0.0387330576777]
0.039370166137800006 [0.0390433259308] [0.0396970063448]
0.0407324638218 [0.0403787940741] [0.0410861335695]
0.0412451252341 [0.0401121228933] [0.0423781275749]
0.04095051251355 [0.0388702452183] [0.0430307798088]
0.04080477915705 [0.0382895022631] [0.043320056051]
0.04149869829415 [0.0393216796219] [0.0436757169664]
0.0433090217412 [0.0415305346251] [0.0450875088573]
0.04616626352075 [0.0445170886815] [0.04781543836]
0.049569506198149996 [0.0477070659399] [0.0514319464564]
0.052604759112 [0.0503346435726] [0.0548748746514]
0.055125836282999996 [0.0524149872363] [0.0578366853297]
0.057944519445300005 [0.0546323657036] [0.061256673187]
0.0625622905791 [0.0577918663621] [0.0673327147961]
0.07033077441155 [0.0619366727769] [0.0787248760462]
0.0811639949679 [0.0660285800695] [0.0962994098663]
0.09257254749544999 [0.0692304521799] [0.115914642811]
0.10055971890695 [0.0715661048889] [0.129553332925]
0.10453079640875 [0.0742039084435] [0.134857684374]
0.10666809976120001 [0.0780117958784] [0.135324403644]
0.1093611605464 [0.0841103121638] [0.134612008929]
0.11502783745525 [0.0956263542175] [0.134429320693]
0.11887104064250001 [0.104541450739] [0.133200630546]
0.11966456472849998 [0.110666617751] [0.128662511706]
0.118839852512 [0.113567128778] [0.124112576246]
0.119041148573 [0.115573398769] [0.122508898377]
0.1216287463905 [0.118548437953] [0.124709054828]
0.1238507144155 [0.12132165581] [0.126379773021]
0.12365604191999999 [0.123378686607] [0.123933397233]
0.120495431125 [0.123961769044] [0.117029093206]
0.115836877376 [0.123322762549] [0.108350992203]
0.11138571426300001 [0.122685544193] [0.100085884333]
0.10855083912614999 [0.123081855476] [0.0940198227763]
0.10764065384865001 [0.125036418438] [0.0902448892593]
0.10795256495475 [0.128414824605] [0.0874903053045]
0.10732204094539999 [0.130220577121] [0.0844235047698]
0.10428884252894999 [0.127068608999] [0.0815090760589]
0.1004446782174 [0.120668753982] [0.0802206024528]
0.09882067143920001 [0.116749174893] [0.0808921679854]
0.09918609261535 [0.117444492877] [0.0809276923537]
0.10032257810225 [0.118533067405] [0.0821120887995]
0.09751760959639999 [0.11493229121] [0.0801029279828]
0.0872208960353 [0.103991962969] [0.0704498291016]
0.0721754450351 [0.0886808335781] [0.0556700564921]
0.058640003204350005 [0.074786119163] [0.0424938872457]
0.04914242960515 [0.0644543319941] [0.0338305272162]
0.04362788610165 [0.0579895973206] [0.0292661748827]
0.04102430306375 [0.05469500646] [0.0273535996675]
0.0401358967647 [0.0532080791891] [0.0270637143403]
0.0394472088665 [0.0518103800714] [0.0270840376616]
0.03794424049555 [0.0492163859308] [0.0266720950603]
0.03514867648485 [0.0448505729437] [0.025446780026]
0.0315442830324 [0.0396131463349] [0.0234754197299]
0.02816005796195 [0.0349598824978] [0.0213602334261]
0.025666244328 [0.0317824371159] [0.0195500515401]
0.0242214631289 [0.0301470905542] [0.0182958357036]
0.02355779986825 [0.0296713709831] [0.0174442287534]
0.02355416957285 [0.0300691016018] [0.0170392375439]
0.024201296269900002 [0.0311731733382] [0.0172294192016]
0.025576778687549998 [0.0330407321453] [0.0181128252298]
0.0276234243065 [0.0355933271348] [0.0196535214782]
0.029943522997200003 [0.0384839437902] [0.0214031022042]
0.031731728464350004 [0.0406567342579] [0.0228067226708]
0.03250498045235 [0.0415310747921] [0.0234788861126]
0.0329202376306 [0.0419743359089] [0.0238661393523]
0.03419050667435 [0.0436071306467] [0.024773882702]
0.03762246202675 [0.0482595749199] [0.0269853491336]
0.04536319896575 [0.0581471174955] [0.032579280436]
0.059890465810900004 [0.0760450288653] [0.0437359027565]
0.08164028823385 [0.100650586188] [0.0626299902797]
0.10532494634365 [0.123512923717] [0.0871369689703]
0.1201942004265 [0.133378043771] [0.107010357082]
0.1236684173345 [0.131485268474] [0.115851566195]
0.121570631862 [0.124853357673] [0.118287906051]
0.1208464987575 [0.120022244751] [0.121670752764]
0.119577944279 [0.11562525481] [0.123530633748]
0.11887453869 [0.115551993251] [0.122197084129]
0.1174173243345 [0.116674676538] [0.118159972131]
0.1162347495555 [0.120699040592] [0.111770458519]
0.1138312369585 [0.125057473779] [0.102605000138]
0.11165306717165 [0.129709556699] [0.0935965776443]
0.1109721474352 [0.134197890759] [0.0877464041114]
0.11061186715980001 [0.137821272016] [0.0834024623036]
0.11170642077915 [0.141407445073] [0.0820053964853]
0.11428638175144999 [0.145927935839] [0.0826448276639]
0.11603627353884999 [0.148068234324] [0.0840043127537]
0.11612866446375 [0.146566092968] [0.0856912359595]
0.1155115813017 [0.143617913127] [0.0874052494764]
0.1145301871003 [0.13954654336] [0.0895138308406]
0.11274307593705 [0.133168488741] [0.0923176631331]
0.1102924756708 [0.124569781125] [0.0960151702166]
0.10854442417599999 [0.116700813174] [0.100388035178]
0.10868981108049999 [0.112074382603] [0.105305239558]
0.1102264262735 [0.109670601785] [0.110782250762]
0.11146321147650001 [0.106108024716] [0.116818398237]
0.1136033274235 [0.102181531489] [0.125025123358]
0.11735628172760001 [0.0995177403092] [0.135194823146]
0.1215884536507 [0.0987388789654] [0.144438028336]
0.1271478831768 [0.0998896211386] [0.154406145215]
0.13161592558000001 [0.102665506303] [0.160566344857]
0.13338649645450001 [0.106412865222] [0.160360127687]
0.1334830522535 [0.110882371664] [0.156083732843]
0.1334177590905 [0.116107739508] [0.150727778673]
0.1332209929825 [0.122074112296] [0.144367873669]
0.1328960508105 [0.128039166331] [0.13775293529]
0.131552390754 [0.132476583123] [0.130628198385]
0.12844992429 [0.13395807147] [0.12294177711]
0.127185203135 [0.136533588171] [0.117836818099]
0.128011234105 [0.138758465648] [0.117264002562]
0.12906749174 [0.137616932392] [0.120518051088]
0.13042072579300001 [0.136259004474] [0.124582447112]
0.128670439124 [0.13072219491] [0.126618683338]
0.1228268370035 [0.121885955334] [0.123767718673]
0.1154413223265 [0.111894533038] [0.118988111615]
0.1085031926635 [0.103069752455] [0.113936632872]
0.10337010025980001 [0.0970503911376] [0.109689809382]
0.10062386095520001 [0.0937326550484] [0.107515066862]
0.0998008288445 [0.092865511775] [0.106736145914]
0.09936360269795 [0.0926294922829] [0.106097713113]
0.0999039188026 [0.0925553366542] [0.107252500951]
0.1018349677324 [0.0924239903688] [0.111245945096]
0.1049561426042 [0.0912204384804] [0.118691846728]
0.10873230546725 [0.0890768021345] [0.1283878088]
0.11115409433835 [0.0859601199627] [0.136348068714]
0.11210355162624999 [0.0840734392405] [0.140133664012]
0.11211642250425 [0.0850708559155] [0.139161989093]
0.11239046603459998 [0.0890208482742] [0.135760083795]
0.1147864870726 [0.0950388982892] [0.134534075856]
0.1190615855155 [0.102455101907] [0.135668069124]
0.1243830099705 [0.109291419387] [0.139474600554]
0.1287529841065 [0.113442823291] [0.144063144922]
0.1308802589775 [0.113845780492] [0.147914737463]
0.1290970630945 [0.107864879072] [0.150329247117]
0.12611141800865 [0.0997505635023] [0.152472272515]
0.1243661008775 [0.093519680202] [0.155212521553]
0.12462827190755 [0.0911602750421] [0.158096268773]
0.12647248432035 [0.0931907370687] [0.159754231572]
0.12518875300895 [0.0986036807299] [0.151773825288]
0.12375682219850001 [0.105963356793] [0.141550287604]
0.123782273382 [0.111548908055] [0.136015638709]
0.1265302933755 [0.114793650806] [0.138266935945]
0.13059926033 [0.117606848478] [0.143591672182]
