M B1 B2
0.039806400425749996 [0.0595450997353] [0.0200677011162]
0.03677806910125 [0.0542348772287] [0.0193212609738]
0.03503251913935 [0.0513541549444] [0.0187108833343]
0.0343399308622 [0.0503735095263] [0.0183063521981]
0.03441089671105 [0.0507411770523] [0.0180806163698]
0.0350765734911 [0.0522151961923] [0.0179379507899]
0.03614713810385 [0.0546328984201] [0.0176613777876]
0.0372808109969 [0.057453520596] [0.0171081013978]
0.03840749524535 [0.0603822134435] [0.0164327770472]
0.0393944811076 [0.0627916008234] [0.0159973613918]
0.03991913516075 [0.0640473514795] [0.015790918842]
0.0402354607359 [0.0646800026298] [0.015790918842]
0.0403786757961 [0.0649664327502] [0.015790918842]
0.0409060837701 [0.0660212486982] [0.015790918842]
0.04175231698905 [0.0677137151361] [0.015790918842]
0.042754226364199996 [0.0697175338864] [0.015790918842]
0.0456601018086 [0.0719334557652] [0.019386747852]
0.04866000264885 [0.0749158486724] [0.0224041566253]
0.0534096956253 [0.0797591656446] [0.027060225606]
0.0594751406461 [0.0845720246434] [0.0343782566488]
0.06701584719125 [0.0901023447514] [0.0439293496311]
0.0742371417582 [0.0956095159054] [0.052864767611]
0.0774493701756 [0.0982518717647] [0.0566468685865]
0.0770474374294 [0.0991776436567] [0.0549172312021]
0.07470838353039999 [0.099286518991] [0.0501302480698]
0.07233785279095 [0.0995487570763] [0.0451269485056]
0.0706356782466 [0.0999782681465] [0.0412930883467]
0.06994199380255 [0.101006545126] [0.0388774424791]
0.07070625945925 [0.102729216218] [0.0386833027005]
0.07221443019795 [0.105006329715] [0.0394225306809]
0.0744069200008 [0.108181543648] [0.0406322963536]
0.07775212451795 [0.11369228363] [0.0418119654059]
0.08182384259975001 [0.121125131845] [0.0425225533545]
0.08509537950165 [0.127946868539] [0.0422438904643]
0.08553800173125 [0.130859985948] [0.0402160175145]
0.0822088811548 [0.12827770412] [0.0361400581896]
0.0759804779662 [0.1209660694] [0.0309948865324]
0.0693196598439 [0.112218044698] [0.0264212749898]
0.064365098253 [0.104934088886] [0.02379610762]
0.06412242352955 [0.104623928666] [0.0236209183931]
0.0695720547811 [0.113378018141] [0.0257660914212]
0.0772839775311 [0.12448232621] [0.0300856288522]
0.0863555148243 [0.13716609776] [0.0355449318886]
0.09431226551524999 [0.148417919874] [0.0402066111565]
0.09881541319204999 [0.154086261988] [0.0435445643961]
0.09848101995875 [0.151655718684] [0.0453063212335]
0.09671629220264999 [0.146993979812] [0.0464386045933]
0.09408287331475 [0.141086727381] [0.0470790192485]
0.0921096503734 [0.137728512287] [0.0464907884598]
0.08987229317435 [0.135358721018] [0.0443858653307]
0.08734324574465 [0.133305042982] [0.0413814485073]
0.08504763059319999 [0.131477072835] [0.0386181883514]
0.08223118633025 [0.127948462963] [0.0365139096975]
0.07938732951865 [0.123804055154] [0.0349706038833]
0.07551460713149999 [0.117300644517] [0.033728569746]
0.0696954987943 [0.106649801135] [0.0327411964536]
0.06284534558655 [0.0940409526229] [0.0316497385502]
0.056346077471949994 [0.0825999230146] [0.0300922319293]
0.0508193904534 [0.073626793921] [0.0280119869858]
0.04635353945195 [0.0675107091665] [0.0251963697374]
0.0442477408797 [0.0648474618793] [0.0236480198801]
0.0441347500309 [0.0662107467651] [0.0220587532967]
0.04699479229745 [0.0733118727803] [0.0206777118146]
0.05432944186035 [0.0889373496175] [0.0197215341032]
0.06737513747075 [0.115470506251] [0.0192797686905]
0.08447359036655 [0.149615496397] [0.0193316843361]
0.0998484278098 [0.180010393262] [0.0196864623576]
0.11064856313155 [0.201137050986] [0.0201600752771]
0.11673760879805 [0.212844640017] [0.0206305775791]
0.12037881184395 [0.219662085176] [0.0210955385119]
0.1233511958272 [0.22539678216] [0.0213056094944]
0.1268585268407 [0.232411444187] [0.0213056094944]
0.13029592670520002 [0.239286243916] [0.0213056094944]
0.1335180271417 [0.245730444789] [0.0213056094944]
0.1363962385802 [0.251486867666] [0.0213056094944]
0.13868775404970002 [0.256069898605] [0.0213056094944]
0.1399766299872 [0.25864765048] [0.0213056094944]
0.1391431335362 [0.256980657578] [0.0213056094944]
0.1352276448162 [0.249149680138] [0.0213056094944]
0.1280035320667 [0.234701454639] [0.0213056094944]
0.1188336852937 [0.216361761093] [0.0213056094944]
0.1093565095217 [0.197407409549] [0.0213056094944]
0.1390231102706 [0.183356612921] [0.0946896076202]
0.14879968017349998 [0.179474473] [0.118124887347]
0.1649248078465 [0.183383762836] [0.146465852857]
0.182456918061 [0.190168812871] [0.174745023251]
0.1964499354365 [0.19452226162] [0.198377609253]
0.206448316574 [0.19688077271] [0.216015860438]
0.2127393037085 [0.19804237783] [0.227436229587]
0.2154544442895 [0.198610156775] [0.232298731804]
0.21466471254800001 [0.199299365282] [0.230030059814]
0.21212901920100002 [0.200381830335] [0.223876208067]
0.20964339375500002 [0.202366873622] [0.216919913888]
0.20744125545 [0.204878091812] [0.210004419088]
0.21181549876900002 [0.206450283527] [0.217180714011]
0.214034810662 [0.205384030938] [0.222685590386]
0.21465408057000002 [0.202600926161] [0.226707234979]
0.21364840120099998 [0.201157823205] [0.226138979197]
0.211125098169 [0.203044936061] [0.219205260277]
0.203376881778 [0.20176962018] [0.204984143376]
0.18669027835149998 [0.189078137279] [0.184302419424]
0.1702700853345 [0.177850320935] [0.162689849734]
0.157743267715 [0.171450600028] [0.144035935402]
0.15026742965 [0.170763656497] [0.129771202803]
0.1482402831315 [0.17351411283] [0.122966453433]
0.15074954926950002 [0.178359121084] [0.123139977455]
0.1556308493015 [0.184023916721] [0.127237781882]
0.161416836083 [0.190680414438] [0.132153257728]
0.16772571206050002 [0.199989393353] [0.135462030768]
0.175197824836 [0.212856680155] [0.137538969517]
0.18307521939299998 [0.227701380849] [0.138449057937]
0.192111939192 [0.244301065803] [0.139922812581]
0.19942090660349998 [0.254808396101] [0.144033417106]
0.204670064151 [0.260135531425] [0.149204596877]
0.207118585706 [0.260378211737] [0.153858959675]
0.2060357257725 [0.256870150566] [0.155201300979]
0.1998958513145 [0.249590352178] [0.150201350451]
0.183179028332 [0.228586345911] [0.137771710753]
0.16217169165599998 [0.202961727977] [0.121381655335]
