0.14090489223615 [0.0692222192883] [0.212587565184]
0.14252090081565 [0.0692222192883] [0.215819582343]
0.14487436786315 [0.0692222192883] [0.220526516438]
0.14837699010965 [0.0692222192883] [0.227531760931]
0.15057145431615 [0.0692222192883] [0.231920689344]
0.14832037314765 [0.0692222192883] [0.227418527007]
0.13904595002515 [0.0692222192883] [0.208869680762]
0.12642661854615 [0.0692222192883] [0.183631017804]
0.11514282599065 [0.0692222192883] [0.161063432693]
0.10703964158915 [0.0692222192883] [0.14485706389]
0.10162947699415 [0.0692222192883] [0.1340367347]
0.09807014837865 [0.0692222192883] [0.126918077469]
0.09573404118414999 [0.0692222192883] [0.12224586308]
0.09459999576215 [0.0692222192883] [0.119977772236]
0.09429932385664999 [0.0692222192883] [0.119376428425]
0.09512991458164999 [0.0692222192883] [0.121037609875]
0.09656907618065 [0.0692222192883] [0.123915933073]
0.09704643115415 [0.0692222192883] [0.12487064302]
0.09533411636965 [0.0692222192883] [0.121446013451]
0.08917092159365 [0.0692222192883] [0.109119623899]
0.07851084321735 [0.0692222192883] [0.0877994671464]
0.06497780792415 [0.0692222192883] [0.06073339656]
0.05458891019225 [0.0692222192883] [0.0399556010962]
0.048605256713899994 [0.0692222192883] [0.0279882941395]
0.04547970648855 [0.0692222192883] [0.0217371936888]
0.043862462043749995 [0.0692222192883] [0.0185027047992]
0.04289773106575 [0.0692222192883] [0.0165732428432]
0.0422380645759 [0.0692222192883] [0.0152539098635]
0.0417813067324 [0.0692222192883] [0.0143403941765]
0.041566114872649995 [0.0692222192883] [0.013910010457]
0.04160019941625 [0.0692222192883] [0.0139781795442]
0.041655963286749996 [0.0692222192883] [0.0140897072852]
0.0416668555699 [0.0692222192883] [0.0141114918515]
0.041725291870499996 [0.0692222192883] [0.0142283644527]
0.0417522410862 [0.0692222192883] [0.0142822628841]
0.04193386109545 [0.0692222192883] [0.0146455029026]
0.0424697808921 [0.0692222192883] [0.0157173424959]
0.04353301040825 [0.0692222192883] [0.0178438015282]
0.04543042834845 [0.0692222192883] [0.0216386374086]
0.048307257704399996 [0.0692222192883] [0.0273922961205]
0.0520848855376 [0.0692222192883] [0.0349475517869]
0.0569540634751 [0.0692222192883] [0.0446859076619]
0.06358843855554999 [0.0692222192883] [0.0579546578228]
0.072921782732 [0.0692222192883] [0.0766213461757]
0.08333612605925 [0.0692222192883] [0.0974500328302]
0.09089910238964999 [0.0692222192883] [0.112575985491]
0.09501993656165 [0.0692222192883] [0.120817653835]
0.10100223496565 [0.0692222192883] [0.132782250643]
0.10978132858865 [0.0692222192883] [0.150340437889]
0.11358268186465 [0.0692222192883] [0.157943144441]
0.10971069708465 [0.0692222192883] [0.150199174881]
0.10344614461064999 [0.0692222192883] [0.137670069933]
0.09937360510215 [0.0692222192883] [0.129524990916]
0.09681457281115 [0.0692222192883] [0.124406926334]
0.09536605328315 [0.0692222192883] [0.121509887278]
0.09379745647314999 [0.0692222192883] [0.118372693658]
0.09155135229215 [0.0692222192883] [0.113880485296]
0.08896265178915 [0.0692222192883] [0.10870308429]
0.08686362206914999 [0.0692222192883] [0.10450502485]
0.08588171005265 [0.0692222192883] [0.102541200817]
0.08583962544814999 [0.0692222192883] [0.102457031608]
0.08595440164215 [0.0692222192883] [0.102686583996]
0.08567962050415 [0.0692222192883] [0.10213702172]
0.08484646677964999 [0.0692222192883] [0.100470714271]
0.08449977636335 [0.0692222192883] [0.0997773334384]
0.0845569372177 [0.0692222192883] [0.0998916551471]
0.08323407545684999 [0.0692222192883] [0.0972459316254]
0.0767093263566 [0.0692222192883] [0.0841964334249]
0.06740326061839999 [0.0692222192883] [0.0655843019485]
0.061093153432 [0.0692222192883] [0.0529640875757]
0.0573469996452 [0.0692222192883] [0.0454717800021]
0.05516082048415 [0.0692222192883] [0.04109942168]
0.05360640026625 [0.0692222192883] [0.0379905812442]
0.0523479618132 [0.0692222192883] [0.0354737043381]
0.0516688004136 [0.0692222192883] [0.0341153815389]
0.0510745439678 [0.0692222192883] [0.0329268686473]
0.04991673212495 [0.0692222192883] [0.0306112449616]
0.048126949928699994 [0.0692222192883] [0.0270316805691]
0.0461631575599 [0.0692222192883] [0.0231040958315]
0.0446650832891 [0.0692222192883] [0.0201079472899]
0.0436755651608 [0.0692222192883] [0.0181289110333]
0.04292226675895 [0.0692222192883] [0.0166223142296]
0.042274557053999996 [0.0692222192883] [0.0153268948197]
0.041754200588899996 [0.0692222192883] [0.0142861818895]
0.04152505658565 [0.0692222192883] [0.013827893883]
0.04161860188465 [0.0692222192883] [0.014014984481]
0.04186821682375 [0.0692222192883] [0.0145142143592]
0.042287455406 [0.0692222192883] [0.0153526915237]
0.0426981318742 [0.0692222192883] [0.0161740444601]
0.0428827414289 [0.0692222192883] [0.0165432635695]
0.04299789108335 [0.0692222192883] [0.0167735628784]
0.0431795744225 [0.0692222192883] [0.0171369295567]
0.04350359924135 [0.0692222192883] [0.0177849791944]
0.0442697908729 [0.0692222192883] [0.0193173624575]
0.0454086354002 [0.0692222192883] [0.0215950515121]
0.0468367319554 [0.0692222192883] [0.0244512446225]
0.04879168327895 [0.0692222192883] [0.0283611472696]
0.05182864330705 [0.0692222192883] [0.0344350673258]
0.0567732006311 [0.0692222192883] [0.0443241819739]
0.0641438607126 [0.0692222192883] [0.0590655021369]
0.07226182892915001 [0.0692222192883] [0.07530143857]
0.08088125288485 [0.0692222192883] [0.0925402864814]
0.08725071325915 [0.0692222192883] [0.10527920723]
0.09505649656064999 [0.0692222192883] [0.120890773833]
0.10811195895065 [0.0692222192883] [0.147001698613]
0.12418268248415 [0.0692222192883] [0.17914314568]
0.14281250163915 [0.0692222192883] [0.21640278399]
0.15887609496715 [0.0692222192883] [0.248529970646]
0.17124580219365 [0.0692222192883] [0.273269385099]
0.18255716934814997 [0.0692222192883] [0.295892119408]
0.19277839735164998 [0.0692222192883] [0.316334575415]
0.20110048726215002 [0.0692222192883] [0.332978755236]
0.20550996437664998 [0.0692222192883] [0.341797709465]
0.20636220648865 [0.0692222192883] [0.343502193689]
0.20497656241065 [0.0692222192883] [0.340730905533]
0.20285736396915 [0.0692222192883] [0.33649250865]
0.19904339686015 [0.0692222192883] [0.328864574432]
0.19495264068265 [0.0692222192883] [0.320683062077]
0.18838066235165002 [0.0692222192883] [0.307539105415]
0.18366447463615 [0.0692222192883] [0.298106729984]
0.18005989864465 [0.0692222192883] [0.290897578001]
0.17647245898865 [0.0692222192883] [0.283722698689]
0.17505580559364997 [0.0692222192883] [0.280889391899]
0.17517841234815001 [0.0692222192883] [0.281134605408]
0.17658733204014998 [0.0692222192883] [0.283952444792]
0.17672849074015 [0.0692222192883] [0.284234762192]
0.2516501694915 [0.223950356245] [0.279349982738]
0.24354352802 [0.215358689427] [0.271728366613]
0.2384163737295 [0.211939513683] [0.264893233776]
