0.067198831588 [0.0859908312559] [0.0484068319201]
0.0675833169371 [0.0859908312559] [0.0491758026183]
0.06815624423325001 [0.0859908312559] [0.0503216572106]
0.0689258184284 [0.0859908312559] [0.0518608056009]
0.0698814038187 [0.0859908312559] [0.0537719763815]
0.071043882519 [0.0859908312559] [0.0560969337821]
0.0724949724972 [0.0859908312559] [0.0589991137385]
0.0745652541518 [0.0859908312559] [0.0631396770477]
0.07752127200365 [0.0859908312559] [0.0690517127514]
0.08174121007325 [0.0859908312559] [0.0774915888906]
0.08713840693235 [0.0859908312559] [0.0882859826088]
0.0929203890264 [0.0859908312559] [0.0998499467969]
0.09830807521945001 [0.0859908312559] [0.110625319183]
0.10378886014245 [0.0859908312559] [0.121586889029]
0.11195506155495 [0.0859908312559] [0.137919291854]
0.12332707643495 [0.0859908312559] [0.160663321614]
0.13727584481245 [0.0859908312559] [0.188560858369]
0.14587372541445 [0.0859908312559] [0.205756619573]
0.14716134965395 [0.0859908312559] [0.208331868052]
0.14201270788895 [0.0859908312559] [0.198034584522]
0.13162495195845 [0.0859908312559] [0.177259072661]
0.11712316423645 [0.0859908312559] [0.148255497217]
0.116238247603 [0.115678615868] [0.116797879338]
0.10355402901755001 [0.117959886789] [0.0891481712461]
0.0920484550299 [0.114554151893] [0.0695427581668]
0.0835705995559 [0.109653174877] [0.0574880242348]
0.079127024859 [0.107072755694] [0.051181294024]
0.07842660695335 [0.108957447112] [0.0478957667947]
0.0790192931888 [0.112261421978] [0.0457771643996]
0.08009087666885001 [0.116202451289] [0.0439793020487]
0.08071308955535 [0.118427366018] [0.0429988130927]
0.08051683753735 [0.118134610355] [0.0428990647197]
0.07944962196065 [0.115948148072] [0.0429510958493]
0.0783146098255 [0.112572327256] [0.044056892395]
0.07886498048915 [0.111404553056] [0.0463254079223]
0.0786083526909 [0.107433438301] [0.0497832670808]
0.0782485064121 [0.101228885353] [0.0552681274712]
0.079524833709 [0.0956166088581] [0.0634330585599]
0.08333876729010001 [0.0920177325606] [0.0746598020196]
0.0900034569204 [0.0917312502861] [0.0882756635547]
0.0987912751734 [0.0946962237358] [0.102886326611]
0.10727582499365 [0.0988566428423] [0.115695007145]
0.113031897694 [0.101559638977] [0.124504156411]
0.114864710718 [0.102837271988] [0.126892149448]
0.11222809553150001 [0.103058718145] [0.121397472918]
0.1076978035275 [0.103574931622] [0.111820675433]
0.1034093387425 [0.105229534209] [0.101589143276]
0.10124894604074999 [0.109302319586] [0.0931955724955]
0.10126237943745 [0.114395871758] [0.0881288871169]
0.10362677648679999 [0.121908642352] [0.0853449106216]
0.1076658293604 [0.13137678802] [0.0839548707008]
0.11261393129805 [0.141241908073] [0.0839859545231]
0.11795439571155 [0.150990828872] [0.0849179625511]
0.12268187850705 [0.159229621291] [0.0861341357231]
0.1258670948444 [0.163177579641] [0.0885566100478]
0.1265527009966 [0.161645367742] [0.0914600342512]
0.1252161413431 [0.155965462327] [0.0944668203592]
0.12307230383135 [0.148918703198] [0.0972259044647]
0.121447198093 [0.143145158887] [0.099749237299]
0.1223654411735 [0.140375837684] [0.104355044663]
0.12627652287500002 [0.138573870063] [0.113979175687]
0.1337371468545 [0.137699127197] [0.129775166512]
0.14389294385899998 [0.137454584241] [0.150331303477]
0.1500079706315 [0.13470466435] [0.165311276913]
0.1449348926545 [0.131955370307] [0.157914415002]
0.13197553157800002 [0.131465181708] [0.132485881448]
0.1205918863415 [0.133142247796] [0.108041524887]
0.11426987498999999 [0.136602088809] [0.091937661171]
0.11192374676465 [0.140752479434] [0.0830950140953]
0.11232989281399999 [0.146351382136] [0.078308403492]
0.1141566857695 [0.152567565441] [0.075745806098]
0.1167792566118 [0.159534156322] [0.0740243569016]
0.1198507025838 [0.167107835412] [0.0725935697556]
0.121996000409 [0.172782436013] [0.071209564805]
0.12012348324055 [0.170641183853] [0.0696057826281]
0.1149387098851 [0.162098243833] [0.0677791759372]
0.1082376316189 [0.150566369295] [0.0659088939428]
0.10345419868835 [0.142978936434] [0.0639294609427]
0.1019469723104 [0.141726851463] [0.0621670931578]
0.10102098993969999 [0.141095504165] [0.0609464757144]
0.1010236255825 [0.140237569809] [0.061809681356]
0.10292206704615 [0.138987198472] [0.0668569356203]
0.10624029487355 [0.136564955115] [0.0759156346321]
0.1084797345102 [0.130953758955] [0.0860057100654]
0.10888556391 [0.125229164958] [0.092541962862]
0.1089384928347 [0.121416628361] [0.0964603573084]
0.10939655825495 [0.120043925941] [0.0987491905689]
0.11052050068960001 [0.121438629925] [0.0996023714542]
0.10966577380905 [0.124444589019] [0.0948869585991]
0.10640306025755 [0.127198815346] [0.0856073051691]
0.102467350662 [0.12834212184] [0.076592579484]
0.0990902557968 [0.127824321389] [0.0703561902046]
0.09680596739069999 [0.127442762256] [0.0661691725254]
0.09687787666900001 [0.129591092467] [0.064164660871]
0.0994644500315 [0.134403347969] [0.064525552094]
0.10217301920060001 [0.137844413519] [0.0665016248822]
0.10564436018445 [0.142724409699] [0.0685643106699]
0.10916253924375 [0.148561269045] [0.0697638094425]
0.11163651198165 [0.15362238884] [0.0696506351233]
0.11329781264085001 [0.157827869058] [0.0687677562237]
0.11055261641735001 [0.154508024454] [0.0665972083807]
0.10400287434455 [0.145423606038] [0.0625821426511]
0.09641249291615 [0.135397344828] [0.0574276410043]
0.09010176546855 [0.127263113856] [0.0529404170811]
0.0860056970268 [0.121868431568] [0.0501429624856]
0.08482854999625 [0.119963690639] [0.0496934093535]
0.08683353848765 [0.122118227184] [0.0515488497913]
0.09047743119275 [0.125710740685] [0.0552441217005]
0.09365369006999999 [0.128277629614] [0.059029750526]
0.0958555247633 [0.129995346069] [0.0617157034576]
0.09642485529205 [0.129382014275] [0.0634676963091]
0.09590462595245 [0.127504318953] [0.0643049329519]
0.0940746329725 [0.124043174088] [0.064106091857]
0.0915037728846 [0.119523525238] [0.0634840205312]
0.08982949331420001 [0.116780906916] [0.0628780797124]
0.0906584598126 [0.117783620954] [0.0635332986712]
0.0952559038995 [0.123135745525] [0.067376062274]
0.1039906628431 [0.130847334862] [0.0771339908242]
0.11763317137974999 [0.139121204615] [0.0961451381445]
0.13515067473050002 [0.145994439721] [0.12430690974]
0.148707918823 [0.146994635463] [0.150421202183]
0.154572814703 [0.144254699349] [0.164890930057]
0.155675686896 [0.142318502069] [0.169032871723]
0.1556162163615 [0.143816873431] [0.167415559292]
0.154617376626 [0.146819069982] [0.16241568327]
0.15474747121350002 [0.150641977787] [0.15885296464]
0.155927874148 [0.15474306047] [0.157112687826]
0.15743318200099998 [0.158524811268] [0.156341552734]
0.1583669558165 [0.16063837707] [0.156095534563]
0.157947674394 [0.161540448666] [0.154354900122]
0.156348198652 [0.160839602351] [0.151856794953]
0.152429513633 [0.154683321714] [0.150175705552]
0.14971280097950002 [0.149208396673] [0.150217205286]
0.149384818971 [0.147210180759] [0.151559457183]
0.15200582891699999 [0.149177506566] [0.154834151268]
0.15690179914199998 [0.155027672648] [0.158775925636]
0.16097359359250002 [0.160707384348] [0.161239802837]
0.16376546025299998 [0.164765492082] [0.162765428424]
0.165687695146 [0.167715415359] [0.163659974933]
0.166840605438 [0.170033603907] [0.163647606969]
0.165950462222 [0.171040683985] [0.160860240459]
0.165003657341 [0.173940077424] [0.156067237258]
0.16370280087 [0.177718281746] [0.149687319994]
0.163739271462 [0.181667163968] [0.145811378956]
0.16568022221349998 [0.186415448785] [0.144944995642]
0.171368047595 [0.194993406534] [0.147742688656]
0.1784178689125 [0.205820336938] [0.151015400887]
0.182734332979 [0.215297266841] [0.150171399117]
0.17924330383550002 [0.219836860895] [0.138649746776]
0.16659015417099998 [0.216762900352] [0.11641740799]
0.1535000652076 [0.210412308574] [0.0965878218412]
