0.04352175816895 [0.0246512666345] [0.0623922497034]
0.0432804878801 [0.0223318450153] [0.0642291307449]
0.0435115415603 [0.0214331634343] [0.0655899196863]
0.04381211008875 [0.0214953776449] [0.0661288425326]
0.04714295547455 [0.0223771762103] [0.0719087347388]
0.0529900826514 [0.02403023839] [0.0819499269128]
0.06263858173045 [0.0263463649899] [0.098930798471]
0.0729866791516 [0.0289628319442] [0.117010526359]
0.0790400095284 [0.0315148755908] [0.126565143466]
0.0811355914923 [0.0339767597616] [0.128294423223]
0.0817655716092 [0.0364878959954] [0.127043247223]
0.08238605782415 [0.0402423217893] [0.124529793859]
0.0844922605903 [0.0463982112706] [0.12258630991]
0.0885221622885 [0.056310147047] [0.12073417753]
0.0951558649539 [0.0712731480598] [0.119038581848]
0.1046940572559 [0.0912872254848] [0.118100889027]
0.116581942886 [0.112159781158] [0.121004104614]
0.127170801163 [0.125505000353] [0.128836601973]
0.13183971494399999 [0.127356290817] [0.136323139071]
0.135095871985 [0.124908670783] [0.145283073187]
0.139676377177 [0.126406922936] [0.152945831418]
0.143798433244 [0.129847437143] [0.157749429345]
0.1480596885085 [0.134493201971] [0.161626175046]
0.1526957526805 [0.141154885292] [0.164236620069]
0.158057138324 [0.149679973722] [0.166434302926]
0.16534717381 [0.158995822072] [0.171698525548]
0.171846754849 [0.166358545423] [0.177334964275]
0.177886866033 [0.171124741435] [0.184648990631]
0.18341200053700002 [0.175253838301] [0.191570162773]
0.187692947686 [0.179415032268] [0.195970863104]
0.193293400109 [0.186412036419] [0.200174763799]
0.20247970521449998 [0.19530813396] [0.209651276469]
0.21338169276699998 [0.206894740462] [0.219868645072]
0.22257332503799998 [0.220263004303] [0.224883645773]
0.22865571826699999 [0.234685570002] [0.222625866532]
0.2261350825425 [0.247536718845] [0.20473344624]
0.2237532511355 [0.256260126829] [0.191246375442]
0.219542466104 [0.25526663661] [0.183818295598]
0.216683320701 [0.253697425127] [0.179669216275]
0.21729461103699999 [0.256887018681] [0.177702203393]
0.2212809622285 [0.265266448259] [0.177295476198]
0.2235367298125 [0.268766373396] [0.178307086229]
0.2257957607505 [0.270598620176] [0.180992901325]
0.2272506430745 [0.269944339991] [0.184556946158]
0.229402936995 [0.271452575922] [0.187353298068]
0.230972364545 [0.274699449539] [0.187245279551]
0.22949469834550001 [0.273870885372] [0.185118511319]
0.22564326971749998 [0.26730248332] [0.183984056115]
0.221069931984 [0.256352394819] [0.185787469149]
0.2182310372595 [0.248042404652] [0.188419669867]
0.217515312135 [0.242874741554] [0.192155882716]
0.2195704206825 [0.240234345198] [0.198906496167]
0.2257851958275 [0.239218443632] [0.212351948023]
0.23446476459499999 [0.23847065866] [0.23045887053]
0.2422967776655 [0.23255713284] [0.252036422491]
0.24804376065699998 [0.223791092634] [0.27229642868]
0.248683616519 [0.213401854038] [0.283965379]
0.23470047861350002 [0.201679721475] [0.267721235752]
0.18879298865799998 [0.187713593245] [0.189872384071]
0.140034779906 [0.171430557966] [0.108639001846]
0.1096158735452 [0.153680324554] [0.0655514225364]
0.09282177872975 [0.139814794064] [0.0458287633955]
0.08400441892464999 [0.130893453956] [0.0371153838933]
0.0798700414596 [0.127125293016] [0.0326147899032]
0.07866820320475 [0.126991137862] [0.0303452685475]
0.07884275913225 [0.128436848521] [0.0292486697435]
0.0791720673441 [0.129758864641] [0.0285852700472]
0.07914426363985 [0.130344972014] [0.0279435552657]
0.07887271698565 [0.130615323782] [0.0271301101893]
0.07845563627800001 [0.13069793582] [0.026213336736]
0.07840241678070001 [0.131380081177] [0.0254247523844]
0.07867897208765 [0.132451355457] [0.0249065887183]
0.07914991490534999 [0.133550480008] [0.0247493498027]
0.07973407395185 [0.134350463748] [0.0251176841557]
0.0809594159945 [0.13571678102] [0.026202050969]
0.0838328348472 [0.139123380184] [0.0285422895104]
0.08951299265005 [0.146043464541] [0.0329825207591]
0.10015578940520001 [0.157158881426] [0.0431526973844]
0.11509559303505 [0.165962040424] [0.0642291456461]
0.1342740841211 [0.171379670501] [0.0971684977412]
0.1463744863865 [0.171397924423] [0.12135104835]
0.1475054621695 [0.169026777148] [0.125984147191]
0.145117484033 [0.165071964264] [0.125163003802]
0.1446222364905 [0.163744285703] [0.125500187278]
0.14605577290049998 [0.162321165204] [0.129790380597]
0.1507585793735 [0.160031780601] [0.141485378146]
0.15567423403250003 [0.154446527362] [0.156901940703]
0.16059050709 [0.152854934335] [0.168326079845]
0.16588023304900001 [0.155081838369] [0.176678627729]
0.1704313606025 [0.15903647244] [0.181826248765]
0.1703992486 [0.16356985271] [0.17722864449]
0.1628362908955 [0.167902231216] [0.157770350575]
0.1527622938155 [0.170952871442] [0.134571716189]
0.141968294978 [0.170801088214] [0.113135501742]
