0.197591073811 [0.131615445018] [0.263566702604]
0.1823246479035 [0.127673834562] [0.236975461245]
0.16791738569749998 [0.12527358532] [0.210561186075]
0.157091468573 [0.125160440803] [0.189022496343]
0.14987736940399998 [0.126434251666] [0.173320487142]
0.143980666995 [0.128697395325] [0.159263938665]
0.13924299180549998 [0.131058454514] [0.147427529097]
0.13634664565350002 [0.133634194732] [0.139059096575]
0.1347182765605 [0.135648623109] [0.133787930012]
0.1314456686375 [0.135278344154] [0.127612993121]
0.126110073179 [0.133627444506] [0.118592701852]
0.1194153912365 [0.13179667294] [0.107034109533]
0.1131956502795 [0.131151497364] [0.095239803195]
0.1092179827392 [0.132456600666] [0.0859793648124]
0.1082285270093 [0.136562466621] [0.0798945873976]
0.108423296362 [0.142341226339] [0.074505366385]
0.10809831693785 [0.146963194013] [0.0692334398627]
0.108198713511 [0.150225013494] [0.066172413528]
0.10641860589375 [0.149463534355] [0.0633736774325]
0.1025145202876 [0.143869712949] [0.0611593276262]
0.0968074481932 [0.135015264153] [0.0585996322334]
0.0908622965218 [0.126594051719] [0.0551305413246]
0.08603907749075 [0.121177002788] [0.0509011521935]
0.0829965472222 [0.11859857291] [0.0473945215344]
0.0812999848277 [0.117423772812] [0.0451761968434]
0.0796185862273 [0.114988014102] [0.0442491583526]
0.07696400955325 [0.109931305051] [0.0439967140555]
0.0734092574567 [0.102461822331] [0.0443566925824]
0.06945312954485 [0.0936960950494] [0.0452101640403]
0.06570761464540001 [0.0852806642652] [0.0461345650256]
0.0625993460417 [0.0778679549694] [0.047330737114]
0.06094972416755 [0.0729485750198] [0.0489508733153]
0.06049898266795 [0.0700682848692] [0.0509296804667]
0.06086825579405 [0.0686655566096] [0.0530709549785]
0.06225421465935 [0.0689856633544] [0.0555227659643]
0.0649409368634 [0.0706799328327] [0.0592019408941]
0.0693932063878 [0.0732553377748] [0.0655310750008]
0.07642310857775 [0.0764974579215] [0.076348759234]
0.08635665103795001 [0.0797531604767] [0.0929601415992]
0.099415231496 [0.083036467433] [0.115793995559]
0.11317849904285 [0.0874620378017] [0.138894960284]
0.12171129137255 [0.0930752754211] [0.150347307324]
0.1157234013079 [0.0997873097658] [0.13165949285]
0.0996171198785 [0.106457658112] [0.092776581645]
0.08713733218610001 [0.112352758646] [0.0619219057262]
0.08103789202855 [0.117174863815] [0.0449009202421]
0.07866315729915 [0.12102714926] [0.0362991653383]
0.07743109390145 [0.122820287943] [0.0320418998599]
0.07602584827685 [0.122223228216] [0.0298284683377]
0.0739184245465 [0.119682282209] [0.028154566884]
0.0715532545001 [0.11658000201] [0.0265265069902]
0.06988867837955 [0.114615760744] [0.0251615960151]
0.06878523621705 [0.113070860505] [0.0244996119291]
0.06758866552255 [0.110379077494] [0.0247982535511]
0.0666358405724 [0.107377551496] [0.0258941296488]
0.06675012409685 [0.106347925961] [0.0271523222327]
0.0655737584455 [0.103413186967] [0.027734329924]
0.06253461912275 [0.0976110696793] [0.0274581685662]
0.05816079303625 [0.0899428278208] [0.0263787582517]
0.05576293822375 [0.0859684050083] [0.0255574714392]
0.05569645389915 [0.0858564376831] [0.0255364701152]
0.0577259324491 [0.0892383679748] [0.0262134969234]
0.06054465845225 [0.0937618985772] [0.0273274183273]
0.0633394066244 [0.0981006994843] [0.0285781137645]
0.06561700068425 [0.101188644767] [0.0300453566015]
0.0670284479858 [0.101680979133] [0.0323759168386]
0.0668624099344 [0.0983858555555] [0.0353389643133]
0.06406308338045 [0.0906218364835] [0.0375043302774]
0.059080353006700004 [0.0806614682078] [0.0374992378056]
0.05356972850859999 [0.0717156454921] [0.0354238115251]
0.049033457413299994 [0.065499804914] [0.0325671099126]
