0.185520619154 [0.127249404788] [0.24379183352]
0.1846491470935 [0.121178239584] [0.248120054603]
0.180045943707 [0.113141901791] [0.246949985623]
0.17255724594 [0.104852475226] [0.240262016654]
0.1647317335009 [0.0971135050058] [0.232349961996]
0.15832068026075 [0.0929335951805] [0.223707765341]
0.15201639384025 [0.0907699763775] [0.213262811303]
0.1469257995488 [0.0917911976576] [0.20206040144]
0.14010102674390001 [0.0902093872428] [0.189992666245]
0.1292562223973 [0.0818456336856] [0.176666811109]
0.11681871488675 [0.0729096755385] [0.160727754235]
0.1072626896204 [0.0665812715888] [0.147944107652]
0.10074483230705 [0.0628566965461] [0.138632968068]
0.09695923514655 [0.0612166114151] [0.132701858878]
0.0953077226878 [0.0608152896166] [0.129800155759]
0.095041759312 [0.060815513134] [0.12926800549]
0.09613746963415 [0.0607602857053] [0.131514653563]
0.0982502512632 [0.0607883259654] [0.135712176561]
0.10052606090895 [0.0609943345189] [0.140057787299]
0.10141781903825 [0.0609469003975] [0.141888737679]
0.099153794348 [0.059874728322] [0.138432860374]
0.09349753148845 [0.0570400394499] [0.129955023527]
0.08540378510965 [0.0523652359843] [0.118442334235]
0.07628020830474999 [0.0464088357985] [0.106151580811]
0.06783316470685 [0.0400668270886] [0.0955995023251]
0.0611376855522 [0.0344949252903] [0.0877804458141]
0.0571034355089 [0.0306474324316] [0.0835594385862]
0.05501442216335 [0.028618697077] [0.0814101472497]
0.053986230865099995 [0.0279590897262] [0.080013372004]
0.0531728705391 [0.0283518414944] [0.0779938995838]
0.0520594986156 [0.0292617697269] [0.0748572275043]
0.05053725559265 [0.0302543137223] [0.070820197463]
0.0484571773559 [0.0311812721193] [0.0657330825925]
0.0459680519998 [0.0318721979856] [0.060063906014]
0.04324146546425 [0.0322493873537] [0.0542335435748]
0.04055324941875 [0.0322933122516] [0.0488131865859]
0.03858637437225 [0.0323743224144] [0.0447984263301]
0.0379847083241 [0.0329623743892] [0.043007042259]
0.03955349326135 [0.034810077399] [0.0442969091237]
0.04375338181855 [0.0390571244061] [0.048449639231]
0.051104709506000004 [0.0477077439427] [0.0545016750693]
0.061769310385 [0.0626574903727] [0.0608811303973]
0.07427634298800001 [0.082303956151] [0.066248729825]
0.08089474961160001 [0.0919244736433] [0.0698650255799]
0.07746510580185001 [0.0820220038295] [0.0729082077742]
0.07148642465475 [0.0663466975093] [0.0766261518002]
0.06869982555505 [0.0550245568156] [0.0823750942945]
0.06972947902975 [0.0483453981578] [0.0911135599017]
0.0748639609664 [0.0454685799778] [0.104259341955]
0.08431787975135 [0.0455425716937] [0.123093187809]
0.0976957548411 [0.0476302541792] [0.147761255503]
0.11338272131975001 [0.0511002875865] [0.175665155053]
0.12904396653154998 [0.0552196055651] [0.202868327498]
0.1417891252786 [0.0594725050032] [0.224105745554]
0.1486022919416 [0.0632190406322] [0.233985543251]
0.14949406310905 [0.0660818293691] [0.232906296849]
0.1491289660334 [0.0677932351828] [0.230464696884]
0.14409291744215 [0.0689075887203] [0.219278246164]
0.13131912052625 [0.0707744807005] [0.191863760352]
0.11079795286055 [0.0752961263061] [0.146299779415]
0.09410117939115001 [0.0848021507263] [0.103400208056]
0.0872436761856 [0.100063636899] [0.0744237154722]
0.08791844174245 [0.117995113134] [0.0578417703509]
0.08774307742724999 [0.127235516906] [0.0482506379485]
0.08479146473089999 [0.127059936523] [0.0425229929388]
0.08141574077290001 [0.123841039836] [0.0389904417098]
0.07898975908755 [0.121271751821] [0.0367077663541]
0.07690452225495 [0.118506260216] [0.0353027842939]
0.0752227585761 [0.115753009915] [0.0346925072372]
0.0736726149919 [0.112603977323] [0.0347412526608]
0.07284880615770001 [0.110583178699] [0.0351144336164]
0.07273287512349999 [0.109808810055] [0.035656940192]
0.074805431068 [0.113438025117] [0.036172837019]
0.07901846244954999 [0.121023125947] [0.0370137989521]
0.08590333722515 [0.133082926273] [0.0387237481773]
0.09546266123655 [0.149233147502] [0.0416921749711]
0.10722442902604999 [0.168138235807] [0.0463106222451]
0.11905881576235 [0.185736387968] [0.0523812435567]
0.1277723871171 [0.19745773077] [0.0580870434642]
0.1312139555814 [0.202245280147] [0.0601826310158]
0.1302472054957 [0.20200240612] [0.0584920048714]
0.12833129800865 [0.200743198395] [0.0559193976223]
0.1272396724673 [0.200640484691] [0.0538388602436]
0.1275804974138 [0.203018426895] [0.0521425679326]
0.12927131913625 [0.208033099771] [0.0505095385015]
0.13134693913165 [0.213794887066] [0.0488989911973]
0.13306540064495 [0.218490734696] [0.0476400665939]
0.1339895296842 [0.220860183239] [0.0471188761294]
0.13464757613824999 [0.221864596009] [0.0474305562675]
0.13368463888745 [0.218966439366] [0.0484028384089]
0.1318986881524 [0.213497519493] [0.0502998568118]
0.13153156079345 [0.209627136588] [0.0534359849989]
0.1346891783179 [0.211003482342] [0.0583748742938]
0.14265777543164998 [0.217609390616] [0.0677061602473]
0.1551474742591 [0.226365238428] [0.0839297100902]
0.1714502908285 [0.234389826655] [0.108510755002]
0.19051142036899998 [0.243131369352] [0.137891471386]
0.2060831040145 [0.247764885426] [0.164401322603]
0.2171747162935 [0.250719308853] [0.183630123734]
0.2237564101815 [0.25053447485] [0.196978345513]
0.2288718000055 [0.246350839734] [0.211392760277]
0.2306472882625 [0.236858308315] [0.22443626821]
0.2308319061995 [0.226704597473] [0.234959214926]
0.22906023263949998 [0.218010246754] [0.240110218525]
0.22664312273249998 [0.210790723562] [0.242495521903]
0.2244489118455 [0.205146253109] [0.243751570582]
0.2239546850325 [0.202436089516] [0.245473280549]
0.22404505312450002 [0.202159777284] [0.245930328965]
0.2244708240035 [0.20333814621] [0.245603501797]
0.224033817649 [0.203309297562] [0.244758337736]
0.22316859662549998 [0.201704233885] [0.244632959366]
0.2208955660465 [0.198269322515] [0.243521809578]
0.21322728693499998 [0.187837153673] [0.238617420197]
0.201262958348 [0.173012852669] [0.229513064027]
0.18900298327249998 [0.156316429377] [0.221689537168]
0.179835125804 [0.141820460558] [0.21784979105]
0.17306364327649998 [0.129869073629] [0.216258212924]
0.169534660876 [0.124045416713] [0.215023905039]
0.1674325503405 [0.121482186019] [0.213382914662]
0.166215389967 [0.120537355542] [0.211893424392]
0.165479499847 [0.120038427413] [0.210920572281]
0.16591835394499999 [0.119719229639] [0.212117478251]
0.1653732322155 [0.119539119303] [0.211207345128]
0.158982057124 [0.119425885379] [0.198538228869]
0.142360705882 [0.118877224624] [0.16584418714]
0.125617042184 [0.117706954479] [0.133527129889]
0.111616384238 [0.115915559232] [0.107317209244]
0.10221299529075 [0.114419542253] [0.0900064483285]
0.09676522761600001 [0.114559233189] [0.078971222043]
0.0943972989919 [0.117509067059] [0.0712855309248]
0.0944744460286 [0.123870186508] [0.0650787055492]
0.09519245848055 [0.13097807765] [0.0594068393111]
0.09620785340685001 [0.138062179089] [0.0543535277247]
0.09617794118815 [0.141860321164] [0.0504955612123]
0.09625847451405 [0.143960669637] [0.0485562793911]
0.0970950350167 [0.145859897137] [0.0483301728964]
0.0978763755409 [0.146132946014] [0.0496198050678]
0.0974251031875 [0.142828285694] [0.052021920681]
0.09489239379745 [0.135375037789] [0.0544097498059]
0.0916773304345 [0.12641645968] [0.056938201189]
0.0888031050561 [0.118164978921] [0.0594412311912]
0.08771664276705 [0.11294478178] [0.0624885037541]
0.08953445777315 [0.111956238747] [0.0671126767993]
0.09448855370265 [0.114929810166] [0.0740472972393]
0.10056976601494999 [0.119565099478] [0.0815744325519]
0.10666998475770001 [0.123371019959] [0.0899689495564]
0.11259321123375 [0.125946953893] [0.0992394685745]
0.11899436637750001 [0.127271309495] [0.11071742326]
0.12662325054399998 [0.127754554152] [0.125491946936]
0.1346148401495 [0.128229781985] [0.140999898314]
0.141442641616 [0.129656404257] [0.153228878975]
0.14658686518699998 [0.133317470551] [0.159856259823]
0.151463009417 [0.140211060643] [0.162714958191]
0.1586865335705 [0.150552749634] [0.166820317507]
0.170167036355 [0.164281919599] [0.176052153111]
0.18471190333350002 [0.174649223685] [0.194774582982]
0.1946791484955 [0.17615634203] [0.213201954961]
0.19723767042149998 [0.166549235582] [0.227926105261]
0.1896832436325 [0.148934081197] [0.230432406068]
0.180496297777 [0.134583950043] [0.226408645511]
0.1565176025035 [0.125309035182] [0.187726169825]
0.127425391227 [0.120180509984] [0.13467027247]
0.10682780295614999 [0.117402099073] [0.0962535068393]
0.09439237788305 [0.113983929157] [0.0748008266091]
0.0873259231446 [0.110705055296] [0.0639467909932]
0.0828589126467 [0.107155330479] [0.0585624948144]
0.07896214909835 [0.103181801736] [0.0547424964607]
0.0748120807111 [0.0984958782792] [0.051128283143]
0.07007143646475 [0.0933531299233] [0.0467897430062]
0.06694966368380001 [0.0886343121529] [0.0452650152147]
0.06505093723535 [0.0865912139416] [0.0435106605291]
0.06262734904885 [0.0890057608485] [0.0362489372492]
0.06430989131334999 [0.0972207784653] [0.0313990041614]
