0.06677070446309999 [0.0889149531722] [0.044626455754]
0.06665641628204999 [0.0848329737782] [0.0484798587859]
0.06800240650775 [0.0820067226887] [0.0539980903268]
0.0718917660415 [0.0805580168962] [0.0632255151868]
0.07821175828575 [0.0793081149459] [0.0771154016256]
0.08540832251309999 [0.0777337253094] [0.0930829197168]
0.09008237719555 [0.0766651108861] [0.103499643505]
0.08791756257415001 [0.0763342529535] [0.0995008721948]
0.0803978517652 [0.0772057846189] [0.0835899189115]
0.0719869583845 [0.0785186290741] [0.0654552876949]
0.0659818146378 [0.0799718350172] [0.0519917942584]
0.0626456607133 [0.0815037935972] [0.0437875278294]
0.060691451653799994 [0.0824360772967] [0.0389468260109]
0.05920697562395 [0.0829014405608] [0.0355125106871]
0.05897745117545 [0.085784047842] [0.0321708545089]
0.05955104343595 [0.0904510095716] [0.0286510773003]
0.05932796373965 [0.0929760858417] [0.0256798416376]
0.05980559810995 [0.0958610549569] [0.023750141263]
0.06167647335675 [0.100445203483] [0.0229077432305]
0.064030182548 [0.105195000768] [0.022865364328]
0.06439194176365 [0.105553209782] [0.0232306737453]
0.0643636817112 [0.1050715819] [0.0236557815224]
0.0638922732322 [0.103777490556] [0.0240070559084]
0.06338501814765 [0.102253854275] [0.0245161820203]
0.06352106388685 [0.101413622499] [0.0256285052747]
0.0639606332409 [0.100392594934] [0.0275286715478]
0.06547906808565 [0.100825250149] [0.0301328860223]
0.0682752877473 [0.104165136814] [0.0323854386806]
0.07260422967355 [0.11090259999] [0.0343058593571]
0.07915570400659999 [0.12181340158] [0.0364980064332]
0.0894324667751 [0.138720422983] [0.0401445105672]
0.10724734887495 [0.168051555753] [0.0464431419969]
0.12327348627165 [0.191566333175] [0.0549806393683]
0.13317105174055 [0.203773036599] [0.0625690668821]
0.1491695195436 [0.231122419238] [0.0672166198492]
0.1524937860667 [0.234945386648] [0.0700421854854]
0.15437658876195 [0.234404280782] [0.0743488967419]
0.15469529107195001 [0.228013977408] [0.0813766047359]
0.15320821851505 [0.215313613415] [0.0911028236151]
0.1497360356155 [0.198315083981] [0.10115698725]
0.14456270635149998 [0.180970937014] [0.108154475689]
0.138355527073 [0.166711837053] [0.109999217093]
0.1329638771715 [0.156829327345] [0.109098426998]
0.128936458379 [0.150885388255] [0.106987528503]
0.1267856657505 [0.147315844893] [0.106255486608]
0.126063235104 [0.144020050764] [0.108106419444]
0.123543433845 [0.13609868288] [0.11098818481]
0.121464639902 [0.127510920167] [0.115418359637]
0.1208507940175 [0.120473921299] [0.121227666736]
0.121807400137 [0.116982810199] [0.126631990075]
0.1230148635805 [0.117362506688] [0.128667220473]
0.123022571206 [0.119960591197] [0.126084551215]
0.12015562504499999 [0.119556263089] [0.120754987001]
0.116104897112 [0.116665132344] [0.11554466188]
0.113744623959 [0.114854596555] [0.112634651363]
0.115647982806 [0.118669591844] [0.112626373768]
0.121438894421 [0.126654088497] [0.116223700345]
0.12835419178000002 [0.134633526206] [0.122074857354]
0.13400267064549998 [0.1404825598] [0.127522781491]
0.136046551168 [0.140875682235] [0.131217420101]
0.137863315642 [0.140764564276] [0.134962067008]
0.1402676180005 [0.141903877258] [0.138631358743]
0.142155267298 [0.143733203411] [0.140577331185]
0.14492965489600002 [0.145703330636] [0.144155979156]
0.1486244127155 [0.146534174681] [0.15071465075]
0.1519891768695 [0.145345583558] [0.158632770181]
0.154617086053 [0.142968788743] [0.166265383363]
0.1581584885715 [0.140068531036] [0.176248446107]
0.1617822796105 [0.137579709291] [0.18598484993]
