0.10784892365314999 [0.171448975801] [0.0442488715053]
0.10378238931315 [0.164083912969] [0.0434808656573]
0.0995787493886 [0.156787529588] [0.0423699691892]
0.0960688404741 [0.151097774506] [0.0410399064422]
0.0929198972883 [0.146126493812] [0.0397133007646]
0.08962023817015001 [0.140716403723] [0.0385240726173]
0.08628872223185001 [0.135042607784] [0.0375348366797]
0.08331345394260001 [0.129688113928] [0.0369387939572]
0.081414429471 [0.12547300756] [0.037355851382]
0.08170882053685 [0.123684152961] [0.0397334881127]
0.08549736067665 [0.125670924783] [0.0453237965703]
0.09444365091609999 [0.131987378001] [0.0568999238312]
0.11025951057685 [0.14120477438] [0.0793142467737]
0.1301901862025 [0.148582488298] [0.111797884107]
0.1414429619905 [0.148605048656] [0.134280875325]
0.13390553742650002 [0.14021961391] [0.127591460943]
0.11759521439699999 [0.129032313824] [0.10615811497]
0.1044348701833 [0.118465222418] [0.0904045179486]
0.0963106639683 [0.111304603517] [0.0813167244196]
0.092769905925 [0.108670778573] [0.076869033277]
0.09193414449699999 [0.108793243766] [0.075075045228]
0.09207424521464999 [0.109452620149] [0.0746958702803]
0.092641554773 [0.109928607941] [0.075354501605]
0.0938427373767 [0.111437484622] [0.0762479901314]
0.0944910459219 [0.112365402281] [0.0766166895628]
0.0938365049659 [0.111801639199] [0.0758713707328]
0.09223650395855 [0.110217645764] [0.0742553621531]
0.09001933038235 [0.107531696558] [0.0725069642067]
0.08860725909465 [0.105102315545] [0.0721122026443]
0.08980915322899999 [0.105007044971] [0.074611261487]
0.09502118080864999 [0.108687438071] [0.0813549235463]
0.1049620993433 [0.116727687418] [0.0931965112686]
0.1199955791235 [0.128517657518] [0.111473500729]
0.13628488034000003 [0.141353622079] [0.131216138601]
0.14423670619700002 [0.152637660503] [0.135835751891]
0.13628520444050002 [0.157210662961] [0.11535974592]
0.11931139230730001 [0.15351767838] [0.0851051062346]
0.1032943073659 [0.144656717777] [0.0619318969548]
0.09058330580570001 [0.132642447948] [0.0485241636634]
0.0815941430628 [0.12187577039] [0.0413125157356]
0.07629879936575 [0.114841222763] [0.0377563759685]
0.07430668734035 [0.112227365375] [0.0363860093057]
0.07456193864355 [0.113051004708] [0.0360728725791]
0.07668210566059999 [0.117170132697] [0.0361940786242]
0.0796236265452 [0.122637242079] [0.0366100110114]
0.08267408609385 [0.128142595291] [0.0372055768967]
0.085249522701 [0.132667258382] [0.03783178702]
0.08709042519304999 [0.135889679193] [0.0382911711931]
0.0883048828691 [0.137942507863] [0.0386672578752]
0.0900199599564 [0.140639141202] [0.0394007787108]
0.09394299052635 [0.146450951695] [0.0414350293577]
0.10240029357375001 [0.158840328455] [0.0459602586925]
0.11685152538135 [0.178643703461] [0.0550593473017]
0.1380713582037 [0.203701227903] [0.0724414885044]
0.16564895585199998 [0.228045746684] [0.10325216502]
0.1989455595615 [0.246720120311] [0.151170998812]
0.225320123136 [0.25804361701] [0.192596629262]
0.241113208234 [0.264418661594] [0.217807754874]
0.2528896704315 [0.265018939972] [0.240760400891]
0.260194212198 [0.262937366962] [0.257451057434]
0.26191388070599997 [0.261844485998] [0.261983275414]
0.260292842984 [0.262032598257] [0.258553087711]
0.2587846517565 [0.26510155201] [0.252467751503]
0.2605140656235 [0.270417094231] [0.250611037016]
0.2615203112365 [0.275039881468] [0.248000741005]
0.257873669267 [0.27670788765] [0.239039450884]
0.251595042646 [0.270721077919] [0.232469007373]
0.241381585598 [0.253408014774] [0.229355156422]
0.2254159078 [0.224309027195] [0.226522788405]
0.21245376765700003 [0.200107052922] [0.224800482392]
0.203173816204 [0.18449626863] [0.221851363778]
0.1977151557805 [0.177617907524] [0.217812404037]
0.194690413773 [0.175824463367] [0.213556364179]
0.1926667764785 [0.177006453276] [0.208327099681]
0.194229803979 [0.179669424891] [0.208790183067]
0.195998601615 [0.1831009835] [0.20889621973]
0.1946623399855 [0.184675052762] [0.204649627209]
0.189696520567 [0.181304112077] [0.198088929057]
0.1829504296185 [0.174627646804] [0.191273212433]
0.176038533449 [0.167108684778] [0.18496838212]
0.171145513654 [0.161581709981] [0.180709317327]
0.1686669886115 [0.159706324339] [0.177627652884]
0.16841598600149998 [0.162297934294] [0.174534037709]
0.169230394065 [0.169132262468] [0.169328525662]
0.170772023499 [0.178614556789] [0.162929490209]
0.17365308851 [0.187231510878] [0.160074666142]
0.1787740662695 [0.198896482587] [0.158651649952]
0.180353574455 [0.202746719122] [0.157960429788]
0.17700598388900002 [0.195328250527] [0.158683717251]
0.170087762177 [0.180977284908] [0.159198239446]
0.1626227125525 [0.165914058685] [0.15933136642]
0.1552738919855 [0.152202770114] [0.158345013857]
0.1506792008875 [0.144058227539] [0.157300174236]
0.1488754451275 [0.13923586905] [0.158515021205]
0.150904841721 [0.136514261365] [0.165295422077]
0.1576728597285 [0.136369779706] [0.178975939751]
0.1683893352745 [0.138574361801] [0.198204308748]
0.1796078979965 [0.142889410257] [0.216326385736]
