0.0465746289119 [0.0692222192883] [0.0239270385355]
0.0457152370363 [0.0692222192883] [0.0222082547843]
0.04496265482155 [0.0692222192883] [0.0207030903548]
0.044370943680399996 [0.0692222192883] [0.0195196680725]
0.0438661081716 [0.0692222192883] [0.0185099970549]
0.0434001004323 [0.0692222192883] [0.0175779815763]
0.043110801838299996 [0.0692222192883] [0.0169993843883]
0.0459644272923 [0.0692222192883] [0.0227066352963]
0.049818262457799994 [0.0692222192883] [0.0304143056273]
0.0558178797364 [0.0692222192883] [0.0424135401845]
0.066927164793 [0.0692222192883] [0.0646321102977]
0.10947850719115 [0.0692222192883] [0.149734795094]
0.10996093973515 [0.0692222192883] [0.150699660182]
0.11250027641665 [0.0692222192883] [0.155778333545]
0.11596521362665 [0.0692222192883] [0.162708207965]
0.11946933344015 [0.0692222192883] [0.169716447592]
0.12251796945915 [0.0692222192883] [0.17581371963]
0.12428661063315 [0.0692222192883] [0.179351001978]
0.12326857075115 [0.0692222192883] [0.177314922214]
0.11932919546965 [0.0692222192883] [0.169436171651]
0.11438945308315 [0.0692222192883] [0.159556686878]
0.11050941422565 [0.0692222192883] [0.151796609163]
0.10709102079265 [0.0692222192883] [0.144959822297]
0.10555360093715 [0.0692222192883] [0.141884982586]
0.10548708215364999 [0.0692222192883] [0.141751945019]
0.10632180795065 [0.0692222192883] [0.143421396613]
0.10715420916665 [0.0692222192883] [0.145086199045]
0.10558979585764999 [0.0692222192883] [0.141957372427]
0.10087193921215 [0.0692222192883] [0.132521659136]
0.09453136473915 [0.0692222192883] [0.11984051019]
0.08766020834464999 [0.0692222192883] [0.106098197401]
0.0807289332151 [0.0692222192883] [0.0922356471419]
0.07547964528199999 [0.0692222192883] [0.0817370712757]
0.07255866006015 [0.0692222192883] [0.075895100832]
0.07209740206595 [0.0692222192883] [0.0749725848436]
0.07351570948955 [0.0692222192883] [0.0778091996908]
0.07593309506769999 [0.0692222192883] [0.0826439708471]
0.0784687325358 [0.0692222192883] [0.0877152457833]
0.08113959431645 [0.0692222192883] [0.0930569693446]
0.0842784717679 [0.0692222192883] [0.0993347242475]
0.08834228292115 [0.0692222192883] [0.107462346554]
0.09338682517415 [0.0692222192883] [0.11755143106]
0.09860220178965 [0.0692222192883] [0.127982184291]
0.10331970080715 [0.0692222192883] [0.137417182326]
0.10684410110115 [0.0692222192883] [0.144465982914]
0.10802338644865 [0.0692222192883] [0.146824553609]
0.10702398046865 [0.0692222192883] [0.144825741649]
0.10584204271415 [0.0692222192883] [0.14246186614]
0.10687697306265 [0.0692222192883] [0.144531726837]
0.10973126068715 [0.0692222192883] [0.150240302086]
0.11352647468464999 [0.0692222192883] [0.157830730081]
0.11640404537315 [0.0692222192883] [0.163585871458]
0.11772705242015 [0.0692222192883] [0.166231885552]
0.11786447837965 [0.0692222192883] [0.166506737471]
0.11795892938965 [0.0692222192883] [0.166695639491]
0.11818988993764999 [0.0692222192883] [0.167157560587]
0.11785722896465 [0.0692222192883] [0.166492238641]
0.11715919896964999 [0.0692222192883] [0.165096178651]
0.11651818081715 [0.0692222192883] [0.163814142346]
0.11774676665665 [0.0692222192883] [0.166271314025]
0.12148502096515 [0.0692222192883] [0.173747822642]
0.12700328603365 [0.0692222192883] [0.184784352779]
0.13187538459915 [0.0692222192883] [0.19452854991]
0.13275672867915 [0.0692222192883] [0.19629123807]
0.12901504710314998 [0.0692222192883] [0.188807874918]
0.12437453493465 [0.0692222192883] [0.179526850581]
0.12120651826265 [0.0692222192883] [0.173190817237]
0.11935995891665 [0.0692222192883] [0.169497698545]
0.11853792145865 [0.0692222192883] [0.167853623629]
0.11631559208015 [0.0692222192883] [0.163408964872]
0.11324357613915 [0.0692222192883] [0.15726493299]
0.11182105913765 [0.0692222192883] [0.154419898987]
0.11066937074065 [0.0692222192883] [0.152116522193]
0.11067366972565 [0.0692222192883] [0.152125120163]
0.11305231228465 [0.0692222192883] [0.156882405281]
0.11716005578614999 [0.0692222192883] [0.165097892284]
0.12272103503364999 [0.0692222192883] [0.176219850779]
0.13010349497215 [0.0692222192883] [0.190984770656]
0.13795822486265 [0.0692222192883] [0.206694230437]
0.14318094030015 [0.0692222192883] [0.217139661312]
0.14377706125365 [0.0692222192883] [0.218331903219]
0.14083228632814998 [0.0692222192883] [0.212442353368]
0.13834345713265 [0.0692222192883] [0.207464694977]
0.13847209140665 [0.0692222192883] [0.207721963525]
0.14068901911365 [0.0692222192883] [0.212155818939]
0.14142868295315 [0.0692222192883] [0.213635146618]
0.14303131029014998 [0.0692222192883] [0.216840401292]
0.14701595529915001 [0.0692222192883] [0.22480969131]
0.15024869516465 [0.0692222192883] [0.231275171041]
0.15226116403915 [0.0692222192883] [0.23530010879]
0.15371701493865 [0.0692222192883] [0.238211810589]
0.15539345517765 [0.0692222192883] [0.241564691067]
0.15795821323964998 [0.0692222192883] [0.246694207191]
0.16116847470415002 [0.0692222192883] [0.25311473012]
0.16615119948965001 [0.0692222192883] [0.263080179691]
0.17125699296615 [0.0692222192883] [0.273291766644]
0.17602655664064998 [0.0692222192883] [0.282830893993]
0.17979099228965 [0.0692222192883] [0.290359765291]
0.18177578225715002 [0.0692222192883] [0.294329345226]
0.18365267291665 [0.0692222192883] [0.298083126545]
0.18518166616565002 [0.0692222192883] [0.301141113043]
0.18638183549065002 [0.0692222192883] [0.303541451693]
0.18800104036915 [0.0692222192883] [0.30677986145]
0.19065657630564997 [0.0692222192883] [0.312090933323]
0.19460717216114998 [0.0692222192883] [0.319992125034]
0.19934939220565 [0.0692222192883] [0.329476565123]
0.20308971777565 [0.0692222192883] [0.336957216263]
0.20409018173815002 [0.0692222192883] [0.338958144188]
0.20341958478115002 [0.0692222192883] [0.337616950274]
0.20326507464065002 [0.0692222192883] [0.337307929993]
0.20350064709764998 [0.0692222192883] [0.337779074907]
0.20199744775864997 [0.0692222192883] [0.334772676229]
0.19699719920765002 [0.0692222192883] [0.324772179127]
0.18390389159315002 [0.0692222192883] [0.298585563898]
0.15754115954015 [0.0692222192883] [0.245860099792]
0.13104636594664998 [0.0692222192883] [0.192870512605]
0.10470975562915 [0.0692222192883] [0.14019729197]
0.08466246724115001 [0.0692222192883] [0.100102715194]
0.0715746954083 [0.0692222192883] [0.0739271715283]
0.06326191499825 [0.0692222192883] [0.0573016107082]
0.0581988543272 [0.0692222192883] [0.0471754893661]
