0.0632825065404 [0.0828356146812] [0.0437293983996]
0.061552703380599996 [0.0801409631968] [0.0429644435644]
0.060369450598950006 [0.0796891897917] [0.0410497114062]
0.0582506842911 [0.0783048570156] [0.0381965115666]
0.05645763128995 [0.0772825926542] [0.0356326699257]
0.055334143340599995 [0.0756861642003] [0.0349821224809]
0.0555197484791 [0.0741518810391] [0.0368876159191]
0.057506460696450004 [0.073579929769] [0.0414329916239]
0.0604711640626 [0.0727852806449] [0.0481570474803]
0.06373625248669999 [0.0712123513222] [0.0562601536512]
0.06704133749005001 [0.0693661868572] [0.0647164881229]
0.0699093043804 [0.0677236765623] [0.0720949321985]
0.0718832053244 [0.0667308941483] [0.0770355165005]
0.07325539737940001 [0.0666959285736] [0.0798148661852]
0.07452420145275 [0.0677992999554] [0.0812491029501]
0.07578956335785 [0.069644279778] [0.0819348469377]
0.07709189131855 [0.0711931884289] [0.0829905942082]
0.0791461877525 [0.071558393538] [0.086733981967]
0.08301209285855 [0.0708428621292] [0.0951813235879]
0.08877455443150001 [0.068850941956] [0.108698166907]
0.09599382430334999 [0.0667624026537] [0.125225245953]
0.10311849042765 [0.0667946711183] [0.139442309737]
0.10804451629525 [0.0714785680175] [0.144610464573]
0.10990587994455 [0.0777293071151] [0.142082452774]
0.11124888062485 [0.0852561742067] [0.137241587043]
0.11130481213345 [0.0920435935259] [0.130566030741]
0.11084300652160001 [0.0969172865152] [0.124768726528]
0.1102507114412 [0.0999558866024] [0.12054553628]
0.109960101545 [0.101823702455] [0.118096500635]
0.1109100207685 [0.103253126144] [0.118566915393]
0.1141803450885 [0.105109713972] [0.123250976205]
0.12002706527700001 [0.108314141631] [0.131739988923]
0.127333443612 [0.11289549619] [0.141771391034]
0.13350537046799998 [0.117881976068] [0.149128764868]
0.137216538191 [0.122434780002] [0.15199829638]
0.13874324411150002 [0.127275437117] [0.150211051106]
0.136200621724 [0.131152078509] [0.141249164939]
0.1253243908285 [0.129527300596] [0.121121481061]
0.10666847229025 [0.119899488986] [0.0934374555945]
0.0884580798448 [0.10603633523] [0.0708798244596]
0.0771302618086 [0.0962477624416] [0.0580127611756]
0.0714939739555 [0.0915629714727] [0.0514249764383]
0.06963237188759999 [0.0909084901214] [0.0483562536538]
0.06997639872135 [0.0930882841349] [0.0468645133078]
0.0706843901426 [0.0958887189627] [0.0454800613225]
0.07038001157345 [0.0972515270114] [0.0435084961355]
0.068141117692 [0.0957550108433] [0.0405272245407]
0.0639999881387 [0.0914343893528] [0.0365655869246]
0.059354607015850006 [0.0852748826146] [0.0334343314171]
0.055312780663350006 [0.0785929635167] [0.03203259781]
0.05228495784105 [0.072796240449] [0.0317736752331]
0.05072927847505 [0.0689986646175] [0.0324598923326]
0.0508489366621 [0.0675948262215] [0.0341030471027]
0.052779512479899995 [0.0688499435782] [0.0367090813816]
0.05632828734815 [0.0723768696189] [0.0402797050774]
0.06078966148195 [0.0772719159722] [0.0443074069917]
0.0644748583436 [0.0813496559858] [0.0476000607014]
0.06648250855505 [0.0835807621479] [0.0493842549622]
0.0673164501786 [0.0846344903111] [0.0499984100461]
0.0671141128987 [0.0838372334838] [0.0503909923136]
0.0654027108103 [0.0794788450003] [0.0513265766203]
0.06136241555215 [0.0692829564214] [0.0534418746829]
0.057433899492 [0.0572139509022] [0.0576538480818]
0.0562107581645 [0.0474441312253] [0.0649773851037]
0.060190057381950005 [0.0407941229641] [0.0795859917998]
0.07115064375114999 [0.0401644669473] [0.102136820555]
0.0802847221496 [0.0393766835332] [0.121192760766]
0.07797607593229999 [0.0383375026286] [0.117614649236]
0.06673981435595 [0.0369904376566] [0.0964891910553]
0.05717390589415 [0.0354554541409] [0.0788923576474]
