0.21226280182600002 [0.123546048999] [0.300979554653]
0.21226280182600002 [0.123546048999] [0.300979554653]
0.21226280182600002 [0.123546048999] [0.300979554653]
0.21226280182600002 [0.123546048999] [0.300979554653]
0.21226280182600002 [0.123546048999] [0.300979554653]
0.21226280182600002 [0.123546048999] [0.300979554653]
0.21226280182600002 [0.123546048999] [0.300979554653]
0.21226280182600002 [0.123546048999] [0.300979554653]
0.21226280182600002 [0.123546048999] [0.300979554653]
0.21226280182600002 [0.123546048999] [0.300979554653]
0.21226280182600002 [0.123546048999] [0.300979554653]
0.21226280182600002 [0.123546048999] [0.300979554653]
0.21226280182600002 [0.123546048999] [0.300979554653]
0.21226280182600002 [0.123546048999] [0.300979554653]
0.21226280182600002 [0.123546048999] [0.300979554653]
0.21226280182600002 [0.123546048999] [0.300979554653]
0.21226280182600002 [0.123546048999] [0.300979554653]
0.21226280182600002 [0.123546048999] [0.300979554653]
0.21226280182600002 [0.123546048999] [0.300979554653]
0.21226280182600002 [0.123546048999] [0.300979554653]
0.21226280182600002 [0.123546048999] [0.300979554653]
0.21226280182600002 [0.123546048999] [0.300979554653]
0.21226280182600002 [0.123546048999] [0.300979554653]
0.21226280182600002 [0.123546048999] [0.300979554653]
0.21226280182600002 [0.123546048999] [0.300979554653]
0.21226280182600002 [0.123546048999] [0.300979554653]
0.21226280182600002 [0.123546048999] [0.300979554653]
0.21226280182600002 [0.123546048999] [0.300979554653]
0.21226280182600002 [0.123546048999] [0.300979554653]
0.21226280182600002 [0.123546048999] [0.300979554653]
0.21226280182600002 [0.123546048999] [0.300979554653]
0.21226280182600002 [0.123546048999] [0.300979554653]
0.21226280182600002 [0.123546048999] [0.300979554653]
0.21226280182600002 [0.123546048999] [0.300979554653]
0.21226280182600002 [0.123546048999] [0.300979554653]
0.21226280182600002 [0.123546048999] [0.300979554653]
0.21226280182600002 [0.123546048999] [0.300979554653]
0.21226280182600002 [0.123546048999] [0.300979554653]
0.21226280182600002 [0.123546048999] [0.300979554653]
0.21226280182600002 [0.123546048999] [0.300979554653]
0.21226280182600002 [0.123546048999] [0.300979554653]
0.21226280182600002 [0.123546048999] [0.300979554653]
0.21226280182600002 [0.123546048999] [0.300979554653]
0.21226280182600002 [0.123546048999] [0.300979554653]
0.21226280182600002 [0.123546048999] [0.300979554653]
0.21226280182600002 [0.123546048999] [0.300979554653]
0.21226280182600002 [0.123546048999] [0.300979554653]
0.21226280182600002 [0.123546048999] [0.300979554653]
0.21226280182600002 [0.123546048999] [0.300979554653]
0.21226280182600002 [0.123546048999] [0.300979554653]
0.21226280182600002 [0.123546048999] [0.300979554653]
0.21226280182600002 [0.123546048999] [0.300979554653]
0.21226280182600002 [0.123546048999] [0.300979554653]
0.21226280182600002 [0.123546048999] [0.300979554653]
0.21226280182600002 [0.123546048999] [0.300979554653]
0.21226280182600002 [0.123546048999] [0.300979554653]
0.21226280182600002 [0.123546048999] [0.300979554653]
0.21226280182600002 [0.123546048999] [0.300979554653]
0.21226280182600002 [0.123546048999] [0.300979554653]
0.21226280182600002 [0.123546048999] [0.300979554653]
0.21226280182600002 [0.123546048999] [0.300979554653]
0.21226280182600002 [0.123546048999] [0.300979554653]
0.21226280182600002 [0.123546048999] [0.300979554653]
0.21226280182600002 [0.123546048999] [0.300979554653]
0.21226280182600002 [0.123546048999] [0.300979554653]
0.21226280182600002 [0.123546048999] [0.300979554653]
0.21226280182600002 [0.123546048999] [0.300979554653]
0.21226280182600002 [0.123546048999] [0.300979554653]
0.21226280182600002 [0.123546048999] [0.300979554653]
0.21226280182600002 [0.123546048999] [0.300979554653]
0.21226280182600002 [0.123546048999] [0.300979554653]
0.21226280182600002 [0.123546048999] [0.300979554653]
