0.2233443930745 [0.311526268721] [0.135162517428]
0.2233443930745 [0.311526268721] [0.135162517428]
0.2233443930745 [0.311526268721] [0.135162517428]
0.2233443930745 [0.311526268721] [0.135162517428]
0.2233443930745 [0.311526268721] [0.135162517428]
0.2233443930745 [0.311526268721] [0.135162517428]
0.2233443930745 [0.311526268721] [0.135162517428]
0.2233443930745 [0.311526268721] [0.135162517428]
0.2233443930745 [0.311526268721] [0.135162517428]
0.2233443930745 [0.311526268721] [0.135162517428]
0.2233443930745 [0.311526268721] [0.135162517428]
0.2233443930745 [0.311526268721] [0.135162517428]
0.2233443930745 [0.311526268721] [0.135162517428]
0.2233443930745 [0.311526268721] [0.135162517428]
0.2233443930745 [0.311526268721] [0.135162517428]
0.2233443930745 [0.311526268721] [0.135162517428]
0.2233443930745 [0.311526268721] [0.135162517428]
0.2233443930745 [0.311526268721] [0.135162517428]
0.2233443930745 [0.311526268721] [0.135162517428]
0.2233443930745 [0.311526268721] [0.135162517428]
0.2233443930745 [0.311526268721] [0.135162517428]
0.2233443930745 [0.311526268721] [0.135162517428]
0.2233443930745 [0.311526268721] [0.135162517428]
0.2233443930745 [0.311526268721] [0.135162517428]
0.2233443930745 [0.311526268721] [0.135162517428]
0.2233443930745 [0.311526268721] [0.135162517428]
0.2233443930745 [0.311526268721] [0.135162517428]
0.2233443930745 [0.311526268721] [0.135162517428]
0.2233443930745 [0.311526268721] [0.135162517428]
0.2233443930745 [0.311526268721] [0.135162517428]
0.2233443930745 [0.311526268721] [0.135162517428]
0.2233443930745 [0.311526268721] [0.135162517428]
0.2233443930745 [0.311526268721] [0.135162517428]
0.2233443930745 [0.311526268721] [0.135162517428]
0.2233443930745 [0.311526268721] [0.135162517428]
0.2233443930745 [0.311526268721] [0.135162517428]
0.2233443930745 [0.311526268721] [0.135162517428]
0.2233443930745 [0.311526268721] [0.135162517428]
0.2233443930745 [0.311526268721] [0.135162517428]
0.2233443930745 [0.311526268721] [0.135162517428]
0.2233443930745 [0.311526268721] [0.135162517428]
0.2233443930745 [0.311526268721] [0.135162517428]
0.2233443930745 [0.311526268721] [0.135162517428]
0.2233443930745 [0.311526268721] [0.135162517428]
0.2233443930745 [0.311526268721] [0.135162517428]
0.2233443930745 [0.311526268721] [0.135162517428]
0.2233443930745 [0.311526268721] [0.135162517428]
0.2233443930745 [0.311526268721] [0.135162517428]
0.2233443930745 [0.311526268721] [0.135162517428]
0.2233443930745 [0.311526268721] [0.135162517428]
0.2233443930745 [0.311526268721] [0.135162517428]
0.2233443930745 [0.311526268721] [0.135162517428]
0.2233443930745 [0.311526268721] [0.135162517428]
0.2233443930745 [0.311526268721] [0.135162517428]
0.2233443930745 [0.311526268721] [0.135162517428]
0.2233443930745 [0.311526268721] [0.135162517428]
0.2233443930745 [0.311526268721] [0.135162517428]
0.2233443930745 [0.311526268721] [0.135162517428]
0.2233443930745 [0.311526268721] [0.135162517428]
0.2233443930745 [0.311526268721] [0.135162517428]
0.2233443930745 [0.311526268721] [0.135162517428]
0.2233443930745 [0.311526268721] [0.135162517428]
0.2233443930745 [0.311526268721] [0.135162517428]
0.2233443930745 [0.311526268721] [0.135162517428]
0.2233443930745 [0.311526268721] [0.135162517428]
0.2233443930745 [0.311526268721] [0.135162517428]
0.2233443930745 [0.311526268721] [0.135162517428]
0.2233443930745 [0.311526268721] [0.135162517428]
0.2233443930745 [0.311526268721] [0.135162517428]
0.2233443930745 [0.311526268721] [0.135162517428]
0.2233443930745 [0.311526268721] [0.135162517428]
0.2233443930745 [0.311526268721] [0.135162517428]
0.2233443930745 [0.311526268721] [0.135162517428]
0.16520546190459998 [0.311526268721] [0.0188846550882]
0.16684526857005 [0.311526268721] [0.0221642684191]
0.16871363483389998 [0.311526268721] [0.0259010009468]
0.170651487075 [0.311526268721] [0.029776705429]
0.1724999025466 [0.311526268721] [0.0334735363722]
0.17408441379685 [0.311526268721] [0.0366425588727]
0.17531102523224998 [0.311526268721] [0.0390957817435]
0.17599570937474998 [0.311526268721] [0.0404651500285]
0.17633781582135 [0.311526268721] [0.0411493629217]
0.17659601569195 [0.311526268721] [0.0416657626629]
0.1768749952318 [0.311526268721] [0.0422237217426]
0.17722254805284998 [0.311526268721] [0.0429188273847]
0.18052681721765 [0.311526268721] [0.0495273657143]
0.18371772579864998 [0.311526268721] [0.0559091828763]
0.18570447154359998 [0.311526268721] [0.0598826743662]
0.18587363138815 [0.311526268721] [0.0602209940553]
0.18464733101445 [0.311526268721] [0.0577683933079]
0.18289728090184998 [0.311526268721] [0.0542682930827]
0.1820891276004 [0.311526268721] [0.0526519864798]
0.18105789273995 [0.311526268721] [0.0505895167589]
0.1798327192666 [0.311526268721] [0.0481391698122]
0.17860354483145 [0.311526268721] [0.0456808209419]
0.17778001166899998 [0.311526268721] [0.044033754617]
0.17734907008724998 [0.311526268721] [0.0431718714535]
0.17684516124445 [0.311526268721] [0.0421640537679]
0.17572495527585 [0.311526268721] [0.0399236418307]
0.1761745214464 [0.311526268721] [0.0408227741718]
0.1774454601111 [0.311526268721] [0.0433646515012]
0.1793421488257 [0.311526268721] [0.0471580289304]
0.18218492716569998 [0.311526268721] [0.0528435856104]
0.18629874661585 [0.311526268721] [0.0610712245107]
0.19114435091635 [0.311526268721] [0.0707624331117]
0.19672992453 [0.311526268721] [0.081933580339]
0.19202276319285 [0.311526268721] [0.0725192576647]
0.18811069056409999 [0.311526268721] [0.0646951124072]
0.18566517531889998 [0.311526268721] [0.0598040819168]
0.18463401310164998 [0.311526268721] [0.0577417574823]
0.1847438663246 [0.311526268721] [0.0579614639282]
0.19017875194540002 [0.320753842592] [0.0596036612988]
0.1968598440292 [0.331762105227] [0.0619575828314]
0.20138122886419998 [0.334309309721] [0.0684531480074]
0.20273691415785 [0.334309309721] [0.0711645185947]
0.20238222554325 [0.334309309721] [0.0704551413655]
0.20070839300749999 [0.334309309721] [0.067107476294]
0.19887210428715 [0.334309309721] [0.0634348988533]
0.19764350913464998 [0.334309309721] [0.0609777085483]
0.19768983125685 [0.334309309721] [0.0610703527927]
0.1990520581603 [0.334309309721] [0.0637948065996]
0.20137295126915 [0.334309309721] [0.0684365928173]
0.20465940609575 [0.334309309721] [0.0750095024705]
0.21716492995620001 [0.351170361042] [0.0831594988704]
0.23179363086835 [0.372879803181] [0.0907074585557]
0.23442587256445 [0.372879803181] [0.0959719419479]
0.23543997854010001 [0.372879803181] [0.0980001538992]
0.2347691841425 [0.372879803181] [0.096658565104]
0.23279873281735 [0.372879803181] [0.0927176624537]
0.2305708713831 [0.372879803181] [0.0882619395852]
0.2289554327728 [0.372879803181] [0.0850310623646]
0.22857300192135 [0.372879803181] [0.0842662006617]
0.2297803573312 [0.372879803181] [0.0866809114814]
0.2322954088451 [0.372879803181] [0.0917110145092]
0.2343181967737 [0.372879803181] [0.0957565903664]
0.235836133361 [0.372879803181] [0.098792463541]
0.2370451539755 [0.372879803181] [0.10121050477]
0.2374399453405 [0.372879803181] [0.1020000875]
0.23643333837405 [0.372879803181] [0.0999868735671]
0.23416368290795 [0.372879803181] [0.0954475626349]
0.2311938181521 [0.372879803181] [0.0895078331232]
0.22845081612485 [0.372879803181] [0.0840218290687]
0.22696234658375 [0.372879803181] [0.0810448899865]
0.22748352959765 [0.372879803181] [0.0820872560143]
0.23061120510115 [0.372879803181] [0.0883426070213]
0.2435021176935 [0.372879803181] [0.114124432206]
0.261101998389 [0.372879803181] [0.149324193597]
0.283300191164 [0.372879803181] [0.193720579147]
0.323390379548 [0.372879803181] [0.273900955915]
0.32947529852400004 [0.372879803181] [0.286070793867]
0.339456126094 [0.372879803181] [0.306032449007]
0.3518109470605 [0.372879803181] [0.33074209094]
0.361637249589 [0.372879803181] [0.350394695997]
0.3648150116205 [0.372879803181] [0.35675022006]
0.3648150116205 [0.372879803181] [0.35675022006]
0.3648150116205 [0.372879803181] [0.35675022006]
0.3648150116205 [0.372879803181] [0.35675022006]
0.3648150116205 [0.372879803181] [0.35675022006]
0.3648150116205 [0.372879803181] [0.35675022006]
0.3648150116205 [0.372879803181] [0.35675022006]
0.37570157647150004 [0.372879803181] [0.378523349762]
0.388515338302 [0.372879803181] [0.404150873423]
0.39948800206199997 [0.372879803181] [0.426096200943]
0.4114602953195 [0.372879803181] [0.450040787458]
0.42132848501200004 [0.372879803181] [0.469777166843]
0.42132848501200004 [0.372879803181] [0.469777166843]
0.42132848501200004 [0.372879803181] [0.469777166843]
0.42132848501200004 [0.372879803181] [0.469777166843]
0.42132848501200004 [0.372879803181] [0.469777166843]
0.42132848501200004 [0.372879803181] [0.469777166843]
0.42132848501200004 [0.372879803181] [0.469777166843]
0.42132848501200004 [0.372879803181] [0.469777166843]
0.42132848501200004 [0.372879803181] [0.469777166843]
0.42132848501200004 [0.372879803181] [0.469777166843]
0.42132848501200004 [0.372879803181] [0.469777166843]
0.42132848501200004 [0.372879803181] [0.469777166843]
0.42132848501200004 [0.372879803181] [0.469777166843]
0.42132848501200004 [0.372879803181] [0.469777166843]
0.42132848501200004 [0.372879803181] [0.469777166843]
0.42132848501200004 [0.372879803181] [0.469777166843]
0.42132848501200004 [0.372879803181] [0.469777166843]
0.42132848501200004 [0.372879803181] [0.469777166843]
0.42132848501200004 [0.372879803181] [0.469777166843]
0.42132848501200004 [0.372879803181] [0.469777166843]
0.42132848501200004 [0.372879803181] [0.469777166843]
0.279694862664 [0.372879803181] [0.186509922147]
0.2802124097945 [0.372879803181] [0.187545016408]
0.2786977738145 [0.372879803181] [0.184515744448]
0.276335217059 [0.372879803181] [0.179790630937]
0.274352364242 [0.372879803181] [0.175824925303]
0.272767201066 [0.372879803181] [0.172654598951]
0.271550498903 [0.372879803181] [0.170221194625]
