0.1020951606332 [0.137287199497] [0.0669031217694]
0.06679615005850001 [0.0701190456748] [0.0634732544422]
0.0609787311405 [0.0611959882081] [0.0607614740729]
0.0578922703862 [0.0567294023931] [0.0590551383793]
0.0574355777353 [0.055623229593] [0.0592479258776]
0.05904517509045 [0.056381829083] [0.0617085210979]
0.0617013275623 [0.0577786043286] [0.065624050796]
0.06347504630685 [0.0577786043286] [0.0691714882851]
0.06359773129224999 [0.0577786043286] [0.0694168582559]
0.060829959809750006 [0.0577786043286] [0.0638813152909]
0.055658996105200004 [0.0577786043286] [0.0535393878818]
0.05019107833505 [0.0577786043286] [0.0426035523415]
0.040031546726799996 [0.0459865145385] [0.0340765789151]
0.033891370519950004 [0.0394178256392] [0.0283649154007]
0.03055635653435 [0.0362797938287] [0.02483291924]
0.0290374578908 [0.0352989137173] [0.0227760020643]
0.028755472972950002 [0.0357954651117] [0.0217154808342]
0.029295198619349996 [0.0372611284256] [0.0213292688131]
0.030159094370900003 [0.0389634855092] [0.0213547032326]
0.030959929339599998 [0.040486920625] [0.0214329380542]
0.0315538039431 [0.0416802093387] [0.0214273985475]
0.03275549877435 [0.04423731938] [0.0212736781687]
0.03506456129255 [0.0489513836801] [0.021177738905]
0.03760605398565 [0.0537241958082] [0.0214879121631]
0.04096850939095 [0.0589622072875] [0.0229748114944]
0.0459988610819 [0.0652355104685] [0.0267622116953]
0.05348676256835 [0.0725320056081] [0.0344415195286]
0.07726694829755 [0.106119096279] [0.0484148003161]
0.11331821233035 [0.155222222209] [0.0714142024517]
0.1530136950315 [0.202255308628] [0.103772081435]
0.17700971663 [0.218173801899] [0.135845631361]
0.179161384702 [0.20675881207] [0.151563957334]
0.1681384295225 [0.187728956342] [0.148547902703]
0.154819063842 [0.170350924134] [0.13928720355]
0.1440724730495 [0.157364279032] [0.130780667067]
0.137159511447 [0.148536220193] [0.125782802701]
0.1328791342675 [0.143119961023] [0.122638307512]
0.12980543077 [0.139857664704] [0.119753196836]
0.1264903768895 [0.137214809656] [0.115765944123]
0.11999115720350001 [0.130130037665] [0.109852276742]
0.110868405551 [0.119559116662] [0.10217769444]
0.10023749247215 [0.106721810997] [0.0937531739473]
0.08965249732135 [0.0931095778942] [0.0861954167485]
0.08178916573525 [0.0821961089969] [0.0813822224736]
0.07752289623025 [0.0751599594951] [0.0798858329654]
0.0768147818744 [0.072009332478] [0.0816202312708]
0.0792635530233 [0.072537779808] [0.0859893262386]
0.08467209711670001 [0.0768340975046] [0.0925100967288]
0.092301558703 [0.08330334723] [0.101299770176]
0.10111718252285001 [0.0900346189737] [0.112199746072]
0.10979720950130001 [0.0945398807526] [0.12505453825]
0.1155061945319 [0.0952842533588] [0.135728135705]
0.11851232126375 [0.0918724909425] [0.145152151585]
0.11994719132765 [0.0853864327073] [0.154507949948]
0.1222473233939 [0.0772770047188] [0.167217642069]
0.1296395473182 [0.0767831876874] [0.182495906949]
0.1377519369128 [0.0771001428366] [0.198403730989]
0.145372532308 [0.078336417675] [0.212408646941]
0.15029824152575 [0.0771028622985] [0.223493620753]
0.1552246585487 [0.0784393399954] [0.232009977102]
0.1595784313976 [0.0807223245502] [0.238434538245]
0.16207082569585 [0.0808652490377] [0.243276402354]
0.16362036764625 [0.0779502391815] [0.249290496111]
0.16136766970135002 [0.0719996392727] [0.25073570013]
0.1576567627489 [0.0651014521718] [0.250212073326]
0.15250711701805 [0.0591203384101] [0.245893895626]
0.1493966504929 [0.0553614795208] [0.243431821465]
0.14699286222465 [0.0542620122433] [0.239723712206]
0.14559493772705 [0.0567728541791] [0.234417021275]
0.14244519732905 [0.0567728541791] [0.228117540479]
0.13980013690905 [0.0567728541791] [0.222827419639]
0.13821976445605 [0.0567728541791] [0.219666674733]
0.13797895424055 [0.0567728541791] [0.219185054302]
0.13938641361905 [0.0567728541791] [0.221999973059]
0.14122807793305 [0.0567728541791] [0.225683301687]
0.14276746474205002 [0.0567728541791] [0.228762075305]
0.3226041197775 [0.412722557783] [0.232485681772]
0.327078722417 [0.419453591108] [0.234703853726]
0.32772566378150003 [0.419896513224] [0.235554814339]
0.316233597696 [0.396566987038] [0.235900208354]
0.31674415618199997 [0.396566987038] [0.236921325326]
0.31869272887699995 [0.396566987038] [0.240818470716]
0.3206290453675 [0.396566987038] [0.244691103697]
0.3225817382335 [0.396566987038] [0.248596489429]
0.322315953672 [0.396566987038] [0.248064920306]
0.319940492511 [0.396566987038] [0.243313997984]
0.317975513637 [0.396566987038] [0.239384040236]
0.3177138194445 [0.396566987038] [0.238860651851]
0.3235819339755 [0.405031561852] [0.242132306099]
0.329282209277 [0.410922348499] [0.247642070055]
0.3314862549305 [0.411567032337] [0.251405477524]
0.3467167317865 [0.445271939039] [0.248161524534]
0.351305760443 [0.460434257984] [0.242177262902]
0.343648508191 [0.452877104282] [0.2344199121]
0.29507689178 [0.369955569506] [0.220198214054]
0.20695114135749998 [0.222183704376] [0.191718578339]
0.14296148717399998 [0.135546565056] [0.150376409292]
