0.2523132041095 [0.29846778512] [0.206158623099]
0.2523132041095 [0.29846778512] [0.206158623099]
0.2523132041095 [0.29846778512] [0.206158623099]
0.2523132041095 [0.29846778512] [0.206158623099]
0.2523132041095 [0.29846778512] [0.206158623099]
0.2523132041095 [0.29846778512] [0.206158623099]
0.2523132041095 [0.29846778512] [0.206158623099]
0.2523132041095 [0.29846778512] [0.206158623099]
0.2523132041095 [0.29846778512] [0.206158623099]
0.2523132041095 [0.29846778512] [0.206158623099]
0.2523132041095 [0.29846778512] [0.206158623099]
0.2523132041095 [0.29846778512] [0.206158623099]
0.2523132041095 [0.29846778512] [0.206158623099]
0.2523132041095 [0.29846778512] [0.206158623099]
0.2523132041095 [0.29846778512] [0.206158623099]
0.2523132041095 [0.29846778512] [0.206158623099]
0.2523132041095 [0.29846778512] [0.206158623099]
0.2523132041095 [0.29846778512] [0.206158623099]
0.2523132041095 [0.29846778512] [0.206158623099]
0.2523132041095 [0.29846778512] [0.206158623099]
0.2523132041095 [0.29846778512] [0.206158623099]
0.2523132041095 [0.29846778512] [0.206158623099]
0.2523132041095 [0.29846778512] [0.206158623099]
0.2523132041095 [0.29846778512] [0.206158623099]
0.2523132041095 [0.29846778512] [0.206158623099]
0.2523132041095 [0.29846778512] [0.206158623099]
0.2523132041095 [0.29846778512] [0.206158623099]
0.2523132041095 [0.29846778512] [0.206158623099]
0.2523132041095 [0.29846778512] [0.206158623099]
0.2523132041095 [0.29846778512] [0.206158623099]
0.2523132041095 [0.29846778512] [0.206158623099]
0.2523132041095 [0.29846778512] [0.206158623099]
0.2523132041095 [0.29846778512] [0.206158623099]
0.2523132041095 [0.29846778512] [0.206158623099]
0.2523132041095 [0.29846778512] [0.206158623099]
0.2523132041095 [0.29846778512] [0.206158623099]
0.2523132041095 [0.29846778512] [0.206158623099]
0.2523132041095 [0.29846778512] [0.206158623099]
0.2523132041095 [0.29846778512] [0.206158623099]
0.2523132041095 [0.29846778512] [0.206158623099]
0.2523132041095 [0.29846778512] [0.206158623099]
0.2523132041095 [0.29846778512] [0.206158623099]
0.2523132041095 [0.29846778512] [0.206158623099]
0.2523132041095 [0.29846778512] [0.206158623099]
0.2523132041095 [0.29846778512] [0.206158623099]
0.2523132041095 [0.29846778512] [0.206158623099]
0.2523132041095 [0.29846778512] [0.206158623099]
0.2523132041095 [0.29846778512] [0.206158623099]
0.2523132041095 [0.29846778512] [0.206158623099]
0.2523132041095 [0.29846778512] [0.206158623099]
0.2523132041095 [0.29846778512] [0.206158623099]
0.286389797926 [0.29846778512] [0.274311810732]
0.268642216921 [0.29846778512] [0.238816648722]
0.252566538751 [0.29846778512] [0.206665292382]
0.2404908910395 [0.29846778512] [0.182513996959]
0.2404908910395 [0.29846778512] [0.182513996959]
0.2362906709315 [0.29846778512] [0.174113556743]
0.2362906709315 [0.29846778512] [0.174113556743]
0.2362906709315 [0.29846778512] [0.174113556743]
0.2362906709315 [0.29846778512] [0.174113556743]
0.2362906709315 [0.29846778512] [0.174113556743]
0.2362906709315 [0.29846778512] [0.174113556743]
0.2362906709315 [0.29846778512] [0.174113556743]
0.2304852306845 [0.29846778512] [0.162502676249]
0.223741441965 [0.29846778512] [0.14901509881]
0.216761559248 [0.29846778512] [0.135055333376]
0.2108810171485 [0.29846778512] [0.123294249177]
0.2108810171485 [0.29846778512] [0.123294249177]
0.2108810171485 [0.29846778512] [0.123294249177]
0.2108810171485 [0.29846778512] [0.123294249177]
0.2108810171485 [0.29846778512] [0.123294249177]
0.2108810171485 [0.29846778512] [0.123294249177]
0.2108810171485 [0.29846778512] [0.123294249177]
0.2108810171485 [0.29846778512] [0.123294249177]
0.2108810171485 [0.29846778512] [0.123294249177]
0.2108810171485 [0.29846778512] [0.123294249177]
0.2108810171485 [0.29846778512] [0.123294249177]
0.2108810171485 [0.29846778512] [0.123294249177]
0.2108810171485 [0.29846778512] [0.123294249177]
0.2108810171485 [0.29846778512] [0.123294249177]
0.2108810171485 [0.29846778512] [0.123294249177]
0.2108810171485 [0.29846778512] [0.123294249177]
0.2108810171485 [0.29846778512] [0.123294249177]
0.2108810171485 [0.29846778512] [0.123294249177]
0.2125109136105 [0.29846778512] [0.126554042101]
0.2125109136105 [0.29846778512] [0.126554042101]
0.2125109136105 [0.29846778512] [0.126554042101]
0.2125109136105 [0.29846778512] [0.126554042101]
0.2125109136105 [0.29846778512] [0.126554042101]
0.2125109136105 [0.29846778512] [0.126554042101]
0.2125109136105 [0.29846778512] [0.126554042101]
0.2125109136105 [0.29846778512] [0.126554042101]
0.2125109136105 [0.29846778512] [0.126554042101]
0.2125109136105 [0.29846778512] [0.126554042101]
0.2125109136105 [0.29846778512] [0.126554042101]
0.2125109136105 [0.29846778512] [0.126554042101]
0.2125109136105 [0.29846778512] [0.126554042101]
0.2125109136105 [0.29846778512] [0.126554042101]
0.2125109136105 [0.29846778512] [0.126554042101]
0.2125109136105 [0.29846778512] [0.126554042101]
0.2125109136105 [0.29846778512] [0.126554042101]
0.2125109136105 [0.29846778512] [0.126554042101]
0.2125109136105 [0.29846778512] [0.126554042101]
0.2125109136105 [0.29846778512] [0.126554042101]
0.2125109136105 [0.29846778512] [0.126554042101]
0.2125109136105 [0.29846778512] [0.126554042101]
0.2125109136105 [0.29846778512] [0.126554042101]
0.2125109136105 [0.29846778512] [0.126554042101]
0.2125109136105 [0.29846778512] [0.126554042101]
0.2125109136105 [0.29846778512] [0.126554042101]
0.2125109136105 [0.29846778512] [0.126554042101]
0.2125109136105 [0.29846778512] [0.126554042101]
0.2125109136105 [0.29846778512] [0.126554042101]
0.2125109136105 [0.29846778512] [0.126554042101]
0.2125109136105 [0.29846778512] [0.126554042101]
0.2125109136105 [0.29846778512] [0.126554042101]
0.2125109136105 [0.29846778512] [0.126554042101]
0.2125109136105 [0.29846778512] [0.126554042101]
0.2125109136105 [0.29846778512] [0.126554042101]
0.3129273355005 [0.29846778512] [0.327386885881]
0.309847638011 [0.29846778512] [0.321227490902]
0.3134275078775 [0.29846778512] [0.328387230635]
0.32153950631600003 [0.29846778512] [0.344611227512]
0.3307446837425 [0.29846778512] [0.363021582365]
0.3389829695225 [0.29846778512] [0.379498153925]
0.3439740538595 [0.29846778512] [0.389480322599]
0.3447065353395 [0.29846778512] [0.390945285559]
0.3415165394545 [0.29846778512] [0.384565293789]
0.3356599211695 [0.29846778512] [0.372852057219]
0.328644067049 [0.29846778512] [0.358820348978]
0.32186640799050004 [0.29846778512] [0.345265030861]
0.32426653802399996 [0.29846778512] [0.350065290928]
0.32572792470449996 [0.29846778512] [0.352988064289]
0.327566280961 [0.29846778512] [0.356664776802]
