0.116710983217 [0.130526170135] [0.102895796299]
0.10082315281025 [0.124258160591] [0.0773881450295]
0.09981032833459999 [0.119923748076] [0.0796969085932]
0.09584939107275 [0.111496828496] [0.0802019536495]
0.09132181853070001 [0.106643162668] [0.0760004743934]
0.0770168825984 [0.0857151895761] [0.0683185756207]
0.06931207329035 [0.07030557096] [0.0683185756207]
0.0640014559031 [0.0596843361855] [0.0683185756207]
0.06257124803965 [0.0568239204586] [0.0683185756207]
0.06135764531795 [0.0543967150152] [0.0683185756207]
0.0601979121566 [0.0520772486925] [0.0683185756207]
0.05900783091785 [0.049697086215] [0.0683185756207]
0.057597158476749996 [0.0468757413328] [0.0683185756207]
0.05551074258985 [0.0434464849532] [0.0675750002265]
0.0528538972139 [0.0395289957523] [0.0661787986755]
0.051725327968550006 [0.0349129736423] [0.0685376822948]
0.0508615588769 [0.0292494278401] [0.0724736899137]
0.0502247912809 [0.0292494278401] [0.0712001547217]
0.0531060313806 [0.0292494278401] [0.0769626349211]
0.0579673303291 [0.0292494278401] [0.0866852328181]
0.06729866843655 [0.0292494278401] [0.105347909033]
0.06572027038805 [0.0292494278401] [0.102191112936]
0.06313854735345001 [0.0292494278401] [0.0970276668668]
0.06313854735345001 [0.0292494278401] [0.0970276668668]
0.0602657524869 [0.0292494278401] [0.0912820771337]
0.0585644869134 [0.0292494278401] [0.0878795459867]
0.05785623099655 [0.0292494278401] [0.086463034153]
0.057939982973049996 [0.0292494278401] [0.086630538106]
0.0586567549035 [0.0292494278401] [0.0880640819669]
0.061417899094499996 [0.0292494278401] [0.0935863703489]
0.06411460321395 [0.0292494278401] [0.0989797785878]
0.06683641951555 [0.0292494278401] [0.104423411191]
0.1409972272815 [0.170195609331] [0.111798845232]
0.1500663235785 [0.182182878256] [0.117949768901]
0.1591898314655 [0.193712249398] [0.124667413533]
0.168981321156 [0.205003261566] [0.132959380746]
0.177381917834 [0.211304068565] [0.143459767103]
0.1818660274145 [0.211304068565] [0.152427986264]
0.17594024539 [0.211304068565] [0.140576422215]
0.1739336848255 [0.211304068565] [0.136563301086]
0.1723926141855 [0.211304068565] [0.133481159806]
0.171671286225 [0.211304068565] [0.132038503885]
0.1719557642935 [0.211304068565] [0.132607460022]
0.172611169517 [0.211304068565] [0.133918270469]
0.194412522018 [0.255781829357] [0.133043214679]
0.2087072357535 [0.287428945303] [0.129985526204]
0.218831598759 [0.308105438948] [0.12955775857]
0.22351482510550003 [0.319701015949] [0.127328634262]
0.2012633755805 [0.278599649668] [0.123927101493]
0.1838540025055 [0.246598020196] [0.121109984815]
0.1732117906215 [0.226979762316] [0.119443818927]
0.173565298319 [0.227430254221] [0.119700342417]
0.1851504184305 [0.246963143349] [0.123337693512]
0.19638060778350003 [0.261623948812] [0.131137266755]
0.2029467374085 [0.26391595602] [0.141977518797]
0.20172228664199998 [0.251857876778] [0.151586696506]
0.19160737842300002 [0.232642292976] [0.15057246387]
0.1767491698265 [0.215461656451] [0.138036683202]
0.1653677895665 [0.207072049379] [0.123663529754]
0.161898031831 [0.206104561687] [0.117691501975]
0.162722717971 [0.20820504427] [0.117240391672]
0.1626999676225 [0.210172489285] [0.11522744596]
0.162495676428 [0.210758417845] [0.114232935011]
0.163213677704 [0.212310016155] [0.114117339253]
0.1648959740995 [0.214259281754] [0.115532666445]
0.166021745652 [0.214638888836] [0.117404602468]
0.1649768538775 [0.211434841156] [0.118518866599]
0.161466885358 [0.204081118107] [0.118852652609]
0.157781198621 [0.19703771174] [0.118524685502]
0.158843204379 [0.198503747582] [0.119182661176]
0.1659499034285 [0.208599105477] [0.12330070138]
0.177508920431 [0.221849963069] [0.133167877793]
0.1943147927525 [0.238001763821] [0.150627821684]
0.21352930367 [0.252437144518] [0.174621462822]
0.230151116848 [0.261790633202] [0.198511600494]
0.239878103137 [0.26617333293] [0.213582873344]
0.2436135038735 [0.268006384373] [0.219220623374]
0.24334730207900002 [0.269298791885] [0.217395812273]
0.2412372231485 [0.269952744246] [0.212521702051]
0.23908264189950001 [0.270252943039] [0.20791234076]
0.23653386533249998 [0.26963737607] [0.203430354595]
0.233645386994 [0.266284286976] [0.201006487012]
0.2299785092475 [0.258729428053] [0.201227590442]
0.2263436466455 [0.246556952596] [0.206130340695]
0.2253555506465 [0.235327541828] [0.215383559465]
0.227664999664 [0.226582437754] [0.228747561574]
0.230109885335 [0.217616394162] [0.242603376508]
0.23123010993 [0.210357189178] [0.252103030682]
0.2294694930315 [0.203857600689] [0.255081385374]
0.2247142121195 [0.19577036798] [0.253658056259]
0.21816425770550002 [0.183521971107] [0.252806544304]
0.2101686522365 [0.167684450746] [0.252652853727]
0.20103809982499998 [0.150659665465] [0.251416534185]
0.1935716941955 [0.137834951282] [0.249308437109]
0.1856907382605 [0.127660632133] [0.243720844388]
0.177055887878 [0.120011880994] [0.234099894762]
0.167716808617 [0.112995222211] [0.222438395023]
0.1585746631025 [0.1059332937] [0.211216032505]
0.15230220183749998 [0.101458631456] [0.203145772219]
0.14761999249455 [0.0990113765001] [0.196228608489]
0.14494242891655001 [0.0975059941411] [0.192378863692]
0.1428313218055 [0.096480153501] [0.18918249011]
0.141357973218 [0.096121430397] [0.186594516039]
0.14208611845985 [0.0972644537687] [0.186907783151]
0.14608545601349998 [0.100908741355] [0.191262170672]
0.153394035995 [0.107829868793] [0.198958203197]
0.16384916752599998 [0.117732152343] [0.209966182709]
0.1742622703315 [0.130069375038] [0.218455165625]
0.1810200214385 [0.142809048295] [0.219230994582]
0.181611560285 [0.154353424907] [0.208869695663]
0.17842553556000001 [0.1638045609] [0.19304651022]
0.17500680685050002 [0.173790991306] [0.176222622395]
0.173746190965 [0.186212643981] [0.161279737949]
0.178639441729 [0.207410231233] [0.149868652225]
0.18985949456700002 [0.237149804831] [0.142569184303]
0.1976262927055 [0.25705203414] [0.138200551271]
0.198558188975 [0.261718541384] [0.135397836566]
0.1937768086795 [0.25472933054] [0.132824286819]
0.185713633895 [0.241989478469] [0.129437789321]
0.17572235688600002 [0.226772218943] [0.124672494829]
0.1637782901525 [0.209693595767] [0.117862984538]
0.151240620762 [0.192005202174] [0.11047603935]
0.1407106593255 [0.176855668426] [0.104565650225]
0.135580699891 [0.167530357838] [0.103631041944]
0.1383801028135 [0.167010173202] [0.109750032425]
0.139787849039 [0.16368688643] [0.115888811648]
0.14848908782 [0.164404809475] [0.132573366165]
0.163177676499 [0.165298089385] [0.161057263613]
0.1816293224695 [0.167677253485] [0.195581391454]
0.197285614908 [0.169878140092] [0.224693089724]
0.207401700318 [0.172101214528] [0.242702186108]
0.2136567905545 [0.175131544471] [0.252182036638]
0.220622651279 [0.180873438716] [0.260371863842]
0.2324321717025 [0.191853165627] [0.273011177778]
0.2521698623895 [0.211916297674] [0.292423427105]
0.2821435406805 [0.247053846717] [0.317233234644]
0.2821435406805 [0.247053846717] [0.317233234644]
0.2821435406805 [0.247053846717] [0.317233234644]
0.2821435406805 [0.247053846717] [0.317233234644]
0.2821435406805 [0.247053846717] [0.317233234644]
0.2821435406805 [0.247053846717] [0.317233234644]
0.2821435406805 [0.247053846717] [0.317233234644]
0.213424563408 [0.247053846717] [0.179795280099]
0.21675383299599998 [0.247053846717] [0.186453819275]
0.2001125663515 [0.210456460714] [0.189768671989]
0.20358514785749998 [0.218293339014] [0.188876956701]
0.201178573072 [0.213480189443] [0.188876956701]
0.1893093809485 [0.189741805196] [0.188876956701]
