0.11792485043404999 [0.0988110974431] [0.137038603425]
0.11463204398759999 [0.0926369652152] [0.13662712276]
0.1073067598044 [0.0863640531898] [0.128249466419]
0.09976779297015001 [0.0824609026313] [0.117074683309]
0.09566188976164999 [0.0824609026313] [0.108862876892]
0.09208434075115 [0.0824609026313] [0.101707778871]
0.08894638344645 [0.0824609026313] [0.0954318642616]
0.0859202928841 [0.0824609026313] [0.0893796831369]
0.08492778241634999 [0.0865743011236] [0.0832812637091]
0.08122551441195 [0.084811732173] [0.0776392966509]
0.07709120586515 [0.0800296068192] [0.0741528049111]
0.07470436021685001 [0.0752559155226] [0.0741528049111]
0.0726050361991 [0.0721513405442] [0.073058731854]
0.07050462439659999 [0.0691668465734] [0.0718424022198]
0.0680264942348 [0.0657052770257] [0.0703477114439]
0.0671299472451 [0.0657052770257] [0.0685546174645]
0.06617175787685001 [0.0657052770257] [0.066638238728]
0.06527157500385 [0.0657052770257] [0.064837872982]
0.06430470198395 [0.0657052770257] [0.0629041269422]
0.0630533788353 [0.0657052770257] [0.0604014806449]
0.061345232650650006 [0.0657052770257] [0.0569851882756]
0.05937903001905 [0.0657052770257] [0.0530527830124]
0.05937903001905 [0.0657052770257] [0.0530527830124]
0.05937903001905 [0.0657052770257] [0.0530527830124]
0.05937903001905 [0.0657052770257] [0.0530527830124]
0.05937903001905 [0.0657052770257] [0.0530527830124]
0.06929985806345 [0.0657052770257] [0.0728944391012]
0.07284812629225 [0.0657052770257] [0.0799909755588]
0.07284812629225 [0.0657052770257] [0.0799909755588]
0.07284812629225 [0.0657052770257] [0.0799909755588]
0.07284812629225 [0.0657052770257] [0.0799909755588]
0.07284812629225 [0.0657052770257] [0.0799909755588]
0.07284812629225 [0.0657052770257] [0.0799909755588]
0.07284812629225 [0.0657052770257] [0.0799909755588]
0.07284812629225 [0.0657052770257] [0.0799909755588]
0.07284812629225 [0.0657052770257] [0.0799909755588]
0.07284812629225 [0.0657052770257] [0.0799909755588]
0.07284812629225 [0.0657052770257] [0.0799909755588]
0.0736541338265 [0.0657052770257] [0.0816029906273]
0.0736541338265 [0.0657052770257] [0.0816029906273]
0.0736541338265 [0.0657052770257] [0.0816029906273]
0.0736541338265 [0.0657052770257] [0.0816029906273]
0.0736541338265 [0.0657052770257] [0.0816029906273]
0.0736541338265 [0.0657052770257] [0.0816029906273]
0.0736541338265 [0.0657052770257] [0.0816029906273]
0.0736541338265 [0.0657052770257] [0.0816029906273]
0.0796790011227 [0.0777550116181] [0.0816029906273]
0.08013262599705001 [0.0786622613668] [0.0816029906273]
0.08085312321785 [0.0801032558084] [0.0816029906273]
0.0819726884365 [0.0823423862457] [0.0816029906273]
0.08361454680565 [0.085626102984] [0.0816029906273]
0.14149790629765 [0.0889849439263] [0.194010868669]
0.14485935494305 [0.0923101678491] [0.197408542037]
0.14640869572775 [0.0954931899905] [0.197324201465]
0.14687482267614999 [0.0983974784613] [0.195352166891]
0.148407127708 [0.100882537663] [0.195931717753]
0.1508690603075 [0.102677725255] [0.19906039536]
0.15255890414099998 [0.104033477604] [0.201084330678]
0.1516863070425 [0.107505984604] [0.195866629481]
0.145015850663 [0.112124785781] [0.177906915545]
0.1352353170515 [0.11614638567] [0.154324248433]
0.1264325752855 [0.1190084517] [0.133856698871]
0.121521811932 [0.123186178505] [0.119857445359]
0.1202324181795 [0.12871786952] [0.111746966839]
0.1235167607665 [0.138010427356] [0.109023094177]
0.12911959365 [0.147975221276] [0.110263966024]
0.131226282567 [0.150080561638] [0.112372003496]
0.12992951646450002 [0.145875662565] [0.113983370364]
0.125918664038 [0.137548625469] [0.114288702607]
0.12091711536050001 [0.127868667245] [0.113965563476]
0.1163250133395 [0.119967535138] [0.112682491541]
0.112788643688 [0.11510951072] [0.110467776656]
0.1096595302225 [0.111715063453] [0.107603996992]
0.10537637770149999 [0.10723965615] [0.103513099253]
0.10242985933995 [0.106554716825] [0.0983050018549]
0.09958998113865 [0.106106802821] [0.0930731594563]
0.09767162054775 [0.105989485979] [0.0893537551165]
0.0962625667454 [0.105635866523] [0.0868892669678]
0.09470708295685 [0.104584805667] [0.0848293602467]
0.09197787567985 [0.101355545223] [0.0826002061367]
0.08764998614785 [0.096003934741] [0.0792960375547]
0.08207790926095 [0.0893616750836] [0.0747941434383]
0.07656037434935 [0.0829727202654] [0.0701480284333]
0.072033688426 [0.0782261639833] [0.0658412128687]
0.06893868371845 [0.075314052403] [0.0625633150339]
0.0678868740797 [0.075314052403] [0.0604596957564]
0.0669585969299 [0.075314052403] [0.0586031414568]
0.0662391856313 [0.075314052403] [0.0571643188596]
0.0655595753342 [0.075314052403] [0.0558050982654]
0.06505359336735 [0.075314052403] [0.0547931343317]
0.06472924351695 [0.075314052403] [0.0541444346309]
0.0645820554346 [0.075314052403] [0.0538500584662]
0.0644573122263 [0.075314052403] [0.0536005720496]
0.054729141294950004 [0.0563160851598] [0.0531421974301]
0.0583153050393 [0.063957631588] [0.0526729784906]
0.0623816624284 [0.0719943866134] [0.0527689382434]
0.06671133078635 [0.0798468887806] [0.0535757727921]
0.0716534014791 [0.0876327604055] [0.0556740425527]
0.07703351788225 [0.0949998646975] [0.059067171067]
0.08248068019765001 [0.10169082135] [0.0632705390453]
0.0845943093302 [0.10169082135] [0.0674977973104]
0.0843134857716 [0.10169082135] [0.0669361501932]
0.0840763412418 [0.10169082135] [0.0664618611336]
0.08453253284115 [0.10169082135] [0.0673742443323]
0.0864109881224 [0.10169082135] [0.0711311548948]
0.097195457667 [0.115070953965] [0.079319961369]
0.1165664494037 [0.139104425907] [0.0940284729004]
0.148498553783 [0.17873428762] [0.118262819946]
0.1958682462575 [0.237071976066] [0.154664516449]
0.2524794489145 [0.305303245783] [0.199655652046]
0.301358833909 [0.361941277981] [0.240776389837]
0.28199992328900003 [0.361941277981] [0.202058568597]
0.276122406125 [0.361941277981] [0.190303534269]
0.265886373818 [0.361941277981] [0.169831469655]
0.2529373690485 [0.361941277981] [0.143933460116]
0.2422223687175 [0.361941277981] [0.122503459454]
0.2363407053055 [0.361941277981] [0.11074013263]
0.2329030930995 [0.361941277981] [0.103864908218]
0.231204017997 [0.361941277981] [0.100466758013]
0.23032185435305 [0.361941277981] [0.0987024307251]
0.2294760234655 [0.361941277981] [0.09701076895]
0.22838276624690002 [0.361941277981] [0.0948242545128]
0.22713152691730001 [0.361941277981] [0.0923217758536]
0.22634786367425 [0.361941277981] [0.0907544493675]
0.22638384252795002 [0.361941277981] [0.0908264070749]
0.22699685022245 [0.361941277981] [0.0920524224639]
0.2266110032798 [0.361941277981] [0.0912807285786]
0.22627261281025002 [0.361941277981] [0.0906039476395]
0.22579672932635 [0.361941277981] [0.0896521806717]
0.2252070195974 [0.361941277981] [0.0884727612138]
0.2246098294855 [0.361941277981] [0.08727838099]
0.22452702373275002 [0.361941277981] [0.0871127694845]
0.2254926599563 [0.361941277981] [0.0890440419316]
0.2262270040811 [0.361941277981] [0.0905127301812]
0.22674249857675 [0.361941277981] [0.0915437191725]
0.22743106260905 [0.361941277981] [0.0929208472371]
0.22871320322165 [0.361941277981] [0.0954851284623]
0.2306062653662 [0.361941277981] [0.0992712527514]
0.2321383170785 [0.361941277981] [0.102335356176]
0.23291951417950002 [0.361941277981] [0.103897750378]
0.231766179204 [0.361941277981] [0.101591080427]
0.228348504752 [0.361941277981] [0.094755731523]
0.22371781617415 [0.361941277981] [0.0854943543673]
0.22371781617415 [0.361941277981] [0.0854943543673]
0.22371781617415 [0.361941277981] [0.0854943543673]
0.22371781617415 [0.361941277981] [0.0854943543673]
0.22371781617415 [0.361941277981] [0.0854943543673]
0.22371781617415 [0.361941277981] [0.0854943543673]
0.22371781617415 [0.361941277981] [0.0854943543673]
0.22371781617415 [0.361941277981] [0.0854943543673]
