0.32860902696850003 [0.408468931913] [0.248749122024]
0.32860902696850003 [0.408468931913] [0.248749122024]
0.32860902696850003 [0.408468931913] [0.248749122024]
0.32860902696850003 [0.408468931913] [0.248749122024]
0.32860902696850003 [0.408468931913] [0.248749122024]
0.32860902696850003 [0.408468931913] [0.248749122024]
0.32860902696850003 [0.408468931913] [0.248749122024]
0.32860902696850003 [0.408468931913] [0.248749122024]
0.32860902696850003 [0.408468931913] [0.248749122024]
0.32860902696850003 [0.408468931913] [0.248749122024]
0.32860902696850003 [0.408468931913] [0.248749122024]
0.32860902696850003 [0.408468931913] [0.248749122024]
0.32860902696850003 [0.408468931913] [0.248749122024]
0.32860902696850003 [0.408468931913] [0.248749122024]
0.32860902696850003 [0.408468931913] [0.248749122024]
0.32860902696850003 [0.408468931913] [0.248749122024]
0.32860902696850003 [0.408468931913] [0.248749122024]
0.32860902696850003 [0.408468931913] [0.248749122024]
0.32860902696850003 [0.408468931913] [0.248749122024]
0.32860902696850003 [0.408468931913] [0.248749122024]
0.32860902696850003 [0.408468931913] [0.248749122024]
0.32860902696850003 [0.408468931913] [0.248749122024]
0.32860902696850003 [0.408468931913] [0.248749122024]
0.32860902696850003 [0.408468931913] [0.248749122024]
0.32860902696850003 [0.408468931913] [0.248749122024]
0.32860902696850003 [0.408468931913] [0.248749122024]
0.32860902696850003 [0.408468931913] [0.248749122024]
0.32860902696850003 [0.408468931913] [0.248749122024]
0.32860902696850003 [0.408468931913] [0.248749122024]
0.32860902696850003 [0.408468931913] [0.248749122024]
0.32860902696850003 [0.408468931913] [0.248749122024]
0.32860902696850003 [0.408468931913] [0.248749122024]
0.32860902696850003 [0.408468931913] [0.248749122024]
0.32860902696850003 [0.408468931913] [0.248749122024]
0.3830242753025 [0.408468931913] [0.357579618692]
0.3806434124705 [0.408468931913] [0.352817893028]
0.37955887615649997 [0.408468931913] [0.3506488204]
0.37669801712 [0.408468931913] [0.344927102327]
0.371413975954 [0.408468931913] [0.334359019995]
0.36405548453299996 [0.408468931913] [0.319642037153]
0.355859801173 [0.408468931913] [0.303250670433]
0.3486104309555 [0.408468931913] [0.288751929998]
0.3486104309555 [0.408468931913] [0.288751929998]
0.3486104309555 [0.408468931913] [0.288751929998]
0.3486104309555 [0.408468931913] [0.288751929998]
0.3486104309555 [0.408468931913] [0.288751929998]
0.345247134566 [0.408468931913] [0.282025337219]
0.34191529452799996 [0.408468931913] [0.275361657143]
0.33831188082700003 [0.408468931913] [0.268154829741]
0.3337437063455 [0.408468931913] [0.259018480778]
0.32828488945949996 [0.408468931913] [0.248100847006]
0.321662828326 [0.408468931913] [0.234856724739]
0.3126140385865 [0.408468931913] [0.21675914526]
0.3126140385865 [0.408468931913] [0.21675914526]
0.3126140385865 [0.408468931913] [0.21675914526]
0.3126140385865 [0.408468931913] [0.21675914526]
0.3126140385865 [0.408468931913] [0.21675914526]
0.3126140385865 [0.408468931913] [0.21675914526]
0.3126140385865 [0.408468931913] [0.21675914526]
0.3126140385865 [0.408468931913] [0.21675914526]
0.3126140385865 [0.408468931913] [0.21675914526]
0.3126140385865 [0.408468931913] [0.21675914526]
0.3126140385865 [0.408468931913] [0.21675914526]
0.3126140385865 [0.408468931913] [0.21675914526]
0.3126140385865 [0.408468931913] [0.21675914526]
0.3126140385865 [0.408468931913] [0.21675914526]
0.3126140385865 [0.408468931913] [0.21675914526]
0.3126140385865 [0.408468931913] [0.21675914526]
0.3126140385865 [0.408468931913] [0.21675914526]
0.3126140385865 [0.408468931913] [0.21675914526]
0.3126140385865 [0.408468931913] [0.21675914526]
0.3126140385865 [0.408468931913] [0.21675914526]
0.339440628886 [0.408468931913] [0.270412325859]
0.33306820690600003 [0.408468931913] [0.257667481899]
0.33306820690600003 [0.408468931913] [0.257667481899]
0.33306820690600003 [0.408468931913] [0.257667481899]
0.33306820690600003 [0.408468931913] [0.257667481899]
0.33306820690600003 [0.408468931913] [0.257667481899]
0.33306820690600003 [0.408468931913] [0.257667481899]
0.33306820690600003 [0.408468931913] [0.257667481899]
0.33306820690600003 [0.408468931913] [0.257667481899]
0.33306820690600003 [0.408468931913] [0.257667481899]
0.33306820690600003 [0.408468931913] [0.257667481899]
0.33306820690600003 [0.408468931913] [0.257667481899]
0.33137595653499996 [0.408468931913] [0.254282981157]
0.33137595653499996 [0.408468931913] [0.254282981157]
0.33137595653499996 [0.408468931913] [0.254282981157]
0.33137595653499996 [0.408468931913] [0.254282981157]
0.33137595653499996 [0.408468931913] [0.254282981157]
0.33137595653499996 [0.408468931913] [0.254282981157]
0.33137595653499996 [0.408468931913] [0.254282981157]
0.33137595653499996 [0.408468931913] [0.254282981157]
0.33137595653499996 [0.408468931913] [0.254282981157]
0.33137595653499996 [0.408468931913] [0.254282981157]
0.33137595653499996 [0.408468931913] [0.254282981157]
0.33137595653499996 [0.408468931913] [0.254282981157]
0.33137595653499996 [0.408468931913] [0.254282981157]
0.33137595653499996 [0.408468931913] [0.254282981157]
0.352813065052 [0.408468931913] [0.297157198191]
0.34925569593899997 [0.408468931913] [0.290042459965]
0.34925569593899997 [0.408468931913] [0.290042459965]
0.3411337435245 [0.408468931913] [0.273798555136]
0.335212409496 [0.408468931913] [0.261955887079]
0.332251906395 [0.408468931913] [0.256034880877]
0.3321653455495 [0.408468931913] [0.255861759186]
0.3321653455495 [0.408468931913] [0.255861759186]
0.33238030970099997 [0.408468931913] [0.256291687489]
0.3340496271845 [0.408468931913] [0.259630322456]
