0.21226280182600002 [0.123546048999] [0.300979554653]
0.21226280182600002 [0.123546048999] [0.300979554653]
0.21226280182600002 [0.123546048999] [0.300979554653]
0.21226280182600002 [0.123546048999] [0.300979554653]
0.21226280182600002 [0.123546048999] [0.300979554653]
0.21226280182600002 [0.123546048999] [0.300979554653]
0.21226280182600002 [0.123546048999] [0.300979554653]
0.21226280182600002 [0.123546048999] [0.300979554653]
0.21226280182600002 [0.123546048999] [0.300979554653]
0.21226280182600002 [0.123546048999] [0.300979554653]
0.21226280182600002 [0.123546048999] [0.300979554653]
0.21226280182600002 [0.123546048999] [0.300979554653]
0.21226280182600002 [0.123546048999] [0.300979554653]
0.21226280182600002 [0.123546048999] [0.300979554653]
0.21226280182600002 [0.123546048999] [0.300979554653]
0.21226280182600002 [0.123546048999] [0.300979554653]
0.21226280182600002 [0.123546048999] [0.300979554653]
0.21226280182600002 [0.123546048999] [0.300979554653]
0.21226280182600002 [0.123546048999] [0.300979554653]
0.21226280182600002 [0.123546048999] [0.300979554653]
0.21226280182600002 [0.123546048999] [0.300979554653]
0.21226280182600002 [0.123546048999] [0.300979554653]
0.21226280182600002 [0.123546048999] [0.300979554653]
0.21226280182600002 [0.123546048999] [0.300979554653]
0.21226280182600002 [0.123546048999] [0.300979554653]
0.21226280182600002 [0.123546048999] [0.300979554653]
0.21226280182600002 [0.123546048999] [0.300979554653]
0.21226280182600002 [0.123546048999] [0.300979554653]
0.21226280182600002 [0.123546048999] [0.300979554653]
0.21226280182600002 [0.123546048999] [0.300979554653]
0.21226280182600002 [0.123546048999] [0.300979554653]
0.21226280182600002 [0.123546048999] [0.300979554653]
0.21226280182600002 [0.123546048999] [0.300979554653]
0.21226280182600002 [0.123546048999] [0.300979554653]
0.21226280182600002 [0.123546048999] [0.300979554653]
0.21226280182600002 [0.123546048999] [0.300979554653]
0.21226280182600002 [0.123546048999] [0.300979554653]
0.21226280182600002 [0.123546048999] [0.300979554653]
0.21226280182600002 [0.123546048999] [0.300979554653]
0.21226280182600002 [0.123546048999] [0.300979554653]
0.21226280182600002 [0.123546048999] [0.300979554653]
0.21226280182600002 [0.123546048999] [0.300979554653]
0.21226280182600002 [0.123546048999] [0.300979554653]
0.21226280182600002 [0.123546048999] [0.300979554653]
0.21226280182600002 [0.123546048999] [0.300979554653]
0.21226280182600002 [0.123546048999] [0.300979554653]
0.21226280182600002 [0.123546048999] [0.300979554653]
0.21226280182600002 [0.123546048999] [0.300979554653]
0.21226280182600002 [0.123546048999] [0.300979554653]
0.21226280182600002 [0.123546048999] [0.300979554653]
0.21226280182600002 [0.123546048999] [0.300979554653]
0.21226280182600002 [0.123546048999] [0.300979554653]
0.21226280182600002 [0.123546048999] [0.300979554653]
0.21226280182600002 [0.123546048999] [0.300979554653]
0.21226280182600002 [0.123546048999] [0.300979554653]
0.21226280182600002 [0.123546048999] [0.300979554653]
0.21226280182600002 [0.123546048999] [0.300979554653]
0.21226280182600002 [0.123546048999] [0.300979554653]
0.21226280182600002 [0.123546048999] [0.300979554653]
0.21226280182600002 [0.123546048999] [0.300979554653]
0.21226280182600002 [0.123546048999] [0.300979554653]
0.21226280182600002 [0.123546048999] [0.300979554653]
0.21226280182600002 [0.123546048999] [0.300979554653]
0.2755338549615 [0.25008815527] [0.300979554653]
0.21163611114050002 [0.251810073853] [0.171462148428]
0.2074556946755 [0.243449240923] [0.171462148428]
0.20055051893 [0.229638889432] [0.171462148428]
0.193980038166 [0.216497927904] [0.171462148428]
0.189487040043 [0.207511931658] [0.171462148428]
0.1874173507095 [0.203372552991] [0.171462148428]
0.18732105195499998 [0.203179955482] [0.171462148428]
0.1886600479485 [0.205857947469] [0.171462148428]
0.190742276609 [0.21002240479] [0.171462148428]
0.192981980741 [0.214501813054] [0.171462148428]
0.1951057985425 [0.218749448657] [0.171462148428]
0.211938612163 [0.236446544528] [0.187430679798]
0.2203173190355 [0.244128584862] [0.196506053209]
0.228908956051 [0.256155461073] [0.201662451029]
0.22714019566799998 [0.2547532022] [0.199527189136]
0.22671539336450003 [0.253903597593] [0.199527189136]
0.22790325433050002 [0.256279319525] [0.199527189136]
0.23224263638300002 [0.26495808363] [0.199527189136]
0.24033810943400002 [0.281149029732] [0.199527189136]
0.2537665590645 [0.308005928993] [0.199527189136]
0.270640678704 [0.341754168272] [0.199527189136]
0.28844677656900003 [0.377366364002] [0.199527189136]
0.30104395002150003 [0.402560710907] [0.199527189136]
0.3092159554365 [0.418904721737] [0.199527189136]
0.3153003379705 [0.431073486805] [0.199527189136]
0.3153003379705 [0.431073486805] [0.199527189136]
0.3153003379705 [0.431073486805] [0.199527189136]
0.3153003379705 [0.431073486805] [0.199527189136]
0.3153003379705 [0.431073486805] [0.199527189136]
0.3153003379705 [0.431073486805] [0.199527189136]
0.3153003379705 [0.431073486805] [0.199527189136]
0.3153003379705 [0.431073486805] [0.199527189136]
0.3153003379705 [0.431073486805] [0.199527189136]
0.3153003379705 [0.431073486805] [0.199527189136]
0.3153003379705 [0.431073486805] [0.199527189136]
0.13477833196545 [0.0700294747949] [0.199527189136]
0.1373777650299 [0.0752283409238] [0.199527189136]
0.0654384419322 [0.0825412422419] [0.0483356416225]
0.0729597490281 [0.0910876169801] [0.0548318810761]
0.08088824525485 [0.100638613105] [0.0611378774047]
0.08910196274495 [0.110422417521] [0.0677815079689]
0.0970491431651 [0.119130775332] [0.0749675109982]
0.10380622372039999 [0.12574210763] [0.0818703398108]
0.10861637070765001 [0.129660695791] [0.0875720456243]
0.1117997840046 [0.131851300597] [0.0917482674122]
0.11455641686935 [0.134033814073] [0.0950790196657]
0.11800912767665 [0.137435615063] [0.0985826402903]
0.129329547286 [0.155714377761] [0.102944716811]
0.1437320634725 [0.17942532897] [0.108038797975]
0.178274817765 [0.205729991198] [0.150819644332]
0.216311559081 [0.229216560721] [0.203406557441]
0.2423649951815 [0.243287652731] [0.241442337632]
0.254656121135 [0.249509006739] [0.259803235531]
0.2619236111645 [0.251589506865] [0.272257715464]
0.2685645520685 [0.253747820854] [0.283381283283]
0.277451112866 [0.261558026075] [0.293344199657]
0.2924360334875 [0.279711484909] [0.305160582066]
0.30201388895549997 [0.30100825429] [0.303019523621]
0.3116680979725 [0.319106340408] [0.304229855537]
0.312115803361 [0.315462380648] [0.308769226074]
0.300939038396 [0.286262303591] [0.315615773201]
0.280638307333 [0.239527404308] [0.321749210358]
