0.08111536875365 [0.0768043845892] [0.0854263529181]
0.079305741936 [0.0710469260812] [0.0875645577908]
0.0789812989533 [0.0668706893921] [0.0910919085145]
0.07904186844825001 [0.0647845044732] [0.0932992324233]
0.07893788442015 [0.0651139765978] [0.0927617922425]
0.0783300437033 [0.0667369365692] [0.0899231508374]
0.07817124575375001 [0.0693688467145] [0.086973644793]
0.07858934998514999 [0.0722192153335] [0.0849594846368]
0.07938864082095001 [0.0743454545736] [0.0844318270683]
0.0796501599252 [0.0749117285013] [0.0843885913491]
0.07993779331445 [0.0754090547562] [0.0844665318727]
0.08081924170255 [0.0764863342047] [0.0851521492004]
0.08246606960889999 [0.0783998891711] [0.0865322500467]
0.0851683802903 [0.0813586264849] [0.0889781340957]
0.08868343383075 [0.0853850990534] [0.0919817686081]
0.09316567704084999 [0.0909540653229] [0.0953772887588]
0.09876588732005001 [0.0979327559471] [0.099599018693]
0.10457320883849999 [0.10455019027] [0.104596227407]
0.111819628626 [0.111602410674] [0.112036846578]
0.1194951236245 [0.116652704775] [0.122337542474]
0.125867027789 [0.117958001792] [0.133776053786]
0.1297201029955 [0.116244189441] [0.14319601655]
0.13046094402699998 [0.113145388663] [0.147776499391]
0.130493566394 [0.111378133297] [0.149608999491]
0.132704183459 [0.113943338394] [0.151465028524]
0.1381762214005 [0.122481115162] [0.153871327639]
0.1461569517855 [0.136115804315] [0.156198099256]
0.15485971421 [0.151902347803] [0.157817080617]
0.1557258442045 [0.151902347803] [0.159549340606]
0.15766482800249998 [0.151902347803] [0.163427308202]
0.1593282073735 [0.151902347803] [0.166754066944]
0.159297399223 [0.151902347803] [0.166692450643]
0.157129190862 [0.151902347803] [0.162356033921]
0.1535941287875 [0.151902347803] [0.155285909772]
0.1056117340923 [0.0641305595636] [0.147092908621]
0.1034029163418 [0.0660675540566] [0.140738278627]
0.1036606580019 [0.0692780464888] [0.138043269515]
0.1060441620646 [0.0731670036912] [0.138921320438]
0.1099108681085 [0.077149733901] [0.142672002316]
0.1144160963595 [0.080434627831] [0.148397564888]
0.11841771751625 [0.0827024281025] [0.15413300693]
0.12114825099685 [0.0839462578297] [0.158350244164]
0.1228597126901 [0.0847078040242] [0.161011621356]
0.12384964898225 [0.0854235216975] [0.162275776267]
0.1242718994616 [0.0860000997782] [0.162543699145]
0.1245339103045 [0.086984552443] [0.162083268166]
0.1254184916615 [0.088721498847] [0.162115484476]
0.1251626275481 [0.0868519172072] [0.163473337889]
0.13093956187365 [0.0910533443093] [0.170825779438]
0.14158501848585 [0.0984386131167] [0.184731423855]
0.1550758443775 [0.107373200357] [0.202778488398]
0.16190258041 [0.109320171177] [0.214484989643]
0.15801985561850002 [0.105659976602] [0.210379734635]
0.1470155864956 [0.0976521968842] [0.196378976107]
0.14291758462795 [0.0930669829249] [0.192768186331]
0.13838050141935 [0.0888237580657] [0.187937244773]
0.1344139091672 [0.0859106853604] [0.182917132974]
0.13028520345709999 [0.0835798680782] [0.176990538836]
0.12513701617700002 [0.081077337265] [0.169196695089]
0.11892967298605 [0.0785933658481] [0.159265980124]
0.11249751225099999 [0.077139981091] [0.147855043411]
0.10662548616515 [0.0775409266353] [0.135710045695]
0.10177153721429999 [0.0799420550466] [0.123601019382]
0.09791097790025 [0.0831858590245] [0.112636096776]
0.11370904371124999 [0.0968774184585] [0.130540668964]
0.122602600604 [0.100255362689] [0.144949838519]
0.1282201409335 [0.10028193891] [0.156158342957]
0.136526655406 [0.101534582675] [0.171518728137]
0.1558795422315 [0.111262500286] [0.200496584177]
0.156024388969 [0.114202618599] [0.197846159339]
0.1621527038515 [0.12105897814] [0.203246429563]
0.172464378178 [0.130819573998] [0.214109182358]
0.1825157776475 [0.140534162521] [0.224497392774]
0.1890296489 [0.147176712751] [0.230882585049]
0.1889754012225 [0.148448437452] [0.229502364993]
0.1840882971885 [0.145135045052] [0.223041549325]
0.174673803151 [0.139938771725] [0.209408834577]
0.16358409822 [0.135684832931] [0.191483363509]
0.151984617114 [0.132438421249] [0.171530812979]
0.13577844947599998 [0.127748548985] [0.143808349967]
0.12458391487600001 [0.12675768137] [0.122410148382]
0.11756054312 [0.127390250564] [0.107730835676]
0.1141190007331 [0.128332793713] [0.0999052077532]
0.11222080513825 [0.128398478031] [0.0960431322455]
0.11142163723705 [0.128261744976] [0.0945815294981]
0.1106184609236 [0.127945095301] [0.0932918265462]
0.10865051299355 [0.126461386681] [0.0908396393061]
0.1041514538226 [0.121503129601] [0.0867997780442]
0.0972357913852 [0.112786449492] [0.0816851332784]
0.0888175740836 [0.101229190826] [0.0764059573412]
0.08060533180835 [0.0892335921526] [0.0719770714641]
0.0741017460823 [0.0792387649417] [0.0689647272229]
0.06983966380355 [0.0719863399863] [0.0676929876208]
0.06791637837885 [0.0672798603773] [0.0685528963804]
0.0688595473766 [0.0654406249523] [0.0722784698009]
0.0720954760909 [0.0651937276125] [0.0789972245693]
0.07707622647285 [0.0663569495082] [0.0877955034375]
0.0827282257378 [0.0680948868394] [0.0973615646362]
0.08662702515699999 [0.069505751133] [0.103748299181]
0.0866615362463 [0.0694660171866] [0.103857055306]
0.08443452790389999 [0.0685374885798] [0.100331567228]
0.08222221583125 [0.0679617747664] [0.0964826568961]
0.0806263424456 [0.0675774142146] [0.0936752706766]
0.08061072602870001 [0.0678683370352] [0.0933531150222]
0.08249182999135 [0.0689789876342] [0.0960046723485]
0.08540086075665 [0.0705176070333] [0.10028411448]
0.08825173229 [0.07197239995] [0.10453106463]
0.09111090749504999 [0.0733927413821] [0.108829073608]
0.09321884810935 [0.0745560005307] [0.111881695688]
0.09533209353694999 [0.0759204700589] [0.114743717015]
0.09757070243339999 [0.0781079679728] [0.117033436894]
0.09990617260345 [0.0806195065379] [0.119192838669]
0.10153147578249999 [0.082642570138] [0.120420381427]
0.10219673812380001 [0.0835943222046] [0.120799154043]
0.103225875646 [0.084497243166] [0.121954508126]
0.10533344745655 [0.0861365348101] [0.124530360103]
0.10909220948805 [0.0883458629251] [0.129838556051]
0.11356572061775 [0.0914566367865] [0.135674804449]
0.11616867408170001 [0.0929509177804] [0.139386430383]
0.11816056072699999 [0.094493880868] [0.141827240586]
0.12205843254935 [0.0978425368667] [0.146274328232]
0.1275258250535 [0.102695338428] [0.152356311679]
0.1326346583665 [0.106822274625] [0.158447042108]
0.130830708891 [0.104090698063] [0.157570719719]
0.1223907358944 [0.0952079370618] [0.149573534727]
0.11061095818885 [0.0850981399417] [0.136123776436]
0.09836607053865 [0.0777021944523] [0.119029946625]
0.0897712707519 [0.0738336667418] [0.105708874762]
0.08509711921215 [0.0717388466001] [0.0984553918242]
0.08311529085040001 [0.0697847381234] [0.0964458435774]
0.0813705287874 [0.0673751831055] [0.0953658744693]
0.07971506193280001 [0.0651114210486] [0.094318702817]
0.0785722211003 [0.0636749193072] [0.0934695228934]
0.07820918411015 [0.0631859228015] [0.0932324454188]
0.07817555591465 [0.0630383193493] [0.09331279248]
0.07784302532670001 [0.0626774355769] [0.0930086150765]
0.07692369259895 [0.0622774846852] [0.0915699005127]
0.07628392800690001 [0.0630021542311] [0.0895657017827]
0.07718846946954999 [0.0657578036189] [0.0886191353202]
0.08024349808695 [0.0707385018468] [0.0897484943271]
0.08463381603360001 [0.0770703330636] [0.0921972990036]
0.08882477506995 [0.0830941945314] [0.0945553556085]
0.0919556990266 [0.0878057330847] [0.0961056649685]
0.09509215131405 [0.0927161574364] [0.0974681451917]
0.09941957518469999 [0.0944152995944] [0.104423850775]
0.1116059534255 [0.102674752474] [0.120537154377]
