0.0408335607499 0.056442426051750004 0.06898847827665 0.07244265591735 0.07039448618865 0.06667568907125 0.06286291172729999 0.059114099480145 0.055747768375880004 0.053329596761610004 0.051955239847305 0.05199023941531 0.0533612424042 0.055391534231405 0.057141429744715 
0.058350138365985 0.058715093880805 0.058079551905535 0.056422357447205 0.055507798213710005 0.05567111400911 0.05777384201045 0.06193027598805 0.0678885746746 0.073494657874 0.0762931294741 0.0748528591356 0.07100464729595 0.0667569935324 0.06385609880075 
0.06236882880315 0.0616178307684 0.0607897578741 0.0603415220974 0.0608938601797 0.061014034785599996 0.0604283339344 0.05941559281195 0.05832988768815 0.0577819268221 0.0582535262221 0.059745195321800004 0.0617092130706 0.06329068914055 0.0636145900935 
0.06303818151355 0.0620161034167 0.06086448952555 0.059441411867749996 0.05868460051715 0.058699518442149996 0.0568930860609 0.0557059049606 0.05561553686855 0.05592981539665 0.0571100693196 0.05992095544935 0.06491867266595 0.07187329418954999 0.07919384352860001 
0.0831030383706 0.0841899588704 0.08493087440705 0.08653520792739999 0.08929210528715 0.0922499895096 0.0947069823744 0.09667149931175001 0.0987067557873 0.09986392036104999 0.09945677965854999 0.09804538637400001 0.0955866947771 0.09262641146780001 0.08954141661525 
0.08664729446175 0.08422069996595 0.08495952934029999 0.09045874327425 0.1026508174837 0.1160110682249 0.12514881417149998 0.12636589631455 0.12327498942635 0.12061681598405 0.11924459412705 0.1191701926291 0.1202394068239 0.1230194382367 0.12768691405639998 
0.1328052990139 0.1376339420675 0.141596172005 0.14375933632250001 0.1448385566475 0.14565929025399998 0.147032633424 0.1498912200335 0.154427789152 0.16060568392250002 0.1640585958955 0.1653235703705 0.16251899302 0.15645506233 0.148649968207 
0.139812543988 0.1308341026305 0.122404374182 0.115412589163 0.108913052827 0.10292306542395 0.0977748110891 0.09315639734265 0.08909499272725 0.08517057262385 0.08128782361725 0.07787804678060001 0.07585630193345 0.07505571842205 0.0756926070898 
0.0773525126277 0.0793408658357 0.0814919658007 0.08371187001465 0.086342263967 0.0897527802738 0.0938690658661 0.09829824604080001 0.10313239693655 0.10934172570720001 0.1163112819195 0.1227691322564 0.12946565821744999 0.13652717694645 0.14258836954855 
0.14777021482594999 0.153273832053 0.159051436931 0.1636564061045 0.166026435792 0.16404511034500002 0.16096521914 0.1597084328535 0.1585141792895 0.1561851128935 0.15231077373000002 0.14656366407850002 0.1410045325755 0.1378004327415 0.1380293518305 
0.13963228464150002 0.141875810921 0.142937541008 0.1426114439965 0.141024455428 0.13882220909 0.1365833580495 0.136202324182 0.138272501528 0.143920771778 0.151485145092 0.1596447005865 0.1663760244845 0.168559081852 0.166761852801 
0.16075485199700001 0.150835573673 0.13712240383 0.124350011349 0 0 0 0 0 0 0 0 0 0 0 
