0.0852678157389 0.08217885252104 0.0877034533767 0.09247888624665 0.09627068787815 0.10034507093959999 0.10405501723285 0.106589257717 0.10458009876294999 0.09100400563324999 0.07084465725354999 0.0535678006709 0.0425036791712 0.0374375632964 0.0352097703144 
0.0344547396526 0.03433939255775 0.034472749102849996 0.0344499666244 0.0334892896935 0.0321410419419 0.031192502006900002 0.030845182016499998 0.031312314793499996 0.0326685756445 0.0345799131319 0.03653072193265 0.039431087672699996 0.0451585743576 0.055649627000099997 
0.06427069753405 0.0631218403578 0.05407512001695 0.043884890154 0.036564523354200004 0.0323722595349 0.03039684239775 0.0294738393277 0.029005709104250002 0.0286782281473 0.028780742548400004 0.029642676468900002 0.03157037403435 0.03435788769275 0.0377099942416 
0.041649389546349995 0.04612154047935 0.04962665960195 0.050012708641600005 0.0456502949819 0.03997352253645 0.03693441767245 0.0382742509246 0.042386574670650004 0.046316654421400004 0.04880033805965 0.0499126017094 0.049033924937250006 0.04830805957315 0.0470380252227 
0.04566279705615 0.0445261504501 0.0437719784677 0.0434309551492 0.0434918636456 0.0439282050356 0.044654013589 0.023544750176400002 0.02513404469935 0.02617399394515 0.02673679962755 0.02737288922075 0.02874571830035 0.0310150776058 0.03400722146035 
0.03752413392065 0.04111179802565 0.04448566865175 0.0471186432987 0.0590095985681 0.06625825352965001 0.0696268994359 0.07081011310215 0.07068633846935 0.06969372183085 0.07102836854755 0.07239818573 0.0718515813351 0.06934528797865 0.0668751001358 
0.0649136118591 0.06348298117515 0.062278730794799994 0.06141198985275 0.06074223108585 0.060227105394 0.0598119106144 0.059479450806949996 0.0592781305313 0.0592086110264 0.0592910628766 0.0600692182779 0.06229014508425 0.06606993637979999 0.0697538778186 
0.07263367809349999 0.07368545234185 0.073519455269 0.07575699687005 0.0728899594396 0.06551310792565 0.0572568960488 0.0514114424586 0.04804095812145 0.0464460290968 0.04606610164045 0.046355150639999995 0.04684484004975 0.04716290347275 0.0472343116999 
0.047355448827149996 0.04801180027425 0.04997510649265 0.054405167698849996 0.0625251084566 0.07614962011575 0.09770696237665 0.124999329448 0.144098475575 0.15094657242300002 0.1532352492215 0.15146946907050002 0.148247100413 0.144464246929 0.1429301574825 
0.1447603181005 0.14909303188349998 0.152468688786 0.1537426263095 0.151588372886 0.14515829831350002 0.13784257322549998 0.1318088173865 0.1277523338795 0.1252389885485 0.1219249255955 0.11546989902874999 0.10782891139385001 0.1006794013082 0.09487612918015001 
0.09115032851685 0.08925915881985 0.08901983872045 0.08992369473 0.09127224981765 0.09218617528680001 0.09228050336240001 0.09154304862005 0.0903698764739 0.0893356017766 0.08896931633355 0.09016935527325001 0.09324981644725 0.0993123687804 0.10806451737850001 
0.11622109264149999 0.121247198433 0 0 0 0 0 0 0 0 0 0 0 0 0 
