M B1 B2
0.08617524802685 [0.0849678739905] [0.0873826220632]
0.045439919456799996 [0.0391494967043] [0.0517303422093]
0.0323866195977 [0.0250431187451] [0.0397301204503]
0.0281445607543 [0.0208137705922] [0.0354753509164]
0.0264287693426 [0.0196429919451] [0.0332145467401]
0.025173695758 [0.0192070268095] [0.0311403647065]
0.02429942786695 [0.0192263647914] [0.0293724909425]
0.023972267285 [0.0197005681694] [0.0282439664006]
0.02424264512955 [0.0206897351891] [0.02779555507]
0.02490055933595 [0.0220609866083] [0.0277401320636]
0.0257895505056 [0.0234706196934] [0.0281084813178]
0.0266643408686 [0.02467029728] [0.0286583844572]
0.0276199132204 [0.0257904212922] [0.0294494051486]
0.028900696896 [0.0272062998265] [0.0305950939655]
0.03089275490495 [0.0295659285039] [0.032219581306]
0.0339143946767 [0.0337026268244] [0.034126162529]
0.0384859088808 [0.0405722558498] [0.0363995619118]
0.0456739123911 [0.0524215549231] [0.0389262698591]
0.0559609327465 [0.0707060396671] [0.0412158258259]
0.06929201819005 [0.0940238684416] [0.0445601679385]
0.0820016767828 [0.116498045623] [0.0475053079426]
0.09004511497920001 [0.130729019642] [0.0493612103164]
0.09399993903955 [0.137780323625] [0.0502195544541]
0.09523934870945 [0.140285670757] [0.0501930266619]
0.09337974339749999 [0.137550503016] [0.049208983779]
0.0898167043924 [0.132282629609] [0.0473507791758]
0.08564175665359999 [0.126358941197] [0.0449245721102]
0.08143952675165 [0.120240546763] [0.0426385067403]
0.07753095030765 [0.114265106618] [0.0407967939973]
0.0718052964655 [0.103554308414] [0.040056284517]
0.0626892950386 [0.0852389857173] [0.0401396043599]
0.05234254151585 [0.0643329769373] [0.0403521060944]
0.044307662174099996 [0.0478461161256] [0.0407692082226]
0.03988286480305 [0.0375754833221] [0.042190246284]
0.038357084617 [0.0320037528872] [0.0447104163468]
0.03820104897025 [0.028976097703] [0.0474260002375]
0.0386679805815 [0.0272196419537] [0.0501163192093]
0.03948544617745 [0.0262827444822] [0.0526881478727]
0.040287555195400004 [0.0260294917971] [0.0545456185937]
0.04113930463795 [0.0263738073409] [0.055904801935]
0.042550951242449994 [0.0276272781193] [0.0574746243656]
0.04502157494425 [0.0302384682] [0.0598046816885]
0.0483282096684 [0.0340970233083] [0.0625593960285]
0.0520401708782 [0.0388676822186] [0.0652126595378]
0.05550671368835 [0.043951369822] [0.0670620575547]
0.05868282169105 [0.0490670129657] [0.0682986304164]
0.062148062512249996 [0.0547892488539] [0.0695068761706]
0.06684981286525 [0.0620820894837] [0.0716175362468]
0.0736979842186 [0.0721975713968] [0.0751983970404]
0.0838831216097 [0.0872218310833] [0.0805444121361]
0.09692503884455 [0.106821097434] [0.0870289802551]
0.109301008284 [0.127723649144] [0.090878367424]
0.120182387531 [0.145957231522] [0.09440754354]
0.1285014525057 [0.158717364073] [0.0982855409384]
0.1338099725545 [0.164758488536] [0.102861456573]
0.13691195473099999 [0.166202813387] [0.107621096075]
0.136698022485 [0.164701372385] [0.108694672585]
0.12741061300015 [0.156343504786] [0.0984777212143]
0.10623976960779999 [0.137196213007] [0.0752833262086]
0.0819440558552 [0.109098613262] [0.0547894984484]
0.06411355547605 [0.085313744843] [0.0429133661091]
0.0533289797604 [0.0698806941509] [0.0367772653699]
0.0491606872529 [0.0640809759498] [0.034240398556]
0.048527471721149996 [0.0631899759173] [0.033864967525]
0.049583394080399995 [0.0643442645669] [0.0348225235939]
0.0515967477113 [0.0662487521768] [0.0369447432458]
0.054150659591 [0.0678756758571] [0.0404256433249]
0.05788021348415 [0.0706337764859] [0.0451266504824]
0.06183098256585 [0.0735536292195] [0.0501083359122]
0.06502368673680001 [0.0759376361966] [0.054109737277]
0.0668871961534 [0.0773333609104] [0.0564410313964]
0.06750358454885 [0.077568680048] [0.0574384890497]
0.0681246947497 [0.0776497647166] [0.0585996247828]
0.07027071900665 [0.0787003338337] [0.0618411041796]
0.07506402209405 [0.0812718495727] [0.0688561946154]
0.08321153372529999 [0.0849042385817] [0.0815188288689]
0.09281231835485 [0.087135091424] [0.0984895452857]
0.0964467227461 [0.0861972346902] [0.106696210802]
0.09102881327255 [0.0810938030481] [0.100963823497]
0.0826566815376 [0.0750268921256] [0.0902864709496]
0.07506255805495 [0.0700386539102] [0.0800864621997]
0.0684319883585 [0.0658873319626] [0.0709766447544]
0.06231431104245 [0.0624485164881] [0.0621801055968]
0.056349791586399994 [0.0591936372221] [0.0535059459507]
0.050582926720400004 [0.0556786172092] [0.0454872362316]
0.045947765931500004 [0.052495777607] [0.039399754256]
0.043618103489299995 [0.0508897267282] [0.0363464802504]
0.04320111311975 [0.0508935339749] [0.0355086922646]
0.04350761696695 [0.0517553538084] [0.0352598801255]
0.043567294254899996 [0.0523427128792] [0.0347918756306]
0.0435831453651 [0.0528569407761] [0.0343093499541]
0.0447356607765 [0.0547808781266] [0.0346904434264]
0.048083566129200006 [0.0593054965138] [0.0368616357446]
0.054239403456449994 [0.0668662115932] [0.0416125953197]
0.06398586742574999 [0.0786101520061] [0.0493615828454]
0.0768180061132 [0.0945309698582] [0.0591050423682]
0.0883039534093 [0.108311288059] [0.0682966187596]
0.08915681764475 [0.110626131296] [0.0676875039935]
0.07800807990135 [0.0974256247282] [0.0585905350745]
0.06338265165689999 [0.079066939652] [0.0476983636618]
0.052158286795 [0.063931196928] [0.040385376662]
0.04556767642494999 [0.054496537894] [0.0366388149559]
0.04267949052155 [0.0501151606441] [0.035243820399]
0.0422276947647 [0.0489697307348] [0.0354856587946]
0.0424734856933 [0.0484891608357] [0.0364578105509]
0.04291137494145 [0.0481933169067] [0.0376294329762]
0.0434997398406 [0.0485007166862] [0.038498762995]
0.04421710781755 [0.0495441630483] [0.0388900525868]
0.04452460072935 [0.0502575710416] [0.0387916304171]
0.044231452047800005 [0.0503526367247] [0.0381102673709]
0.0434193983674 [0.0497729927301] [0.0370658040047]
0.04244477301835 [0.0488571822643] [0.0360323637724]
0.04249446839095 [0.0491385497153] [0.0358503870666]
0.04440161027015 [0.051807615906] [0.0369956046343]
0.0481707379222 [0.0569644495845] [0.0393770262599]
0.05326382815835 [0.0636729598045] [0.0428546965122]
0.05841447971765 [0.0701546147466] [0.0466743446887]
0.061659863218649996 [0.0743568390608] [0.0489628873765]
0.062177201732999995 [0.0756884664297] [0.0486659370363]
0.061148324981350005 [0.0751984342933] [0.0470982156694]
0.0601841583848 [0.0745709314942] [0.0457973852754]
0.060721386224049996 [0.0754259452224] [0.0460168272257]
0.06366265937685 [0.0788206979632] [0.0485046207905]
0.06850012391805001 [0.0833993703127] [0.0536008775234]
0.07496728748085 [0.0892959460616] [0.0606386289001]
0.08250535279515 [0.0960024148226] [0.0690082907677]
0.09115318581445 [0.103782303631] [0.0785240679979]
0.10169624164695 [0.113552622497] [0.0898398607969]
0.11472147330650001 [0.126163601875] [0.103279344738]
0.1290603131055 [0.141810566187] [0.116310060024]
0.1431498751045 [0.156440511346] [0.129859238863]
0.15630070120099998 [0.168854802847] [0.143746599555]
0.1687655374405 [0.178788885474] [0.158742189407]
0.179373316467 [0.183593660593] [0.175152972341]
0.187747806311 [0.184756934643] [0.190738677979]
0.1946290135385 [0.185477778316] [0.203780248761]
0.19829653948550002 [0.184340506792] [0.212252572179]
0.19774160534149998 [0.180561468005] [0.214921742678]
0.1933963373305 [0.174192786217] [0.212599888444]
0.18716978281750002 [0.16686527431] [0.207474291325]
0.1820617467165 [0.160544589162] [0.203578904271]
0.17916118353600002 [0.156569734216] [0.201752632856]
0.1766371801495 [0.156448766589] [0.19682559371]
0.168467618525 [0.153198033571] [0.183737203479]
0.15038684010499997 [0.139421582222] [0.161352097988]
0.1170933134855 [0.109368696809] [0.124817930162]
