M B1 B2
0.149736635387 [0.116312801838] [0.183160468936]
0.1388150937855 [0.100897751749] [0.176732435822]
0.12931839749225 [0.0896588638425] [0.168977931142]
0.12273406237340001 [0.0833600014448] [0.162108123302]
0.1193824969233 [0.0809589251876] [0.157806068659]
0.11902424320565 [0.0810807421803] [0.156967744231]
0.12008717283585 [0.0823921635747] [0.157782182097]
0.12227752059715 [0.0847769081593] [0.159778133035]
0.12472435832035 [0.0878273695707] [0.16162134707]
0.1269433759155 [0.091362260282] [0.162524491549]
0.12791967764485 [0.0945819988847] [0.161257356405]
0.1281861104069 [0.0972271636128] [0.159145057201]
0.12853505089875 [0.0995193347335] [0.157550767064]
0.12912666797650002 [0.102472946048] [0.155780389905]
0.129035424441 [0.108676545322] [0.14939430356]
0.13171764463149999 [0.121531948447] [0.141903340816]
0.140256404877 [0.144512921572] [0.135999888182]
0.15622810274350002 [0.180504828691] [0.131951376796]
0.17670077085500002 [0.224359676242] [0.129041865468]
0.1958299279215 [0.261934489012] [0.129725366831]
0.20814517885449998 [0.282402902842] [0.133887454867]
0.214299120009 [0.2888058424] [0.139792397618]
0.21387167274950003 [0.283213615417] [0.144529730082]
0.21111027896399998 [0.276071876287] [0.146148681641]
0.20954538136700002 [0.273025125265] [0.146065637469]
0.20867209881550003 [0.272368580103] [0.144975617528]
0.2094486951825 [0.275953173637] [0.142944216728]
0.20744439959549998 [0.274121999741] [0.14076679945]
0.2001648843285 [0.260712355375] [0.139617413282]
0.19115086644899998 [0.241714179516] [0.140587553382]
0.183504931629 [0.222649201751] [0.144360661507]
0.179545260966 [0.207100450993] [0.151990070939]
0.1828672662375 [0.198284834623] [0.167449697852]
0.1910149231555 [0.191847085953] [0.190182760358]
0.1974744051695 [0.183253705502] [0.211695104837]
0.19765406101900002 [0.175037041306] [0.220271080732]
0.1966307237745 [0.170535907149] [0.2227255404]
0.1967909932135 [0.169978812337] [0.22360317409]
0.2001213356855 [0.173415437341] [0.22682723403]
0.20654977113 [0.180726870894] [0.232372671366]
0.215455517173 [0.19152918458] [0.239381849766]
0.2247636392715 [0.200586989522] [0.248940289021]
0.23113187402500002 [0.205234244466] [0.257029503584]
0.23415383696550002 [0.210302531719] [0.258005142212]
0.2312650829555 [0.211394459009] [0.251135706902]
0.22719252854549998 [0.211512342095] [0.242872714996]
0.2244525104765 [0.21060153842] [0.238303482533]
0.2230625748635 [0.20865419507] [0.237470954657]
0.2229116335515 [0.207450449467] [0.238372817636]
0.2213440462945 [0.205567985773] [0.237120106816]
0.21889655292049998 [0.205818086863] [0.231975018978]
0.21262089908100001 [0.204879298806] [0.220362499356]
0.1948628649115 [0.186014696956] [0.203711032867]
0.1659855097535 [0.145833939314] [0.186137080193]
0.141323529184 [0.110183477402] [0.172463580966]
0.12445798516255 [0.0866314768791] [0.162284493446]
0.11263606324815001 [0.0724627897143] [0.152809336782]
0.104300111532 [0.063618093729] [0.144982129335]
0.09962732344885 [0.0588450729847] [0.140409573913]
0.0980333834887 [0.0567429065704] [0.139323860407]
0.0981164779516 [0.0562235675752] [0.140009388328]
0.09850488789395001 [0.0563327558339] [0.140677019954]
0.0979602430016 [0.0563168860972] [0.139603599906]
0.0967422369866 [0.0556739456952] [0.137810528278]
0.09460859373215 [0.0542617812753] [0.134955406189]
0.09208008646955 [0.0522327870131] [0.131927385926]
0.0895521659406 [0.0501910932362] [0.128913238645]
0.0874384790657 [0.0486568659544] [0.126220092177]
0.0856652539225 [0.048316065222] [0.123014442623]
0.08613957837205 [0.0499326810241] [0.12234647572]
0.0890238098799 [0.0549452528358] [0.123102366924]
0.09799988567849999 [0.065336316824] [0.130663454533]
0.10561631992465001 [0.0752001926303] [0.136032447219]
0.103962816298 [0.079121991992] [0.128803640604]
0.09093529731059999 [0.0741474926472] [0.107723101974]
0.07254074513915 [0.0612561106682] [0.0838253796101]
0.057108690962200004 [0.0484410189092] [0.0657763630152]
0.047123802825800004 [0.0395241007209] [0.0547235049307]
0.041725546121599996 [0.0343804173172] [0.049070674926]
0.03955460712315 [0.0319641567767] [0.0471450574696]
0.0392136443406 [0.0312673002481] [0.0471599884331]
0.0395723246038 [0.0315616205335] [0.0475830286741]
0.04008031636475 [0.0323922894895] [0.04776834324]
0.04043607227505 [0.033388376236] [0.0474837683141]
0.0406129844487 [0.0342298075557] [0.0469961613417]
0.0407183673233 [0.0347599126399] [0.0466768220067]
0.04092766903345 [0.0348851308227] [0.0469702072442]
0.04150284081695 [0.0349256880581] [0.0480799935758]
0.04284074343745 [0.03569162637] [0.0499898605049]
0.04618476890025 [0.0387943536043] [0.0535751841962]
0.05308301746845 [0.0457566715777] [0.0604093633592]
0.06563483923675001 [0.0586365312338] [0.0726331472397]
0.0863447934389 [0.0798589736223] [0.0928306132555]
0.11717689782400001 [0.112489499152] [0.121864296496]
0.1493519470095 [0.147911041975] [0.150792852044]
0.1685345247385 [0.170175462961] [0.166893586516]
0.1738900244235 [0.176083296537] [0.17169675231]
0.171111829579 [0.170614734292] [0.171608924866]
0.168594121933 [0.16406968236] [0.173118561506]
0.1668368801475 [0.159229397774] [0.174444362521]
0.16589213162650002 [0.15712878108] [0.174655482173]
0.164737433195 [0.15805400908] [0.17142085731]
0.161094032228 [0.161096572876] [0.16109149158]
0.154367379844 [0.164387717843] [0.144347041845]
0.1424058526755 [0.161437019706] [0.123374685645]
0.1200122199955 [0.135966166854] [0.104058273137]
0.09383853524925 [0.0978022962809] [0.0898747742176]
