M B1 B2
0.0787862315774 [0.0687939450145] [0.0887785181403]
0.0795113481581 [0.06619104743] [0.0928316488862]
0.07964101433755 [0.0629853978753] [0.0962966307998]
0.0784939173609 [0.059449095279] [0.0975387394428]
0.07694081775845 [0.0559059716761] [0.0979756638408]
0.07516742311415 [0.0525985397398] [0.0977363064885]
0.07306969724595 [0.0499802492559] [0.096159145236]
0.070750169456 [0.0481549650431] [0.0933453738689]
0.06812658533455 [0.0468920096755] [0.0893611609936]
0.0649183653295 [0.0455450862646] [0.0842916443944]
0.061331052333150005 [0.0438293591142] [0.0788327455521]
0.0580449681729 [0.0413391180336] [0.0747508183122]
0.05442784912885 [0.0376451946795] [0.0712105035782]
0.05179804749785 [0.034422468394] [0.0691736266017]
0.0502585824579 [0.0321790166199] [0.0683381482959]
0.04805029463025 [0.0306649338454] [0.0654356554151]
0.04373842384665 [0.0298121217638] [0.0576647259295]
0.03774157259615 [0.0291009489447] [0.0463821962476]
0.0326268048957 [0.0291747320443] [0.0360788777471]
0.0295313009992 [0.0300813913345] [0.0289812106639]
0.0283494479954 [0.0318952016532] [0.0248036943376]
0.0287190945819 [0.0346845313907] [0.0227536577731]
0.03004865534605 [0.0379886291921] [0.0221086815]
0.031880979426199996 [0.0413963086903] [0.0223656501621]
0.03413009736685 [0.0452939085662] [0.0229662861675]
0.03690036106855 [0.0501719601452] [0.0236287619919]
0.0403413660824 [0.0564750023186] [0.0242077298462]
0.044200670905399995 [0.0638327598572] [0.0245685819536]
0.0477239722386 [0.070875428617] [0.0245725158602]
0.0500637376681 [0.0759181529284] [0.0242093224078]
0.05112513992935 [0.078546449542] [0.0237038303167]
0.0517199868336 [0.0798326283693] [0.0236073452979]
0.05326494574545 [0.081784106791] [0.0247457846999]
0.0561724109575 [0.0843556150794] [0.0279892068356]
0.0610556229949 [0.0875154212117] [0.0345958247781]
0.06684280745685 [0.0883275046945] [0.0453581102192]
0.0671650655568 [0.0801881179214] [0.0541420131922]
0.0567163452506 [0.0652731359005] [0.0481595546007]
0.04392326809465 [0.0507342852652] [0.0371122509241]
0.03522639069705 [0.0406621992588] [0.0297905821353]
0.03024171479045 [0.0347987189889] [0.025684710592]
0.027337424457100003 [0.0314224250615] [0.0232524238527]
0.0250691138208 [0.0286665223539] [0.0214717052877]
0.022651926614349997 [0.0255013331771] [0.0198025200516]
0.0204226542264 [0.0225031971931] [0.0183421112597]
0.01877202186735 [0.0201399251819] [0.0174041185528]
0.017931877635400002 [0.0187054555863] [0.0171582996845]
0.0176754808053 [0.0179424937814] [0.0174084678292]
0.0176455825567 [0.0174634065479] [0.0178277585655]
0.01761863101275 [0.0169944651425] [0.018242796883]
0.0174455549568 [0.01639906317] [0.0184920467436]
0.017239944078049997 [0.015748038888] [0.0187318492681]
0.01728793838995 [0.0153187150136] [0.0192571617663]
0.0178505806252 [0.0153272002935] [0.0203739609569]
0.0189001178369 [0.0156810991466] [0.0221191365272]
0.02014216408135 [0.0161387845874] [0.0241455435753]
0.0210698004812 [0.0165439993143] [0.0255956016481]
0.02219423558565 [0.0172795839608] [0.0271088872105]
0.0245471596718 [0.0191711392254] [0.0299231801182]
0.029825235717 [0.0237991381437] [0.0358513332903]
0.0417822171003 [0.0345361568034] [0.0490282773972]
0.06410976685585 [0.0555530525744] [0.0726664811373]
0.0953417569398 [0.0881690755486] [0.102514438331]
0.118082176894 [0.118955150247] [0.117209203541]
0.123137112707 [0.13248975575] [0.113784469664]
0.126049477607 [0.142312213778] [0.109786741436]
0.1290033981205 [0.14806433022] [0.109942466021]
0.1317726001145 [0.150435507298] [0.113109692931]
0.135089404881 [0.152035310864] [0.118143498898]
0.138117391616 [0.153399094939] [0.122835688293]
0.1405859142545 [0.154599949718] [0.126571878791]
0.14180226624 [0.154782414436] [0.128822118044]
0.1413268744945 [0.152706965804] [0.129946783185]
0.139410428703 [0.147883594036] [0.13093726337]
0.13658126443649998 [0.14105001092] [0.132112517953]
0.132233701646 [0.131288513541] [0.133178889751]
0.1199319660665 [0.11204482615] [0.127819105983]
0.0933530405164 [0.0828452333808] [0.103860847652]
0.06589447334405 [0.0571060106158] [0.0746829360723]
0.045657359063649997 [0.0404981374741] [0.0508165806532]
0.0334660001099 [0.0307235568762] [0.0362084433436]
0.0265265610069 [0.0250829458237] [0.0279701761901]
0.022469218820350002 [0.0218467153609] [0.0230917222798]
0.0203120615333 [0.0202682819217] [0.0203558411449]
0.019306969828899997 [0.0196331534535] [0.0189807862043]
0.01876354031265 [0.0193016044796] [0.0182254761457]
0.018421480432200002 [0.0191280972213] [0.0177148636431]
0.0181422540918 [0.0190474055707] [0.0172371026129]
0.0178040964529 [0.018966620788] [0.0166415721178]
0.017206401564200002 [0.0186119694263] [0.0158008337021]
0.01627275301145 [0.0178386680782] [0.0147068379447]
0.01519895996895 [0.0168887209147] [0.0135091990232]
0.014399945270299998 [0.0161025412381] [0.0126973493025]
0.01396457711235 [0.0155931254849] [0.0123360287398]
0.0137856556103 [0.0153146637604] [0.0122566474602]
0.013823970221000001 [0.0152367362753] [0.0124112041667]
0.01400688383725 [0.0152965597808] [0.0127172078937]
0.01431591110305 [0.0154590541497] [0.0131727680564]
0.01478453539315 [0.0158890616149] [0.0136800091714]
0.0155505305156 [0.0165404360741] [0.0145606249571]
0.01658819243315 [0.0171628389508] [0.0160135459155]
0.0176401603967 [0.0173858199269] [0.0178945008665]
0.0184903172776 [0.0170613285154] [0.0199193060398]
0.0192201770842 [0.0167070366442] [0.0217333175242]
0.0201258696616 [0.0168009605259] [0.0234507787973]
0.02163548208775 [0.017515597865] [0.0257553663105]
0.0242331214249 [0.0189422685653] [0.0295239742845]
0.028358085080999997 [0.0211438983679] [0.0355722717941]
0.034944742917999996 [0.0241672322154] [0.0457222536206]
0.04392730910335 [0.0273353401572] [0.0605192780495]
0.0529896393418 [0.0300263613462] [0.0759529173374]
0.05759626068175 [0.0317624546587] [0.0834300667048]
0.05974085628985 [0.0330959558487] [0.086385756731]
0.06023291870955 [0.0339916199446] [0.0864742174745]
0.05992494523524999 [0.0350230485201] [0.0848268419504]
0.059822812676449996 [0.0370554998517] [0.0825901255012]
0.0612134616822 [0.041391145438] [0.0810357779264]
0.0669230055064 [0.0512563847005] [0.0825896263123]
0.07950196415185 [0.0699051246047] [0.089098803699]
0.100366193801 [0.10005877912] [0.100673608482]
0.12034561112549999 [0.127999290824] [0.112691931427]
0.130541831255 [0.141821995378] [0.119261667132]
0.13232000917199999 [0.144022598863] [0.120617419481]
0.130530308932 [0.143132671714] [0.11792794615]
0.126883879304 [0.141861975193] [0.111905783415]
0.1219570375975 [0.140858277678] [0.103055797517]
0.11357288435089999 [0.137290433049] [0.0898553356528]
0.1013373397291 [0.126446902752] [0.0762277767062]
0.08215045928965001 [0.100163176656] [0.0641377419233]
0.0620673727244 [0.0711037889123] [0.0530309565365]
0.0478132069111 [0.0523013994098] [0.0433250144124]
0.038407640531649995 [0.0408167131245] [0.0359985679388]
