M B1 B2
0.0123026119545 [0.0073647480458] [0.0172404758632]
0.01320980489256 [0.00805784203112] [0.018361767754]
0.014953596051765 [0.00933952908963] [0.0205676630139]
0.0181076019071 [0.0116319982335] [0.0245832055807]
0.023473742418 [0.0156538356096] [0.0312936492264]
0.03139693196865 [0.0220744516701] [0.0407194122672]
0.0400370741263 [0.0301562082022] [0.0499179400504]
0.04501864314075 [0.0358875058591] [0.0541497804224]
0.045018253847949996 [0.0365880727768] [0.0534484349191]
0.0431423671544 [0.0347062684596] [0.0515784658492]
0.041741359978949996 [0.0329957790673] [0.0504869408906]
0.041277470067150004 [0.0321287661791] [0.0504261739552]
0.041034935042250004 [0.0317967236042] [0.0502731464803]
0.0406998526305 [0.0315989330411] [0.0498007722199]
0.0401515206322 [0.0312111321837] [0.0490919090807]
0.03973212558775 [0.0309012327343] [0.0485630184412]
0.04004468396305 [0.0312787443399] [0.0488106235862]
0.0414747465402 [0.033027946949] [0.0499215461314]
0.0440036840737 [0.0362677834928] [0.0517395846546]
0.047114847227900006 [0.0402540825307] [0.0539756119251]
0.050300605595099995 [0.0446505062282] [0.055950704962]
0.05297424271705 [0.0486367046833] [0.0573117807508]
0.0557156149298 [0.0527736470103] [0.0586575828493]
0.0587594676763 [0.0576438158751] [0.0598751194775]
0.06109312549235 [0.0625885650516] [0.0595976859331]
0.0625804606825 [0.0675652101636] [0.0575957112014]
0.06378736160695 [0.07234018296] [0.0552345402539]
0.0647571571171 [0.0762434825301] [0.0532708317041]
0.0658076237887 [0.0795943215489] [0.0520209260285]
0.0669950414449 [0.0824795216322] [0.0515105612576]
0.06847478635609999 [0.0851624310017] [0.0517871417105]
0.06983778998255 [0.0869946852326] [0.0526808947325]
0.07070627994834999 [0.087371237576] [0.0540413223207]
0.07070303149519999 [0.0861938893795] [0.0552121736109]
0.0689777880907 [0.082842245698] [0.0551133304834]
0.06587563827635 [0.0782502144575] [0.0535010620952]
0.062027892097800005 [0.0730206593871] [0.0510351248085]
0.058345278725 [0.068048864603] [0.048641692847]
0.055555483326350005 [0.064315751195] [0.0467952154577]
0.05372703447935 [0.0621063672006] [0.0453477017581]
0.05321944132445 [0.0622239783406] [0.0442149043083]
0.0550145469606 [0.0656026676297] [0.0444264262915]
0.0596075374633 [0.0730918198824] [0.0461232550442]
0.06530534662305 [0.081775598228] [0.0488350950181]
0.0702938977629 [0.088505089283] [0.0520827062428]
0.07425670884550001 [0.0925032868981] [0.0560101307929]
0.07525516673925 [0.092492364347] [0.0580179691315]
0.0684116538614 [0.0862042531371] [0.0506190545857]
0.056444996967949995 [0.0749494954944] [0.0379404984415]
0.0443817675114 [0.0610184259713] [0.0277451090515]
0.03609782084825 [0.0501896478236] [0.0220059938729]
0.0314416773617 [0.0436323210597] [0.0192510336637]
0.0291115930304 [0.0403045043349] [0.0179186817259]
0.02784960530695 [0.0384736396372] [0.0172255709767]
0.02745847776535 [0.0381278432906] [0.0167891122401]
0.02733430452645 [0.0382064133883] [0.0164621956646]
0.026868128217749997 [0.0376026369631] [0.0161336194724]
0.0254802806303 [0.0353264398873] [0.0156341213733]
0.023515244480200002 [0.0319907367229] [0.0150397522375]
0.02135949302465 [0.0282664839178] [0.0144525021315]
0.01968817971645 [0.0253132395446] [0.0140631198883]
0.01869213115425 [0.0234256517142] [0.0139586105943]
0.018285792321 [0.0223317705095] [0.0142398141325]
0.018293820787200002 [0.0216194503009] [0.0149681912735]
0.0186637248844 [0.0210452433676] [0.0162822064012]
0.0194511292502 [0.0206579584628] [0.0182443000376]
0.02062791958455 [0.0205689184368] [0.0206869207323]
0.022058101370900002 [0.020978718996] [0.0231374837458]
0.02349848579615 [0.0218142308295] [0.0251827407628]
0.02477224729955 [0.0225549284369] [0.0269895661622]
0.02600275725125 [0.0228965077549] [0.0291090067476]
0.027750476263500003 [0.0233572777361] [0.0321436747909]
0.03087791241705 [0.024790585041] [0.0369652397931]
0.035992333665500004 [0.0276337452233] [0.0443509221077]
0.0429164748639 [0.0316445231438] [0.054188426584]
0.04394874349235 [0.0327322222292] [0.0551652647555]
0.03866272233425 [0.0288355015218] [0.0484899431467]
0.0325126638636 [0.0243287626654] [0.0406965650618]
0.0280495947227 [0.0214176531881] [0.0346815362573]
0.02517115324735 [0.0195356085896] [0.0308066979051]
0.0235156174749 [0.0183570124209] [0.0286742225289]
0.022677461616649998 [0.0176408886909] [0.0277140345424]
0.022327525541200002 [0.0172527097166] [0.0274023413658]
