0.04433694295585 0.04042665753515 0.03758917562665 0.0359797496349 0.03533873148265 0.03504653088745 0.034229268319950004 0.0324502829462 0.030052491463700003 0.0277082333341 0.025693933479499997 0.02399694919585 0.0226378524676 0.0214139004238 0.02039362024515 
0.020633251871900002 0.02180222142485 0.02444233186545 0.030464701354500003 0.043327629566199996 0.0388346808031 0.0365586020052 0.036680467426750005 0.0389093272388 0.0432439018041 0.0484823118895 0.051387833431350005 0.0486907539889 0.04218066856265 0.03610449191185 
0.031744392123050004 0.029329174198199998 0.0281826085411 0.02762356214225 0.02723391586915 0.026897910982365 0.02686110325156 0.02737544011324 0.02830093586817 0.029393991921095 0.03108795033767 0.0340073229745 0.0392219964415 0.0481693870388 0.06323861144475 
0.08617937564834999 0.11247960291785 0.13202687725405 0.14076068624855 0.14384089410325 0.14315335825065 0.13617227971535 0.1209820434451 0.1006074119358 0.08114588633195001 0.0655725076795 0.054602720774700006 0.047529627569000005 0.0434726499952 0.04152945009995 
0.040382697712650004 0.0383665361442 0.0347166825086 0.03089613467455 0.027456763666150002 0.024544800631700003 0.0220048315823 0.0203224257566 0.01963486801835 0.01994882384315 0.021099847275749997 0.0228163106367 0.02467777673155 0.026266213506450004 0.0269512468949 
0.026121136732399998 0.023963180836300002 0.02163632912565 0.0197654222138 0.0186289814301 0.0183134158142 0.018302371725400002 0.0185739295557 0.0189983476885 0.019421842414899998 0.01971533568575 0.01985170133415 0.01970869256185 0.0194130293094 0.019225996919 
0.019479371607299997 0.02059392118825 0.02291639707985 0.026426507160099998 0.03060738183555 0.034423668868849996 0.03691029548645 0.03838560078295 0.03917317930605 0.0392649928108 0.03732726257295 0.03418746311215 0.0309563316405 0.02855318877845 0.0271838847548 
0.0271514179185 0.0283908266574 0.030360733158899998 0.03206769190725 0.033429000526699996 0.0344379777089 0.0352008901536 0.035805303603449995 0.036326653324049996 0.0374351646751 0.04020109493285 0.0456922808662 0.054921055212599997 0.06852276250695 0.083379706368 
0.0930263716726 0.0951334852725 0.0940418802204 0.09226227365415 0.0907071474938 0.0887387450782 0.08494606614125 0.0785244163128 0.06662331335245 0.053745822981 0.0426562987268 0.034055158495900004 0.02838817751035 0.0251747891307 0.02372615784405 
0.02357161790135 0.0241766036488 0.0250437404029 0.025676304474449997 0.02599839586765 0.02602503402155 0.0259173507802 0.025776527356350002 0.0258996193297 0.0267436383292 0.02913569193335 0.0336733162403 0.03965068608525 0.04529071133585 0.04831021185965 
0.04816767945885 0.0464729396626 0.04480194393545 0.0442764842883 0.04510610736905 0.0474018398672 0.0511997444555 0.05716390069575 0.0667341798544 0.08469693642085 0.11878956668085 0.17847762629379998 0.2549235112965 0.2922000586985 0.23961168900100002 
0.16524656489505002 0.11647374928015 0.09109780564905001 0.07746444083775 0.0692690163849 0.06491955183445 0.06334446184335 0.0634325258434 0.06418413296345 0.06474123336375 0.0648419875652 0.06478595919905 0.06493899412455 0.0652350988239 0.06571212969725 
0.06656637229025 0.06926801428195 0.0750959236173 0.0846440754833 0.0930812731384 0.09221138246335 0.08402328938260001 0.07510256022215 0 0 0 0 0 0 0 
