0.0665514543655 0.0655387714505 0.06551351211985 0.0669037308546 0.0701431203633 0.07294736430035 0.07282797619695 0.0685823336241 0.06291978992515 0.06024691136575 0.05906215123815 0.059990041423549995 0.06235585920505 0.06513955164725001 0.06670766323825 
0.06614372041095 0.064484414179 0.062086910475074995 0.057615353725905004 0.051242706831564996 0.045454677427184995 0.041584634920585 0.040309558273299996 0.04136478353758 0.04396539751904 0.04739743540995 0.05089304456489 0.05429033888519 0.057454524096075 0.060237143188785 
0.06280547496872 0.06504701287475 0.06758194207208 0.071634032763455 0.078181814402245 0.08908993657695 0.1046265843324 0.11981237027815 0.12878621369605 0.12904911860805 0.11995901539925 0.10751351714145 0.0955263134094 0.08621764183065 0.07995591685165 
0.07625390961765 0.0743536874654 0.073570964858 0.07327476702645 0.0732137691232 0.0734191332011 0.07407407276309999 0.075358806178 0.07790212892015 0.08271559141599999 0.08904155157485 0.09896557778105 0.114773483947 0.13904251530779999 0.17012849822625 
0.17528677359244998 0.1300916075704 0.08543193899115001 0.05983196943995 0.0467303255573 0.04014361649755 0.03711209539325 0.03605173900725 0.0359148681164 0.03605407848955 0.03612649906425 0.03583873622115 0.0352707374841 0.03432560898365 0.03342276532205 
0.0332288807258 0.0346481706947 0.038376293145149995 0.0460210107267 0.05941630434245 0.07835314236589999 0.095887200907 0.10493957623845 0.10634232871249999 0.1045447960494 0.1011906024071 0.0933756921439 0.075838792138 0.05798158980905001 0.04651375953105 
0.0395796746016 0.03532163146885 0.0328429508954 0.0315055297688 0.030837049707750003 0.0305942958221 0.030774335376899997 0.03130932338535 0.03204268589615 0.0326835708693 0.032841639593250004 0.03210827708245 0.03035215102135 0.02791563421485 0.0259120250121 
0.024587106891 0.02390582021325 0.02366929035635 0.02351637883114 0.023231277707945 0.022831572219735002 0.022375714033835002 0.02203230652956 0.021748908795419998 0.021445651538699997 0.0210629706271 0.0208998946473 0.021466431208 0.0233025406487 0.0273857675493 
0.033948247320950004 0.0413793437183 0.04648624453695 0.04901382513345 0.05002208519725 0.0507057607174 0.05133239459245 0.051850017160149996 0.0523190796375 0.05293425731365001 0.0522819105536 0.05232091620565 0.05469558015465 0.05785554088655 0.0597363822162 
0.06005952879785 0.05963240005075 0.059193886816499994 0.05875068716705 0.058279292658 0.057335766032349994 0.055560402572200004 0.053059542551650005 0.050543818622799996 0.04868613928555 0.04798441194 0.049071488902 0.05438422132285 0.0663570091129 0.0823171455414 
