0.0991807039829 0.10782171785845 0.1122148595751 0.10837812721705001 0.10213982686385 0.0959017798305 0.09049867093569999 0.08596732839955 0.08224243670709999 0.07932590506975 0.0695714820176 0.0650140419602 0.062162507325400004 0.06071608141065 0.0606864690781 
0.0611416734755 0.0625719819218 0.0641320627183 0.060054613277299995 0.0499579217285 0.04018516279755 0.0337721928954 0.03021524380895 0.0284275347367 0.0276536308229 0.02900005411355 0.029413290321799998 0.02824187185615 0.02795039117335 0.02755812276155 
0.02702412195505 0.0263718655333 0.025713733397399997 0.01566339842975 0.01539931865405 0.01630944618955 0.0191703536548 0.02533371793105 0.03596855606885 0.04770843172445 0.05410202685745 0.05545176099985 0.0548004605807 0.053937511984249994 0.052983312867549995 
0.0521178743802 0.05157096730545 0.051361397374449995 0.0514009101316 0.051589901559049994 0.051705399528149995 0.050694492645549996 0.0487757269293 0.0466040270403 0.04409732390195 0.04216798208655 0.04037250299005 0.03930550348015 0.03898416738955 0.039434830658150004 
0.04019410256295 0.0405432684347 0.04012163635345 0.03950266260655 0.038724148646 0.0379347829148 0.0374288344756 0.037536874413499996 0.0384825086221 0.0402749422938 0.042915232479549995 0.04605425801125 0.049274413846449996 0.05236547626555001 0.055277734063549994 
0.05866579059515 0.0628606984392 0.06708419509255001 0.0697324173526 0.066931154579 0.055678701028250004 0.04260930325835 0.03306233882905 0.027193759568045 0.023951848968880002 0.02238932158798 0.021594312041999998 0.020999404601745 0.020390011370185 0.01983113354075 
0.01937914919105 0.01911363750695 0.0189780634828 0.0189243266359 0.01907782536 0.0198951214552 0.02185060083865 0.0256095947698 0.031383770518 0.038558770902449996 0.04492677375675 0.0492522697896 0.05263483710585 0.0572454314679 0.061923472210799996 
0.0663767848164 0.06659094989299999 0.060409106314199996 0.049644038081150005 0.039643698371950004 0.0333450362086 0.02993776416405 0.028477922547600003 0.0282108369283 0.02848377916965 0.02893938869235 0.02957282075655 0.030238761566549997 0.03097501304 0.0315943295136 
0.03193886671215 0.0320717305876 0.0326732750982 0.034767198376350006 0.0389740485698 0.0458368500695 0.054684914648550006 0.06275605224070001 0.0669209510088 0.06727915257215 0.06623649410905 0.0649609863758 0.06347806751730001 0.0605826433748 0.056337682530250004 
0.0507733300328 0.04418949689715 0.0371026461944 0.031448610126949994 0.02755156625065 0.02551119402055 0.0245540207252 0.0239717550576 0.0234045702964 0.02278240211305 0.022136064246299998 0.02149901725355 0.0209217099473 0.02064326498655 0.020815089345000003 
0.02163938153535 0.0233670109883 0.026037617586550002 0.029116746038199998 0.0317765250802 0.033655546605599995 0.034771811217100004 0.0352076180279 0.03544086776675 0.0348109472543 0.03367991186675 0.032089702785 0.0304577508941 0.029216791503099998 0.02832475677135 
0.02763049304485 0.027217479422699996 0.027263448573649998 0.027946352027349998 0.029332622885700002 0.031332959421 0.03357459232215 0.036267651245 0.0394148696214 0.04328795522455 0.047910902649149996 0.05357060208915 0.06159458309415 0.07097191736115 0.078053334728 
0.07851615734375 0.07429197430625 0 0 0 0 0 0 0 0 0 0 0 0 0 
