0.06518656387909999 0.0663186144084 0.0718344859779 0.082019805908 0.0940467976036 0.1022099107502 0.09927320107835 0.08698531985295 0.07172182574864999 0.057717915624350004 0.0467047635466 0.0408197902143 0.0402288772166 0.04379332624375 0.049589417874849995 
0.056450970470899996 0.0631133504212 0.06863356940465 0.07249657437195 0.0749091897162 0.0764337759467 0.0783436018974 0.081387342885 0.08633532933875 0.0938192307947 0.10378205776214999 0.1150019057097 0.1274963468315 0.1445281654595 0.1611761152745 
0.17323528230149998 0.177033223212 0.1758489757775 0.17487453669300002 0.175779886544 0.1771710887555 0.17927023023400002 0.1833301484585 0.190620876849 0.2007944136855 0.21137920022 0.21948965638899998 0.2220768406985 0.217177607119 0.20229639857999998 
0.1835980415345 0.1644188985225 0.143614720553 0.123910937458 0.10683595016625 0.0929855071008 0.0829354710877 0.07600377872585001 0.07084403000775 0.06657083891335 0.0628858041018 0.05979563854635 0.0571541059762 0.054758872836800004 0.0525057688355 
0.050840886309750005 0.050147866830200005 0.05063215829435 0.05205257236955 0.054528510198 0.0580990873277 0.061420917510949996 0.06396270915865 0.06500746309755 0.064444122836 0.06267437525095 0.06039059534669999 0.05835241638125 0.056939749047200006 0.0560557954013 
0.0552512668073 0.0539807938039 0.05223013833165 0.0505923703313 0.0496191009879 0.049225568771349995 0.04900539852675 0.04812897369265 0.0473354216665 0.0473846588284 0.048552913591249997 0.050923045724600005 0.0542651116848 0.058764308691 0.06453089602295001 
0.07270008325575 0.08599309623240001 0.10733405500644999 0.13971344381599998 0.17809634655700002 0.202664144337 0.19763802737 0.177370123565 0.1584211215375 0.147582903504 0.144115317613 0.144796859473 0.1460859142245 0.1471961662175 0.148327663541 
0.1511006318035 0.1543546058235 0.15620109438899998 0.156625725329 0.1565541327 0.158972803503 0.1648022010925 0.174919784069 0.18903144449 0.203449502587 0.2109587192535 0.21046572178599998 0.2018465846775 0.1915240287785 0.184552937746 
0.1783943511545 0.1746854931115 0.1735556945205 0.169655881822 0.16725661605595 0.16500011831515 0.1624929942189 0.1607392430307 0.15921824052914998 0.1583396717907 0.1573216244576 0.15401415899374998 0.15151661634425 0.14957053214319999 0.1439147703351 
0.13471836224205 0.1238212324677 0.11222305521375 0.1030094996095 0.0957581251858 0.09008144773554999 0.085198452696 0.08203486725664999 0.08043619617844999 0.0804964825513 0.08114000409825001 0.0830132029952 0.08556831628085 0.08919753693044999 0.0934926867483 
0.098671440035 0.10525435954314999 0.11152361519615 0.1157585792245 0.11525001376855 0 0 0 0 0 0 0 0 0 0 
