0.1287016794086 0.11741103418149999 0.10198601521549999 0.082118721679 0.0624775905162 0.04768188484015 0.037669328972700006 0.031148679554450002 0.02695872541515 0.0237782858312 0.02217234764245 0.021625368390249998 0.0292620025575 0.038639445789150004 0.04497591219845 
0.05074492515995 0.07711157482125 0.07458929251885 0.07302694767694999 0.0724945086986 0.07332448195664999 0.07588331121940001 0.08048180304445 0.08728970401005 0.09661839157355 0.1090342253445 0.12054543942200001 0.12122058868405 0.10760034993280002 0.0909797921777 
0.07959270849825001 0.0714592821896 0.0659976042807 0.06238643638790001 0.0599478855729 0.05852022767065 0.05792794376615 0.0580332800746 0.0587617903948 0.06008048541845 0.0617748424411 0.063572563231 0.0655011236668 0.0680066756904 0.07139232195915 
0.07649341970685 0.07748654112219999 0.0680367648602 0.0568271446973 0.0494171138853 0.04666624218225 0.045705646276500006 0.044951179996150004 0.043954951688650004 0.0433387365192 0.04363315366205 0.04466001689435 0.0457528922707 0.0461476929486 0.0456828661263 
0.0454968940467 0.04691338539125 0.050895927473899996 0.0578632205725 0.06738222949205 0.07850290089845 0.0898427367208 0.10038224607724999 0.1096075922252 0.117040745914 0.1223910935223 0.12591798231 0.1290440037849 0.134451355785 0.145456995815 
0.164852172136 0.1925337314605 0.22411377727999998 0.248673066497 0.256872668862 0.2491972222925 0.2331022024155 0.213760301471 0.1932868286965 0.1755781918765 0.16391912102700001 0.1603764891625 0.1657782942055 0.1786972656845 0.1961185485125 
0.2104415297505 0.2157568112015 0.215021893382 0.208822593093 0.2018293887375 0.198769912124 0.1985706314445 0.19971367716799998 0.19788590818649998 0.19153711199749998 0.186465140432 0.1827715821565 0.18252534791799999 0.183738131076 0.1859558187425 
0.187129441649 0.1849187873305 0.1792518645525 0.1708852760495 0.16278680041415 0.15769082307835 0.1567826271057 0.1593806780875 0.1637414246795 0.16766349971299999 0.170449677855 0.1705761253835 0.16932066157450001 0.16773309558650001 0.165061324835 
0.162129431963 0.15941984206415 0.15633254498255 0.15378714725370002 0.15173316746965 0.150607381016 0.14997365698195 0.1499341949819 0.14975890144695 0.1493377797305 0.1497305519877 0.15035672858335 0.1514230147004 0.15305972099295 0.15392876043905002 
0.15453647077104998 0.15456774458279998 0.155234206468 0.153729263693 0.150421757251 0.145957775414 0.143114477396 0.141269445419 0.1382715702055 0.12895325571299998 0.117510177195 0.1051774658265 0.09477031230925 0.08631547167895001 0.07960145920515 
0.07467907667160001 0.07135919108989999 0.0696298442781 0.0694297812879 0.07042221724985001 0.0718227215111 0.0730857178569 0.0737031288445 0.0740015171468 0.07474749162790001 0.0769218467176 0.0811579413712 0.08719712123295001 0.09419165179155001 0.10190110653635001 
0.10987390205264999 0.1172064654531 0.12354350835065 0.1275327280164 0.12905636429775 0.12957254797235002 0.13009664043805 0.13150037266335 0.13471673242725 0.13947167806315 0.145502060652 0.1536196917297 0.1666842140257 0.1854141578079 0.20248367637374998 
0.2171706072987 0.2218141295014 0.22533279284809998 0.2265724092723 0.22308516874915 0.21324263140535 0.19407862052335 0.1717507205905 0.15678304061275 0 0 0 0 0 0 
