0.10548712313155 0.0969356354325 0.0909339170905 0.08612472005175001 0.08188899792715 0.07773519307355001 0.07320962660015 0.0681697633117 0.06286342814565 0.0577446874231 0.053123505786050004 0.05006434582175 0.048978012055150004 0.049898173660050005 0.05236598756164999 
0.0548422606662 0.0563711160794 0.056253059767200006 0.0544774476439 0.05251867044715 0.051094700582349994 0.050389357842499996 0.050371295772449996 0.0507881725207 0.051358146593 0.0521557126194 0.0532080018893 0.0543287061155 0.05493269395085 0.05464533250775 
0.05330531857905001 0.05163909122344999 0.051369847729799994 0.053425129503000005 0.057798931375150006 0.06465077959 0.07138311490415 0.0767007656395 0.08130959793925 0.08544041961429999 0.08944018557665 0.091694701463 0.0914834588766 0.0893080830574 0.08713784068819999 
0.08658330142500001 0.08823610097170001 0.09057435020804999 0.090755607933 0.0870127677917 0.08018838986755 0.07330868393180001 0.0671487748623 0.0615991409868 0.056964803487099994 0.05321508459745 0.05059636756775 0.04972797539085 0.050059551373099996 0.051036822609600005 
0.0521030779928 0.0522868242115 0.0511297220364 0.0497674420476 0.04975074436515 0.0520667769015 0.05786825343965 0.06739800423379999 0.07965983450415 0.09254308044910001 0.10312998667355 0.1101984232665 0.1150283291936 0.11887674406175 0.12199522554885 
0.12406200543064999 0.12508441507835 0.1263651363552 0.12954129651215002 0.1362545304005 0.148809939623 0.1697799079125 0.190857157111 0.2072859928015 0.215248659253 0.22091825306399998 0.2245136499405 0.22499843686850002 0.2244777083395 0.2249366343025 
0.22550071030899999 0.2208129018545 0.213108971715 0.209583982825 0.21065273135899998 0.212804749608 0.2137920334935 0.213481605053 0.212367631495 0.2123250216245 0.216589875519 0.224641807377 0.23222280293699998 0.2314316853885 0.223336838186 
0.214022688568 0.2034183219075 0.191936403513 0.18210061639550001 0.1765166670085 0.1749527603385 0.175573632121 0.177966877818 0.179689459503 0.18078902363799998 0.18059211224299998 0.1790921464565 0.1766356267035 0.1732344962655 0.169877257198 
0.1684295609595 0.1698231734335 0.17516137287050002 0.183793883771 0.193303901702 0.20184426754700002 0.206761702895 0.20828829705699997 0.2113757282495 0.2150240018965 0.2189752459525 0.223643280566 0.230205848813 0.2384218201045 0.2447645515205 
0.2514823153615 0.25599630922100003 0.2551445662975 0.249815121293 0.23916824162 0.228109464049 0.2213141173125 0.21692799031749999 0.2143847942355 0.2072694823145 0.19268065691000003 0.17176704108750002 0.1528160870075 0.140853941441 0.13709794729949998 
0.14099072664950002 0 0 0 0 0 0 0 0 0 0 0 0 0 0 
