0.044725804589700005 0.04428456444295 0.0436946917325 0.0430810749531 0.0415566675365 0.03910221531985 0.0363930426538 0.034385913983 0.03330050222575 0.03325626812875 0.03381561674175 0.03482532314955 0.03638345375655 0.03861795552075 0.041870484128600005 
0.0466463640332 0.053867023438250006 0.06364666856824999 0.074092241004 0.0826214868575 0.0859643630681 0.08373339660455001 0.0772600863131 0.0691160801798 0.061663620173949996 0.0560959205031 0.052226529456700005 0.049290670082 0.04617119487375 0.0418770527467 
0.036311023868599995 0.0309262191877 0.0269393362105 0.02531552314755 0.025485124439 0.02669881656765 0.028399611823300003 0.0304935881868 0.03340336494145 0.037325901910699996 0.0418472047895 0.046140022575849995 0.049193475395450006 0.0509808063507 0.05273716710505 
0.055508933961349996 0.0604729000479 0.067934429273 0.07609704881910001 0.08111701905725 0.0793688297272 0.07358988374475 0.06672745756805 0.059439102187750004 0.052906982600699995 0.04742149449885 0.0432780943811 0.04054908454415 0.0391381755471 0.0388141423464 
0.03909280244265 0.03946012817325 0.0392535617575 0.0382980089635 0.036658219993100004 0.03477740567175 0.03312798123805 0.03194628097115 0.03135945275425 0.03117478918285 0.0308345807716 0.03039008099585 0.0301921898499 0.0303844474256 0.03098064567895 
0.03171752300115 0.03262604679915 0.03413535747675 0.0362632665783 0.03852203954015 0.0410152170807 0.044146969914399994 0.047991616651400004 0.0528366025537 0.05984390340745 0.07064833678304999 0.08651625551270001 0.1057911962271 0.12338919937599999 0.1337067112328 
0.13917675241815 0.1433993130921 0.14894704148165 0.15471114218255 0.1615519896149 0.1685808822515 0.172691144049 0.175400149077 0.1764468848705 0.17481140792400002 0.169926777482 0.1620574370025 0.1562075316905 0.1511915624145 0.14789341390150001 
0.148414157331 0.151259586215 0.1538827642795 0.154846727848 0.154006190598 0.15252508968099998 0.15168722719 0.1522290408615 0.15389818698149998 0.15473502874349998 0.154571682215 0.1540797948835 0.15336860716349998 0.1534114442765 0.15200031921249998 
0.1488744840025 0.145449832082 0.1437946185465 0.143872823566 0.1452173218135 0.1466082297265 0.1465213000775 0.14475364238 0.141402449459 0.1387285888195 0.13759875670049998 0.13804557547 0.1403720527885 0.143504448235 0.14705745875850001 
0.1510943099855 0.1551048904655 0.1563434824345 0.15437639504700001 0.151744559407 0.1487038582565 0.146009422839 0.143361456692 0.1425782442095 0.144522242248 0.1458064839245 0.145841486752 0.1445958316325 0.14274350553749998 0.1410240083935 
0.139960668981 0.14120156690500002 0.137177072465 0.11814393475665 0 0 0 0 0 0 0 0 0 0 0 
