0.05901963077484999 0.05901963077484999 0.05901963077484999 0.05901963077484999 0.05901963077484999 0.05901963077484999 0.05901963077484999 0.05901963077484999 0.05901963077484999 0.05901963077484999 0.05901963077484999 0.05901963077484999 0.05901963077484999 0.044766401872 0.04524103412405 
0.0457904222421 0.046229810919599996 0.046523572411349995 0.046715240459849997 0.0468054274097 0.061783201061299996 0.05949172750105 0.05797370895744999 0.05661952868105 0.05479824636135 0.0525071658194 0.0490178121254 0.0444386554882 0.0398916201666 0.036784415133300004 
0.03530723415315 0.03498237021265 0.033937050960949997 0.03194128442555 0.02914037555455 0.026684534735949998 0.0248943120241 0.0236595217139 0.02260178606955 0.0215870095417 0.02081971708685 0.02052493114025 0.0208813287318 0.02182886051015 0.0231158961542 
0.02449168171735 0.025467014405899997 0.02595837321135 0.02611611783505 0.02604150027035 0.026081321761 0.0263147391379 0.026883716695 0.02814012952145 0.0307011846453 0.0353567469865 0.0433087963611 0.054012972861550004 0.06592398136855 0.0776414554566 
0.08953411877155 0.1016116738321 0.1113293208181 0.12009372562175 0.1306550204754 0.142755500972 0.157214567065 0.172547481954 0.18621109426 0.1939888224005 0.196050658822 0.19546743482349999 0.1942745894195 0.1912424489855 0.186708450317 
0.1807341203095 0.1775000840425 0.1738484054805 0.169230513275 0.1628305763005 0.1556557640435 0.1489459574225 0.14203801751099998 0.13580552116 0.1315482743085 0.1297425590455 0.129812523723 0.13253355771300002 0.1370733305815 0.140977062285 
0.14409227669199998 0.149691656232 0.15420265495750002 0.1575146093965 0.16160861402749999 0.168683491647 0.1805341243745 0.19427673518650002 0.207139700651 0.218865118921 0.22579181194300002 0.229135617614 0.22608844935900002 0.220582589507 0.21526988595750002 
0.211686871946 0.211191281676 0.209939710796 0.2051494494085 0.1985113695265 0.189493283629 0.1839612051845 0.17912134528149998 0.17419965565200002 0.169895477593 0.1666577234865 0.164375171065 0.16323824226849998 0.16257211566000002 0.16275061667000001 
0.1637713611125 0.1638278365135 0.162490017712 0.16023328155299998 0.159730903804 0.16360843926649998 0.17487928271300002 0.189121104777 0.200329393148 0.205830335617 0.207290381193 0.20179408788699998 0.1950352340935 0.188183367252 0.183095470071 
0.17980606853949999 0.17848110944 0.181250475347 0.1858848407865 0.189797088504 0.19374435395 0.1976592987775 0.200198993087 0.2011203542355 0.20052266866000001 0.19715931266550002 0.18791316449599998 0.1681392267345 0.1408019773665 0.11500552669200001 
0.09515786170955 0 0 0 0 0 0 0 0 0 0 0 0 0 0 
