0.10524473339320001 [0.0977800637484] [0.112709403038]
0.10923560708749999 [0.102555692196] [0.115915521979]
0.1162940301 [0.109030611813] [0.123557448387]
0.12337395548800001 [0.115346267819] [0.131401643157]
0.124040391296 [0.119907803833] [0.128172978759]
0.1097187139096 [0.119588658214] [0.0998487696052]
0.08786535263084999 [0.112144902349] [0.0635858029127]
0.06939227506515 [0.0994913578033] [0.039293192327]
0.05643996875735 [0.0866286233068] [0.0262513142079]
0.04807091038675 [0.0767538771033] [0.0193879436702]
0.043437751941399996 [0.0709636434913] [0.0159118603915]
0.042265264317350004 [0.0694026201963] [0.0151279084384]
0.042555325198900006 [0.0707067400217] [0.0144039103761]
0.043791863135999996 [0.0738914012909] [0.0136923249811]
0.044654969126 [0.0763515755534] [0.0129583626986]
0.04420517478135 [0.0762169882655] [0.0121933612972]
0.042449834290900004 [0.0734795033932] [0.0114201651886]
0.039932402316450004 [0.0692337527871] [0.0106310518458]
0.038069850765145005 [0.0662315562367] [0.00990814529359]
0.03767073526978 [0.0661208257079] [0.00922064483166]
0.038665008265525 [0.06876732409] [0.00856269244105]
0.040864970069355 [0.0737937316298] [0.00793620850891]
0.041916228365154996 [0.0758962482214] [0.00793620850891]
0.043601609300805 [0.0792670100927] [0.00793620850891]
0.045665408950305 [0.0833946093917] [0.00793620850891]
0.047474257182355 [0.0870123058558] [0.00793620850891]
0.055576713755750004 [0.0767105892301] [0.0344428382814]
0.0498247547075 [0.0686980187893] [0.0309514906257]
0.0461511015892 [0.0629606321454] [0.029341571033]
0.04440691228955 [0.0598210133612] [0.0289928112179]
0.044002722948749996 [0.0585247352719] [0.0294807106256]
0.0440924717113 [0.0578955262899] [0.0302894171327]
0.044066913425899995 [0.0572066195309] [0.0309272073209]
0.0422875378281 [0.0538341552019] [0.0307409204543]
0.0385174527764 [0.0474954433739] [0.0295394621789]
0.03329065069555 [0.0387027598917] [0.0278785414994]
0.0282020093873 [0.0304740723222] [0.0259299464524]
0.02750440966335 [0.0304740723222] [0.0245347470045]
0.0265422835946 [0.0304740723222] [0.022610494867]
0.0259025879204 [0.0304740723222] [0.0213311035186]
0.02549771778285 [0.0304740723222] [0.0205213632435]
0.02480175253005 [0.0296365208924] [0.0199669841677]
0.0245201168582 [0.0293660927564] [0.01967414096]
0.0241139959544 [0.0285264737904] [0.0197015181184]
0.0253758551553 [0.0305393878371] [0.0202123224735]
0.02725014369935 [0.0331732407212] [0.0213270466775]
0.030249727889899998 [0.0374201498926] [0.0230793058872]
0.0349280545488 [0.0444400198758] [0.0254160892218]
0.0410434892401 [0.0538254082203] [0.0282615702599]
0.04942482709885 [0.0672525018454] [0.0315971523523]
0.06077353656295 [0.0862435922027] [0.0353034809232]
0.078465042636 [0.11833139509] [0.038598690182]
0.0774790272119 [0.112725861371] [0.0422321930528]
0.07728194072844999 [0.108223579824] [0.0463403016329]
0.0783949140461 [0.105268210173] [0.0515216179192]
0.08127482794205 [0.103504016995] [0.0590456388891]
0.08631794899680001 [0.102546267211] [0.0700896307826]
0.09449982643145 [0.101980119944] [0.0870195329189]
0.105294082314 [0.101659744978] [0.10892841965]
0.12105855345699999 [0.112078338861] [0.130038768053]
0.1214387342335 [0.103919833899] [0.138957634568]
0.10758363083005 [0.0840388759971] [0.131128385663]
0.08912330493330001 [0.0661970600486] [0.112049549818]
0.0832266397774 [0.0544037297368] [0.112049549818]
0.07949234917760001 [0.0469351485372] [0.112049549818]
0.07765567488965 [0.0432617999613] [0.112049549818]
0.0774342436343 [0.0428189374506] [0.112049549818]
0.0285187694244 [0.044527772814] [0.0125097660348]
0.0311441374943 [0.0470347888768] [0.0152534861118]
0.0337339900434 [0.0494221560657] [0.0180458240211]
0.035661209374650005 [0.0506633259356] [0.0206590928137]
0.03668782673775 [0.0502850674093] [0.0230905860662]
0.0371083812788 [0.048835940659] [0.0253808218986]
0.03737358469515 [0.0471549481153] [0.027592221275]
0.03791095688935 [0.0461304299533] [0.0296914838254]
0.0388670191169 [0.0462262295187] [0.0315078087151]
0.0401639137417 [0.0473941788077] [0.0329336486757]
0.04182324185965 [0.0495412163436] [0.0341052673757]
0.04387962818145 [0.0531512163579] [0.034608040005]
0.050842512398950004 [0.0572364740074] [0.0444485507905]
0.0568653047085 [0.0597027540207] [0.0540278553963]
0.0595287103206 [0.059863884002] [0.0591935366392]
0.05878292582925 [0.0581904314458] [0.0593754202127]
0.05644541978835 [0.0553271584213] [0.0575636811554]
0.05380442924795 [0.0519034527242] [0.0557054057717]
0.05181336402895 [0.049058418721] [0.0545683093369]
0.05105881392955 [0.0478345490992] [0.0542830787599]
0.051588440313950004 [0.0487403199077] [0.0544365607202]
0.05260382406415 [0.0509766191244] [0.0542310290039]
0.05327630788085 [0.0531694591045] [0.0533831566572]
0.0709586814046 [0.088534206152] [0.0533831566572]
0.0878336764871 [0.122284196317] [0.0533831566572]
0.0982088372111 [0.143034517765] [0.0533831566572]
0.1030443236231 [0.152705490589] [0.0533831566572]
0.1000970229506 [0.146810889244] [0.0533831566572]
0.1008855849506 [0.148388013244] [0.0533831566572]
0.0965473297984 [0.149512782693] [0.0435818769038]
0.09585707634690001 [0.144550010562] [0.0471641421318]
0.0907042231413 [0.133016198874] [0.0483922474086]
0.08357871137545 [0.119669049978] [0.0474883727729]
0.07741465419545 [0.109102867544] [0.0457264408469]
0.07358366809809999 [0.102880686522] [0.0442866496742]
0.07199302315725 [0.100124254823] [0.0438617914915]
0.0719957202673 [0.0994546711445] [0.0445367693901]
0.07292815111575 [0.0997326299548] [0.0461236722767]
0.07186649926005 [0.0954122841358] [0.0483207143843]
0.07170734927055 [0.0926769226789] [0.0507377758622]
0.07137075439095 [0.0908285304904] [0.0519129782915]
0.07118443027134999 [0.0884763076901] [0.0538925528526]
0.06720065511765 [0.0845998376608] [0.0498014725745]
0.0599328354001 [0.0782107785344] [0.0416548922658]
0.0520850326866 [0.0699587240815] [0.0342113412917]
0.0465169698 [0.0637558177114] [0.0292781218886]
0.04530705045905 [0.063935957849] [0.0266781430691]
0.0491880439222 [0.0726108402014] [0.025765247643]
0.058237068355099994 [0.0905831679702] [0.02589096874]
0.071186068468 [0.116018392146] [0.02635374479]
0.0827417345719 [0.138925507665] [0.0265579614788]
0.0878785131499 [0.149884417653] [0.0258726086468]
0.0874415114522 [0.150842115283] [0.0240409076214]
0.08677485864595 [0.152081698179] [0.0214680191129]
0.08598453551525 [0.152955725789] [0.0190133452415]
0.0869349846616 [0.156588718295] [0.0172812510282]
0.0881835138426 [0.15995554626] [0.0164114814252]
0.0886716758834 [0.161029428244] [0.0163139235228]
0.08887800201785 [0.160938203335] [0.0168178007007]
0.09021214582045 [0.162608623505] [0.0178156681359]
0.09382904320964999 [0.16863052547] [0.0190275609493]
0.10014910623405 [0.180452600121] [0.0198456123471]
0.10533040575705 [0.190414488316] [0.0202463231981]
0.1092275669798 [0.198372811079] [0.0200823228806]
0.09930130746215 [0.178955450654] [0.0196471642703]
0.07715130317935 [0.135078117251] [0.0192244891077]
0.05713048297915 [0.0952204167843] [0.019040549174]
0.0452985269949 [0.0712352320552] [0.0193618219346]
0.040517868474149996 [0.0604240112007] [0.0206117257476]
0.040058415383099996 [0.0565774664283] [0.0235393643379]
0.042991242371499996 [0.0565848872066] [0.0293975975364]
0.049175748601549996 [0.0583084449172] [0.0400430522859]
0.05923379957675 [0.0617103986442] [0.0567572005093]
0.07007238268855001 [0.0673252642155] [0.0728195011616]
0.06656594946985 [0.0749566033483] [0.0581752955914]
0.0703890658915 [0.0835824161768] [0.0571957156062]
0.0764392968267 [0.0907749459147] [0.0621036477387]
0.08083990216254999 [0.0944454744458] [0.0672343298793]
0.0836503468454 [0.0927950367332] [0.0745056569576]
0.0806551985443 [0.0890965536237] [0.0722138434649]
0.07848547771575 [0.0874388292432] [0.0695321261883]
0.0784098953009 [0.0885061398149] [0.0683136507869]
0.0793502628803 [0.0914352238178] [0.0672653019428]
0.08009734749795 [0.0950087234378] [0.0651859715581]
0.0774274189025 [0.0974635183811] [0.0573913194239]
0.0705029498786 [0.0971890985966] [0.0438168011606]
0.0628050044179 [0.0938209071755] [0.0317891016603]
