0.0839587487281 [0.0563659071922] [0.111551590264]
0.0838258285074 [0.0579376406968] [0.109714016318]
0.08168810606025 [0.0613402202725] [0.102035991848]
0.07584715262055 [0.0675209388137] [0.0841733664274]
0.07195151969790001 [0.0786293670535] [0.0652736723423]
0.08091355115175 [0.094811283052] [0.0670158192515]
0.08968052268015 [0.111794106662] [0.0675669386983]
0.09541080892074999 [0.125110581517] [0.0657110363245]
0.09803596884015 [0.134133592248] [0.0619383454323]
0.0996581967919 [0.141982629895] [0.0573337636888]
0.10047791153175 [0.148466840386] [0.0524889826775]
0.09973778203115001 [0.152167767286] [0.0473077967763]
0.09677664376799999 [0.151946604252] [0.041606683284]
0.0918674319984 [0.148389860988] [0.0353450030088]
0.08536608144645 [0.141548588872] [0.0291835740209]
0.0785081200301 [0.133018568158] [0.0239976719022]
0.0741713047026 [0.124344937503] [0.0239976719022]
0.0706585459411 [0.11731941998] [0.0239976719022]
0.0691761486231 [0.114354625344] [0.0239976719022]
0.0708210058511 [0.1176443398] [0.0239976719022]
0.0755768679081 [0.127156063914] [0.0239976719022]
0.0800701193511 [0.1361425668] [0.0239976719022]
0.07999345287660001 [0.135989233851] [0.0239976719022]
0.0751748718321 [0.126352071762] [0.0239976719022]
0.0697688758371 [0.115540079772] [0.0239976719022]
0.0657587237656 [0.107519775629] [0.0239976719022]
0.0639104507866 [0.103823229671] [0.0239976719022]
0.0641127452256 [0.104227818549] [0.0239976719022]
0.0657977312801 [0.107597790658] [0.0239976719022]
0.0685066245496 [0.113015577197] [0.0239976719022]
0.0719338692726 [0.119870066643] [0.0239976719022]
0.0757100246846 [0.127422377467] [0.0239976719022]
0.0791950486601 [0.134392425418] [0.0239976719022]
0.0811592824756 [0.138320893049] [0.0239976719022]
0.0940994024275 [0.138964027166] [0.049234777689]
0.08521282114090001 [0.135995939374] [0.0344297029078]
0.08321505971240001 [0.132000416517] [0.0344297029078]
0.0818410087379 [0.129252314568] [0.0344297029078]
0.08242476917790001 [0.130419835448] [0.0344297029078]
0.0854109991344 [0.136392295361] [0.0344297029078]
0.0894732568414 [0.144516810775] [0.0344297029078]
0.09258324094140001 [0.150736778975] [0.0344297029078]
0.0919349733739 [0.14944024384] [0.0344297029078]
0.08633914776160001 [0.140516728163] [0.0321615673602]
0.07981117256010001 [0.12746077776] [0.0321615673602]
0.0732922684401 [0.11442296952] [0.0321615673602]
0.06663555838175 [0.104255795479] [0.0290153212845]
0.059942507185 [0.0976768955588] [0.0222081188112]
0.05615652538835 [0.0949398577213] [0.0173731930554]
0.0547590753995 [0.0956273972988] [0.0138907535002]
0.055270582437549995 [0.0991833880544] [0.0113577768207]
0.0582698802466 [0.105166099966] [0.0113736605272]
0.0623438847252 [0.112834788859] [0.0118529805914]
0.06689214007915 [0.121147111058] [0.0126371691003]
0.07120315171775 [0.128779888153] [0.0136264152825]
0.0739060230553 [0.133156761527] [0.0146552845836]
0.07394879870095 [0.132378801703] [0.0155187956989]
0.07240991666935 [0.128652825952] [0.0161670073867]
0.07126052398235 [0.126216545701] [0.0163045022637]
0.0720118442548 [0.127156540751] [0.0168671477586]
0.0747346663848 [0.132602185011] [0.0168671477586]
0.0786176929248 [0.140368238091] [0.0168671477586]
0.0806149393319 [0.143674880266] [0.0175549983978]
0.0801179045809 [0.140652865171] [0.0195829439908]
0.0787739949303 [0.133351311088] [0.0241966787726]
0.07755960896615 [0.12168879807] [0.0334304198623]
0.0787297673524 [0.107903532684] [0.0495560020208]
0.08007091283795001 [0.0941686928272] [0.0659731328487]
0.0767199061811 [0.0826568603516] [0.0707829520106]
0.0698710381985 [0.0746380016208] [0.0651040747762]
0.06321131624285 [0.0701994299889] [0.0562232024968]
0.06244993396105 [0.0686766654253] [0.0562232024968]
0.0627556536347 [0.0692881047726] [0.0562232024968]
0.0636072140187 [0.0709912255406] [0.0562232024968]
0.06409596093 [0.0719687193632] [0.0562232024968]
0.11579513922325 [0.0726591572165] [0.15893112123]
0.1064072884618 [0.0742072984576] [0.138607278466]
0.10331822559234999 [0.0757155045867] [0.130920946598]
0.10561254993065 [0.0791621878743] [0.132062911987]
0.11181592568759999 [0.0852325037122] [0.138399347663]
0.1195865236222 [0.0929531380534] [0.146219909191]
0.127750530839 [0.102272972465] [0.153228089213]
0.135012801737 [0.111044980586] [0.158980622888]
0.139713920653 [0.115543141961] [0.163884699345]
0.1414500400425 [0.114852488041] [0.168047592044]
0.1422446370125 [0.113304898143] [0.171184375882]
0.142080310732 [0.112660758197] [0.171499863267]
0.13746089488250002 [0.114489227533] [0.160432562232]
0.129808306694 [0.120214655995] [0.139401957393]
0.11761151626699999 [0.130778327584] [0.10444470495]
0.1080791652201 [0.14556543529] [0.0705928951502]
0.1044782940298 [0.157389640808] [0.0515669472516]
0.0969192348422 [0.152859181166] [0.0409792885184]
0.0844860915097 [0.134127914906] [0.0348442681134]
0.07194254640485 [0.113369077444] [0.0305160153657]
