0.0759494770318 [0.0624348632991] [0.0894640907645]
0.07908609509469999 [0.0645646452904] [0.093607544899]
0.0803825445473 [0.0646267309785] [0.0961383581161]
0.08043355494740001 [0.0632506385446] [0.0976164713502]
0.0795080922544 [0.0615471228957] [0.0974690616131]
0.07525286264719999 [0.0603492371738] [0.0901564881206]
0.0664492994547 [0.060201972723] [0.0726966261864]
0.05716527439655 [0.0612316727638] [0.0530988760293]
0.0579864941537 [0.0636126697063] [0.0523603186011]
0.0599514991045 [0.0677086934447] [0.0521943047643]
0.062407953664700005 [0.07229205966] [0.0525238476694]
0.062001749873150006 [0.0707076340914] [0.0532958656549]
0.058296214789149994 [0.0629282295704] [0.0536642000079]
0.05442596413195 [0.0559169687331] [0.0529349595308]
0.05037396587435 [0.0501826629043] [0.0505652688444]
0.0466311443597 [0.046349119395] [0.0469131693244]
0.04327923431995 [0.04404174909] [0.0425167195499]
0.0400882996619 [0.042685367167] [0.0374912321568]
0.036894354969250004 [0.0418118201196] [0.0319768898189]
0.0365132559091 [0.0410496219993] [0.0319768898189]
0.03598475269975 [0.0399926155806] [0.0319768898189]
0.0350144635886 [0.0380520373583] [0.0319768898189]
0.03352196514605 [0.0350670404732] [0.0319768898189]
0.031805610284199995 [0.0316343307495] [0.0319768898189]
0.0303321033716 [0.0286873169243] [0.0319768898189]
0.02945283800365 [0.0269287861884] [0.0319768898189]
0.01556682400406 [0.0266562588513] [0.00447738915682]
0.016346518415935 [0.0277367662638] [0.00495627056807]
0.01794969080949 [0.0301476158202] [0.00575176579878]
0.01922662160359 [0.0327014774084] [0.00575176579878]
0.02036087936724 [0.0349699929357] [0.00575176579878]
0.02134708291849 [0.0369424000382] [0.00575176579878]
0.02229539467954 [0.0388390235603] [0.00575176579878]
0.02334320521914 [0.0409346446395] [0.00575176579878]
0.02384759834969 [0.0419434309006] [0.00575176579878]
0.02340078889394 [0.0410498119891] [0.00575176579878]
0.02170780650339 [0.037663847208] [0.00575176579878]
0.01995980716309 [0.0341678485274] [0.00575176579878]
0.019234676845385 [0.0324633419514] [0.00600601173937]
0.019732921151459998 [0.032455585897] [0.00701025640592]
0.02028227481061 [0.0335542932153] [0.00701025640592]
0.02108794148081 [0.0351656265557] [0.00701025640592]
0.02188891055996 [0.036767564714] [0.00701025640592]
0.02265436830931 [0.0382984802127] [0.00701025640592]
0.02359316381626 [0.0401760712266] [0.00701025640592]
0.02481211419216 [0.0426139719784] [0.00701025640592]
0.026172642363259998 [0.0453350283206] [0.00701025640592]
0.02733990992421 [0.0476695634425] [0.00701025640592]
0.02827689680271 [0.0495435371995] [0.00701025640592]
0.02914989809506 [0.0512895397842] [0.00701025640592]
0.0372839998454 [0.054120965302] [0.0204470343888]
0.03880284540355 [0.0597723610699] [0.0178333297372]
0.04325295146555 [0.0701675489545] [0.0163383539766]
0.05251949233935 [0.0894625931978] [0.0155763914809]
0.06949387071645 [0.123411349952] [0.0155763914809]
0.09184471471245001 [0.168113037944] [0.0155763914809]
0.1103136464951 [0.204822197556] [0.0158050954342]
0.11724337376640001 [0.218242883682] [0.0162438638508]
0.11983611062165 [0.222851499915] [0.0168207213283]
0.12079739570629999 [0.224179312587] [0.0174154788256]
0.1197897493841 [0.22164849937] [0.0179309993982]
0.1157949538903 [0.213466882706] [0.0181230250746]
0.1084934975952 [0.199960321188] [0.0170266740024]
0.10204904712725 [0.188393473625] [0.0157046206295]
0.0990586606783 [0.183592870831] [0.0145244505256]
0.0991220716387 [0.1844945997] [0.0137495435774]
0.10176146216694999 [0.189995110035] [0.0135278142989]
0.1058576805515 [0.197831407189] [0.013883953914]
0.11096155969445 [0.206746861339] [0.0151762580499]
0.1150444019586 [0.213758841157] [0.0163299627602]
0.11864961869990001 [0.219547912478] [0.0177513249218]
0.12121525313689999 [0.222719505429] [0.0197110008448]
0.12089929822845 [0.22078371048] [0.0210148859769]
0.11781091801805 [0.214256867766] [0.0213649682701]
0.1113752145322 [0.202030077577] [0.0207203514874]
0.10365379042925 [0.188375890255] [0.0189316906035]
0.0992974312976 [0.17993709445] [0.0186577681452]
0.09915167279555001 [0.178994715214] [0.0193086303771]
0.1024761097506 [0.183493718505] [0.0214585009962]
0.10929720848794999 [0.192836984992] [0.0257574319839]
0.1196723356841 [0.20669580996] [0.0326488614082]
0.1295998096465 [0.218228831887] [0.040970787406]
0.13624067790805 [0.225679025054] [0.0468023307621]
0.13637538440545 [0.230532318354] [0.0422184504569]
0.13641656748975 [0.233800336719] [0.0390327982605]
0.13585405983055 [0.235693097115] [0.0360150225461]
0.1331864809617 [0.235440686345] [0.0309322755784]
0.12579277809725 [0.225092723966] [0.0264928322285]
0.11347443237885001 [0.203331455588] [0.0236174091697]
0.0978387566281 [0.172127500176] [0.0235500130802]
0.0818434925751 [0.14013697207] [0.0235500130802]
0.0691740857436 [0.114798158407] [0.0235500130802]
0.060540509410200005 [0.0975310057402] [0.0235500130802]
0.05554434750225 [0.0875386819243] [0.0235500130802]
0.053042319603249996 [0.0825346261263] [0.0235500130802]
0.05161283630875001 [0.0796756595373] [0.0235500130802]
0.050278459675600004 [0.077006906271] [0.0235500130802]
0.061154615134 [0.0739220231771] [0.0483872070909]
0.0887277945876 [0.0702368542552] [0.10721873492]
0.1345203965903 [0.0668201744556] [0.202220618725]
0.21231033653040002 [0.0639378279448] [0.360682845116]
0.2266536317768 [0.0620648786426] [0.391242384911]
0.23757391050465002 [0.0613254979253] [0.413822323084]
0.24408245459215 [0.0626931861043] [0.42547172308]
0.2474842667578 [0.0683414041996] [0.426627129316]
0.2519405782223 [0.0815467238426] [0.422334432602]
0.261547729373 [0.107600092888] [0.415495365858]
0.27921426296249996 [0.154872983694] [0.403555542231]
0.3067064732315 [0.222324997187] [0.391087949276]
0.331952676177 [0.285295009613] [0.378610342741]
0.33927418291550004 [0.311379879713] [0.367168486118]
0.335822239518 [0.3130222857] [0.358622193336]
0.33511576056500003 [0.305726230145] [0.364505290985]
0.3324288725855 [0.298693150282] [0.366164594889]
0.321665212512 [0.29573866725] [0.347591757774]
0.27600240707400003 [0.298801630735] [0.253203183413]
0.2130841203035 [0.301576435566] [0.124591805041]
0.207411263138 [0.2969815135] [0.117841012776]
0.19560191407799998 [0.280600249767] [0.110603578389]
0.179796434939 [0.256883144379] [0.102709725499]
0.16346159204855 [0.23308891058] [0.0938342735171]
0.14863087236885 [0.213206589222] [0.0840551555157]
0.13658417016250002 [0.198953285813] [0.074215054512]
0.1274603344502 [0.189446434379] [0.0654742345214]
0.12125749327219999 [0.184044450521] [0.0584705360234]
0.11592176184049999 [0.178928285837] [0.052915237844]
0.1149157341571 [0.177349790931] [0.0524816773832]
0.11448241583985 [0.178688600659] [0.0502762310207]
0.11195749044424999 [0.181641533971] [0.0422734469175]
0.1108602415769 [0.183993220329] [0.0377272628248]
0.108827682212 [0.182277649641] [0.035377714783]
0.105949567631 [0.176521420479] [0.035377714783]
0.10208513774 [0.168792560697] [0.035377714783]
0.099114248529 [0.162850782275] [0.035377714783]
0.0982824806125 [0.161187246442] [0.035377714783]
0.0996878091245 [0.163997903466] [0.035377714783]
0.1027437839655 [0.170109853148] [0.035377714783]
0.106434898451 [0.177492082119] [0.035377714783]
0.1093237046155 [0.183269694448] [0.035377714783]
0.1125008333475 [0.189623951912] [0.035377714783]
0.112337054685 [0.189296394587] [0.035377714783]
0.1107547227295 [0.186131730676] [0.035377714783]
0.105777109042 [0.176176503301] [0.035377714783]
0.0999558959155 [0.164534077048] [0.035377714783]
0.0950261522085 [0.154674589634] [0.035377714783]
0.0921814832835 [0.148985251784] [0.035377714783]
0.091199779883 [0.147021844983] [0.035377714783]
0.0921042282135 [0.148830741644] [0.035377714783]
0.0928892362865 [0.15040075779] [0.035377714783]
