0.11577055417015 [0.196208611131] [0.0353324972093]
0.1164450272916 [0.196872964501] [0.0360170900822]
0.11420477740455 [0.191771879792] [0.0366376750171]
0.1046111602335 [0.172029212117] [0.03719310835]
0.10130549222225 [0.165219247341] [0.0373917371035]
0.0970969516786 [0.157132044435] [0.0370618589222]
0.09260264970355 [0.148705869913] [0.0364994294941]
0.08950536139309999 [0.142498627305] [0.0365120954812]
0.08997705392540001 [0.141748726368] [0.0382053814828]
0.09614134021095 [0.149540260434] [0.0427424199879]
0.1095920950174 [0.16751486063] [0.0516693294048]
0.13020270317775 [0.193638771772] [0.0667666345835]
0.15140460059045 [0.21803098917] [0.0847782120109]
0.16007982939465 [0.224031820893] [0.0961278378963]
0.12267000600685 [0.149094134569] [0.0962458774447]
0.109126314521 [0.125690236688] [0.092562392354]
0.10542652755984999 [0.12193505466] [0.0889180004597]
0.10108099132779999 [0.116278409958] [0.0858835726976]
0.09804430603985 [0.116278409958] [0.0798102021217]
0.0921829901636 [0.116278409958] [0.0680875703692]
0.09192587435249999 [0.116278409958] [0.067573338747]
0.0924251712859 [0.116278409958] [0.0685719326138]
0.09328815340999999 [0.116278409958] [0.070297896862]
0.08028733730314999 [0.0893405899405] [0.0712340846658]
0.07385874167084999 [0.0773947834969] [0.0703226998448]
0.07010270282625 [0.0725000873208] [0.0677053183317]
0.0674117207527 [0.0704062730074] [0.064417168498]
0.06560750305655 [0.0697824135423] [0.0614325925708]
0.0647419486195 [0.0701276808977] [0.0593562163413]
0.06189562380315 [0.0659209936857] [0.0578702539206]
0.056096471846100004 [0.0574108697474] [0.0547820739448]
0.04028954729435 [0.0436858832836] [0.0368932113051]
0.03551231883465 [0.0463262423873] [0.024698395282]
0.033642035909 [0.0486669652164] [0.0186171066016]
0.03301440365615 [0.0492549389601] [0.0167738683522]
0.0323538277298 [0.0467290356755] [0.0179786197841]
0.0301479268819 [0.0423172339797] [0.0179786197841]
0.0282908771187 [0.0386031344533] [0.0179786197841]
0.027699992060650002 [0.0374213643372] [0.0179786197841]
0.0266364766285 [0.0365645028651] [0.0167084503919]
0.026488168165100003 [0.036194190383] [0.0167821459472]
0.0265311561525 [0.0362801663578] [0.0167821459472]
0.0267147794366 [0.036647412926] [0.0167821459472]
0.02693657018245 [0.0370909944177] [0.0167821459472]
0.02708745002745 [0.0373927541077] [0.0167821459472]
0.02715835534035 [0.0375345647335] [0.0167821459472]
0.0270042894408 [0.0373775921762] [0.0166309867054]
0.0270294593647 [0.0369132421911] [0.0171456765383]
0.02714485861365 [0.0362658053637] [0.0180239118636]
0.0270450860262 [0.0360662601888] [0.0180239118636]
0.0277198404074 [0.0374157689512] [0.0180239118636]
0.03008813969795 [0.0421523675323] [0.0180239118636]
0.0360715184361 [0.0541191250086] [0.0180239118636]
0.0496132988483 [0.081202685833] [0.0180239118636]
0.0736944619568 [0.12936501205] [0.0180239118636]
0.1006198767573 [0.183215841651] [0.0180239118636]
0.1155170071868 [0.21301010251] [0.0180239118636]
0.1186089757828 [0.219194039702] [0.0180239118636]
0.1158748436718 [0.21372577548] [0.0180239118636]
0.10894871689380001 [0.199873521924] [0.0180239118636]
0.1016964185983 [0.185368925333] [0.0180239118636]
0.0962055046113 [0.174387097359] [0.0180239118636]
0.09332829713825 [0.168623700738] [0.0180328935385]
0.09298523236045 [0.166304081678] [0.0196663830429]
0.09224002994605 [0.16330242157] [0.0211776383221]
0.08831638935950001 [0.155123502016] [0.021509276703]
0.08241906669 [0.144106552005] [0.020731581375]
0.0769174806772 [0.134328499436] [0.0195064619184]
0.0722088664769 [0.125995531678] [0.0184222012758]
0.06812686566285 [0.118536151946] [0.0177175793797]
0.06427519582204999 [0.111224144697] [0.0173262469471]
0.060635929926999996 [0.104101337492] [0.017170522362]
0.05781969148665 [0.0983963087201] [0.0172430742532]
0.05676506832245 [0.0959888324142] [0.0175413042307]
0.0580985099077 [0.0980479419231] [0.0181490778923]
0.06158877629795 [0.104049742222] [0.0191278103739]
0.06606615241595 [0.111896038055] [0.0202362667769]
0.06976688839475 [0.118462413549] [0.0210713632405]
0.0712951002641 [0.121104136109] [0.0214860644192]
0.0695219906047 [0.117331109941] [0.0217128712684]
0.0642846934495 [0.10641618818] [0.022153198719]
0.057299723848699996 [0.0919432342052] [0.0226562134922]
0.051447449251999997 [0.0796324014664] [0.0232624970376]
0.0475557716563 [0.0710465162992] [0.0240650270134]
0.0454430449754 [0.0654991194606] [0.0253869704902]
0.0448996713385 [0.0624819174409] [0.0273174252361]
0.0454461351037 [0.0609161816537] [0.0299760885537]
0.046494672074900004 [0.0599265620112] [0.0330627821386]
0.04781553149225 [0.0593753382564] [0.0362557247281]
0.0489762108773 [0.059292934835] [0.0386594869196]
0.050704270601250004 [0.0597065836191] [0.0417019575834]
0.0522208008915 [0.060079023242] [0.044362578541]
0.05298247374595 [0.0599766485393] [0.0459882989526]
0.0529258940369 [0.0591659508646] [0.0466858372092]
0.05291747674345 [0.0586591139436] [0.0471758395433]
0.05419390462335 [0.0600427165627] [0.048345092684]
0.0579239204526 [0.0652910396457] [0.0505568012595]
0.06472611613570001 [0.0763740688562] [0.0530781634152]
0.0741727650166 [0.0940577089787] [0.0542878210545]
0.08423770777905 [0.115491740406] [0.0529836751521]
0.09159136936055001 [0.133217424154] [0.0499653145671]
0.0948321521282 [0.142894655466] [0.0467696487904]
0.09642212465425001 [0.148647770286] [0.0441964790225]
0.09672828763739999 [0.151659548283] [0.0417970269918]
0.09603524766855 [0.153069809079] [0.0390006862581]
0.09435746073710001 [0.152666956186] [0.0360479652882]
0.0927908271552 [0.151970267296] [0.0336113870144]
0.09191172197455 [0.15206477046] [0.0317586734891]
0.09128486271965 [0.151979312301] [0.0305904131383]
0.0917193917556 [0.152669265866] [0.0307695176452]
0.09264696203175 [0.15344427526] [0.0318496488035]
0.09333820082229999 [0.152916461229] [0.0337599404156]
0.09216348081850001 [0.147630527616] [0.036696434021]
0.0906552206726 [0.139877855778] [0.0414325855672]
0.09206788800635 [0.134657874703] [0.0494779013097]
0.09738969057819999 [0.132599011064] [0.0621803700924]
0.10622751340285 [0.132815063] [0.0796399638057]
0.1151359938087 [0.132970452309] [0.0973015353084]
0.11985944211499999 [0.131367981434] [0.108350902796]
0.1196603365245 [0.128132224083] [0.111188448966]
0.115814328194 [0.124718628824] [0.106910027564]
0.10862535610785 [0.122409686446] [0.0948410257697]
0.09900235012175 [0.122297488153] [0.0757072120905]
0.09241199307164999 [0.124728828669] [0.0600951574743]
0.08975327014930001 [0.129743307829] [0.0497632324696]
0.09054035320875 [0.137947320938] [0.0431333854795]
0.09677993319925 [0.154209434986] [0.0393504314125]
0.11027065478289999 [0.182817190886] [0.0377241186798]
0.1283843722196 [0.219333931804] [0.0374348126352]
0.1479884497821 [0.258343309164] [0.0376335904002]
0.1610457319765 [0.284303307533] [0.03778815642]
0.1667573936284 [0.295797854662] [0.0377169325948]
