0.0155366740655 [0.0236394871026] [0.0074338610284]
0.014899299247200001 [0.022364737466] [0.0074338610284]
0.0146014110651 [0.0217689611018] [0.0074338610284]
0.01451061922125 [0.0215873774141] [0.0074338610284]
0.014229858061300001 [0.0210258550942] [0.0074338610284]
0.01438045850955 [0.0213270559907] [0.0074338610284]
0.01533064758407 [0.0219753198326] [0.00868597533554]
0.01553155342117 [0.0223771315068] [0.00868597533554]
0.015421992633470001 [0.0221580099314] [0.00868597533554]
0.015106303151720001 [0.0215266309679] [0.00868597533554]
0.01483020512387 [0.0209744349122] [0.00868597533554]
0.03339439909905 [0.0207438040525] [0.0460449941456]
0.03487171418965 [0.020888466388] [0.0488549619913]
0.0367399258539 [0.0214857105166] [0.0519941411912]
0.0384332425892 [0.0226129069924] [0.054253578186]
0.03939250484105 [0.0242145247757] [0.0545704849064]
0.0400870963931 [0.0263251326978] [0.0538490600884]
0.04071085900065 [0.028578761965] [0.0528429560363]
0.0411121379584 [0.0299677178264] [0.0522565580904]
0.0407901192084 [0.0293928328902] [0.0521874055266]
0.0409644655883 [0.0287366919219] [0.0531922392547]
0.041921901516599996 [0.0287034418434] [0.0551403611898]
0.0435080341995 [0.0293525606394] [0.0576635077596]
0.04640194308015 [0.0306737367064] [0.0621301494539]
0.05030788294975 [0.0326431654394] [0.0679726004601]
0.054481264203800006 [0.0347146168351] [0.0742479115725]
0.05730962753295 [0.0355073660612] [0.0791118890047]
0.057438774034399995 [0.0354792661965] [0.0793982818723]
0.05328278802335 [0.0344987697899] [0.0720668062568]
0.04599571228025 [0.0329896472394] [0.0590017773211]
0.03926161676645 [0.0317291244864] [0.0467941090465]
0.034653557464499996 [0.0313338264823] [0.0379732884467]
0.03233280964195 [0.0322598665953] [0.0324057526886]
0.03190171718595 [0.034697599709] [0.0291058346629]
0.03306639473885 [0.0390521809459] [0.0270806085318]
0.035754956305050004 [0.0459814965725] [0.0255284160376]
0.040197636932150005 [0.0564370900393] [0.023958183825]
0.0392632633448 [0.0564370900393] [0.0220894366503]
0.038269908167450004 [0.0564370900393] [0.0201027262956]
0.0372829977423 [0.0564370900393] [0.0181289054453]
0.036363242194100004 [0.0564370900393] [0.0162893943489]
0.02964358078315 [0.0444438718259] [0.0148432897404]
0.03027167310935 [0.0465133823454] [0.0140299638733]
0.03154806327075 [0.0488029830158] [0.0142931435257]
0.03375358786435 [0.0514204502106] [0.0160867255181]
0.0371367223561 [0.0541814528406] [0.0200919918716]
0.04197847563775 [0.056858420372] [0.0270985309035]
0.04809438996015 [0.0592578612268] [0.0369309186935]
0.05379702150825 [0.0610652752221] [0.0465287677944]
0.05666418001055 [0.0619689673185] [0.0513593927026]
0.05664008669555 [0.0619861334562] [0.0512940399349]
0.0555334277451 [0.061583712697] [0.0494831427932]
0.054794508963800004 [0.0614239759743] [0.0481650419533]
0.05622022412715 [0.0643092021346] [0.0481312461197]
0.05871425010265 [0.0678315162659] [0.0495969839394]
0.062387952581049996 [0.0721248462796] [0.0526510588825]
0.0677946601063 [0.0779253989458] [0.0576639212668]
0.0745868757367 [0.0848878100514] [0.064285941422]
0.081904001534 [0.0917878448963] [0.0720201581717]
0.0883521437645 [0.0974299013615] [0.0792743861675]
0.09224124252805 [0.100916542113] [0.0835659429431]
0.09376962855445001 [0.100188732147] [0.0873505249619]
0.09574306756255 [0.0987887829542] [0.0926973521709]
0.10037204995775 [0.0993937030435] [0.101350396872]
0.10918211936950001 [0.1023638919] [0.116000346839]
0.1243260987105 [0.108227826655] [0.140424370766]
0.1482487656175 [0.116663567722] [0.179833963513]
0.17961554229249999 [0.126183271408] [0.233047813177]
0.208502732217 [0.135148271918] [0.281857192516]
