0.196876950562 [0.128644928336] [0.265108972788]
0.227082543075 [0.161265388131] [0.292899698019]
0.2131824567915 [0.17067335546] [0.255691558123]
0.1547440961005 [0.137218281627] [0.172269910574]
0.09597089514125 [0.0907067507505] [0.101235039532]
0.06052548624575 [0.0591028518975] [0.061948120594]
0.0424731746316 [0.0426459982991] [0.0423003509641]
0.033646035939449995 [0.0352577790618] [0.0320342928171]
0.02958796638995 [0.0327161923051] [0.0264597404748]
0.0280420985073 [0.0326987579465] [0.0233854390681]
0.02777449134735 [0.0338145419955] [0.0217344406992]
0.027865097858 [0.0349170714617] [0.0208131242543]
0.027636976912599996 [0.0350515991449] [0.0202223546803]
0.02657968737185 [0.0335594080389] [0.0195999667048]
0.02419425919655 [0.0297954399139] [0.0185930784792]
0.02103196736425 [0.024816993624] [0.0172469411045]
0.0182068357244 [0.0205094851553] [0.0159041862935]
0.016270278953 [0.0177162084728] [0.0148243494332]
0.015817498322599998 [0.0175433326513] [0.0140916639939]
0.0156739172526 [0.0177081860602] [0.013639648445]
0.0157439308241 [0.0181812327355] [0.0133066289127]
0.01582614518705 [0.0187149140984] [0.0129373762757]
0.01570561621335 [0.0188680179417] [0.012543214485]
0.015175303909949998 [0.0182062927634] [0.0121443150565]
0.01358794840055 [0.0152825554833] [0.0118933413178]
0.0127877094783 [0.0137073034421] [0.0118681155145]
0.01247398089615 [0.0128686595708] [0.0120793022215]
0.0119281229563 [0.011434296146] [0.0124219497666]
0.01206995919345 [0.0112528167665] [0.0128871016204]
0.012462507933349999 [0.0114180864766] [0.0135069293901]
0.0133070582524 [0.0123104797676] [0.0143036367372]
0.014813658781349999 [0.0144338039681] [0.0151935135946]
0.0170949371532 [0.0181517787278] [0.0160380955786]
0.0179969491437 [0.0192734897137] [0.0167204085737]
0.01884076092395 [0.0205109100789] [0.017170611769]
0.01958264410495 [0.0216411072761] [0.0175241809338]
0.020326555706550002 [0.022671950981] [0.0179811604321]
0.02123060356825 [0.0237281639129] [0.0187330432236]
0.0222888123244 [0.0248073600233] [0.0197702646255]
0.02532564010475 [0.0301227346063] [0.0205285456032]
0.02735575661065 [0.0342018119991] [0.0205097012222]
0.0280646700412 [0.0358756370842] [0.0202537029982]
0.02839042712 [0.036647580564] [0.020133273676]
0.0285381115973 [0.0367950312793] [0.0202811919153]
0.029266263358299998 [0.0378275215626] [0.020705005154]
0.03030080441385 [0.0392452850938] [0.0213563237339]
0.0313619626686 [0.0405016764998] [0.0222222488374]
0.032058434560900004 [0.0408810339868] [0.023235835135]
0.03235995210705 [0.0403885692358] [0.0243313349783]
0.032997704111050005 [0.040145996958] [0.0258494112641]
0.034839921630949997 [0.0410850271583] [0.0285948161036]
0.03908565454185 [0.0442728772759] [0.0338984318078]
0.04620553925635 [0.0488268993795] [0.0435841791332]
0.05655734427275 [0.0536879859865] [0.059426702559]
0.06882789358495 [0.057136118412] [0.0805196687579]
0.0792583655566 [0.0589494146407] [0.0995673164725]
0.0841465089472 [0.0599590949714] [0.108333922923]
0.08502655290055 [0.0610842294991] [0.108968876302]
0.08661794289944999 [0.0635737553239] [0.109662130475]
0.09004118666040001 [0.0681037083268] [0.111978664994]
0.0956424437466 [0.0755155012012] [0.115769386292]
0.10114449635164999 [0.0856037661433] [0.11668522656]
0.1031863428651 [0.0995188951492] [0.106853790581]
0.1021762266757 [0.115986771882] [0.0883656814694]
0.1005626358092 [0.130322560668] [0.0708027109504]
0.0978427473456 [0.136848166585] [0.0588373281062]
0.09092542156555 [0.131240740418] [0.0506101027131]
0.08232843130800001 [0.119601912796] [0.04505494982]
0.07299023866655 [0.104617998004] [0.0413624793291]
0.06633957661685 [0.0933877751231] [0.0392913781106]
0.0632070675492 [0.0878819823265] [0.0385321527719]
0.062473835423599994 [0.0864654779434] [0.0384821929038]
0.06253734976055 [0.0863519459963] [0.0387227535248]
0.0627512540668 [0.0862235277891] [0.0392789803445]
0.0631941277534 [0.0860421806574] [0.0403460748494]
0.0640987828374 [0.0860990807414] [0.0420984849334]
0.0653726365417 [0.0860771015286] [0.0446681715548]
0.06704035215080001 [0.0857593566179] [0.0483213476837]
0.06970952637495 [0.0856361761689] [0.053782876581]
0.0742662623525 [0.0864836648107] [0.0620488598943]
0.0817409791052 [0.0886470302939] [0.0748349279165]
0.09239440783854999 [0.0926466658711] [0.092142149806]
0.1044203490017 [0.0982544347644] [0.110586263239]
0.11538995802400001 [0.104708775878] [0.12607114017]
0.1247564032675 [0.110682144761] [0.138830661774]
0.13511707633699999 [0.113412827253] [0.156821325421]
0.1361093856395 [0.106815032661] [0.165403738618]
0.11473349481845 [0.0806937813759] [0.148773208261]
0.08804333768775 [0.0579102523625] [0.118176423013]
0.0698764976114 [0.0448011644185] [0.0949518308043]
0.059376552701 [0.0373839661479] [0.0813691392541]
0.054090438410650005 [0.0332319624722] [0.0749489143491]
0.052417146042 [0.031341586262] [0.073492705822]
0.05282707326114999 [0.0306143946946] [0.0750397518277]
0.05422423966225 [0.0302085243165] [0.078239955008]
0.055594107136099996 [0.0295384638011] [0.0816497504711]
