0.08122069854305 [0.143741667271] [0.0186997298151]
0.0800463091582 [0.144157320261] [0.0159352980554]
0.0806439202277 [0.146434307098] [0.0148535333574]
0.0824226476251 [0.149981036782] [0.0148642584682]
0.0857505537571 [0.156636849046] [0.0148642584682]
0.0898590795696 [0.164853900671] [0.0148642584682]
0.0924787260591 [0.17009319365] [0.0148642584682]
0.09289629431455 [0.171300724149] [0.0144918644801]
0.0865900935603 [0.159399554133] [0.0137806329876]
0.0742138884961 [0.134954035282] [0.0134737417102]
0.05921631026995 [0.105451777577] [0.0129808429629]
0.047913861461 [0.0824785679579] [0.0133491549641]
0.04179548751565 [0.0690650716424] [0.0145259033889]
0.041410363279300005 [0.0662508606911] [0.0165698658675]
0.0413315668702 [0.0629298835993] [0.0197332501411]
0.04184498544785 [0.0593959875405] [0.0242939833552]
0.042982094921200004 [0.056053403765] [0.0299107860774]
0.044209564104700005 [0.0532288178802] [0.0351903103292]
0.04483385570345 [0.0510329827666] [0.0386347286403]
0.04472238756715 [0.049330342561] [0.0401144325733]
0.0445977821946 [0.0478430055082] [0.041352558881]
0.04437586665155 [0.0463447161019] [0.0424070172012]
0.045984832569999995 [0.0448227450252] [0.0471469201148]
0.04903069138525 [0.043266646564] [0.0547947362065]
0.05470583960415 [0.043266646564] [0.0661450326443]
0.059376869350649994 [0.043266646564] [0.0754870921373]
0.060633361339549996 [0.043266646564] [0.0780000761151]
0.059362594038250005 [0.043266646564] [0.0754585415125]
0.057152200490249994 [0.043266646564] [0.0710377544165]
0.054898399859650004 [0.043266646564] [0.0665301531553]
0.05283723026515 [0.043266646564] [0.0624078139663]
0.0509788263589 [0.043266646564] [0.0586910061538]
0.049638967961049996 [0.043266646564] [0.0560112893581]
0.0487946048379 [0.043266646564] [0.0543225631118]
0.048306329175849996 [0.043266646564] [0.0533460117877]
0.04786110669375 [0.043266646564] [0.0524555668235]
0.0473728571087 [0.043266646564] [0.0514790676534]
0.04697993025185 [0.043266646564] [0.0506932139397]
0.04695474356415 [0.043266646564] [0.0506428405643]
0.04776176065205 [0.043266646564] [0.0522568747401]
0.04975700192155 [0.043266646564] [0.0562473572791]
0.05157396011055 [0.043266646564] [0.0598812736571]
0.05130650661885 [0.043266646564] [0.0593463666737]
0.049683453515149995 [0.043266646564] [0.0561002604663]
0.04715438745915 [0.043266646564] [0.0510421283543]
0.044092057272799995 [0.043266646564] [0.0449174679816]
0.04051262699065 [0.043266646564] [0.0377586074173]
0.03744745627045 [0.043266646564] [0.0316282659769]
0.035061969421799996 [0.043266646564] [0.0268572922796]
0.03344248142095 [0.043266646564] [0.0236183162779]
0.037986095063400005 [0.054510705173] [0.0214614849538]
0.038274267688400004 [0.0565193854272] [0.0200291499496]
0.0387836266309 [0.0585086867213] [0.0190585665405]
0.03913907147945 [0.0598695166409] [0.018408626318]
0.03885640669615 [0.0601130947471] [0.0175997186452]
0.037520515732499995 [0.0588545687497] [0.0161864627153]
0.035214461851849996 [0.0563867948949] [0.0140421288088]
0.0324431587942 [0.0529332309961] [0.0119530865923]
0.029846466612099998 [0.049172539264] [0.0105203939602]
0.027950868476165 [0.046136803925] [0.00976493302733]
0.02698822645469 [0.0444557778537] [0.00952067505568]
0.026895098388185 [0.0442125611007] [0.00957763567567]
0.02705688867718 [0.044219750911] [0.00989402644336]
0.02744336146859 [0.0450017265975] [0.00988499633968]
0.027539401780795 [0.045349124819] [0.00972967874259]
0.02711023809386 [0.0448343865573] [0.00938608963042]
0.02607075963168 [0.0429945066571] [0.00914701260626]
0.024366352707135 [0.039781473577] [0.00895123183727]
0.022855482064195 [0.0366961322725] [0.00901483185589]
0.02192343911156 [0.0343804359436] [0.00946644227952]
0.022116020787500003 [0.0339616425335] [0.0102703990415]
0.0230634841137 [0.0347844809294] [0.011342487298]
0.02458443911745 [0.0365713126957] [0.0125975655392]
0.0264711691998 [0.0389283262193] [0.0140140121803]
0.02852680394425 [0.0414992831647] [0.0155543247238]
0.030247454531499997 [0.0436328165233] [0.0168620925397]
0.031164721585799998 [0.044743090868] [0.0175863523036]
0.03105971962215 [0.0446175001562] [0.0175019390881]
0.030432407744250004 [0.0438605360687] [0.0170042794198]
0.02994093112645 [0.0432989709079] [0.016582891345]
0.030012122355400003 [0.0437586903572] [0.0162655543536]
0.03092898521575 [0.0455599613488] [0.0162980090827]
0.0327211301774 [0.0487992204726] [0.0166430398822]
0.035161008127 [0.0531886219978] [0.0171333942562]
0.037925417535 [0.0583759248257] [0.0174749102443]
0.04169306624685 [0.0659879073501] [0.0173982251436]
0.0460938345641 [0.0752753689885] [0.0169123001397]
0.049674196168750004 [0.0836990177631] [0.0156493745744]
0.0533205936663 [0.0925730839372] [0.0140681033954]
0.0555271813646 [0.098239146173] [0.0128152165562]
0.05787541763875 [0.103694789112] [0.0120560461655]
0.061038120649950005 [0.110228672624] [0.0118475686759]
0.0650183064862 [0.117900393903] [0.0121362190694]
0.0699267061427 [0.127057865262] [0.0127955470234]
0.07444763090455 [0.135242640972] [0.0136526208371]
0.07674379041410001 [0.138970941305] [0.0145166395232]
0.07537207938754999 [0.135427102447] [0.0153170563281]
0.07221156824385 [0.12836240232] [0.0160607341677]
0.0688779894265 [0.121005378664] [0.016750600189]
0.06633169204 [0.115242227912] [0.017421156168]
0.0646518673747 [0.111153565347] [0.0181501694024]
0.063340025954 [0.107782945037] [0.018897106871]
0.062339708209150003 [0.104351103306] [0.0203283131123]
0.061497416347299994 [0.101499401033] [0.0214954316616]
0.06015385035425 [0.0986429229379] [0.0216647777706]
0.058513460680850005 [0.0969543531537] [0.020072568208]
0.0567790046334 [0.0955266803503] [0.0180313289165]
0.05424587242305 [0.0920151993632] [0.0164765454829]
0.0502699231729 [0.0848786011338] [0.015661245212]
0.04532667202875 [0.0752631574869] [0.0153901865706]
0.0406201290898 [0.0657735466957] [0.0154667114839]
0.0369966272265 [0.0582540482283] [0.0157392062247]
0.0341669144109 [0.0522978231311] [0.0160360056907]
0.031936476938450004 [0.0475401617587] [0.0163327921182]
0.0299936356023 [0.0434698313475] [0.0165174398571]
0.0279954196885 [0.0393967442214] [0.0165940951556]
0.0265956260264 [0.0366019122303] [0.0165893398225]
0.02599541284145 [0.0352113470435] [0.0167794786394]
0.02636502310635 [0.0351049900055] [0.0176250562072]
0.02765130531045 [0.035626847297] [0.0196757633239]
0.029998147860199997 [0.0360108353198] [0.0239854604006]
0.03408370539545 [0.0362534634769] [0.031913947314]
0.0400694478303 [0.0371959879994] [0.0429429076612]
0.04622821509835 [0.0389496646821] [0.0535067655146]
0.0500235836953 [0.0416045486927] [0.0584426186979]
0.05085787922145 [0.0446438379586] [0.0570719204843]
0.04817110672595 [0.047848764807] [0.0484934486449]
0.044401617720700004 [0.0511425063014] [0.03766072914]
0.0419625993818 [0.0545131675899] [0.0294120311737]
0.04096685908735 [0.0575090385973] [0.0244246795774]
0.0404907092452 [0.059816095978] [0.0211653225124]
0.040285758674150005 [0.0613857731223] [0.019185744226]
0.0404573110864 [0.0628169253469] [0.0180976968259]
0.04121909011155 [0.0648546591401] [0.017583521083]
0.0428982088342 [0.0683056414127] [0.0174907762557]
0.044077412225300004 [0.0704627633095] [0.0176920611411]
0.0447796965018 [0.0716131553054] [0.0179462376982]
0.0444676410407 [0.0709276646376] [0.0180076174438]
0.0434789080173 [0.0693241879344] [0.0176336281002]
0.0426586819813 [0.0682178512216] [0.017099512741]
0.0426216647029 [0.0687327682972] [0.0165105611086]
0.0439368719235 [0.0716312304139] [0.0162425134331]
0.04737349413335 [0.07790004462] [0.0168469436467]
0.054864652454850005 [0.090742982924] [0.0189863219857]
0.0678350823002 [0.110550835729] [0.0251193288714]
0.08673645555984999 [0.133966714144] [0.0395061969757]
0.11115186847735001 [0.161954373121] [0.0603493638337]
0.12456455267965 [0.187871620059] [0.0612574853003]
0.1274654306473 [0.198435172439] [0.0564956888556]
0.12939788773655 [0.203497543931] [0.0552982315421]
0.13137029111405 [0.207400426269] [0.0553401559591]
0.13398552872220001 [0.212418094277] [0.0555529631674]
0.13670637272324998 [0.217695832253] [0.0557169131935]
0.1393930148335 [0.2229308635] [0.055855166167]
0.1419140398501 [0.228007867932] [0.0558202117682]
0.14357208274315 [0.233038812876] [0.0541053526103]
0.1426202561706 [0.236314818263] [0.0489256940782]
0.1372031904756 [0.233682990074] [0.0407233908772]
0.12861637584865 [0.224220380187] [0.0330123715103]
0.1192816002292 [0.210830956697] [0.0277322437614]
0.11139910388755 [0.198147490621] [0.0246507171541]
0.1061114333569 [0.189254671335] [0.0229681953788]
0.10324967186900001 [0.184719234705] [0.021780109033]
0.10138136520965 [0.182404786348] [0.0203579440713]
0.09960266575215 [0.180688932538] [0.0185163989663]
0.0975086744876 [0.178390324116] [0.0166270248592]
0.09427162678920001 [0.173294812441] [0.0152484411374]
0.0913961762562 [0.168083295226] [0.0147090572864]
0.0824517845176 [0.150093242526] [0.0148103265092]
0.0691991499627 [0.123275265098] [0.0151230348274]
0.05671061156315 [0.0979561805725] [0.0154650425538]
0.047868053428850005 [0.079753883183] [0.0159822236747]
0.04225923493505 [0.0675922855735] [0.0169261842966]
0.0390054471791 [0.0593455806375] [0.0186653137207]
0.03752432949845 [0.0539909563959] [0.021057702601]
0.036938821896899995 [0.0507572703063] [0.0231203734875]
0.0366646293551 [0.0497166886926] [0.0236125700176]
0.0369388852268 [0.0513784512877] [0.0224993191659]
0.0381008703262 [0.0554713122547] [0.0207304283977]
0.0400652764365 [0.0608752965927] [0.0192552562803]
0.0422099167481 [0.065906226635] [0.0185136068612]
0.04409523215145 [0.0697232484818] [0.0184672158211]
0.04557450953875 [0.0723861008883] [0.0187629181892]
0.04609692934905 [0.0742876157165] [0.0179062429816]
0.0466855932027 [0.0763660818338] [0.0170051045716]
0.04816693346945 [0.0795324966311] [0.0168013703078]
0.049779626540799995 [0.0827686488628] [0.0167906042188]
0.05038171913475 [0.0834445357323] [0.0173189025372]
0.0503256190568 [0.0822037383914] [0.0184474997222]
0.049780125729750005 [0.0794669985771] [0.0200932528824]
0.049114813096849994 [0.0761504247785] [0.0220792014152]
0.0485640903935 [0.0728158056736] [0.0243123751134]
