0.049194413237250004 [0.0672136545181] [0.0311751719564]
0.0480964388698 [0.0641258358955] [0.0320670418441]
0.04702985286715 [0.0613637007773] [0.032696004957]
0.046047469601049995 [0.059078425169] [0.0330165140331]
0.0455173980445 [0.0579722374678] [0.0330625586212]
0.04565366730095 [0.058459635824] [0.0328476987779]
0.04696125537155 [0.0617936775088] [0.0321288332343]
0.048262141645 [0.0657845884562] [0.0307396948338]
0.05121100507675 [0.067831069231] [0.0345909409225]
0.051717627793550006 [0.0641302838922] [0.0393049716949]
0.05028225108985 [0.058072000742] [0.0424925014377]
0.04742729850115 [0.0521693825722] [0.0426852144301]
0.0441768802702 [0.0481174960732] [0.0402362644672]
0.041228119283949996 [0.0458466149867] [0.0366096235812]
0.0382845196873 [0.044078104198] [0.0324909351766]
0.03503168467435 [0.0418358743191] [0.0282274950296]
0.03181748930365 [0.0396260097623] [0.024008968845]
0.02955911774185 [0.0390155687928] [0.0201026666909]
0.0298348898068 [0.041100628674] [0.0185691509396]
0.03172389417885 [0.0452540181577] [0.0181937702]
0.03271751478315 [0.0457666255534] [0.0196684040129]
0.03528755251315 [0.0459904633462] [0.0245846416801]
0.04364195279775 [0.0458963289857] [0.0413875766098]
0.046039465814849995 [0.0456280782819] [0.0464508533478]
0.04776646755635 [0.0453519634902] [0.0501809716225]
0.0489238221198 [0.045228164643] [0.0526194795966]
0.049902707338350005 [0.0454087294638] [0.0543966852129]
0.05097121372815 [0.0458654798567] [0.0560769475996]
0.052439860999600005 [0.0466674901545] [0.0582122318447]
0.0545275323093 [0.0481147244573] [0.0609403401613]
0.05759881809355 [0.0509879663587] [0.0642096698284]
0.05935892090205 [0.0509879663587] [0.0677298754454]
0.06769828870895 [0.0509879663587] [0.0844086110592]
0.07759447768335 [0.0509879663587] [0.104200989008]
0.08557784929885 [0.0509879663587] [0.120167732239]
0.08998582139635 [0.0509879663587] [0.128983676434]
0.09128491953035 [0.0509879663587] [0.131581872702]
0.09055325761435 [0.0509879663587] [0.13011854887]
0.08830134198085 [0.0509879663587] [0.125614717603]
0.08571921661485 [0.0509879663587] [0.120450466871]
0.08214233815685 [0.0509879663587] [0.113296709955]
0.07807630300535 [0.0509879663587] [0.105164639652]
0.07329343259335 [0.0509879663587] [0.095598898828]
0.0682056359947 [0.0509879663587] [0.0854233056307]
0.06411435827615 [0.0509879663587] [0.0772407501936]
0.06118294224145 [0.0509879663587] [0.0713779181242]
0.05956423282625001 [0.0509879663587] [0.0681404992938]
0.058874219655999996 [0.0509879663587] [0.0667604729533]
0.0589619614184 [0.0509879663587] [0.0669359564781]
0.059823028743300005 [0.0509879663587] [0.0686580911279]
0.0613542534411 [0.0509879663587] [0.0717205405235]
0.06315515562895001 [0.0509879663587] [0.0753223448992]
0.0636727511883 [0.0509879663587] [0.0763575360179]
0.06154968589545 [0.0509879663587] [0.0721114054322]
0.05705366656185 [0.0509879663587] [0.063119366765]
0.0523539669812 [0.0509879663587] [0.0537199676037]
0.04902639985085 [0.0509879663587] [0.047064833343]
0.0473397821188 [0.0509879663587] [0.0436915978789]
0.0468864962459 [0.0509879663587] [0.0427850261331]
0.047172358259600006 [0.0509879663587] [0.0433567501605]
0.047654705122150004 [0.0509879663587] [0.0443214438856]
0.0478605218232 [0.0509879663587] [0.0447330772877]
0.047815352678300005 [0.0509879663587] [0.0446427389979]
0.0473759993911 [0.0509879663587] [0.0437640324235]
0.04645949415865 [0.0509879663587] [0.0419310219586]
0.04500986076895 [0.0509879663587] [0.0390317551792]
0.043241877108849996 [0.0509879663587] [0.035495787859]
0.0417329389602 [0.0509879663587] [0.0324779115617]
0.041229477152250005 [0.0509879663587] [0.0314709879458]
0.042565409094100004 [0.0509879663587] [0.0341428518295]
0.0468954406679 [0.0509879663587] [0.0428029149771]
0.055804582312699996 [0.0509879663587] [0.0606211982667]
0.07030496746305 [0.0509879663587] [0.0896219685674]
0.08503183349985 [0.0509879663587] [0.119075700641]
0.09006752446285 [0.0509879663587] [0.129147082567]
0.08872531726935 [0.0509879663587] [0.12646266818]
0.08498329296735001 [0.0509879663587] [0.118978619576]
0.07995795086035 [0.0509879663587] [0.108927935362]
0.07499013468625 [0.0509879663587] [0.0989923030138]
0.0711107067764 [0.0509879663587] [0.0912334471941]
0.06780369207265 [0.0509879663587] [0.0846194177866]
0.07051200419665 [0.0636037960649] [0.0774202123284]
0.07278715819125 [0.0765919014812] [0.0689824149013]
0.0727482829243 [0.0855507999659] [0.0599457658827]
0.0709754098207 [0.0901106670499] [0.0518401525915]
0.0681770555675 [0.0909563750029] [0.0453977361321]
0.06462224200365001 [0.0885814130306] [0.0406630709767]
0.06029614806175 [0.0837429761887] [0.0368493199348]
0.0553289875388 [0.0777067169547] [0.0329512581229]
0.05088912602515 [0.0723478123546] [0.0294304396957]
0.04739357251675 [0.0680394843221] [0.0267476607114]
0.045450409874300005 [0.0661881417036] [0.024712678045]
0.04490915033965 [0.0665635988116] [0.0232547018677]
0.04671381320805 [0.0711247473955] [0.0223028790206]
0.04763757344335 [0.0735426023602] [0.0217325445265]
0.04738930705935 [0.0732198059559] [0.0215588081628]
0.04629327729345 [0.0706913024187] [0.0218952521682]
0.04524727445095 [0.0676607117057] [0.0228338371962]
0.04482073895635 [0.0654147267342] [0.0242267511785]
0.04507850203665 [0.0644475370646] [0.0257094670087]
0.045832785777750004 [0.0649068877101] [0.0267586838454]
0.046960547566399995 [0.0668688639998] [0.027052231133]
0.0487682148814 [0.0706799775362] [0.0268564522266]
0.0518708415329 [0.0769288167357] [0.0268128663301]
0.05653677042575 [0.0853870660067] [0.0276864748448]
0.061981426551950006 [0.0943072959781] [0.0296555571258]
0.06571959890425 [0.0994851887226] [0.0319540090859]
0.06739369779835 [0.100155092776] [0.0346323028207]
0.06829424574975 [0.0989040732384] [0.0376844182611]
0.07012398540975 [0.0989774987102] [0.0412704721093]
0.07373717986049999 [0.102752879262] [0.044721480459]
0.07742944359775 [0.107370994985] [0.0474878922105]
0.07914175465695 [0.10986251384] [0.0484209954739]
0.0773728154601 [0.108063220978] [0.0466824099422]
0.07231655530605 [0.102134764194] [0.0424983464181]
0.06588080897925 [0.0939752310514] [0.0377863869071]
0.0599462967366 [0.0861056596041] [0.0337869338691]
0.0546944467351 [0.0784354135394] [0.0309534799308]
0.050509254448100005 [0.0715821832418] [0.0294363256544]
0.047394503839299995 [0.0660809352994] [0.0287080723792]
0.0455064950511 [0.0625299289823] [0.0284830611199]
0.0449099270627 [0.0614167749882] [0.0284030791372]
0.0456242989749 [0.062919639051] [0.0283289588988]
0.04708881676195 [0.0662175938487] [0.0279600396752]
0.0486622741446 [0.0704290047288] [0.0268955435604]
0.04925920814275 [0.0734843984246] [0.0250340178609]
0.0488205784932 [0.0746340081096] [0.0230071488768]
0.04777051880955 [0.0742188692093] [0.0213221684098]
0.0475189881399 [0.0749012082815] [0.0201367679983]
0.04906563274565 [0.078811891377] [0.0193193741143]
0.0541824810207 [0.0894888788462] [0.0188760831952]
0.0645121019336 [0.110195986927] [0.0188282169402]
0.08087782561795 [0.142687544227] [0.0190681070089]
0.1017870120704 [0.184082314372] [0.0194917097688]
0.12133700773125 [0.222692936659] [0.0199810788035]
0.13408072199655 [0.247842699289] [0.0203187447041]
0.13951254263520002 [0.258612126112] [0.0204129591584]
0.14153171144435 [0.262788295746] [0.0202751271427]
0.13979850523155 [0.259490549564] [0.0201064608991]
0.13583703432219998 [0.25152939558] [0.0201446730644]
0.13102896418435 [0.241335898638] [0.0207220297307]
0.12592514604345 [0.229903623462] [0.0219466686249]
0.1221570931373 [0.22069761157] [0.0236165747046]
0.11937720887345 [0.213280305266] [0.0254741124809]
0.1184263303876 [0.209278896451] [0.0275737643242]
0.11999867483974999 [0.209766343236] [0.0302310064435]
0.12344198860245001 [0.213102191687] [0.0337817855179]
0.12806695140895 [0.218249797821] [0.0378841049969]
0.132345754653 [0.223337128758] [0.041354380548]
0.13437364622955 [0.226356714964] [0.0423905774951]
0.1328813396396 [0.225225284696] [0.0405373945832]
0.1261028368024 [0.215466111898] [0.0367395617068]
0.11224528029535 [0.192485839128] [0.0320047214627]
0.0960273547099 [0.163994625211] [0.0280600842088]
0.08336926251675 [0.141791582108] [0.0249469429255]
0.07468027155865 [0.127024918795] [0.0223356243223]
0.06870536506175 [0.117232427001] [0.0201783031225]
0.06519532855595 [0.111738488078] [0.0186521690339]
0.0630866913126 [0.108386307955] [0.0177870746702]
0.06134332809595 [0.10535454005] [0.0173321161419]
0.0599712366239 [0.102759473026] [0.0171830002218]
0.059038831852299994 [0.100935295224] [0.0171423684806]
0.058484689332549994 [0.0998060181737] [0.0171633604914]
0.057529879733950004 [0.097866229713] [0.0171935297549]
0.0555046573281 [0.093779861927] [0.0172294527292]
0.05275754537435 [0.0882882848382] [0.0172268059105]
0.050378054380449996 [0.0835655331612] [0.0171905755997]
0.0494190454483 [0.0816592499614] [0.0171788409352]
0.051201017573450004 [0.0835201516747] [0.0188818834722]
0.05503657460215 [0.0888181701303] [0.021254979074]
0.0594845060259 [0.0951690748334] [0.0237999372184]
0.060221804305900004 [0.0951911211014] [0.0252524875104]
0.0551371583715 [0.0850798264146] [0.0251944903284]
0.046922438777999995 [0.0700406804681] [0.0238041970879]
0.0399240227416 [0.0578228496015] [0.0220251958817]
0.0348978340626 [0.0496328175068] [0.0201628506184]
0.03122014645485 [0.0441671647131] [0.0182731281966]
0.02875333093105 [0.0401777811348] [0.0173288807273]
0.02678088005635 [0.0368008874357] [0.016760872677]
0.02525576017795 [0.0338752865791] [0.0166362337768]
0.0244529377669 [0.0314172208309] [0.0174886547029]
0.0248943241313 [0.0295285154134] [0.0202601328492]
0.02892726659775 [0.0282509867102] [0.0296035464853]
0.0292419437319 [0.0275505688041] [0.0309333186597]
0.030343194492149998 [0.0278030429035] [0.0328833460808]
0.03173501603305 [0.0291723906994] [0.0342976413667]
