0.0621512308717 [0.0201742723584] [0.104128189385]
0.06119932234265 [0.0197733417153] [0.10262530297]
0.0614942610262 [0.0192877426744] [0.103700779378]
0.06410551164285 [0.0194810125977] [0.108730010688]
0.0698417825627 [0.0198990311474] [0.119784533978]
0.07831167802195 [0.0217275395989] [0.134895816445]
0.08462911564835 [0.0230386648327] [0.146219566464]
0.08525739517055 [0.0233225654811] [0.14719222486]
0.07852878421565 [0.0226361453533] [0.134421423078]
0.06694578845045 [0.0213080216199] [0.112583555281]
0.0539446370676 [0.0199539903551] [0.0879352837801]
0.040203416719999996 [0.0175225920975] [0.0628842413425]
0.03548945020885 [0.0156943220645] [0.0552845783532]
0.036068513989450005 [0.0145161561668] [0.0576208718121]
0.0431115445681 [0.0140529582277] [0.0721701309085]
0.04707499593495 [0.0144914314151] [0.0796585604548]
0.051783149130600004 [0.0157010350376] [0.0878652632236]
0.05677072890105 [0.0176942609251] [0.095847196877]
0.062150686979500006 [0.020894959569] [0.10340641439]
0.06813289783915 [0.0258845947683] [0.11038120091]
0.07228677161015 [0.0279717184603] [0.11660182476]
0.0756573425607 [0.0294370446354] [0.121877640486]
0.0777848949654 [0.0301911067218] [0.125378683209]
0.07789089810095 [0.0301323737949] [0.125649422407]
0.0772074405103 [0.0287654586136] [0.125649422407]
0.07594301551575 [0.0262366086245] [0.125649422407]
0.08727937750525 [0.0255831591785] [0.148975595832]
0.10396272316555 [0.0250920876861] [0.182833358645]
0.11726526822899999 [0.02463006787] [0.209900468588]
0.12376125715665001 [0.0243517123163] [0.223170801997]
0.1250321408733 [0.0244951527566] [0.22556912899]
0.1233634781093 [0.0249284915626] [0.221798464656]
0.1202934999019 [0.0255335010588] [0.215053498745]
0.11126314941785001 [0.0260738749057] [0.19645242393]
0.10519822686935 [0.0263834297657] [0.184013023973]
0.100129570812 [0.026363350451] [0.173895791173]
0.0947738625107 [0.0259260460734] [0.163621678948]
0.08857489842925001 [0.0252043846995] [0.151945412159]
0.08542850147955 [0.0245380457491] [0.14631895721]
0.07965432386835 [0.0239391680807] [0.135369479656]
0.0748368110509 [0.0235194079578] [0.126154214144]
0.0711806165055 [0.023574816063] [0.118786416948]
0.06938750669375 [0.0246221497655] [0.114152863622]
0.06979041174045 [0.0264109075069] [0.113169915974]
0.0716727515682 [0.0278848614544] [0.115460641682]
0.0739242304118 [0.0284789316356] [0.119369529188]
0.07604960724725 [0.0282586067915] [0.123840607703]
0.0779194803906 [0.0277045611292] [0.128134399652]
0.07836067397125 [0.0271552000195] [0.129566147923]
0.0782259656114 [0.0265758242458] [0.129876106977]
0.07750071305760001 [0.0260496530682] [0.128951773047]
0.07656714506445 [0.0257396586239] [0.127394631505]
0.07588292006399999 [0.025827081874] [0.125938758254]
0.0758860241622 [0.0265271775424] [0.125244870782]
0.0770564628766 [0.0283245947212] [0.125788331032]
0.07991449907414999 [0.0314263626933] [0.128402635455]
0.0849762931466 [0.0357369035482] [0.134215682745]
0.09134792909035 [0.0410879328847] [0.141607925296]
0.0981554016472 [0.0471171438694] [0.149193659425]
0.10450186021645 [0.0524929799139] [0.156510740519]
0.1095961220564 [0.0558464750648] [0.163345769048]
0.11348203197130001 [0.0569406077266] [0.170023456216]
0.11648472771065001 [0.0567094758153] [0.176259979606]
0.11957356333735 [0.0555042922497] [0.183642834425]
0.12025855295335 [0.0539523027837] [0.186564803123]
0.11999947391465 [0.0524900965393] [0.18750885129]
0.12012490257620001 [0.0518446043134] [0.188405200839]
0.1221113391221 [0.0524005368352] [0.191822141409]
0.12626204267155 [0.0539949759841] [0.198529109359]
0.1333069242535 [0.057007022202] [0.209606826305]
0.14258754998455 [0.0614558756351] [0.223719224334]
0.1524601019921 [0.0667598173022] [0.238160386682]
0.1617499887943 [0.0720878243446] [0.251412153244]
0.16923963651065 [0.0757419094443] [0.262737363577]
0.17382712662215 [0.0770323574543] [0.27062189579]
0.1740519404413 [0.0771059691906] [0.270997911692]
0.1720962673428 [0.0770343244076] [0.267158210278]
0.17020864784695 [0.0776895880699] [0.262727707624]
0.1709008440375 [0.079974129796] [0.261827558279]
0.17573774605985001 [0.0857843905687] [0.265691101551]
0.18801500648255 [0.0984187275171] [0.277611285448]
0.21098203212 [0.122681453824] [0.299282610416]
0.2463511824605 [0.164063632488] [0.328638732433]
0.2913566455245 [0.223798379302] [0.358914911747]
0.32928368449199996 [0.278337985277] [0.380229383707]
0.3505411595105 [0.311874270439] [0.389208048582]
0.3569698631765 [0.325145810843] [0.38879391551]
0.357157573104 [0.327410519123] [0.386904627085]
0.355292707682 [0.324671417475] [0.385913997889]
0.3518598228695 [0.319641441107] [0.384078204632]
0.3466861695055 [0.31334617734] [0.380026161671]
0.34347903728499996 [0.311541467905] [0.375416606665]
0.341406524181 [0.311608344316] [0.371204704046]
0.33825792372249996 [0.311027348042] [0.365488499403]
0.33072616159900003 [0.306842714548] [0.35460960865]
0.3107624351975 [0.281148821115] [0.34037604928]
0.2740638032555 [0.225497558713] [0.322630047798]
0.23168824613100003 [0.161168545485] [0.302207946777]
0.19942545890799998 [0.115749835968] [0.283101081848]
0.1773295514287 [0.0890432819724] [0.265615820885]
0.16257780417815001 [0.0734222456813] [0.251733362675]
0.15322031825765 [0.0651261359453] [0.24131450057]
0.14785569533725 [0.0615274086595] [0.234183982015]
0.1451688632367 [0.0605961829424] [0.229741543531]
0.1445650774983 [0.0607247687876] [0.228405386209]
0.14557627402235002 [0.0610216520727] [0.230130895972]
0.14765321649605 [0.0610288567841] [0.234277576208]
0.15008174628025 [0.0606580376625] [0.239505454898]
0.15231505781415 [0.0599488019943] [0.244681313634]
0.15442056395095 [0.0591752715409] [0.249665856361]
0.1568748448042 [0.0586057789624] [0.255143910646]
0.1609130091965 [0.058904774487] [0.262921243906]
0.16826418600964999 [0.0614468567073] [0.275081515312]
0.18109679594645 [0.0689330175519] [0.293260574341]
0.20463246107115 [0.0878570079803] [0.321407914162]
0.242018736899 [0.130109503865] [0.353927969933]
0.299395471811 [0.210292726755] [0.388498216867]
0.367991179228 [0.319624036551] [0.416358321905]
0.41729658842100004 [0.402795940638] [0.431797236204]
0.433647528291 [0.429922550917] [0.437372505665]
0.438719213009 [0.43973749876] [0.437700927258]
0.4359426796435 [0.437904834747] [0.43398052454]
0.4281734228135 [0.432163715363] [0.424183130264]
0.4180430173875 [0.419898450375] [0.4161875844]
0.411034628749 [0.412170559168] [0.40989869833]
0.4012686759235 [0.404296219349] [0.398241132498]
0.3912766873835 [0.401600688696] [0.380952686071]
0.38317844271650003 [0.404079556465] [0.362277328968]
0.378829061985 [0.411080360413] [0.346577763557]
0.37417881190799995 [0.417394846678] [0.330962777138]
0.3680952042345 [0.420299649239] [0.31589075923]
0.361511081457 [0.420901417732] [0.302120745182]
0.3545344918965 [0.420347929001] [0.288721054792]
0.3484746813775 [0.419646024704] [0.277303338051]
0.3448215574025 [0.419332027435] [0.27031108737]
0.3420729637145 [0.416452258825] [0.267693668604]
0.3404314219955 [0.412505835295] [0.268357008696]
0.3392851650715 [0.40790399909] [0.270666331053]
0.340542078018 [0.405004650354] [0.276079505682]
0.347504928708 [0.407704234123] [0.287305623293]
0.3540686219935 [0.407226711512] [0.300910532475]
0.3560507148505 [0.399927973747] [0.312173455954]
0.35180433094499997 [0.385607391596] [0.318001270294]
0.34213143587100003 [0.36544072628] [0.318822145462]
0.3290477842095 [0.343617767096] [0.314477801323]
0.3142962008715 [0.321733236313] [0.30685916543]
0.2980941832065 [0.301522552967] [0.294665813446]
0.28518526256099996 [0.288164794445] [0.282205730677]
0.27703396976000005 [0.280406445265] [0.273661494255]
0.27371904254 [0.277734279633] [0.269703805447]
0.2743677943945 [0.280755519867] [0.267980068922]
0.2785342633725 [0.287824690342] [0.269243836403]
0.2838345915075 [0.293194711208] [0.274474471807]
0.289962247014 [0.297816842794] [0.282107651234]
0.293642312288 [0.298856794834] [0.288427829742]
0.2943202704195 [0.296151041985] [0.292489498854]
0.29511564970000004 [0.294332921505] [0.295898377895]
0.298509672284 [0.296191573143] [0.300827771425]
0.303884074092 [0.299117147923] [0.308651000261]
0.31047463417050003 [0.30185085535] [0.319098412991]
0.31798022985450003 [0.304579794407] [0.331380665302]
0.325626283884 [0.307610929012] [0.343641638756]
0.333293125033 [0.311363726854] [0.355222523212]
0.336397156119 [0.310351014137] [0.362443298101]
0.329791262746 [0.299212425947] [0.360370099545]
0.3053560853 [0.275853335857] [0.334858834743]
0.2671492993835 [0.247253239155] [0.287045359612]
0.22970995306949998 [0.221120327711] [0.238299578428]
0.202135458589 [0.20143686235] [0.202834054828]
0.1845185160635 [0.18864749372] [0.180389538407]
0.1744501516225 [0.181481301785] [0.16741900146]
0.169143177569 [0.178713411093] [0.159572944045]
0.1665263623 [0.17915263772] [0.15390008688]
0.16554437577699999 [0.180994927883] [0.150093823671]
0.16651061177249998 [0.183330580592] [0.149690642953]
0.169454693794 [0.185945689678] [0.15296369791]
0.17269211262450002 [0.1870534271] [0.158330798149]
0.170319408178 [0.179223924875] [0.161414891481]
0.16013006120950002 [0.158551871777] [0.161708250642]
0.14633588492900002 [0.131160721183] [0.161511048675]
0.1365909501915 [0.107122778893] [0.16605912149]
