0.0958744827659 [0.0427514649928] [0.148997500539]
0.09538763016469999 [0.0417777597904] [0.148997500539]
0.09509633667775 [0.0411951728165] [0.148997500539]
0.09517621435234999 [0.0413549281657] [0.148997500539]
0.09590787440545 [0.0428182482719] [0.148997500539]
0.0970444306732 [0.0450913608074] [0.148997500539]
0.09760136157284999 [0.0462052226067] [0.148997500539]
0.09730898216375 [0.0456204637885] [0.148997500539]
0.09631162695595 [0.0436257533729] [0.148997500539]
0.0949178673328 [0.0408382341266] [0.148997500539]
0.09383715875455 [0.0386768169701] [0.148997500539]
0.09279160387825 [0.0365857072175] [0.148997500539]
0.0722660198806 [0.0344167724252] [0.110115267336]
0.07289209589345 [0.0333521366119] [0.112432055175]
0.0720503740012 [0.0322464704514] [0.111854277551]
0.07001335546355 [0.0313258543611] [0.108700856566]
0.0669632870704 [0.0309350080788] [0.102991566062]
0.06339744478465001 [0.0311420112848] [0.0956528782845]
0.05966553650795 [0.0317317061126] [0.0875993669033]
0.05605090409515 [0.0320731848478] [0.0800286233425]
0.052712978795200004 [0.0314963050187] [0.0739296525717]
0.050076493062100005 [0.0302232746035] [0.0699297115207]
0.04900427907705 [0.029791533947] [0.0682170242071]
0.04951038304715 [0.0302354786545] [0.0687852874398]
0.050530055537799996 [0.0311517380178] [0.0699083730578]
0.0521205868572 [0.0320341475308] [0.0722070261836]
0.05340956151485 [0.0330142825842] [0.0738048404455]
0.0548518821597 [0.0352137610316] [0.0744900032878]
0.055002331733700005 [0.0352596342564] [0.074745029211]
0.0558706689626 [0.0360890738666] [0.0756522640586]
0.057259473949649996 [0.0374127477407] [0.0771062001586]
0.058713363483549996 [0.0383919663727] [0.0790347605944]
0.0606402978301 [0.0390454903245] [0.0822351053357]
0.06330559775229999 [0.0393768921494] [0.0872343033552]
0.06718691438435 [0.039740934968] [0.0946328938007]
0.0716223306955 [0.040338948369] [0.102905713022]
0.07580036669984999 [0.0411486178637] [0.110452115536]
0.0784326381983 [0.0431807786226] [0.113684497774]
0.0776695422827 [0.0444430559874] [0.110896028578]
0.0752670988439 [0.0462450310588] [0.104289166629]
0.07287000119685 [0.0486552417278] [0.0970847606659]
0.07107429765164999 [0.0511188097298] [0.0910297855735]
0.06903411447999999 [0.0519432798028] [0.0861249491572]
0.0658028945327 [0.0496350079775] [0.0819707810879]
0.06211922317745 [0.0457194373012] [0.0785190090537]
0.0594883263111 [0.0423888787627] [0.0765877738595]
0.05862306058405 [0.0404285863042] [0.0768175348639]
0.05981239676475 [0.0393018871546] [0.0803229063749]
0.0628772377968 [0.0386291071773] [0.0871253684163]
0.06734927371145 [0.0381902679801] [0.0965082794428]
0.0726935230197 [0.0381362587214] [0.107250787318]
0.07820073887725 [0.0384698957205] [0.117931582034]
0.08355582691745 [0.0390196628869] [0.128091990948]
0.088354339823 [0.039482768625] [0.137225911021]
0.09269128181045 [0.0398664362729] [0.145516127348]
0.09647577442235 [0.0401822067797] [0.152769342065]
0.09994417428965 [0.0408805012703] [0.159007847309]
0.10410918295375 [0.0423369556665] [0.165881410241]
0.11006831936535 [0.0446597002447] [0.175476938486]
0.11749002151175 [0.0477695427835] [0.18721050024]
0.1259827855975 [0.051106993109] [0.200858578086]
0.13405319675825 [0.0538676306605] [0.214238762856]
0.13944284431625 [0.0540976040065] [0.224788084626]
0.13823729753515002 [0.0501827150583] [0.226291880012]
0.12987411394695 [0.0427774265409] [0.216970801353]
0.1215035896751 [0.0426017902792] [0.200405389071]
0.1105450782925 [0.040473792702] [0.180616363883]
0.09883615374545 [0.0370575040579] [0.160614803433]
0.090001748875 [0.033646825701] [0.146356672049]
0.0836942456664 [0.0305415466428] [0.13684694469]
0.0793332904578 [0.0275108516216] [0.131155729294]
0.07789639010999999 [0.027676038444] [0.128116741776]
0.07766340859255 [0.0294190682471] [0.125907748938]
0.07732517831050001 [0.031632270664] [0.123018085957]
0.07655124366305 [0.0337325483561] [0.11936993897]
0.0761293135585 [0.036197848618] [0.116060778499]
0.07723352871835 [0.0397099144757] [0.114757142961]
0.0812408700588 [0.0458201915026] [0.116661548615]
0.08974562212805 [0.0577661246061] [0.12172511965]
0.1056090965865 [0.082882091403] [0.12833610177]
0.10632601007840001 [0.0773485079408] [0.135303512216]
0.1085408106448 [0.0740696936846] [0.143011927605]
0.1128905154764 [0.0732814148068] [0.152499616146]
0.12020040675995 [0.0743627175689] [0.166038095951]
0.129678748548 [0.076319694519] [0.183037802577]
0.14010064676415 [0.0782836154103] [0.201917678118]
0.15389326587340002 [0.0889442190528] [0.218842312694]
0.16194599121795 [0.0927638113499] [0.231128171086]
0.16590167582010001 [0.0923330634832] [0.239470288157]
0.1663441359999 [0.0890160053968] [0.243672266603]
0.16052788123505 [0.0805698856711] [0.240485876799]
0.153949845582 [0.072313003242] [0.235586687922]
0.14983827248225 [0.0679407939315] [0.231735751033]
0.14960158243795 [0.0677957013249] [0.231407463551]
0.1528918258847 [0.0701156780124] [0.235667973757]
0.15995625779045 [0.0746721252799] [0.245240390301]
0.16936207562675 [0.0804574638605] [0.258266687393]
0.1781019903718 [0.0859418585896] [0.270262122154]
0.18483477085815 [0.0900484472513] [0.279621094465]
0.19086248427605002 [0.0938644558191] [0.287860512733]
0.19635833427325 [0.0979601964355] [0.294756472111]
0.2001456208525 [0.101958401501] [0.298332840204]
0.20126651972499998 [0.104610189795] [0.297922849655]
0.197921667248 [0.104351021349] [0.291492313147]
0.19085991382599998 [0.101549714804] [0.280170112848]
0.18335926532765 [0.0984950065613] [0.268223524094]
0.1795718818901 [0.0975069701672] [0.261636793613]
0.183883536607 [0.101348616183] [0.266418457031]
0.195748183876 [0.112357743084] [0.279138624668]
0.2100696861745 [0.125246793032] [0.294892579317]
0.2191228196025 [0.131255045533] [0.306990593672]
0.22418993711450003 [0.133419245481] [0.314960628748]
0.2249230146405 [0.131170094013] [0.318675935268]
0.219381891191 [0.123547241092] [0.31521654129]
0.2074767909945 [0.112226448953] [0.302727133036]
0.193826775998 [0.10056322068] [0.287090331316]
0.182939194143 [0.091079428792] [0.274798959494]
0.17639227584005002 [0.0853679254651] [0.267416626215]
0.17554698139405 [0.0837794393301] [0.267314523458]
0.18033510074015 [0.0857128426433] [0.274957358837]
0.18883452937005 [0.0904027149081] [0.287266343832]
0.19749238714564998 [0.0965285226703] [0.298456251621]
0.19894745573384998 [0.0974521562457] [0.300442755222]
0.1894462704657 [0.0902374088764] [0.288655132055]
0.17262835428105 [0.0813458487391] [0.263910859823]
