0.09130091592680001 [0.0262427702546] [0.156359061599]
0.09130091592680001 [0.0262427702546] [0.156359061599]
0.09130091592680001 [0.0262427702546] [0.156359061599]
0.09130091592680001 [0.0262427702546] [0.156359061599]
0.09130091592680001 [0.0262427702546] [0.156359061599]
0.09130091592680001 [0.0262427702546] [0.156359061599]
0.09130091592680001 [0.0262427702546] [0.156359061599]
0.09130091592680001 [0.0262427702546] [0.156359061599]
0.09130091592680001 [0.0262427702546] [0.156359061599]
0.09130091592680001 [0.0262427702546] [0.156359061599]
0.09130091592680001 [0.0262427702546] [0.156359061599]
0.09130091592680001 [0.0262427702546] [0.156359061599]
0.09130091592680001 [0.0262427702546] [0.156359061599]
0.09130091592680001 [0.0262427702546] [0.156359061599]
0.09130091592680001 [0.0262427702546] [0.156359061599]
0.09130091592680001 [0.0262427702546] [0.156359061599]
0.09130091592680001 [0.0262427702546] [0.156359061599]
0.09130091592680001 [0.0262427702546] [0.156359061599]
0.09130091592680001 [0.0262427702546] [0.156359061599]
0.09130091592680001 [0.0262427702546] [0.156359061599]
0.09130091592680001 [0.0262427702546] [0.156359061599]
0.09130091592680001 [0.0262427702546] [0.156359061599]
0.09130091592680001 [0.0262427702546] [0.156359061599]
0.09130091592680001 [0.0262427702546] [0.156359061599]
0.09130091592680001 [0.0262427702546] [0.156359061599]
0.09130091592680001 [0.0262427702546] [0.156359061599]
0.09130091592680001 [0.0262427702546] [0.156359061599]
0.09130091592680001 [0.0262427702546] [0.156359061599]
0.09130091592680001 [0.0262427702546] [0.156359061599]
0.09130091592680001 [0.0262427702546] [0.156359061599]
0.09223399497580001 [0.0281089283526] [0.156359061599]
0.09327127505105001 [0.0301834885031] [0.156359061599]
0.0939685367049 [0.0315780118108] [0.156359061599]
0.0939685367049 [0.0315780118108] [0.156359061599]
0.0939685367049 [0.0315780118108] [0.156359061599]
0.09344233013700001 [0.030525598675] [0.156359061599]
0.093277453445 [0.030195845291] [0.156359061599]
0.09306115191440001 [0.0297632422298] [0.156359061599]
0.09295714925985 [0.0295552369207] [0.156359061599]
0.09315857384365 [0.0299580860883] [0.156359061599]
0.09353902284065001 [0.0307189840823] [0.156359061599]
0.0939832534642 [0.0316074453294] [0.156359061599]
0.09458712860955 [0.0328151956201] [0.156359061599]
0.09471279010190001 [0.0330665186048] [0.156359061599]
0.09401482343685 [0.0316705852747] [0.156359061599]
0.0928555475549 [0.0293520335108] [0.156359061599]
0.09184192679835 [0.0273247919977] [0.156359061599]
0.0912697771565 [0.026180492714] [0.156359061599]
0.09161411505205 [0.0268691685051] [0.156359061599]
0.09215369634340001 [0.0279483310878] [0.156359061599]
0.0928908959032 [0.0294227302074] [0.156359061599]
0.09414695389580001 [0.0319348461926] [0.156359061599]
0.09584749117505001 [0.0353359207511] [0.156359061599]
0.09780945815155001 [0.0392598547041] [0.156359061599]
0.0995379332454 [0.0427168048918] [0.156359061599]
0.1009750235827 [0.0455909855664] [0.156359061599]
0.1022267173977 [0.0480943731964] [0.156359061599]
0.10398310981700001 [0.051607158035] [0.156359061599]
0.1076899804176 [0.0590208992362] [0.156359061599]
0.11552461981785 [0.0746901780367] [0.156359061599]
0.1306326389315 [0.104906216264] [0.156359061599]
0.157107360661 [0.157855659723] [0.156359061599]
0.275510624051 [0.231636971235] [0.319384276867]
0.3017325252295 [0.276270598173] [0.327194452286]
0.2894562631845 [0.25389277935] [0.325019747019]
0.2527526021005 [0.191298544407] [0.314206659794]
0.216981045902 [0.135146662593] [0.298815429211]
0.18979283422215001 [0.0955503433943] [0.28403532505]
0.17221108824015 [0.0715699344873] [0.272852241993]
0.1615212373435 [0.0572751984] [0.265767276287]
0.1550492923706 [0.0489167235792] [0.261181861162]
0.1511033084246 [0.0444046966732] [0.257801920176]
0.14839949831389998 [0.0421599075198] [0.254639089108]
0.1457892097531 [0.0407734885812] [0.250804930925]
0.1474562305955 [0.039371047169] [0.255541414022]
0.14501777850115 [0.0376690737903] [0.252366483212]
0.1368851009756 [0.0358245112002] [0.237945690751]
0.13152498938145002 [0.0341375954449] [0.228912383318]
0.12868210673325 [0.0331374406815] [0.224226772785]
0.12869068793934998 [0.0331081859767] [0.224273189902]
0.13130930811175 [0.0341954529285] [0.228423163295]
0.13556393980995 [0.0363613218069] [0.234766557813]
0.1404744014143 [0.0395077615976] [0.241441041231]
0.1449586953968 [0.0433448813856] [0.246572509408]
0.14738416671765 [0.0465846657753] [0.24818366766]
0.14911457523695001 [0.0480836257339] [0.25014552474]
0.14269076101475 [0.0462639294565] [0.239117592573]
0.133307049051 [0.043316219002] [0.2232978791]
0.12470006756485 [0.0408277772367] [0.208572357893]
0.1201012562961 [0.0394297204912] [0.200772792101]
0.11708836257435 [0.0393604189157] [0.194816306233]
0.11788744665685 [0.0407128222287] [0.195062071085]
0.12091641500605 [0.0433534607291] [0.198479369283]
0.12435918115070001 [0.0460393838584] [0.202678978443]
0.12600079737585002 [0.0466763339937] [0.205325260758]
0.12494602613165 [0.0439996235073] [0.205892428756]
0.12235581688604999 [0.0397448502481] [0.204966783524]
0.1207219492646 [0.0363869778812] [0.205056920648]
0.12201169691995 [0.0353190563619] [0.208704337478]
0.12677594646829998 [0.0366568788886] [0.216895014048]
0.1329999342562 [0.0401215553284] [0.225878313184]
0.1423249021171 [0.0447729676962] [0.239876836538]
0.15227644518 [0.048484839499] [0.256068050861]
0.16105360165219998 [0.0490210428834] [0.273086160421]
0.17056242004039998 [0.0494256988168] [0.291699141264]
0.17788653820745 [0.0487055331469] [0.307067543268]
0.17825612984605 [0.0471076183021] [0.30940464139]
0.17279801517735 [0.0448985546827] [0.300697475672]
0.1655570045113 [0.0427888184786] [0.288325190544]
0.1595630329101 [0.0416985414922] [0.277427524328]
0.1565554514527 [0.0426278561354] [0.27048304677]
0.1571420039983 [0.0462876074016] [0.267996400595]
0.16013822518305001 [0.0526366941631] [0.267639756203]
0.1631012037395 [0.059312209487] [0.266890197992]
0.16290214657760002 [0.0614322125912] [0.264372080564]
0.1509941387922 [0.0427251793444] [0.25926309824]
0.1444254405795 [0.034397162497] [0.254453718662]
0.1441724933685 [0.034397162497] [0.25394782424]
0.1464881040155 [0.034397162497] [0.258579045534]
0.15269683673999998 [0.034397162497] [0.270996510983]
0.16220906749349998 [0.034397162497] [0.29002097249]
0.16796574834735 [0.0240097213537] [0.311921775341]
0.1776052648202 [0.0242002177984] [0.331010311842]
0.18587903212745 [0.0255809631199] [0.346177101135]
0.1923001045359 [0.0278194714338] [0.356780737638]
0.19633803050945 [0.0303961988539] [0.362279862165]
0.19699724763635001 [0.0329667180777] [0.361027777195]
0.19486328214415 [0.0354072600603] [0.354319304228]
0.19200059771525 [0.0375510156155] [0.346450179815]
0.1882742829619 [0.0391036644578] [0.337444901466]
0.1841129697861 [0.0423200502992] [0.325905889273]
0.17714684270345002 [0.0426500253379] [0.311643660069]
0.16996989585470001 [0.0418662913144] [0.298073500395]
0.1646230667829 [0.0417648553848] [0.287481278181]
0.16037602536375 [0.0424900613725] [0.278261989355]
0.15772473253299998 [0.045265186578] [0.270184278488]
0.15545009449145 [0.0499253645539] [0.260974824429]
0.1509853377939 [0.0549795031548] [0.246991172433]
0.14388708211465 [0.0572010166943] [0.230573147535]
0.13437178172155 [0.0554377473891] [0.213305816054]
0.1234500296416 [0.0513616725802] [0.195538386703]
0.11468696221695 [0.0473427996039] [0.18203112483]
0.11272064410140001 [0.0455343089998] [0.179906979203]
0.1113978829235 [0.043875452131] [0.178920313716]
0.11029241606580001 [0.0426737740636] [0.177911058068]
0.10959811136125 [0.0423796102405] [0.176816612482]
0.1095656026154 [0.0431361235678] [0.175995081663]
0.10989439859965 [0.0444735065103] [0.175315290689]
0.1094685420392 [0.0452138483524] [0.173723235726]
0.1073818672447 [0.0441111661494] [0.17065256834]
0.10352907329775 [0.0411839187145] [0.165874227881]
0.09792518988255 [0.0357593074441] [0.160091072321]
