0.127612333745 [0.149453878403] [0.105770789087]
0.1275231949985 [0.149453878403] [0.105592511594]
0.1276423856615 [0.149453878403] [0.10583089292]
0.1279507987205 [0.149453878403] [0.106447719038]
0.129639070481 [0.149453878403] [0.109824262559]
0.133080754429 [0.149453878403] [0.116707630455]
0.144588574767 [0.162976771593] [0.126200377941]
0.17693934589600002 [0.216962635517] [0.136916056275]
0.2212569341065 [0.294992953539] [0.147520914674]
0.273767888546 [0.39031547308] [0.157220304012]
0.270334661007 [0.376131027937] [0.164538294077]
0.271373666823 [0.376131027937] [0.166616305709]
0.2662617713215 [0.376131027937] [0.156392514706]
0.25423091649999996 [0.376131027937] [0.132330805063]
0.239563520998 [0.376131027937] [0.102996014059]
0.23681988939645 [0.376131027937] [0.0975087508559]
0.23474235087634998 [0.376131027937] [0.0933536738157]
0.23373104259375 [0.376131027937] [0.0913310572505]
0.23375107720494998 [0.376131027937] [0.0913711264729]
0.23413435369735 [0.376131027937] [0.0921376794577]
0.2337319739163 [0.376131027937] [0.0913329198956]
0.2385585606099 [0.389176875353] [0.0879402458668]
0.23533875122675 [0.389176875353] [0.0815006271005]
0.2308505028487 [0.389176875353] [0.0725241303444]
0.2254724912346 [0.389176875353] [0.0617681071162]
0.21975483372815 [0.389176875353] [0.0503327921033]
0.21975483372815 [0.389176875353] [0.0503327921033]
0.21975483372815 [0.389176875353] [0.0503327921033]
0.21975483372815 [0.389176875353] [0.0503327921033]
0.21975483372815 [0.389176875353] [0.0503327921033]
0.21975483372815 [0.389176875353] [0.0503327921033]
0.21975483372815 [0.389176875353] [0.0503327921033]
0.21975483372815 [0.389176875353] [0.0503327921033]
0.21975483372815 [0.389176875353] [0.0503327921033]
0.21975483372815 [0.389176875353] [0.0503327921033]
0.21975483372815 [0.389176875353] [0.0503327921033]
0.21975483372815 [0.389176875353] [0.0503327921033]
0.21975483372815 [0.389176875353] [0.0503327921033]
0.21975483372815 [0.389176875353] [0.0503327921033]
0.21975483372815 [0.389176875353] [0.0503327921033]
0.08770060166714999 [0.125068411231] [0.0503327921033]
0.08350879699015 [0.116684801877] [0.0503327921033]
0.08402591943765 [0.117719046772] [0.0503327921033]
0.09090512618415 [0.131477460265] [0.0503327921033]
0.10247018560764999 [0.154607579112] [0.0503327921033]
0.11546156927965 [0.180590346456] [0.0503327921033]
0.187699764967 [0.201707556844] [0.17369197309]
0.18802187591800001 [0.214884579182] [0.161159172654]
0.1785158962015 [0.219930097461] [0.137101694942]
0.163996014744 [0.218531101942] [0.109460927546]
0.1501898132266 [0.213364645839] [0.0870149806142]
0.13984782993814998 [0.207211658359] [0.0724840015173]
0.1361504457889 [0.207836091518] [0.0644648000598]
0.1353676710278 [0.209697008133] [0.0610383339226]
0.13733170554024998 [0.213967338204] [0.0606960728765]
0.1413529906423 [0.220439553261] [0.0622664280236]
0.14646733552235 [0.228053748608] [0.0648809224367]
0.15052898228165001 [0.233079612255] [0.0679783523083]
0.1514312662186 [0.233550935984] [0.0693115964532]
0.14928612858055 [0.229012042284] [0.0695602148771]
0.14483654499055 [0.220738708973] [0.0689343810081]
0.1386205740275 [0.210146710277] [0.067094437778]
0.13083414733409998 [0.196807205677] [0.0648610889912]
0.12287692725665 [0.181980893016] [0.0637729614973]
0.1177711561324 [0.170133903623] [0.0654084086418]
0.11772777885215 [0.164464220405] [0.0709913372993]
0.12221732735625 [0.164218187332] [0.0802164673805]
0.1287480369211 [0.166492894292] [0.0910031795502]
0.13415977358815 [0.168330207467] [0.0999893397093]
0.136993728578 [0.1689645648] [0.105022892356]
0.138133354485 [0.169543892145] [0.106722816825]
0.1373902708295 [0.169754520059] [0.1050260216]
0.1354028098285 [0.170399427414] [0.100406192243]
0.13184988126155 [0.169903948903] [0.0937958136201]
0.1271256655452 [0.167380213737] [0.0868711173534]
0.12289527431105 [0.164254084229] [0.0815364643931]
0.12011463567635 [0.161706656218] [0.0785226151347]
0.11974615231175001 [0.16125535965] [0.0782369449735]
0.1214794889091 [0.162993058562] [0.0799659192562]
0.1240762360394 [0.165905803442] [0.0822466686368]
0.12574664130805 [0.168184325099] [0.0833089575171]
0.12557523697615 [0.168379381299] [0.0827710926533]
0.1237334609032 [0.166215479374] [0.0812514424324]
0.1227048225701 [0.165555998683] [0.0798536464572]
0.12346506118765 [0.167434453964] [0.0794956684113]
0.1253898926079 [0.170497238636] [0.0802825465798]
0.12791417911655 [0.174084916711] [0.0817434415221]
0.1316339299082 [0.17879460752] [0.0844732522964]
0.1375114731493 [0.185489237309] [0.0895337089896]
0.1456102095542 [0.193973049521] [0.0972473695874]
0.1538932062685 [0.203236415982] [0.104549996555]
0.16212681680899999 [0.212814122438] [0.11143951118]
0.1693936139345 [0.222852811217] [0.115934416652]
