0.19253669679149998 [0.204001396894] [0.181071996689]
0.1978273391725 [0.214582681656] [0.181071996689]
0.201723203063 [0.222374409437] [0.181071996689]
0.20296342670950002 [0.22485485673] [0.181071996689]
0.202126786113 [0.223181575537] [0.181071996689]
0.2015823051335 [0.222092613578] [0.181071996689]
0.202562637627 [0.224053278565] [0.181071996689]
0.20439630001800002 [0.227720603347] [0.181071996689]
0.206889845431 [0.232707694173] [0.181071996689]
0.20831041783100002 [0.235548838973] [0.181071996689]
0.208146624267 [0.235221251845] [0.181071996689]
0.207206219435 [0.233340442181] [0.181071996689]
0.206574469805 [0.232076942921] [0.181071996689]
0.20370465517050002 [0.226337313652] [0.181071996689]
0.2076743245125 [0.234276652336] [0.181071996689]
0.2081269547345 [0.23518191278] [0.181071996689]
0.20683850348 [0.232605010271] [0.181071996689]
0.2052704021335 [0.229468807578] [0.181071996689]
0.20458085835 [0.228089720011] [0.181071996689]
0.20421987772 [0.227367758751] [0.181071996689]
0.2033186852935 [0.225565373898] [0.181071996689]
0.2003026008605 [0.219533205032] [0.181071996689]
0.194350898266 [0.207629799843] [0.181071996689]
0.1856534034015 [0.190234810114] [0.181071996689]
0.176472783089 [0.171873569489] [0.181071996689]
0.1644267737865 [0.147781550884] [0.181071996689]
0.1641816049815 [0.147291213274] [0.181071996689]
0.169087737799 [0.157103478909] [0.181071996689]
0.1870456412435 [0.193019285798] [0.181071996689]
0.1897530406715 [0.198434084654] [0.181071996689]
0.19024858623750002 [0.199425175786] [0.181071996689]
0.1897187680005 [0.198365539312] [0.181071996689]
0.189371459186 [0.197670921683] [0.181071996689]
0.1897746399045 [0.19847728312] [0.181071996689]
0.1917809545995 [0.20248991251] [0.181071996689]
0.1946449801325 [0.208217963576] [0.181071996689]
0.1970765143635 [0.213081032038] [0.181071996689]
0.19871708005650002 [0.216362163424] [0.181071996689]
0.19959849119200002 [0.218124985695] [0.181071996689]
0.199850089848 [0.218628183007] [0.181071996689]
0.20406550168999998 [0.227059006691] [0.181071996689]
0.2072542980315 [0.233436599374] [0.181071996689]
0.20796646922849998 [0.234860941768] [0.181071996689]
0.20770100504150002 [0.234330013394] [0.181071996689]
0.2080274671315 [0.234982937574] [0.181071996689]
0.209664657712 [0.238257318735] [0.181071996689]
0.21299555152650002 [0.244919106364] [0.181071996689]
0.21717116236700001 [0.253270328045] [0.181071996689]
0.2214661687615 [0.261860340834] [0.181071996689]
0.221611171961 [0.262150347233] [0.181071996689]
0.21843557059750002 [0.255799144506] [0.181071996689]
0.213588051498 [0.246104106307] [0.181071996689]
0.208155758679 [0.235239520669] [0.181071996689]
0.20363802462800001 [0.226204052567] [0.181071996689]
0.2016382962465 [0.222204595804] [0.181071996689]
0.20183147490050002 [0.222590953112] [0.181071996689]
0.20345945656300002 [0.225846916437] [0.181071996689]
0.2050194069745 [0.22896681726] [0.181071996689]
0.2053496688605 [0.229627341032] [0.181071996689]
0.20388843119150002 [0.226704865694] [0.181071996689]
0.200074583292 [0.219077169895] [0.181071996689]
0.195003822446 [0.208935648203] [0.181071996689]
0.18962401896699999 [0.198176041245] [0.181071996689]
0.1850655823945 [0.1890591681] [0.181071996689]
0.182591252029 [0.184110507369] [0.181071996689]
0.1833124235275 [0.185552850366] [0.181071996689]
0.1871476247905 [0.193223252892] [0.181071996689]
0.1926391348245 [0.20420627296] [0.181071996689]
0.1977224648 [0.214372932911] [0.181071996689]
0.20111459493650002 [0.221157193184] [0.181071996689]
0.201681405306 [0.222290813923] [0.181071996689]
0.2004886344075 [0.219905272126] [0.181071996689]
0.198062516749 [0.215053036809] [0.181071996689]
0.19528488069799999 [0.209497764707] [0.181071996689]
0.19549194723399999 [0.209911897779] [0.181071996689]
0.200490310788 [0.219908624887] [0.181071996689]
0.20671954751 [0.232367098331] [0.181071996689]
0.21128462255000002 [0.241497248411] [0.181071996689]
0.21323903650050002 [0.245406076312] [0.181071996689]
0.2133647575975 [0.245657518506] [0.181071996689]
0.212306775153 [0.243541553617] [0.181071996689]
0.210952356458 [0.240832716227] [0.181071996689]
0.2110871970655 [0.241102397442] [0.181071996689]
0.2126872614025 [0.244302526116] [0.181071996689]
0.2150241807105 [0.248976364732] [0.181071996689]
0.217201501131 [0.253331005573] [0.181071996689]
0.21678596735 [0.252499938011] [0.181071996689]
0.210457444191 [0.239842891693] [0.181071996689]
0.202993787825 [0.224915578961] [0.181071996689]
0.1991489082575 [0.217225819826] [0.181071996689]
0.19860503077500002 [0.216138064861] [0.181071996689]
0.199415534735 [0.217759072781] [0.181071996689]
0.201648205519 [0.222224414349] [0.181071996689]
0.205933690071 [0.230795383453] [0.181071996689]
0.21161610633150002 [0.242160215974] [0.181071996689]
0.216739103198 [0.252406209707] [0.181071996689]
0.21956193447100003 [0.258051872253] [0.181071996689]
0.21978054940699998 [0.258489102125] [0.181071996689]
0.21836411953 [0.255656242371] [0.181071996689]
0.21658398211000002 [0.252095967531] [0.181071996689]
0.21527235955000001 [0.249472722411] [0.181071996689]
0.213648751378 [0.246225506067] [0.181071996689]
0.2115563824775 [0.242040768266] [0.181071996689]
0.2099474966525 [0.238822996616] [0.181071996689]
0.2116884812715 [0.242304965854] [0.181071996689]
0.21971842646599998 [0.258364856243] [0.181071996689]
0.228685319424 [0.276298642159] [0.181071996689]
0.231428653002 [0.281785309315] [0.181071996689]
0.2303916066885 [0.279711216688] [0.181071996689]
0.22809219360350003 [0.275112390518] [0.181071996689]
0.22489337623150002 [0.268714755774] [0.181071996689]
0.221891924739 [0.262711852789] [0.181071996689]
0.219580307603 [0.258088618517] [0.181071996689]
0.21785646677050002 [0.254640936852] [0.181071996689]
0.21641778945950002 [0.25176358223] [0.181071996689]
0.21507695317300002 [0.249081909657] [0.181071996689]
0.2136905118825 [0.246309027076] [0.181071996689]
0.211826197803 [0.242580398917] [0.181071996689]
0.2087738513945 [0.2364757061] [0.181071996689]
0.20529837161300002 [0.229524746537] [0.181071996689]
0.20287289470449998 [0.22467379272] [0.181071996689]
0.201742708683 [0.222413420677] [0.181071996689]
0.1991586238145 [0.21724525094] [0.181071996689]
0.1965147778395 [0.21195755899] [0.181071996689]
