0.1436956226825 [0.185910016298] [0.101481229067]
0.1477375514805 [0.192578718066] [0.102896384895]
0.153392456472 [0.194947600365] [0.111837312579]
0.1506017036735 [0.187768951058] [0.113434456289]
0.144576467574 [0.177510544658] [0.11164239049]
0.139867849648 [0.17141571641] [0.108319982886]
0.1369303017855 [0.169881939888] [0.103978663683]
0.13577122986315 [0.172193557024] [0.0993489027023]
0.13608540967115001 [0.176589459181] [0.0955813601613]
0.13754351064575 [0.180150985718] [0.0949360355735]
0.13652810454355 [0.178836032748] [0.0942201763391]
0.13386172801265 [0.174045071006] [0.0936783850193]
0.1301433816553 [0.166874304414] [0.0934124588966]
0.12635076418495 [0.159461215138] [0.0932403132319]
0.123044591397 [0.153264671564] [0.09282451123]
0.119977541268 [0.148668855429] [0.091286227107]
0.1168495081364 [0.146061837673] [0.0876371785998]
0.11389118433005 [0.146304652095] [0.0814777165651]
0.11240072175839999 [0.151146933436] [0.0736545100808]
0.11499034240855 [0.163929358125] [0.0660513266921]
0.12682965770355 [0.187607988715] [0.0660513266921]
0.12682965770355 [0.187607988715] [0.0660513266921]
0.12682965770355 [0.187607988715] [0.0660513266921]
0.12682965770355 [0.187607988715] [0.0660513266921]
0.12682965770355 [0.187607988715] [0.0660513266921]
0.12682965770355 [0.187607988715] [0.0660513266921]
0.12682965770355 [0.187607988715] [0.0660513266921]
0.12682965770355 [0.187607988715] [0.0660513266921]
0.12682965770355 [0.187607988715] [0.0660513266921]
0.12682965770355 [0.187607988715] [0.0660513266921]
0.12682965770355 [0.187607988715] [0.0660513266921]
0.12682965770355 [0.187607988715] [0.0660513266921]
0.12682965770355 [0.187607988715] [0.0660513266921]
0.11043958738455001 [0.154827848077] [0.0660513266921]
0.10182774439455 [0.137604162097] [0.0660513266921]
0.09521934762605 [0.12438736856] [0.0660513266921]
0.09089494869105 [0.11573857069] [0.0660513266921]
0.08780856058004999 [0.109565794468] [0.0660513266921]
0.08603269606805 [0.106014065444] [0.0660513266921]
0.08553601801405 [0.105020709336] [0.0660513266921]
0.08640031144005 [0.106749296188] [0.0660513266921]
0.08852087706305001 [0.110990427434] [0.0660513266921]
0.09153546020405 [0.117019593716] [0.0660513266921]
0.09489812701955 [0.123744927347] [0.0660513266921]
0.17376128584150002 [0.130118727684] [0.217403843999]
0.175794407725 [0.134195744991] [0.217393070459]
0.17830175161349998 [0.139210432768] [0.217393070459]
0.18083689361799998 [0.144280716777] [0.217393070459]
0.182294398546 [0.147195726633] [0.217393070459]
0.1843919605015 [0.151390850544] [0.217393070459]
0.187886998057 [0.158380925655] [0.217393070459]
0.195108786225 [0.172824501991] [0.217393070459]
0.206969812512 [0.196546554565] [0.217393070459]
0.223800882697 [0.230208694935] [0.217393070459]
0.2418903410435 [0.266387611628] [0.217393070459]
0.2527564466 [0.288119822741] [0.217393070459]
0.280652284622 [0.296212673187] [0.265091896057]
0.279129266739 [0.293166637421] [0.265091896057]
0.27396251261250004 [0.282833129168] [0.265091896057]
0.26493078470200004 [0.264769673347] [0.265091896057]
0.26493078470200004 [0.264769673347] [0.265091896057]
0.26493078470200004 [0.264769673347] [0.265091896057]
0.26493078470200004 [0.264769673347] [0.265091896057]
0.26493078470200004 [0.264769673347] [0.265091896057]
0.3901349008085 [0.51517790556] [0.265091896057]
0.373811379075 [0.482530862093] [0.265091896057]
0.36022718250749997 [0.455362468958] [0.265091896057]
0.3515723496675 [0.438052803278] [0.265091896057]
0.34740146994599996 [0.429711043835] [0.265091896057]
0.34442766010750003 [0.423763424158] [0.265091896057]
