0.21554624289250002 [0.223719462752] [0.207373023033]
0.21491295099250002 [0.222452878952] [0.207373023033]
0.160796046257 [0.215101420879] [0.106490671635]
0.157040990889 [0.204399198294] [0.109682783484]
0.1502310298385 [0.191327750683] [0.109134308994]
0.14370265603100002 [0.179397299886] [0.108008012176]
0.139371663332 [0.171437591314] [0.10730573535]
0.139195818454 [0.170699611306] [0.107692025602]
0.142039552331 [0.174880683422] [0.10919842124]
0.1460795626045 [0.180314972997] [0.111844152212]
0.14906554669150002 [0.182904839516] [0.115226253867]
0.148127697408 [0.181029140949] [0.115226253867]
0.14877974986999998 [0.171550363302] [0.126009136438]
0.1461086720225 [0.166208207607] [0.126009136438]
0.14395248889899998 [0.16189584136] [0.126009136438]
0.1427910551425 [0.158674702048] [0.126907408237]
0.1407648921015 [0.156003698707] [0.125526085496]
0.1398975215855 [0.155890196562] [0.123904846609]
0.14304378628699999 [0.160775452852] [0.125312119722]
0.1534776315095 [0.172622635961] [0.134332627058]
0.17557179182799998 [0.192345157266] [0.15879842639]
0.212344557047 [0.217058375478] [0.207630738616]
0.22388396412150002 [0.240137189627] [0.207630738616]
0.231067381799 [0.254504024982] [0.207630738616]
0.231067381799 [0.254504024982] [0.207630738616]
0.231067381799 [0.254504024982] [0.207630738616]
0.231067381799 [0.254504024982] [0.207630738616]
0.231067381799 [0.254504024982] [0.207630738616]
0.1714110672475 [0.135191395879] [0.207630738616]
0.16814304143199998 [0.128655344248] [0.207630738616]
0.1607734002175 [0.113916061819] [0.207630738616]
0.0734848752618 [0.0985835120082] [0.0483862385154]
0.06950962729755 [0.0882856398821] [0.050733614713]
0.0681971851736 [0.0840653032064] [0.0523290671408]
0.0687033329159 [0.0847021639347] [0.0527045018971]
0.07045687735085 [0.0886322036386] [0.0522815510631]
0.0730464104563 [0.0941412374377] [0.0519515834749]
0.0764082074163 [0.100255362689] [0.0525610521436]
0.08065575175010001 [0.106856271625] [0.0544552318752]
0.08545206859724999 [0.113608144224] [0.0572959929705]
0.09055252559505 [0.120743863285] [0.0603611879051]
0.09575841948410001 [0.128291651607] [0.0632251873612]
0.1010885797443 [0.136320009828] [0.0658571496606]
0.1090984493494 [0.14530582726] [0.0728910714388]
0.11871714517485 [0.157116442919] [0.0803178474307]
0.13142565637815 [0.175055041909] [0.0877962708473]
0.1480705998836 [0.2013528198] [0.0947883799672]
0.170475691557 [0.238692671061] [0.102258712053]
0.1983364857735 [0.284718424082] [0.111954547465]
0.227545633912 [0.328178167343] [0.126913100481]
0.2527549490335 [0.355932503939] [0.149577394128]
0.27294990420349996 [0.366751104593] [0.179148703814]
0.288932859898 [0.370636671782] [0.207229048014]
0.29829363524950003 [0.373797476292] [0.222789794207]
0.300929836929 [0.375500589609] [0.226359084249]
0.301077619195 [0.377795428038] [0.224359810352]
0.302300974727 [0.382143110037] [0.222458839417]
0.30303175002349997 [0.384380489588] [0.221683010459]
0.29696026444449997 [0.374859571457] [0.219060957432]
0.281482890248 [0.353303313255] [0.209662467241]
0.262337721884 [0.330811321735] [0.193864122033]
0.243790924549 [0.31197348237] [0.175608366728]
0.23028399795299997 [0.29927778244] [0.161290213466]
0.226179882884 [0.292298555374] [0.160061210394]
0.224500089884 [0.289893180132] [0.159106999636]
0.22400537133249998 [0.290279746056] [0.157730996609]
0.2228247225285 [0.290042608976] [0.155606836081]
0.22061622142800003 [0.288338035345] [0.152894407511]
0.2176271304485 [0.285559982061] [0.149694278836]
0.21406506746999998 [0.282010227442] [0.146119907498]
0.20987004041649998 [0.277298182249] [0.142441898584]
0.20467299968 [0.270423591137] [0.138922408223]
0.19635830074549998 [0.257416725159] [0.135299876332]
0.19367559254150002 [0.256176769733] [0.13117441535]
0.19429473578950002 [0.257415056229] [0.13117441535]
0.19643461704249998 [0.261694818735] [0.13117441535]
0.20001858472849998 [0.268862754107] [0.13117441535]
0.204601287842 [0.278028160334] [0.13117441535]
0.2090809196235 [0.286987423897] [0.13117441535]
0.2115501463415 [0.291925877333] [0.13117441535]
0.211584582925 [0.2919947505] [0.13117441535]
0.20873698592200002 [0.286299556494] [0.13117441535]
0.1934209764005 [0.255667537451] [0.13117441535]
0.182029992342 [0.232885569334] [0.13117441535]
0.1724315956235 [0.213688775897] [0.13117441535]
0.167028300464 [0.202882185578] [0.13117441535]
0.168698564172 [0.206222712994] [0.13117441535]
0.186750382185 [0.24232634902] [0.13117441535]
0.19624540209750002 [0.261316388845] [0.13117441535]
0.20321072638049997 [0.275247037411] [0.13117441535]
0.20716591179349997 [0.283157408237] [0.13117441535]
0.20839281380199998 [0.285611212254] [0.13117441535]
0.20813971757900002 [0.285105019808] [0.13117441535]
0.2070624679325 [0.282950520515] [0.13117441535]
0.2051551938055 [0.279135972261] [0.13117441535]
0.202357441187 [0.273540467024] [0.13117441535]
0.20110990107049997 [0.271045386791] [0.13117441535]
0.2097785696385 [0.279526889324] [0.140030249953]
0.21436219662400002 [0.290533185005] [0.138191208243]
0.216185964644 [0.299084126949] [0.133287802339]
0.2123666778205 [0.297834128141] [0.1268992275]
0.20147547870850002 [0.283299207687] [0.11965174973]
0.1880091056225 [0.263787358999] [0.112230852246]
0.176645077765 [0.24742166698] [0.10586848855]
0.167786717415 [0.234985262156] [0.100588172674]
0.1601420454681 [0.223726272583] [0.0965578183532]
0.15559237822885 [0.216637417674] [0.0945473387837]
0.15396627038695 [0.213558375835] [0.0943741649389]
0.15489817038165 [0.213869616389] [0.0959267243743]
0.15734605118615 [0.216715559363] [0.0979765430093]
0.1607879176735 [0.220880925655] [0.100694909692]
0.1643866337835 [0.225204214454] [0.103569053113]
0.1676729545 [0.229288861156] [0.106057047844]
0.17040545120849998 [0.232850149274] [0.107960753143]
0.17325568944199998 [0.236655279994] [0.10985609889]
0.176967404783 [0.24186077714] [0.112074032426]
0.1823291406035 [0.248561233282] [0.116097047925]
0.188403878361 [0.255881637335] [0.120926119387]
0.19570149481299998 [0.265197634697] [0.126205354929]
0.203833885491 [0.276787519455] [0.130880251527]
0.21065372973700003 [0.287473976612] [0.133833482862]
0.2140511497855 [0.29432913661] [0.133773162961]
0.214707955718 [0.29532662034] [0.134089291096]
