0.202820919454 [0.271598428488] [0.13404341042]
0.2070076838135 [0.287470221519] [0.126545146108]
0.206020463258 [0.292516738176] [0.11952418834]
0.1999455578625 [0.286152839661] [0.113738276064]
0.1942693181335 [0.274800360203] [0.113738276064]
0.18761783093200002 [0.263575255871] [0.111660405993]
0.1807243265215 [0.250371783972] [0.111076869071]
0.1699828393755 [0.233331993222] [0.106633685529]
0.15927309170349999 [0.213868409395] [0.104677774012]
0.14855158329 [0.196317180991] [0.100785985589]
0.1378573179245 [0.179790854454] [0.095923781395]
0.1322700232266 [0.173809751868] [0.0907302945852]
0.12565139681089998 [0.166369050741] [0.0849337428808]
0.1183236315848 [0.157227545977] [0.0794197171926]
0.11042687296850001 [0.146286576986] [0.074567168951]
0.10264648869645 [0.134688973427] [0.0706040039659]
0.09550526738144999 [0.122880518436] [0.0681300163269]
0.090357519686 [0.112471029162] [0.06824401021]
0.0898293592034 [0.10422565788] [0.0754330605268]
0.08647632971405 [0.0975195989013] [0.0754330605268]
0.08385208994150001 [0.0922711193562] [0.0754330605268]
0.08198522776365 [0.0885373950005] [0.0754330605268]
0.08198522776365 [0.0885373950005] [0.0754330605268]
0.08198522776365 [0.0885373950005] [0.0754330605268]
0.08198522776365 [0.0885373950005] [0.0754330605268]
0.08198522776365 [0.0885373950005] [0.0754330605268]
0.2211144492029 [0.366795837879] [0.0754330605268]
0.2976294308905 [0.367956578732] [0.227302283049]
0.2964172959325 [0.362511485815] [0.23032310605]
0.296008259058 [0.362511485815] [0.229505032301]
0.29470761865399997 [0.362511485815] [0.226903751493]
0.2892676219345 [0.362511485815] [0.216023758054]
0.2791169285775 [0.362511485815] [0.19572237134]
0.266240209341 [0.362511485815] [0.169968932867]
0.2541705965995 [0.362511485815] [0.145829707384]
0.2541705965995 [0.362511485815] [0.145829707384]
0.2541705965995 [0.362511485815] [0.145829707384]
0.2541705965995 [0.362511485815] [0.145829707384]
0.2551641613245 [0.364498615265] [0.145829707384]
0.255170315504 [0.365850329399] [0.144490301609]
0.2447981238365 [0.365850329399] [0.123745918274]
0.241107150912 [0.365850329399] [0.116363972425]
0.23934705182899998 [0.365850329399] [0.112843774259]
0.239444684237 [0.365850329399] [0.113039039075]
0.24098589271299997 [0.365850329399] [0.116121456027]
0.2434251867235 [0.365850329399] [0.121000044048]
0.24680469185099999 [0.365850329399] [0.127759054303]
0.2516645938155 [0.365850329399] [0.137478858232]
0.2589574605225 [0.365850329399] [0.152064591646]
0.243183776736 [0.313953876495] [0.172413676977]
0.21566589921699997 [0.266987681389] [0.164344117045]
0.191573165357 [0.229282453656] [0.153863877058]
0.174495495856 [0.203980326653] [0.145010665059]
0.163889877498 [0.189338669181] [0.138441085815]
0.15868152678 [0.182714924216] [0.134648129344]
0.161219514906 [0.179594814777] [0.142844215035]
0.16330394148799998 [0.176528021693] [0.150079861283]
0.160016819835 [0.171371728182] [0.148661911488]
0.150261618197 [0.164662510157] [0.135860726237]
0.1391039043665 [0.158403292298] [0.119804516435]
0.13047369197050002 [0.154730945826] [0.106216438115]
0.12033207714540001 [0.143772795796] [0.0968913584948]
0.11451477184905 [0.137372389436] [0.0916571542621]
0.11232281476244999 [0.135224536061] [0.0894210934639]
0.11234070733175 [0.135154560208] [0.0895268544555]
0.11382407322509999 [0.136486843228] [0.0911613032222]
0.11690479516995 [0.139702677727] [0.0941069126129]
0.12225757911775 [0.146494865417] [0.0980202928185]
0.1293710507455 [0.156518533826] [0.102223567665]
0.1358431577685 [0.166396260262] [0.105290055275]
0.141268774867 [0.175292670727] [0.107244879007]
0.14608059823550001 [0.181920424104] [0.110240772367]
0.15345435217050002 [0.189924731851] [0.11698397249]
0.164538927376 [0.201411500573] [0.127666354179]
0.1759590283035 [0.21474981308] [0.137168243527]
0.17903885990399998 [0.221755102277] [0.136322617531]
0.173227172345 [0.221843570471] [0.124610774219]
0.1650369390845 [0.219332233071] [0.110741645098]
0.15917487815050002 [0.218024775386] [0.100324980915]
0.15630264207715 [0.218841433525] [0.0937638506293]
0.1562158167362 [0.21997782588] [0.0924538075924]
0.15504474937925 [0.219283372164] [0.0908061265945]
0.15322082117184999 [0.217829674482] [0.0886119678617]
0.1520518399777 [0.216757550836] [0.0873461291194]
0.1521245129404 [0.216377601027] [0.0878714248538]
0.15408391505495 [0.218439549208] [0.0897282809019]
0.15729989483950002 [0.222318097949] [0.09228169173]
0.16024799644965 [0.225490778685] [0.0950052142143]
0.162978477776 [0.22884888947] [0.097108066082]
0.16615296527765 [0.232937201858] [0.0993687286973]
0.170790322125 [0.238323435187] [0.103257209063]
0.1759079732 [0.241712227464] [0.110103718936]
0.1807922981675 [0.240287572145] [0.12129702419]
0.1888172104955 [0.238943487406] [0.138690933585]
0.209408558905 [0.237057387829] [0.181759729981]
0.210639454424 [0.235226616263] [0.186052292585]
0.21094945818150002 [0.233297988772] [0.188600927591]
0.209688387811 [0.230624884367] [0.188751891255]
