0.183535061777 [0.19048409164] [0.176586031914]
0.18751922249800002 [0.196543514729] [0.178494930267]
0.1940673962235 [0.206981763244] [0.181153029203]
0.204905048013 [0.222828835249] [0.186981260777]
0.2184264734385 [0.243138641119] [0.193714305758]
0.23248700052500001 [0.264681309462] [0.200292691588]
0.24087213724849998 [0.280311405659] [0.201432868838]
0.239997379482 [0.287191808224] [0.19280295074]
0.2356622219085 [0.281761050224] [0.189563393593]
0.233399346471 [0.282400786877] [0.184397906065]
0.22941150516249997 [0.279660463333] [0.179162546992]
0.225473932922 [0.276667058468] [0.174280807376]
0.2205592244865 [0.272505819798] [0.168612629175]
0.212757088244 [0.265238195658] [0.16027598083]
0.200981788337 [0.253573656082] [0.148389920592]
0.1862757876515 [0.238502949476] [0.134048625827]
0.171361424029 [0.22265611589] [0.120066732168]
0.1587871685625 [0.208396077156] [0.109178259969]
0.1503295600415 [0.19699421525] [0.103664904833]
0.14636568725100002 [0.189066469669] [0.103664904833]
0.14636568725100002 [0.189066469669] [0.103664904833]
0.14636568725100002 [0.189066469669] [0.103664904833]
0.14636568725100002 [0.189066469669] [0.103664904833]
0.14636568725100002 [0.189066469669] [0.103664904833]
0.14636568725100002 [0.189066469669] [0.103664904833]
0.190560683608 [0.277456462383] [0.103664904833]
0.1839693635705 [0.264273822308] [0.103664904833]
0.1744543761015 [0.24524384737] [0.103664904833]
0.162310510874 [0.220956116915] [0.103664904833]
0.150113657117 [0.196562409401] [0.103664904833]
0.1399338394405 [0.176202774048] [0.103664904833]
0.1399338394405 [0.176202774048] [0.103664904833]
0.1399338394405 [0.176202774048] [0.103664904833]
0.1399338394405 [0.176202774048] [0.103664904833]
0.1399338394405 [0.176202774048] [0.103664904833]
0.1399338394405 [0.176202774048] [0.103664904833]
0.1399338394405 [0.176202774048] [0.103664904833]
0.1327814608815 [0.16189801693] [0.103664904833]
0.1248929277065 [0.14612095058] [0.103664904833]
0.1174581199885 [0.131251335144] [0.103664904833]
0.110661853105 [0.117658801377] [0.103664904833]
0.1042629778385 [0.104861050844] [0.103664904833]
0.1042629778385 [0.104861050844] [0.103664904833]
0.1042629778385 [0.104861050844] [0.103664904833]
0.1042629778385 [0.104861050844] [0.103664904833]
0.1042629778385 [0.104861050844] [0.103664904833]
0.1042629778385 [0.104861050844] [0.103664904833]
0.1042629778385 [0.104861050844] [0.103664904833]
0.1042629778385 [0.104861050844] [0.103664904833]
0.1042629778385 [0.104861050844] [0.103664904833]
0.0654717283324 [0.0272785518318] [0.103664904833]
0.06911135092385 [0.0345577970147] [0.103664904833]
0.0731535851956 [0.0426422655582] [0.103664904833]
0.07696792297075 [0.0502709411085] [0.103664904833]
0.08005533367405 [0.0564457625151] [0.103664904833]
0.0824686978013 [0.0612724907696] [0.103664904833]
0.08455895259985 [0.0654530003667] [0.103664904833]
0.0866144634784 [0.0695640221238] [0.103664904833]
0.0887105204166 [0.0737561360002] [0.103664904833]
0.09070546925075 [0.0777460336685] [0.103664904833]
0.09239707142125 [0.0811292380095] [0.103664904833]
0.09375339373955 [0.0838418826461] [0.103664904833]
0.1002821251751 [0.0968993455172] [0.103664904833]
0.10789247974749999 [0.112120054662] [0.103664904833]
0.115352280438 [0.127039656043] [0.103664904833]
0.120561942458 [0.137458980083] [0.103664904833]
0.122040182352 [0.140415459871] [0.103664904833]
0.1208758801225 [0.138086855412] [0.103664904833]
0.11955152452000001 [0.135438144207] [0.103664904833]
0.119195356965 [0.134725809097] [0.103664904833]
0.119437932968 [0.135210961103] [0.103664904833]
0.119942098856 [0.136219292879] [0.103664904833]
0.12005522847200001 [0.136445552111] [0.103664904833]
0.1199601739645 [0.136255443096] [0.103664904833]
0.11985591799050001 [0.136046931148] [0.103664904833]
0.1189089864495 [0.134153068066] [0.103664904833]
0.1169598773125 [0.130254849792] [0.103664904833]
0.114415973425 [0.125167042017] [0.103664904833]
0.1124863401055 [0.121307775378] [0.103664904833]
0.1118659041825 [0.120066903532] [0.103664904833]
0.11290467530500001 [0.122144445777] [0.103664904833]
0.115974955261 [0.128285005689] [0.103664904833]
0.12040900439050001 [0.137153103948] [0.103664904833]
0.1243998110295 [0.145134717226] [0.103664904833]
0.126876972616 [0.150089040399] [0.103664904833]
0.1279454752805 [0.152226045728] [0.103664904833]
0.12862330675150002 [0.15358170867] [0.103664904833]
0.12974949181099998 [0.155834078789] [0.103664904833]
0.13028354942800002 [0.156902194023] [0.103664904833]
0.1303062066435 [0.156947508454] [0.103664904833]
0.1300717666745 [0.156478628516] [0.103664904833]
0.09552237950280001 [0.158159375191] [0.0328853838146]
0.0991269480439 [0.16545945406] [0.0327944420278]
0.1080605518071 [0.182501852512] [0.0336192511022]
0.12350148893905 [0.212407499552] [0.0345954783261]
0.1424913257361 [0.249444410205] [0.0355382412672]
0.1564972475171 [0.277456253767] [0.0355382412672]
0.1598496362566 [0.284161031246] [0.0355382412672]
0.1529482528566 [0.270358264446] [0.0355382412672]
0.1467024460436 [0.25786665082] [0.0355382412672]
0.1449448391796 [0.254351437092] [0.0355382412672]
0.1463469043376 [0.257155567408] [0.0355382412672]
0.1480596736071 [0.260581105947] [0.0355382412672]
0.14967211522170001 [0.264358520508] [0.0349857099354]
0.1510513070971 [0.266931951046] [0.0351706631482]
0.15217857807885 [0.268339276314] [0.0360178798437]
0.15267214365285 [0.268068104982] [0.0372761823237]
0.15105758793635 [0.264838993549] [0.0372761823237]
0.14767614193285 [0.258076101542] [0.0372761823237]
0.14329020865285 [0.249304234982] [0.0372761823237]
0.13904135115435 [0.240806519985] [0.0372761823237]
0.13585362024585002 [0.234431058168] [0.0372761823237]
0.13361054845135 [0.229944914579] [0.0372761823237]
0.13146935589635 [0.225662529469] [0.0372761823237]
0.12786993570635 [0.218463689089] [0.0372761823237]
0.12327080406235 [0.209265425801] [0.0372761823237]
0.11644414998585 [0.195612117648] [0.0372761823237]
0.10693805105985 [0.176599919796] [0.0372761823237]
0.09938884712735001 [0.161501511931] [0.0372761823237]
0.09432386048135 [0.151371538639] [0.0372761823237]
0.09101702459135 [0.144757866859] [0.0372761823237]
0.08794214017685 [0.13860809803] [0.0372761823237]
0.08448012359435 [0.131684064865] [0.0372761823237]
0.08107862062735 [0.124881058931] [0.0372761823237]
0.07854534871885 [0.119814515114] [0.0372761823237]
0.07717252336435 [0.117068864405] [0.0372761823237]
0.07687871344385 [0.116481244564] [0.0372761823237]
0.07756291516135 [0.117849647999] [0.0372761823237]
0.07899599708635 [0.120715811849] [0.0372761823237]
0.08143165148785 [0.125587120652] [0.0372761823237]
0.08489565737535 [0.132515132427] [0.0372761823237]
0.08893557824185 [0.14059497416] [0.0372761823237]
0.09282252378785 [0.148368865252] [0.0372761823237]
0.09603010304285 [0.154784023762] [0.0372761823237]
0.09859183616935 [0.159907490015] [0.0372761823237]
0.10143009759485 [0.165584012866] [0.0372761823237]
0.10619274713085 [0.175109311938] [0.0372761823237]
0.11284499801685 [0.18841381371] [0.0372761823237]
0.170878589153 [0.203858837485] [0.137898340821]
0.173890501261 [0.218352377415] [0.129428625107]
0.1728584468365 [0.227527022362] [0.118189871311]
0.1701326295735 [0.231071338058] [0.109193921089]
0.169363044202 [0.229532167315] [0.109193921089]
0.168140783906 [0.227087646723] [0.109193921089]
0.16766737401499998 [0.226140826941] [0.109193921089]
0.1690916270015 [0.228989332914] [0.109193921089]
0.1739817932245 [0.23876966536] [0.109193921089]
0.1835126578805 [0.257831394672] [0.109193921089]
0.198099300265 [0.287004679441] [0.109193921089]
0.215748563409 [0.322303205729] [0.109193921089]
0.2374989800155 [0.357043713331] [0.1179542467]
0.2527293525635 [0.387186795473] [0.118271909654]
0.25986450165499997 [0.412278443575] [0.107450559735]
0.2597147524358 [0.430801689625] [0.0886278152466]
0.26373407244695 [0.442682951689] [0.0847851932049]
0.26628476008785 [0.446339517832] [0.0862300023437]
0.26705235615385 [0.443188607693] [0.0909161046147]
0.2631445638833 [0.433876484632] [0.0924126431346]
0.25796246156095 [0.418279081583] [0.0976458415389]
0.254819944501 [0.403077989817] [0.106561899185]
0.252416290343 [0.388722032309] [0.116110548377]
0.250059667975 [0.376011013985] [0.124108321965]
0.24527207016949998 [0.361719280481] [0.128824859858]
0.2379244565965 [0.346627742052] [0.129221171141]
0.22682278603300002 [0.329931348562] [0.123714223504]
0.2132453136145 [0.312101840973] [0.114388786256]
0.2044201903045 [0.294451594353] [0.114388786256]
0.195361789316 [0.276334792376] [0.114388786256]
0.189300723374 [0.259731858969] [0.118869587779]
0.18673142790800001 [0.249726668] [0.123736187816]
0.18671617656950001 [0.244179069996] [0.129253283143]
0.1886166632175 [0.242436736822] [0.134796589613]
0.1890189796685 [0.239332363009] [0.138705596328]
0.1868644803765 [0.234174489975] [0.139554470778]
0.182099446654 [0.229624420404] [0.134574472904]
0.175037398934 [0.227347567677] [0.122727230191]
0.1672333963215 [0.227920636535] [0.106546156108]
0.1683916859325 [0.230237215757] [0.106546156108]
0.16992394253600002 [0.233301728964] [0.106546156108]
0.171393368393 [0.236240580678] [0.106546156108]
0.172012981027 [0.237479805946] [0.106546156108]
0.1705329976975 [0.234519839287] [0.106546156108]
0.1653275750575 [0.224108994007] [0.106546156108]
0.156639937311 [0.206733718514] [0.106546156108]
0.14672176167349998 [0.186897367239] [0.106546156108]
0.137607645243 [0.168669134378] [0.106546156108]
0.1310573406515 [0.155568525195] [0.106546156108]
0.128148254007 [0.149750351906] [0.106546156108]
0.12846931442600001 [0.150392472744] [0.106546156108]
