0.09026738256215 [0.0983332842588] [0.0822014808655]
0.09228191152215 [0.0990801677108] [0.0854836553335]
0.09707539156055 [0.104534938931] [0.0896158441901]
0.10543639585395001 [0.114836007357] [0.0960367843509]
0.1173468604685 [0.130167514086] [0.104526206851]
0.1296434104445 [0.147428736091] [0.111858084798]
0.138364430517 [0.159102603793] [0.117626257241]
0.1439615935085 [0.165778830647] [0.12214435637]
0.1496477499605 [0.171359822154] [0.127935677767]
0.15680873394 [0.17796009779] [0.13565737009]
0.1658352538945 [0.186168968678] [0.145501539111]
0.1750346943735 [0.195587143302] [0.154482245445]
0.18382670730349998 [0.205142661929] [0.162510752678]
0.188479013741 [0.20970082283] [0.167257204652]
0.1891963258385 [0.207364693284] [0.171027958393]
0.1866464689375 [0.199271097779] [0.174021840096]
0.18294517695899998 [0.189506158233] [0.176384195685]
0.1803847551345 [0.180571705103] [0.180197805166]
0.180867083371 [0.174113273621] [0.187620893121]
0.18445929139849998 [0.168816000223] [0.200102582574]
0.18860647082350002 [0.163817122579] [0.213395819068]
0.1900488585235 [0.159673258662] [0.220424458385]
0.1876711919905 [0.155964329839] [0.219378054142]
0.180172920227 [0.152005195618] [0.208340644836]
0.167421244085 [0.147669106722] [0.187173381448]
0.1514390930535 [0.143775075674] [0.159103110433]
0.1355953365565 [0.140393018723] [0.13079765439]
0.122584257275 [0.137659341097] [0.107509173453]
0.11307619512065001 [0.135074138641] [0.0910782516003]
0.10711155831800001 [0.13281686604] [0.081406250596]
0.10523067042209999 [0.133463338017] [0.0769980028272]
0.10620085895055001 [0.13653498888] [0.0758667290211]
0.10750486701709999 [0.139421150088] [0.0755885839462]
0.10756770893930001 [0.140268728137] [0.0748666897416]
0.105738144368 [0.138071909547] [0.073404379189]
0.1037779413162 [0.135874688625] [0.0716811940074]
0.10308371484279999 [0.135816693306] [0.0703507363796]
0.10242721438395 [0.135270014405] [0.0695844143629]
0.09922406449925 [0.129274979234] [0.0691731497645]
0.0948843844234 [0.119834564626] [0.0699342042208]
0.09011557325705 [0.108375586569] [0.0718555599451]
0.08516439050435 [0.0967496708035] [0.0735791102052]
0.0795051679015 [0.0854742750525] [0.0735360607505]
0.07311085239055 [0.0750227570534] [0.0711989477277]
0.06606741994615001 [0.0650643035769] [0.0670705363154]
0.05973012186585 [0.0566898472607] [0.062770396471]
0.0546654611826 [0.0499362125993] [0.0593947097659]
0.0512182544917 [0.0452453568578] [0.0571911521256]
0.0493059065193 [0.0425635278225] [0.0560482852161]
0.048727734014400004 [0.0416182465851] [0.0558372214437]
0.048938695341349994 [0.041521050036] [0.0563563406467]
0.0495499763638 [0.0416532494128] [0.0574467033148]
0.050414416939 [0.041856251657] [0.058972582221]
0.05156204849485 [0.0423951633275] [0.0607289336622]
0.052625672891750006 [0.0432178787887] [0.0620334669948]
0.05340263061225001 [0.0439868159592] [0.0628184452653]
0.05431660823525 [0.0449543334544] [0.0636788830161]
0.05608860030770001 [0.0461455956101] [0.0660316050053]
0.0593590233475 [0.0481894128025] [0.0705286338925]
0.0645333137363 [0.0517779923975] [0.0772886350751]
0.0709094554186 [0.0567642077804] [0.0850547030568]
0.07628424093125 [0.0614957734942] [0.0910727083683]
0.0790900364518 [0.0637152418494] [0.0944648310542]
0.08011787384749999 [0.0639176145196] [0.0963181331754]
0.0802654474974 [0.0635402724147] [0.0969906225801]
0.08022824674845 [0.0630787163973] [0.0973777770996]
0.08068246021865 [0.0631876140833] [0.098177306354]
0.0815780311823 [0.0637617558241] [0.0993943065405]
0.08385178819285 [0.0649400800467] [0.102763496339]
0.0890161655843 [0.0677230134606] [0.110309317708]
0.09854935482155 [0.0735743865371] [0.123524323106]
0.11254492029534999 [0.0833605006337] [0.141729339957]
0.1287888661028 [0.0962019115686] [0.161375820637]
0.1412012241785 [0.107334427536] [0.175068020821]
0.143085774034 [0.111587978899] [0.174583569169]
0.136000510305 [0.109231241047] [0.162769779563]
0.130512330681 [0.107762180269] [0.153262481093]
0.1303981654345 [0.109746314585] [0.151050016284]
0.133229266852 [0.113445736468] [0.153012797236]
0.1367694847285 [0.117715857923] [0.155823111534]
0.138745419681 [0.12000079453] [0.157490044832]
0.13827723264699998 [0.119546681643] [0.157007783651]
0.1359760947525 [0.117398880422] [0.154553309083]
0.131745748222 [0.113152816892] [0.150338679552]
0.1253242753445 [0.106604032218] [0.144044518471]
0.1168412007392 [0.0974442735314] [0.136238127947]
0.10748792067195 [0.0870344564319] [0.127941384912]
0.0980450622735 [0.077813193202] [0.118276931345]
0.09004047140475 [0.0717036649585] [0.108377277851]
0.08454803004875 [0.0688640624285] [0.100231997669]
0.08146157488225 [0.0695894360542] [0.0933337137103]
0.08012316748500001 [0.0730623006821] [0.0871840342879]
0.0807755254209 [0.0770602226257] [0.0844908282161]
0.0825428888202 [0.0802614092827] [0.0848243683577]
0.0839020460844 [0.082544632256] [0.0852594599128]
0.0826610326767 [0.0835857465863] [0.0817363187671]
0.0796792022884 [0.0831954479218] [0.076162956655]
0.07623336464165001 [0.0817648991942] [0.0707018300891]
0.07322267070415 [0.0805272161961] [0.0659181252122]
0.07175004854795 [0.0811887234449] [0.062311373651]
0.0720522105694 [0.0844855234027] [0.0596188977361]
0.07389567792415 [0.090043887496] [0.0577474683523]
0.07648025639355 [0.096492305398] [0.0564682073891]
0.0779140032828 [0.0999602228403] [0.0558677837253]
0.0762427262962 [0.096797645092] [0.0556878075004]
0.07113572582605 [0.0873256251216] [0.0549458265305]
0.0644580684602 [0.0747894197702] [0.0541267171502]
0.058104764670149994 [0.0622170418501] [0.0539924874902]
0.05370034463705 [0.0531169772148] [0.0542837120593]
0.049859026446950006 [0.0466499216855] [0.0530681312084]
0.04595000110565 [0.0422174036503] [0.049682598561]
0.0419786889106 [0.0385819412768] [0.0453754365444]
0.03872664831575 [0.0361140966415] [0.04133919999]
0.036453172564499994 [0.0345073826611] [0.0383989624679]
0.03501041792335 [0.0333392098546] [0.0366816259921]
0.034224996343250005 [0.0322279855609] [0.0362220071256]
0.03376554697755 [0.0311266705394] [0.0364044234157]
0.03378800489005 [0.0302369855344] [0.0373390242457]
0.0341795515269 [0.0297116301954] [0.0386474728584]
0.0350492345169 [0.0299469325691] [0.0401515364647]
0.036655480042099994 [0.0315837077796] [0.0417272523046]
0.03919204510745 [0.0351542457938] [0.0432298444211]
0.0424443781376 [0.0402992106974] [0.0445895455778]
0.04485009424385 [0.0457126908004] [0.0439874976873]
0.04679669439795 [0.0505668334663] [0.0430265553296]
0.04882314614955 [0.0545346066356] [0.0431116856635]
0.051354829221950005 [0.0585471354425] [0.0441625230014]
0.0544454287738 [0.0631556361914] [0.0457352213562]
0.05759843066335 [0.067897297442] [0.0472995638847]
0.06067219562825 [0.0726366192102] [0.0487077720463]
0.0634571518749 [0.0772921070457] [0.0496221967041]
0.06620517745615 [0.0825041607022] [0.0499061942101]
0.06918278895315 [0.0888261646032] [0.0495394133031]
0.07188685052095 [0.0951084792614] [0.0486652217805]
0.074059423059 [0.100128985941] [0.047989860177]
0.07584640383739999 [0.103967726231] [0.0477250814438]
0.07753399200745001 [0.10717818141] [0.0478898026049]
0.07976705580965 [0.111055441201] [0.0484786704183]
0.08393098227665 [0.118198342621] [0.0496636219323]
0.0893427599223 [0.126754626632] [0.0519308932126]
0.09254513680939999 [0.128318950534] [0.0567713230848]
0.09299379587170001 [0.121135123074] [0.0648524686694]
0.09110840410015 [0.107713490725] [0.0745033174753]
0.08781930804255 [0.0955685079098] [0.0800701081753]
0.08274859935045001 [0.0863854214549] [0.079111777246]
0.07683807238939999 [0.077889546752] [0.0757865980268]
0.07085734978319999 [0.069727152586] [0.0719875469804]
0.06436208635570001 [0.0614752024412] [0.0672489702702]
0.0568258687854 [0.0527705065906] [0.0608812309802]
0.04884636960925 [0.0442492812872] [0.0534434579313]
0.04214598424735 [0.0371534228325] [0.0471385456622]
