0.07956930994985001 [0.0818842574954] [0.0772543624043]
0.0792610757053 [0.0798024535179] [0.0787196978927]
0.0790294110775 [0.0781680196524] [0.0798908025026]
0.0792463310063 [0.0773142725229] [0.0811783894897]
0.0796901807189 [0.0767416507006] [0.0826387107372]
0.08064897730945 [0.0764960795641] [0.0848018750548]
0.0823025256395 [0.0768408104777] [0.0877642408013]
0.08463671430945 [0.0780132710934] [0.0912601575255]
0.08731601387265 [0.0801704823971] [0.0944615453482]
0.08984097093345 [0.082603789866] [0.0970781520009]
0.09190384671095 [0.0846205875278] [0.0991871058941]
0.09388320893044999 [0.0863398015499] [0.101426616311]
0.09571326524015 [0.0872094482183] [0.104217082262]
0.0976263284681 [0.0879485160112] [0.107304140925]
0.1002080515029 [0.0906906872988] [0.109725415707]
0.1021785363553 [0.0941296741366] [0.110227398574]
0.09995946660640001 [0.0947783142328] [0.10514061898]
0.09107210859655 [0.0888209193945] [0.0933232977986]
0.0786275304854 [0.0773349031806] [0.0799201577902]
0.0685922913253 [0.0670632794499] [0.0701213032007]
0.06281628645955 [0.0609038732946] [0.0647286996245]
0.060842534527149994 [0.0584639124572] [0.0632211565971]
0.06089510023595 [0.0578795969486] [0.0639106035233]
0.061461083591 [0.0577909871936] [0.0651311799884]
0.06198256090285 [0.0578453168273] [0.0661198049784]
0.06263539008795 [0.0582211129367] [0.0670496672392]
0.0637462604791 [0.0591294057667] [0.0683631151915]
0.06554345414045 [0.0607260242105] [0.0703608840704]
0.0681510977447 [0.0628868341446] [0.0734153613448]
0.07160002365705001 [0.0653995350003] [0.0778005123138]
0.0764793343842 [0.0684393644333] [0.0845193043351]
0.0836879275739 [0.0726977959275] [0.0946780592203]
0.0948737896977 [0.0800556093454] [0.10969197005]
0.11263629421589999 [0.0928771868348] [0.132395401597]
0.138464804739 [0.112217359245] [0.164712250233]
0.17017590999600002 [0.136226713657] [0.204125106335]
0.198126733303 [0.157757461071] [0.238496005535]
0.213061146438 [0.169863536954] [0.256258755922]
0.21411435306050003 [0.172679364681] [0.25554934144]
0.2096317335965 [0.172878742218] [0.246384724975]
0.201961107552 [0.172447279096] [0.231474936008]
0.19221303612 [0.171204045415] [0.213222026825]
0.18140861392000002 [0.167684033513] [0.195133194327]
0.1715123876925 [0.16442130506] [0.178603470325]
0.16333983093499999 [0.161805778742] [0.164873883128]
0.156470604241 [0.159523785114] [0.153417423368]
0.15137050300850002 [0.158429771662] [0.144311234355]
0.147567294538 [0.15801769495] [0.137116894126]
0.143282458186 [0.153559505939] [0.133005410433]
0.1377484351395 [0.144928231835] [0.130568638444]
0.132163964212 [0.135318338871] [0.129009589553]
0.127222366631 [0.126729339361] [0.127715393901]
0.123831130564 [0.120135903358] [0.12752635777]
0.1224524639545 [0.116256840527] [0.128648087382]
0.1234357357025 [0.115132734179] [0.131738737226]
0.1259051524105 [0.115533165634] [0.136277139187]
0.130906585604 [0.117846302688] [0.14396686852]
0.136439435184 [0.119217574596] [0.153661295772]
0.140178397298 [0.11787417531] [0.162482619286]
0.1371859908105 [0.109391570091] [0.16498041153]
0.1263665258882 [0.0984284579754] [0.154304593801]
0.1076160147785 [0.083433791995] [0.131798237562]
0.08698321133845 [0.0665733292699] [0.107393093407]
0.07090203277769999 [0.0530448816717] [0.0887591838837]
0.06090580672029999 [0.044027119875] [0.0777844935656]
0.054561330005499994 [0.0383339039981] [0.0707887560129]
0.050142372027050006 [0.0348582305014] [0.0654265135527]
0.0459009800106 [0.0324354358017] [0.0593665242195]
0.0413755979389 [0.0308174230158] [0.051933772862]
0.0372545775026 [0.0297445729375] [0.0447645820677]
0.03416968788955 [0.0290464740247] [0.0392929017544]
0.03231580369175 [0.0286415293813] [0.0359900780022]
0.03146733529865 [0.0284389853477] [0.0344956852496]
0.0312292063609 [0.0282520968467] [0.0342063158751]
0.031015730462999998 [0.0278254989535] [0.0342059619725]
0.03050514683125 [0.0270082168281] [0.0340020768344]
0.02994936145845 [0.0260670781136] [0.0338316448033]
0.02976773213595 [0.0255358535796] [0.0339996106923]
0.030352630652499997 [0.0258897151798] [0.0348155461252]
0.03142394684255 [0.0271108075976] [0.0357370860875]
0.032524870708599996 [0.0290059298277] [0.0360438115895]
0.0330874975771 [0.0308904387057] [0.0352845564485]
0.0334819741547 [0.0323514640331] [0.0346124842763]
0.034091738984 [0.0337420850992] [0.0344413928688]
0.0350418686867 [0.035077765584] [0.0350059717894]
0.0361096728593 [0.0359393842518] [0.0362799614668]
0.0368803590536 [0.0360229462385] [0.0377377718687]
0.0370504502207 [0.0354095026851] [0.0386913977563]
0.0371683686972 [0.0353218391538] [0.0390148982406]
0.0375244822353 [0.0361431799829] [0.0389057844877]
0.0384226962924 [0.0380176305771] [0.0388277620077]
0.03989757783715 [0.0407810583711] [0.0390140973032]
0.04164081811905 [0.043866455555] [0.0394151806831]
0.04328275471925 [0.0468789488077] [0.0396865606308]
0.0447121523321 [0.0497115813196] [0.0397127233446]
0.04601769149305 [0.0522361285985] [0.0397992543876]
0.047756066545850004 [0.054921105504] [0.0405910275877]
0.05060628056525 [0.058193705976] [0.0430188551545]
0.0541131999344 [0.0614737980068] [0.046752601862]
0.05747250467540001 [0.0643450468779] [0.0505999624729]
0.060532081872199994 [0.0670446977019] [0.0540194660425]
0.0641686525196 [0.071165882051] [0.0571714229882]
0.069345863536 [0.0767429769039] [0.0619487501681]
0.0778212212026 [0.0853475406766] [0.0702949017286]
0.0912718400359 [0.0977494120598] [0.084794268012]
0.106752611697 [0.110599294305] [0.102905929089]
0.1168667152525 [0.117375187576] [0.116358242929]
0.120033476502 [0.117770314217] [0.122296638787]
0.1212062500415 [0.114502184093] [0.12791031599]
0.122278582305 [0.110963173211] [0.133593991399]
0.12394024059200001 [0.106993056834] [0.14088742435]
0.1247220374642 [0.0998749509454] [0.149569123983]
0.12427004799265001 [0.0916956290603] [0.156844466925]
0.12164147198185 [0.0846024155617] [0.158680528402]
0.1155599690976 [0.0810152813792] [0.150104656816]
0.1088003031907 [0.0807487890124] [0.136851817369]
0.10589135438205 [0.0826235413551] [0.129159167409]
0.1065339669585 [0.084858044982] [0.128209888935]
0.108752120286 [0.086971141398] [0.130533099174]
0.1120965778826 [0.0890835225582] [0.135109633207]
0.11549752950665 [0.0916321724653] [0.139362886548]
