0.13865164667375 [0.0998783409595] [0.177424952388]
0.142625615001 [0.103361979127] [0.181889250875]
0.1456023938955 [0.105999059975] [0.185205727816]
0.1478982791305 [0.108806803823] [0.186989754438]
0.1487330943345 [0.110436975956] [0.187029212713]
0.149086814374 [0.111054696143] [0.187118932605]
0.148347616196 [0.110838800669] [0.185856431723]
0.147067759186 [0.111538149416] [0.182597368956]
0.1458267532285 [0.11307323724] [0.178580269217]
0.1447023972865 [0.115217134356] [0.174187660217]
0.142566885799 [0.117304958403] [0.167828813195]
0.1430786289275 [0.121762402356] [0.164394855499]
0.144176065922 [0.127235904336] [0.161116227508]
0.143280625343 [0.129259333014] [0.157301917672]
0.13698383048149998 [0.123233951628] [0.150733709335]
0.123610433191 [0.106995768845] [0.140225097537]
0.10710207372899999 [0.087862148881] [0.126341998577]
0.09186477959145001 [0.0725338384509] [0.111195720732]
0.08043572306630001 [0.0626652985811] [0.0982061475515]
0.0722656175494 [0.0573362037539] [0.0871950313449]
0.06670970842245 [0.0552075430751] [0.0782118737698]
0.06287574395535 [0.0545132383704] [0.0712382495403]
0.059778986498700004 [0.0538359172642] [0.0657220557332]
0.05724105797705 [0.0530798323452] [0.0614022836089]
0.05562335066495 [0.0527897030115] [0.0584569983184]
0.0548801254481 [0.0528663545847] [0.0568938963115]
0.054570980370049996 [0.0526477023959] [0.0564942583442]
0.053437307477 [0.0512524172664] [0.0556221976876]
0.0511988531798 [0.0481210798025] [0.0542766265571]
0.0484238639474 [0.0442918017507] [0.0525559261441]
0.0464077182114 [0.0417409315705] [0.0510745048523]
0.0461167562753 [0.0418371036649] [0.0503964088857]
0.04768452234565 [0.0446935482323] [0.050675496459]
0.0504383314401 [0.0490699782968] [0.0518066845834]
0.05318337306385 [0.0527496375144] [0.0536171086133]
0.054943971335899996 [0.0538038611412] [0.0560840815306]
0.0555073488504 [0.0516528040171] [0.0593618936837]
0.055597238242650004 [0.0475973412395] [0.0635971352458]
0.05582866817715 [0.0435085371137] [0.0681487992406]
0.05669076368215 [0.0408350527287] [0.0725464746356]
0.0581817049533 [0.0392417125404] [0.0771216973662]
0.060249974951150004 [0.0391317047179] [0.0813682451844]
0.06300723552705001 [0.0402324423194] [0.0857820287347]
0.06739772483709999 [0.0426383838058] [0.0921570658684]
0.07454347610465001 [0.0466519221663] [0.102435030043]
0.08487030118715 [0.0520958527923] [0.117644749582]
0.09569328278315 [0.0580683350563] [0.13331823051]
0.10261140018705 [0.0625272840261] [0.142695516348]
0.10409642010949999 [0.063994333148] [0.144198507071]
0.1016721539198 [0.0626885965466] [0.140655711293]
0.09820358082675001 [0.0604168102145] [0.135990351439]
0.09559390693895001 [0.0589869916439] [0.132200822234]
0.09361900016665001 [0.0597048923373] [0.127533107996]
0.09162959456450001 [0.062998495996] [0.120260693133]
0.09034447371955 [0.0686303749681] [0.112058572471]
0.090489052236 [0.074741601944] [0.106236502528]
0.09174238145329999 [0.0789985880256] [0.104486174881]
0.09235765039909999 [0.0791931897402] [0.105522111058]
0.09225518256445 [0.0771022513509] [0.107408113778]
0.09060918167255 [0.0737391188741] [0.107479244471]
0.0852393321695 [0.069160297513] [0.101318366826]
0.07727866992355001 [0.0641977488995] [0.0903595909476]
0.06795682944355 [0.0589990876615] [0.0769145712256]
0.05976342596115 [0.055601734668] [0.0639251172543]
0.05448926612735 [0.054702129215] [0.0542764030397]
0.05262797512115 [0.0561891756952] [0.0490667745471]
0.05340701900425 [0.0595303103328] [0.0472837276757]
0.0558274053037 [0.0636235550046] [0.0480312556028]
0.058820139616750006 [0.0675899460912] [0.0500503331423]
0.06192012131215 [0.0710098817945] [0.0528303608298]
0.0650429483503 [0.0740879103541] [0.0559979863465]
0.06821601651605 [0.0770642161369] [0.0593678168952]
0.0714949965477 [0.0804670527577] [0.0625229403377]
0.0742091238499 [0.0833290666342] [0.0650891810656]
0.07642628997565 [0.0858177244663] [0.067034855485]
0.07805859297510001 [0.0873961448669] [0.0687210410833]
0.07974587380885001 [0.0885430648923] [0.0709486827254]
0.0826896801591 [0.0902183502913] [0.0751610100269]
0.08698960393665 [0.0930059254169] [0.0809732824564]
0.0906509719789 [0.0953379422426] [0.0859640017152]
0.0900016985834 [0.0926997587085] [0.0873036384583]
0.0843032076955 [0.0853521227837] [0.0832542926073]
0.07606118917464999 [0.0765862092376] [0.0755361691117]
0.06846169382334999 [0.0689012408257] [0.068022146821]
0.062105147168050004 [0.062432680279] [0.0617776140571]
0.0557435397059 [0.0560165457428] [0.055470533669]
0.049471851438300005 [0.0501612313092] [0.0487824715674]
0.0442207492888 [0.0453269593418] [0.0431145392358]
0.0405691862106 [0.0419951677322] [0.039143204689]
0.03858725354075 [0.0398433431983] [0.0373311638832]
0.0376215111464 [0.0382615290582] [0.0369814932346]
0.03704008832575 [0.0367147065699] [0.0373654700816]
0.0366074573249 [0.0350954420865] [0.0381194725633]
0.0365612208843 [0.0338100977242] [0.0393123440444]
0.037477718666200005 [0.033723410219] [0.0412320271134]
0.03960988670585 [0.0349045693874] [0.0443152040243]
0.0427460875362 [0.0370771177113] [0.0484150573611]
0.0462548583746 [0.0397636629641] [0.0527460537851]
0.0494292806834 [0.042311064899] [0.0565474964678]
0.052462194114899996 [0.044558275491] [0.0603661127388]
0.056384293362500004 [0.0470251701772] [0.0657434165478]
0.0626789331436 [0.0505479201674] [0.0748099461198]
0.0716882497072 [0.0552481263876] [0.0881283730268]
0.080307677388 [0.057672418654] [0.102942936122]
0.08530038595219999 [0.0560615062714] [0.114539265633]
0.0841484460979 [0.0521610490978] [0.116135843098]
0.08076760545355 [0.0491547808051] [0.112380430102]
0.07788100466134999 [0.0493320450187] [0.106429964304]
0.0772348698227 [0.0520044602454] [0.1024652794]
0.0781002268194 [0.0556413978338] [0.100559055805]
0.07915114052595 [0.0584313310683] [0.0998709499836]
0.07966677844525 [0.059339620173] [0.0999939367175]
0.07984086312375 [0.0589268393815] [0.100754886866]
0.0788604170084 [0.0574894100428] [0.100231423974]
0.07628720998765 [0.0555159300566] [0.0970584899187]
0.0723321400583 [0.0536428615451] [0.0910214185715]
0.0676032695919 [0.0521179027855] [0.0830886363983]
0.0633892510086 [0.0517836771905] [0.0749948248267]
0.060808729380399995 [0.0533649399877] [0.0682525187731]
0.06091824173924999 [0.057621024549] [0.0642154589295]
0.0623450316489 [0.0617899373174] [0.0629001259804]
0.06314665079115 [0.061994343996] [0.0642989575863]
0.06384578719735 [0.0604870840907] [0.067204490304]
0.0652060955763 [0.0603923350573] [0.0700198560953]
0.0667201653123 [0.0625499859452] [0.0708903446794]
0.06768484786155 [0.0652438402176] [0.0701258555055]
0.06771592795850001 [0.0671246647835] [0.0683071911335]
0.0672711730003 [0.0682675465941] [0.0662747994065]
0.06718979775905 [0.0690826922655] [0.0652969032526]
0.06793924421075 [0.0699783563614] [0.0659001320601]
0.0695164427161 [0.0712012052536] [0.0678316801786]
0.07217283174395 [0.0726633742452] [0.0716822892427]
0.0758953318 [0.0740256458521] [0.0777650177479]
0.08050403371455 [0.0748750716448] [0.0861329957843]
0.085459690541 [0.0752708390355] [0.0956485420465]
0.08864126726975 [0.0754701420665] [0.101812392473]
0.08882525190714999 [0.0758421570063] [0.101808346808]
0.08603275939825 [0.0770428478718] [0.0950226709247]
0.08313128352165 [0.0801523476839] [0.0861102193594]
0.083028126508 [0.0870739519596] [0.0789823010564]
0.08614954352375 [0.0971845835447] [0.0751145035028]
0.0925830714404 [0.11114384979] [0.0740222930908]
0.09987225756064999 [0.124960176647] [0.0747843384743]
0.10242796316725 [0.128997892141] [0.0758580341935]
0.10162687301645001 [0.127124220133] [0.0761295258999]
0.10029380023500001 [0.124162986875] [0.076424613595]
0.098982669413 [0.121427990496] [0.07653734833]
0.0977742932735 [0.119150370359] [0.076398216188]
0.095646291971 [0.115711137652] [0.07558144629]
0.0914666578176 [0.110565707088] [0.0723676085472]
0.0855273194609 [0.101939104497] [0.0691155344248]
