0.1137632280586 [0.0858229845762] [0.141703471541]
0.10913838073595 [0.0792998000979] [0.138976961374]
0.10499196127075 [0.0748348757625] [0.135149046779]
0.10156246274709999 [0.0717477798462] [0.131377145648]
0.09835399314755 [0.0691761597991] [0.127531826496]
0.0929875671863 [0.0664878860116] [0.119487248361]
0.08832017704855 [0.0650531798601] [0.111587174237]
0.08574241027230001 [0.0656234547496] [0.105861365795]
0.08585030958039999 [0.0682049319148] [0.103495687246]
0.08782229945065001 [0.0719698369503] [0.103674761951]
0.09082315862165 [0.0760853737593] [0.105560943484]
0.09320684149870001 [0.0791255906224] [0.107288092375]
0.09336475655415 [0.0801502093673] [0.106579303741]
0.09065464138990001 [0.0782553255558] [0.103053957224]
0.0860384888947 [0.0733950063586] [0.0986819714308]
0.08101919665929999 [0.0674570649862] [0.0945813283324]
0.07706440985205 [0.0625420063734] [0.0915868133307]
0.0751199629158 [0.0598775111139] [0.0903624147177]
0.075583782047 [0.0598027333617] [0.0913648307323]
0.07843576557935 [0.06201114133] [0.0948603898287]
0.0806422755122 [0.0638900771737] [0.0973944738507]
0.07819876633585 [0.0622730217874] [0.0941245108843]
0.07008697278795001 [0.0556422434747] [0.0845317021012]
0.060235129669350004 [0.0472115837038] [0.0732586756349]
0.05223567038775 [0.0404062569141] [0.0640650838614]
0.0473070517182 [0.0365431681275] [0.0580709353089]
0.045056918636000004 [0.0354121513665] [0.0547016859055]
0.044649640098199994 [0.036193754524] [0.0531055256724]
0.045000655576600004 [0.0378701388836] [0.0521311722696]
0.0452329404652 [0.0395835787058] [0.0508823022246]
0.04499308392405 [0.0408534929156] [0.0491326749325]
0.044316567480550004 [0.041491869837] [0.0471412651241]
0.04344713687895 [0.0413187891245] [0.0455754846334]
0.04257944971325 [0.0406667329371] [0.0444921664894]
0.04202915914355 [0.0401171930134] [0.0439411252737]
0.04214206710455 [0.0403336472809] [0.0439504869282]
0.0434782616794 [0.042006727308] [0.0449497960508]
0.04668751731515 [0.0456597581506] [0.0477152764797]
0.0523251686245 [0.0521106161177] [0.0525397211313]
0.0603122506291 [0.0613803304732] [0.059244170785]
0.06901167705655 [0.0713395997882] [0.0666837543249]
0.0746381059289 [0.0773944556713] [0.0718817561865]
0.07443633675575 [0.0753659158945] [0.073506757617]
0.07081123441455 [0.068086117506] [0.0735363513231]
0.0669912118465 [0.0599352605641] [0.0740471631289]
0.0640014093369 [0.0533266998827] [0.0746761187911]
0.0621820613742 [0.0492529347539] [0.0751111879945]
0.05988847650585 [0.0472971908748] [0.0724797621369]
0.056583732366549996 [0.046105466783] [0.0670619979501]
0.052480952814199996 [0.0444190278649] [0.0605428777635]
0.0484953261912 [0.0420076027513] [0.0549830496311]
0.04523616284135 [0.0395170710981] [0.0509552545846]
0.04316149652005 [0.0378833636642] [0.0484396293759]
0.04200865887105 [0.0370411686599] [0.0469761490822]
0.0413072556257 [0.036674387753] [0.0459401234984]
0.040599646046749996 [0.0362008884549] [0.0449984036386]
0.039904197677950004 [0.0355533696711] [0.0442550256848]
0.03966978751125 [0.0353746823967] [0.0439648926258]
0.04073343612255 [0.036816470325] [0.0446504019201]
0.04392474144695 [0.0409212373197] [0.0469282455742]
0.050102690234800004 [0.0485169179738] [0.0516884624958]
0.058522798121 [0.0586191341281] [0.0584264621139]
0.0679180808365 [0.0689068883657] [0.0669292733073]
0.0784091055393 [0.0792661309242] [0.0775520801544]
0.09234433248634999 [0.0921395719051] [0.0925490930676]
0.1126658320425 [0.111797273159] [0.113534390926]
0.13434135913849998 [0.13469992578] [0.133982792497]
0.13409230858100002 [0.137414172292] [0.13077044487]
0.1088847629725 [0.114259377122] [0.103510148823]
0.08432845771309999 [0.089779920876] [0.0788769945502]
0.06866537407039999 [0.0729739367962] [0.0643568113446]
0.0604684110731 [0.0638959482312] [0.057040873915]
0.0565481018275 [0.0593450069427] [0.0537511967123]
0.05467655695975 [0.0568835251033] [0.0524695888162]
0.05352392420175 [0.055165335536] [0.0518825128675]
0.05265051312745 [0.0539336614311] [0.0513673648238]
0.0520261805505 [0.0533897094429] [0.0506626516581]
0.05173778533935 [0.0538049191236] [0.0496706515551]
0.0517091024667 [0.0549627095461] [0.0484554953873]
0.0518344324082 [0.0564004592597] [0.0472684055567]
0.052217576652799996 [0.0575488843024] [0.0468862690032]
0.0535445176065 [0.0589104667306] [0.0481785684824]
0.057160697877399996 [0.0618426762521] [0.0524787195027]
0.0647735018283 [0.0682822614908] [0.0612647421658]
0.0786249637604 [0.0807833001018] [0.076466627419]
0.1010952293875 [0.100769735873] [0.101420722902]
0.13250339776300002 [0.125861436129] [0.139145359397]
0.1657153517005 [0.146328061819] [0.185102641582]
0.1884763911365 [0.157752931118] [0.219199851155]
0.19798005372299998 [0.163790360093] [0.232169747353]
0.19776211679 [0.157872080803] [0.237652152777]
0.19337276369349998 [0.151386335492] [0.235359191895]
0.187972478569 [0.143594861031] [0.232350096107]
0.18395957350699998 [0.135273709893] [0.232645437121]
0.182522043586 [0.128165125847] [0.236878961325]
0.183052007109 [0.123896442354] [0.242207571864]
0.18343687430049999 [0.124071709812] [0.242802038789]
0.1847336143255 [0.126520782709] [0.242946445942]
0.185704886913 [0.129508003592] [0.241901770234]
0.1840903013945 [0.130835264921] [0.237345337868]
0.176907137036 [0.126837044954] [0.226977229118]
0.1616194434465 [0.116858534515] [0.206380352378]
0.13849690184000002 [0.100784428418] [0.176209375262]
0.1134443916382 [0.0828250423074] [0.144063740969]
0.0936493203043 [0.0687441304326] [0.118554510176]
0.08066093735395 [0.0594529695809] [0.101868905127]
0.0733206253499 [0.053512621671] [0.0931286290288]
0.06976395845415 [0.0502811223269] [0.0892467945814]
0.06804691255095 [0.04858314991] [0.0875106751919]
0.0667078755796 [0.0475783720613] [0.0858373790979]
0.06458631530405 [0.04690541327] [0.0822672173381]
0.06211021728815 [0.0465080626309] [0.0777123719454]
0.06024783477185 [0.0467192009091] [0.0737764686346]
0.0598552599549 [0.0479651391506] [0.0717453807592]
0.061141509562749996 [0.0503531545401] [0.0719298645854]
0.0639391373843 [0.0540227927268] [0.0738554820418]
0.0686048679054 [0.0593527108431] [0.0778570249677]
0.07602603733535 [0.0673264637589] [0.0847256109118]
0.08808577805755 [0.0803421139717] [0.0958294421434]
0.1067742854355 [0.101061850786] [0.112486720085]
0.1340497434135 [0.133454829454] [0.134644657373]
0.164034366608 [0.170671090484] [0.157397642732]
0.1875132918355 [0.200664103031] [0.17436248064]
0.20091164112100002 [0.219481468201] [0.182341814041]
