0.03754814807325 [0.0463939085603] [0.0287023875862]
0.03738073911515 [0.0461383759975] [0.0286231022328]
0.037644370459 [0.0465074367821] [0.0287813041359]
0.0378104001284 [0.0466187335551] [0.0290020667017]
0.03783213254065 [0.0463555566967] [0.0293087083846]
0.03769337572155 [0.0457590408623] [0.0296277105808]
0.0373986028135 [0.0450092703104] [0.0297879353166]
0.0371424537152 [0.0445098131895] [0.0297750942409]
0.03726688399915 [0.0446647740901] [0.0298689939082]
0.0381098445505 [0.0460079684854] [0.0302117206156]
0.04022487066685 [0.0491704754531] [0.0312792658806]
0.04427875950935 [0.0550446659327] [0.033512853086]
0.05086700804535001 [0.064593680203] [0.0371403358877]
0.05914303660395 [0.0768110826612] [0.0414749905467]
0.0658860411495 [0.087113134563] [0.044658947736]
0.06785391643645 [0.0909576416016] [0.0447501912713]
0.0661567598581 [0.0901598781347] [0.0421536415815]
0.0649293884635 [0.0906983464956] [0.0391604304314]
0.065444951877 [0.0938338190317] [0.0370560847223]
0.0691369548439 [0.102278806269] [0.0359951034188]
0.07468103803695 [0.113357745111] [0.0360043309629]
0.08081014081845 [0.124472871423] [0.0371474102139]
0.0858861189334 [0.13228264451] [0.0394895933568]
0.09031899273415 [0.137309789658] [0.0433281958103]
0.09419056773170001 [0.14036989212] [0.0480112433434]
0.09696830995385 [0.141795501113] [0.0521411187947]
0.09782979078585 [0.140900492668] [0.0547590889037]
0.09709651768229999 [0.138118103147] [0.0560749322176]
0.0962653551251 [0.135451540351] [0.0570791698992]
0.09749858826395 [0.135702818632] [0.0592943578959]
0.1033855304122 [0.142306894064] [0.0644641667604]
0.115716561675 [0.156193435192] [0.075239688158]
0.1338389404116 [0.171930506825] [0.0957473739982]
0.1560806408525 [0.182112440467] [0.130048841238]
0.176310695708 [0.181373104453] [0.171248286963]
0.18005152791700002 [0.172937944531] [0.187165111303]
0.1560124903915 [0.153445243835] [0.158579736948]
0.117959287018 [0.124070644379] [0.111847929657]
0.08426852151755 [0.094698779285] [0.0738382637501]
0.0621433313936 [0.0738725066185] [0.0504141561687]
0.0493803676218 [0.0615637600422] [0.0371969752014]
0.0427923751995 [0.055551674217] [0.030033076182]
0.0401197951287 [0.0535710863769] [0.0266685038805]
0.03962206933645 [0.0536572113633] [0.0255869273096]
0.039806202054 [0.0540804006159] [0.0255320034921]
0.03969905991105 [0.0538564696908] [0.0255416501313]
0.03909138869495 [0.0527647957206] [0.0254179816693]
0.0381202204153 [0.0508209019899] [0.0254195388407]
0.0373437833041 [0.0488236434758] [0.0258639231324]
0.03687443677335 [0.0467859208584] [0.0269629526883]
0.0368115315214 [0.0448528341949] [0.0287702288479]
0.0380512755364 [0.0448024943471] [0.0313000567257]
0.04095848277215 [0.0471549071372] [0.0347620584071]
0.0461536422372 [0.0523596853018] [0.0399475991726]
0.054162956774249996 [0.0604098252952] [0.0479160882533]
0.06495093926789999 [0.0709513127804] [0.0589505657554]
0.07630195468665 [0.0820318758488] [0.0705720335245]
0.08496545627714999 [0.0915967449546] [0.0783341675997]
0.08953681960705 [0.0984816104174] [0.0805920287967]
0.0914319902659 [0.103579722345] [0.0792842581868]
0.0926837362347 [0.108412802219] [0.0769546702504]
0.09434357658025 [0.114147208631] [0.0745399445295]
0.0971441082656 [0.121525555849] [0.0727626606822]
0.10027159005405001 [0.129086509347] [0.0714566707611]
0.10244923084970001 [0.134498655796] [0.0703998059034]
0.10322127491244999 [0.136330842972] [0.0701117068529]
0.10229803249245 [0.135023534298] [0.0695725306869]
0.09910114482044999 [0.131658360362] [0.0665439292789]
0.09522888436895 [0.127623647451] [0.0628341212869]
0.09035153687005 [0.123340651393] [0.0573624223471]
0.082726964727 [0.114206880331] [0.051247049123]
0.07184998318555 [0.0974622741342] [0.0462376922369]
0.06120901182295 [0.0795133560896] [0.0429046675563]
0.05248173698785 [0.064020305872] [0.0409431681037]
0.0467200167477 [0.0535109788179] [0.0399290546775]
0.04335990175605 [0.0474580749869] [0.0392617285252]
0.040736319497199996 [0.0431579723954] [0.038314666599]
0.0376833062619 [0.0388187915087] [0.0365478210151]
0.034377207979550004 [0.0346943102777] [0.0340601056814]
0.031529894098649994 [0.0316546261311] [0.0314051620662]
0.02947439346465 [0.0298784989864] [0.0290702879429]
0.0282175913453 [0.0291602052748] [0.0272749774158]
0.0275509990752 [0.0290030092001] [0.0260989889503]
0.027365084737549998 [0.0289589781314] [0.0257711913437]
0.027757325209649998 [0.0290785077959] [0.0264361426234]
0.02893250994385 [0.0297113824636] [0.0281536374241]
0.0309487655759 [0.0309447553009] [0.0309527758509]
0.03383086062965 [0.0331465452909] [0.0345151759684]
0.03708964772525 [0.035839676857] [0.0383396185935]
0.0400790311396 [0.0382817573845] [0.0418763048947]
0.04235288873315 [0.0404164753854] [0.0442893020809]
0.044288614764800005 [0.0430975295603] [0.0454796999693]
0.0467174574733 [0.0473207086325] [0.0461142063141]
0.0505041889846 [0.0541334338486] [0.0468749441206]
0.056261530145999994 [0.0643163770437] [0.0482066832483]
0.06357981823385 [0.0772654861212] [0.0498941503465]
0.0701315831393 [0.0893736630678] [0.0508895032108]
0.072240062058 [0.0945214927197] [0.0499586313963]
0.06880037859085 [0.0906002148986] [0.0470005422831]
0.06407223455604999 [0.0840229541063] [0.0441215150058]
0.0606341585517 [0.0791934207082] [0.0420748963952]
0.0586367920041 [0.0764842107892] [0.040789373219]
0.0576063301414 [0.0754647403955] [0.0397479198873]
0.056434150785200005 [0.0744846239686] [0.0383836776018]
0.0545795634389 [0.0722940191627] [0.0368651077151]
0.051897671073649995 [0.0685719102621] [0.0352234318852]
0.0494461748749 [0.0647419467568] [0.034150402993]
0.0477572474629 [0.0618786029518] [0.033635891974]
0.04654021561145 [0.0593834072351] [0.0336970239878]
0.045655259862500006 [0.0572387501597] [0.0340717695653]
0.045321110636 [0.0557204969227] [0.0349217243493]
0.0457193553448 [0.0549988485873] [0.0364398621023]
0.04716017097235 [0.0555000752211] [0.0388202667236]
0.050035307183850006 [0.0575928837061] [0.0424777306616]
0.05419427156445 [0.061157438904] [0.0472311042249]
0.05853116326035 [0.0651746019721] [0.0518877245486]
0.06131776422264999 [0.0681603178382] [0.0544752106071]
0.0614724718034 [0.0686099156737] [0.0543350279331]
0.0595371425152 [0.066932477057] [0.0521418079734]
0.056943628937 [0.0645561888814] [0.0493310689926]
0.0554680712521 [0.063581995666] [0.0473541468382]
0.056304302066600004 [0.0651262700558] [0.0474823340774]
0.0603524930775 [0.0705521032214] [0.0501528829336]
0.06827916949985 [0.0812052413821] [0.0553530976176]
0.07592146098615 [0.0914423391223] [0.06040058285]
0.07681976258755 [0.0914709717035] [0.0621685534716]
0.0727809052914 [0.0858337655663] [0.0597280450165]
0.06716362945735 [0.07922950387] [0.0550977550447]
0.061287779360999994 [0.0724079608917] [0.0501675978303]
0.05655624344945 [0.0670913234353] [0.0460211634636]
0.05287019535895 [0.0627629011869] [0.042977489531]
0.05020738206805 [0.0588158853352] [0.0415988788009]
0.0489605143666 [0.0558085031807] [0.0421125255525]
0.0496578346938 [0.0544606074691] [0.0448550619185]
0.0524251125753 [0.0551558583975] [0.0496943667531]
0.05657338909805 [0.057698559016] [0.0554482191801]
0.060594454407700005 [0.060659095645] [0.0605298131704]
0.06280158832665 [0.0626670569181] [0.0629361197352]
0.06298438087104999 [0.0627188682556] [0.0632498934865]
0.062020653858750004 [0.0612043701112] [0.0628369376063]
0.0613593235612 [0.0594690144062] [0.0632496327162]
0.06137305684385 [0.057824421674] [0.0649216920137]
0.06291882507505 [0.0575384013355] [0.0682992488146]
0.06506331823764999 [0.0580216906965] [0.0721049457788]
0.06681898608800001 [0.0596435591578] [0.0739944130182]
0.06742617115375 [0.0616126582026] [0.0732396841049]
0.0666648633778 [0.0627586245537] [0.0705711022019]
0.06514593586325 [0.0632102414966] [0.0670816302299]
0.06335208192465 [0.062941968441] [0.0637621954083]
0.061269031837600005 [0.0617063008249] [0.0608317628503]
0.058729095384499996 [0.059160605073] [0.058297585696]
0.0556024517864 [0.0553697384894] [0.0558351650834]
