0.204936109483 [0.261113345623] [0.148758873343]
0.219602137804 [0.280751973391] [0.158452302217]
0.2275459095835 [0.289986878633] [0.165104940534]
0.2361499890685 [0.294076353312] [0.178223624825]
0.245153918862 [0.2925735116] [0.197734326124]
0.2526350468395 [0.281114220619] [0.22415587306]
0.25862619280849997 [0.266410261393] [0.250842124224]
0.2577214688065 [0.250078439713] [0.2653644979]
0.25093589723099996 [0.234286546707] [0.267585247755]
0.239441409707 [0.218645483255] [0.260237336159]
0.227593779564 [0.208207175136] [0.246980383992]
0.2169779017565 [0.201647043228] [0.232308760285]
0.2097848206755 [0.198732823133] [0.220836818218]
0.205580085516 [0.196370556951] [0.214789614081]
0.2028858810665 [0.192734450102] [0.213037312031]
0.20146169513450002 [0.18804320693] [0.214880183339]
0.19901199638849998 [0.181647285819] [0.216376706958]
0.195624664426 [0.175980001688] [0.215269327164]
0.19069538265449998 [0.171810925007] [0.209579840302]
0.1852213442325 [0.167175590992] [0.203267097473]
0.179319866002 [0.165979266167] [0.192660465837]
0.174250423908 [0.16797478497] [0.180526062846]
0.17164606601 [0.174119755626] [0.169172376394]
0.1721690669655 [0.182358577847] [0.161979556084]
0.165871500969 [0.177632555366] [0.154110446572]
0.1456849053505 [0.152761116624] [0.138608694077]
0.116043351591 [0.116798460484] [0.115288242698]
0.0891323387623 [0.0861176326871] [0.0921470448375]
0.07011226564645 [0.0658201873302] [0.0744043439627]
0.05770695209505 [0.0533189326525] [0.0620949715376]
0.0497105792165 [0.0455242842436] [0.0538968741894]
0.0445524062961 [0.0403282754123] [0.0487765371799]
0.0411626920104 [0.0367002561688] [0.045625127852]
0.03893218189475 [0.0342123843729] [0.0436519794166]
0.037909310311099995 [0.0328628830612] [0.042955737561]
0.037701865658199996 [0.0324560850859] [0.0429476462305]
0.0376348569989 [0.032424852252] [0.0428448617458]
0.037224469706450006 [0.0322201997042] [0.0422287397087]
0.0364365130663 [0.0316375158727] [0.0412355102599]
0.03562351781875 [0.03070002608] [0.0405470095575]
0.03530483786015 [0.0300420951098] [0.0405675806105]
0.036134127527500004 [0.0304194837809] [0.0418487712741]
0.0386602580547 [0.0325281396508] [0.0447923764586]
0.043253526091550004 [0.0369563065469] [0.0495507456362]
0.0497049242258 [0.0439693406224] [0.0554405078292]
0.0574726499617 [0.0533798933029] [0.0615654066205]
0.0661762431264 [0.0656549930573] [0.0666974931955]
0.07717076689005001 [0.0835949257016] [0.0707466080785]
0.0906150192024 [0.106584362686] [0.0746456757188]
0.10345273092405 [0.128330215812] [0.0785752460361]
0.10633572563525 [0.128651857376] [0.0840195938945]
0.10320136696115001 [0.114168211818] [0.0922345221043]
0.10059911385195 [0.0969102755189] [0.104287952185]
0.1002976745365 [0.081942550838] [0.118652798235]
0.10114562511450001 [0.07112377882] [0.131167471409]
0.1017262861132 [0.0633765757084] [0.140075996518]
0.10198150761425 [0.0590868629515] [0.144876152277]
0.10212541371565001 [0.0576848834753] [0.146565943956]
0.10225692950189999 [0.0583190135658] [0.146194845438]
0.1012288425118 [0.0601035542786] [0.142354130745]
0.0993594750761 [0.0621346831322] [0.13658426702]
0.09627218171964999 [0.0634550973773] [0.129089266062]
0.0924764908851 [0.0633697211742] [0.121583260596]
0.08735648170125 [0.0617792755365] [0.112933687866]
0.08058946020885 [0.0590851195157] [0.102093800902]
0.07275267690420001 [0.056289948523] [0.0892154052854]
0.06559466943145 [0.0544127523899] [0.076776586473]
0.061127200722700004 [0.0548968836665] [0.0673575177789]
0.06180844828485 [0.0605217590928] [0.0630951374769]
0.07070405408739999 [0.0755531042814] [0.0658550038934]
