0.1459832042455 [0.135733872652] [0.156232535839]
0.13273415342 [0.124387301505] [0.141081005335]
0.1212520562115 [0.115283466876] [0.127220645547]
0.1129752919075 [0.108863599598] [0.117086984217]
0.1076263412835 [0.104292750359] [0.110959932208]
0.1039706505835 [0.101191267371] [0.106750033796]
0.10080441832539999 [0.0984852984548] [0.103123538196]
0.09716384112835 [0.0949536189437] [0.099374063313]
0.0903192684054 [0.0895833522081] [0.0910551846027]
0.0801210217178 [0.0804614573717] [0.0797805860639]
0.0681481696665 [0.0689986273646] [0.0672977119684]
0.0578029975295 [0.0586468651891] [0.0569591298699]
0.0507103744894 [0.0512362346053] [0.0501845143735]
0.04666738398375 [0.0464897528291] [0.0468450151384]
0.0450239870697 [0.0436686351895] [0.0463793389499]
0.04496952332555 [0.0415535122156] [0.0483855344355]
0.045807139948 [0.0394609309733] [0.0521533489227]
0.04721747711305 [0.0374430418015] [0.0569919124246]
0.0493146777153 [0.0361584685743] [0.0624708868563]
0.051875555887850006 [0.0350377671421] [0.0687133446336]
0.0540603641421 [0.034389320761] [0.0737314075232]
0.0551842134446 [0.0340070538223] [0.0763613730669]
0.055040281265949995 [0.0332827568054] [0.0767978057265]
0.0542574077845 [0.0322989970446] [0.0762158185244]
0.054723171517249994 [0.0320844911039] [0.0773618519306]
0.05805766023695 [0.0334786660969] [0.082636654377]
0.0646848268807 [0.0371214449406] [0.0922482088208]
0.07337437570095 [0.0428812429309] [0.103867508471]
0.08117785491065 [0.0493890680373] [0.112966641784]
0.0855889953672 [0.0547950044274] [0.116382986307]
0.08682601153835 [0.0584924072027] [0.115159615874]
0.0867154262958 [0.0613125413656] [0.112118311226]
0.0862135142088 [0.0640828981996] [0.108344130218]
0.0862493403255 [0.067477658391] [0.10502102226]
0.0873192623257 [0.0714869722724] [0.103151552379]
0.09006940945985001 [0.0755516961217] [0.104587122798]
0.09336171299195001 [0.0790471509099] [0.107676275074]
0.09480043500665 [0.0800019800663] [0.109598889947]
0.09059016779085 [0.0737363547087] [0.107443980873]
0.08164142817235 [0.0624744594097] [0.100808396935]
0.07189960777759999 [0.0505656525493] [0.0932335630059]
0.06271011009815 [0.0411079376936] [0.0843122825027]
0.05404070578515 [0.0346749164164] [0.0734064951539]
0.04649464040995 [0.0304913967848] [0.0624978840351]
0.040683561936 [0.0277049541473] [0.0536621697247]
0.036825663410100004 [0.0258315671235] [0.0478197596967]
0.0345951579511 [0.0246426053345] [0.0445477105677]
0.0333479428664 [0.0238441694528] [0.04285171628]
0.03250418324025 [0.0232810918242] [0.0417272746563]
0.0314231617376 [0.0227668266743] [0.0400794968009]
0.030281522311299998 [0.0224645379931] [0.0380985066295]
0.02967952471225 [0.022494899109] [0.0368641503155]
0.029914586804799997 [0.0230994131416] [0.036729760468]
0.0314435362816 [0.024814710021] [0.0380723625422]
0.0349354147911 [0.0285381153226] [0.0413327142596]
0.04087652266025 [0.0354590788484] [0.0462939664721]
0.0496366173029 [0.0466345585883] [0.0526386760175]
0.061228042468399996 [0.0620450004935] [0.0604110844433]
0.07468823343514999 [0.0792882964015] [0.0700881704688]
0.0887250937521 [0.0953908860683] [0.0820593014359]
0.1018059924245 [0.108613498509] [0.09499848634]
0.11194725334649999 [0.118267059326] [0.105627447367]
0.117834690958 [0.124375283718] [0.111294098198]
0.1203961111605 [0.126757919788] [0.114034302533]
0.122543103993 [0.127976790071] [0.117109417915]
0.12567567825349998 [0.129801899195] [0.121549457312]
0.1314536854625 [0.134408071637] [0.128499299288]
0.137820780277 [0.1371268332] [0.138514727354]
0.1440462991595 [0.140218093991] [0.147874504328]
0.1466326713565 [0.14283528924] [0.150430053473]
0.1434567198155 [0.14344137907] [0.143472060561]
0.136871315539 [0.143012523651] [0.130730107427]
0.128723438829 [0.141400247812] [0.116046629846]
0.1221316494045 [0.139764100313] [0.104499198496]
0.1185605563222 [0.139643654227] [0.0974774584174]
0.1174362674356 [0.140195965767] [0.0946765691042]
0.1174603588879 [0.138935804367] [0.0959849134088]
0.11713933944714999 [0.134348869324] [0.0999298095703]
0.1165446937085 [0.128280162811] [0.104809224606]
0.116492565721 [0.123389907181] [0.109595224261]
0.1168043278155 [0.120483882725] [0.113124772906]
0.11824724078150001 [0.120296269655] [0.116198211908]
0.121581997722 [0.122817881405] [0.120346114039]
0.1241146735845 [0.124758303165] [0.123471044004]
0.125256821513 [0.125304967165] [0.125208675861]
0.12680473178649998 [0.125013023615] [0.128596439958]
0.1308934688565 [0.125911429524] [0.135875508189]
0.1384714618325 [0.128810971975] [0.14813195169]
0.149513028562 [0.132644623518] [0.166381433606]
0.16389609873299998 [0.138165295124] [0.189626902342]
0.176300495863 [0.140774607658] [0.211826384068]
0.1777726262805 [0.135654404759] [0.219890847802]
0.167097315192 [0.123766556382] [0.210428074002]
0.149896502495 [0.109918385744] [0.189874619246]
0.13128750026230002 [0.0964780300856] [0.166096970439]
0.1155822463332 [0.0846605822444] [0.146503910422]
0.1044883504511 [0.0756790786982] [0.133297622204]
0.0969798080624 [0.0695581957698] [0.124401420355]
0.09184262529015 [0.0661974027753] [0.117487847805]
0.08772267401235 [0.0648271664977] [0.110618181527]
0.08380033075830001 [0.0650386214256] [0.102562040091]
0.07890191301704999 [0.0651333555579] [0.0926704704762]
0.07423297315835001 [0.0656154081225] [0.0828505381942]
0.069604434073 [0.0655296072364] [0.0736792609096]
0.06505564600225 [0.0652190521359] [0.0648922398686]
0.060285391285999995 [0.0641945078969] [0.0563762746751]
