0.1377039439975 [0.151563942432] [0.123843945563]
0.14836609363550002 [0.171230867505] [0.125501319766]
0.1562608256935 [0.182920023799] [0.129601627588]
0.15980156511100002 [0.182726427913] [0.136876702309]
0.1601367816325 [0.172615215182] [0.147658348083]
0.16041713953 [0.162083774805] [0.158750504255]
0.1616740003225 [0.155826374888] [0.167521625757]
0.164527095854 [0.154801085591] [0.174253106117]
0.1674990281465 [0.156611055136] [0.178387001157]
0.1690747961405 [0.15849070251] [0.179658889771]
0.1678641811015 [0.156973451376] [0.178754910827]
0.1623020768165 [0.148441955447] [0.176162198186]
0.1524706184865 [0.131359115243] [0.17358212173]
0.141624946147 [0.11183937639] [0.171410515904]
0.1331398524345 [0.095620803535] [0.170658901334]
0.12830564379685 [0.0855635404587] [0.171047747135]
0.1263547986746 [0.0796087235212] [0.173100873828]
0.12533539161075 [0.0764761045575] [0.174194678664]
0.1217234469951 [0.0742797330022] [0.169167160988]
0.10817659646265 [0.0703225135803] [0.146030679345]
0.08758125826705 [0.0625915229321] [0.112570993602]
0.06733103469015 [0.0522272065282] [0.0824348628521]
0.052111735567449996 [0.042229373008] [0.0619940981269]
0.04224100336435 [0.0345482900739] [0.0499337166548]
0.0366240805015 [0.0293648708612] [0.0438832901418]
0.03407336771485 [0.0263067297637] [0.041840005666]
0.0335609279573 [0.0247275643051] [0.0423942916095]
0.0342926159501 [0.0241740271449] [0.0444112047553]
0.03582488931715 [0.0246658101678] [0.0469839684665]
0.03769285883755 [0.0259829666466] [0.0494027510285]
0.03949944674965 [0.027687061578] [0.0513118319213]
0.040725728496899996 [0.0290025100112] [0.0524489469826]
0.04114650003615 [0.0294898487628] [0.0528031513095]
0.04077869281175 [0.0293244160712] [0.0522329695523]
0.0399862313643 [0.0285885762423] [0.0513838864863]
0.0398448482156 [0.027983982116] [0.0517057143152]
0.0415789205581 [0.028682872653] [0.0544749684632]
0.046105314046149995 [0.0311712510884] [0.0610393770039]
0.0532226860523 [0.0356793925166] [0.070765979588]
0.0609762519598 [0.0414567217231] [0.0804957821965]
0.06535731256005001 [0.0459042266011] [0.084810398519]
0.06553524546325 [0.0484964810312] [0.0825740098953]
0.06333597004415 [0.0496217980981] [0.0770501419902]
0.0601905174553 [0.0497402772307] [0.0706407576799]
0.057248601689949996 [0.0495486073196] [0.0649485960603]
0.0551362540573 [0.0494421645999] [0.0608303435147]
0.053800335153949996 [0.0494271665812] [0.0581735037267]
0.0534289851785 [0.0497995205224] [0.0570584498346]
0.05415018461645 [0.0509098879993] [0.0573904812336]
0.05570696108045 [0.0527471266687] [0.0586667954922]
0.05734582617875 [0.0547784529626] [0.0599131993949]
0.05821128189565 [0.0561534166336] [0.0602691471577]
0.05785490386185 [0.0564136430621] [0.0592961646616]
0.0572238769382 [0.0560291931033] [0.0584185607731]
0.05686284601685 [0.0556434243917] [0.058082267642]
0.05742880143225 [0.0559111833572] [0.0589464195073]
0.0584428794682 [0.0561587549746] [0.0607270039618]
0.0596443898976 [0.0561519265175] [0.0631368532777]
0.06151299364865 [0.0560018830001] [0.0670241042972]
0.0635034311563 [0.055427428335] [0.0715794339776]
0.06513746455315 [0.0545177832246] [0.0757571458817]
0.06602301448585 [0.0530101358891] [0.0790358930826]
0.06343978270885 [0.0483873337507] [0.078492231667]
0.056805299595 [0.0406888835132] [0.0729217156768]
0.0480574630201 [0.0328968241811] [0.0632181018591]
0.0405465401709 [0.0272194072604] [0.0538736730814]
0.03549136407675 [0.0241791345179] [0.0468035936356]
0.03256650455295 [0.0230137556791] [0.0421192534268]
0.03087609726935 [0.0228363443166] [0.0389158502221]
0.0296988207847 [0.0228227227926] [0.0365749187768]
0.028640106320350002 [0.0224733240902] [0.0348068885505]
0.02757629100235 [0.0218474511057] [0.033305130899]
0.026535044424249997 [0.0211684983224] [0.0319015905261]
0.025776889175199998 [0.0208219382912] [0.0307318400592]
0.025436071679 [0.0210080463439] [0.0298640970141]
0.0256082313135 [0.0218033250421] [0.0294131375849]
0.02631910052155 [0.0232199300081] [0.029418271035]
0.027845127508050002 [0.0255974978209] [0.0300927571952]
0.030841815285400004 [0.0297394748777] [0.0319441556931]
0.036785762757050006 [0.0371154658496] [0.0364560596645]
0.04815545491875 [0.0499726571143] [0.0463382527232]
0.0677533298731 [0.0699767172337] [0.0655299425125]
0.0934115462005 [0.091485388577] [0.095337703824]
0.11359993740935001 [0.0988515540957] [0.128348320723]
0.12380808591834999 [0.0920554995537] [0.155560672283]
0.12771890312419998 [0.0852725058794] [0.170165300369]
0.12878946587454998 [0.0820907428861] [0.175488188863]
0.12749813497044998 [0.0807546079159] [0.174241662025]
0.12345631420625 [0.0796784460545] [0.167234182358]
0.1163395009936 [0.0777135118842] [0.154965490103]
0.10714836046080001 [0.0744910016656] [0.139805719256]
0.09739645570515 [0.0701144710183] [0.124678440392]
0.08933614194385 [0.0661555603147] [0.112516723573]
0.08376112952815 [0.0633394494653] [0.104182809591]
0.0806440897286 [0.0626908391714] [0.0985973402858]
0.0790819376707 [0.0644182786345] [0.0937455967069]
0.0781042575836 [0.0681344345212] [0.088074080646]
0.07766656205059999 [0.0738258883357] [0.0815072357655]
0.07718782126905 [0.0809927806258] [0.0733828619123]
0.07598950713875 [0.0871628597379] [0.0648161545396]
0.07368160784245001 [0.0907340347767] [0.0566291809082]
0.070656478405 [0.0921267494559] [0.0491862073541]
0.0659042652696 [0.0882098227739] [0.0435987077653]
0.0589633285999 [0.0786110386252] [0.0393156185746]
0.051214985549450004 [0.0662869066] [0.0361430644989]
0.04454027116295 [0.0555748082697] [0.0335057340562]
0.0396828968078 [0.0478557124734] [0.0315100811422]
0.0368238473311 [0.0430943071842] [0.030553387478]
0.0354224834591 [0.0405323952436] [0.0303125716746]
0.0346684344113 [0.0390266701579] [0.0303101986647]
0.0338581772521 [0.0375206954777] [0.0301956590265]
0.03252419643105 [0.0353945605457] [0.0296538323164]
0.03081163577735 [0.0328279286623] [0.0287953428924]
0.029248090460900003 [0.0304078254849] [0.0280883554369]
0.028226638212799998 [0.0286543108523] [0.0277989655733]
0.0280803749338 [0.0280274190009] [0.0281333308667]
0.0290311975405 [0.0288285762072] [0.0292338188738]
0.031431311741500004 [0.0315956026316] [0.0312670208514]
0.03641259111465 [0.0383254736662] [0.0344997085631]
0.04422093369065 [0.0510929152369] [0.0373489521444]
0.054064610973 [0.0696518644691] [0.0384773574769]
0.06419357657435 [0.0889008641243] [0.0394862890244]
0.07354260236035 [0.106665633619] [0.0404195711017]
