0.1710114851595 [0.181651443243] [0.160371527076]
0.1705148369075 [0.186243340373] [0.154786333442]
0.1705203279855 [0.190114825964] [0.150925830007]
0.1719477325675 [0.193572670221] [0.150322794914]
0.1750358119605 [0.197397723794] [0.152673900127]
0.180268779397 [0.201917856932] [0.158619701862]
0.185428120196 [0.206054985523] [0.164801254869]
0.187696479261 [0.204716324806] [0.170676633716]
0.18527919054050002 [0.19527181983] [0.175286561251]
0.177550598979 [0.17679771781] [0.178303480148]
0.168126694858 [0.156934708357] [0.179318681359]
0.1609411165115 [0.143631890416] [0.178250342607]
0.155962757766 [0.136032834649] [0.175892680883]
0.1530461236835 [0.13285882771] [0.173233419657]
0.147544696927 [0.128641292453] [0.166448101401]
0.134908270091 [0.118558429182] [0.151258111]
0.11577531322849999 [0.102516077459] [0.129034548998]
0.09696774929765001 [0.0870070904493] [0.106928408146]
0.0825654566288 [0.0759897381067] [0.0891411751509]
0.073453258723 [0.070009380579] [0.076897136867]
0.06828048825265 [0.0676285624504] [0.0689324140549]
0.0652543976903 [0.0672063082457] [0.0633024871349]
0.06319355592130001 [0.0675328820944] [0.0588542297482]
0.0620655715466 [0.068380817771] [0.0557503253222]
0.062020195648100004 [0.0696507841349] [0.0543896071613]
0.06319086067375 [0.0711827278137] [0.0551989935338]
0.0648272112012 [0.0719811618328] [0.0576732605696]
0.06609287112955001 [0.0714820697904] [0.0607036724687]
0.06692729145285001 [0.0703781545162] [0.0634764283895]
0.06855280324815 [0.0705211162567] [0.0665844902396]
0.07289237156515 [0.0741722285748] [0.0716125145555]
0.08201736211775 [0.0837697684765] [0.080264955759]
0.0984981022775 [0.102031044662] [0.094965159893]
0.12390139699 [0.130075976253] [0.117726817727]
0.155862793326 [0.164460048079] [0.147265538573]
0.184814997017 [0.192100614309] [0.177529379725]
0.201693288982 [0.202245220542] [0.201141357422]
0.2085622027515 [0.200411811471] [0.216712594032]
0.20971097052100002 [0.192316129804] [0.227105811238]
0.20932599157100001 [0.184512093663] [0.234139889479]
0.206416413188 [0.175680205226] [0.23715262115]
0.2016455978155 [0.170766785741] [0.23252440989]
0.18732147663850002 [0.163996458054] [0.210646495223]
0.160700634122 [0.150450766087] [0.170950502157]
0.1294699907305 [0.132158622146] [0.126781359315]
0.1075259894133 [0.116946913302] [0.0981050655246]
0.09526949003325 [0.107122570276] [0.0834164097905]
0.08891232684264999 [0.100695230067] [0.0771294236183]
0.08626767247915 [0.097761541605] [0.0747738033533]
0.08450606092810001 [0.0955235734582] [0.073488548398]
0.0817616954446 [0.0935265123844] [0.0699968785048]
0.07818155735730001 [0.09161157161] [0.0647515431046]
0.07461571134625 [0.0897250026464] [0.0595064200461]
0.0723045039922 [0.0886514186859] [0.0559575892985]
0.07129331678155 [0.0882132649422] [0.0543733686209]
0.07129336334765 [0.0882868468761] [0.0542998798192]
0.07174335606395 [0.0884425416589] [0.055044170469]
0.0725129619241 [0.0886563807726] [0.0563695430756]
0.07427223585545 [0.0897435173392] [0.0588009543717]
0.0777455456555 [0.0926716700196] [0.0628194212914]
0.08261839672919999 [0.0972778871655] [0.0679589062929]
0.08797012269480001 [0.103200241923] [0.0727400034666]
0.08982505276815 [0.105756863952] [0.0738932415843]
0.0878558792174 [0.10489500314] [0.0708167552948]
0.08426969125879999 [0.100489266217] [0.0680501163006]
0.08166065812115 [0.0950820744038] [0.0682392418385]
0.08256248384715001 [0.0926945284009] [0.0724304392934]
0.0853150077164 [0.0916665866971] [0.0789634287357]
0.0887575596571 [0.0912700146437] [0.0862451046705]
0.09034093841915 [0.0902570933104] [0.0904247835279]
0.09009665623310001 [0.0879710391164] [0.0922222733498]
0.0882808789611 [0.0847872272134] [0.0917745307088]
0.0855369158089 [0.081254132092] [0.0898196995258]
0.08232878148555 [0.0774562731385] [0.0872012898326]
0.0791735202074 [0.0739172399044] [0.0844298005104]
0.07651203125715 [0.0709125846624] [0.0821114778519]
0.07464830577375 [0.0681962668896] [0.0811003446579]
0.0745100788772 [0.0665645524859] [0.0824556052685]
0.07638879865405 [0.0658259913325] [0.0869516059756]
0.08018315955995 [0.0657202750444] [0.0946460440755]
0.0843797549606 [0.0656401962042] [0.103119313717]
0.08638349547965 [0.0647187903523] [0.108048200607]
0.08448152244085 [0.0631889030337] [0.105774141848]
0.0795682258904 [0.0607482418418] [0.098388209939]
0.0746974647045 [0.058528766036] [0.090866163373]
0.07192738354205 [0.0572552755475] [0.0865994915366]
0.07033933885395 [0.0569218285382] [0.0837568491697]
0.06979326717555 [0.0570475645363] [0.0825389698148]
0.07046854496005 [0.0572591722012] [0.0836779177189]
0.07227849215269999 [0.0574533343315] [0.0871036499739]
0.0747077073902 [0.0578748099506] [0.0915406048298]
0.077381093055 [0.0590762421489] [0.0956859439611]
0.0801740307361 [0.0619415156543] [0.0984065458179]
0.08332573622465 [0.0666901320219] [0.0999613404274]
0.08667960017904999 [0.0731170326471] [0.100242167711]
0.0893639065325 [0.0791482776403] [0.0995795354247]
0.08906519040465 [0.0821928158402] [0.0959375649691]
0.0838319323957 [0.0791640654206] [0.0884997993708]
0.0731217823923 [0.0690007284284] [0.0772428363562]
0.06128372810785 [0.0564220361412] [0.0661454200745]
0.0512602571398 [0.0457374975085] [0.0567830167711]
0.044192219153049994 [0.038237106055] [0.0501473322511]
0.039478743448849996 [0.0333560034633] [0.0456014834344]
0.03555473312735 [0.0298388600349] [0.0412706062198]
0.0316937426105 [0.0267877075821] [0.0365997776389]
0.02773672156035 [0.0236409492791] [0.0318324938416]
0.024588406086 [0.0210643578321] [0.0281124543399]
0.022235509008150002 [0.0190191809088] [0.0254518371075]
0.020379466936 [0.0172134954482] [0.0235454384238]
0.01898521650585 [0.0156479403377] [0.022322492674]
0.01802930328995 [0.0143734980375] [0.0216851085424]
0.0176564916037 [0.0135367074981] [0.0217762757093]
0.018038419540999998 [0.0132999243215] [0.0227769147605]
0.01951703149825 [0.013908309862] [0.0251257531345]
0.02236988488585 [0.0156018380076] [0.0291379317641]
0.026207853108650002 [0.0182962715626] [0.0341194346547]
0.030076591297949998 [0.0214922688901] [0.0386609137058]
0.0326499929652 [0.0242990162224] [0.041000969708]
0.0336628211662 [0.0262902993709] [0.0410353429615]
0.03393210377545 [0.0280587207526] [0.0398054867983]
0.03453598544005 [0.0303111560643] [0.0387608148158]
0.036219999194150004 [0.0336684547365] [0.0387715436518]
0.0394341405481 [0.0385331697762] [0.04033511132]
0.04298466444015 [0.0436630174518] [0.0423063114285]
0.04437390342355 [0.0460288450122] [0.0427189618349]
0.04453912936149999 [0.0469290204346] [0.0421492382884]
0.0439642798156 [0.0469908304513] [0.0409377291799]
0.04316329956055 [0.046745095402] [0.0395815037191]
0.042129680514349996 [0.046219792217] [0.0380395688117]
0.041090078651899994 [0.0455404408276] [0.0366397164762]
0.04030245915055 [0.0447714142501] [0.035833504051]
0.0401498693973 [0.0441701114178] [0.0361296273768]
0.04105397313835 [0.0441692508757] [0.037938695401]
0.043368399143199995 [0.0453196875751] [0.0414171107113]
0.0475700441748 [0.0484881363809] [0.0466519519687]
0.053640672937049994 [0.0540535859764] [0.0532277598977]
0.06067125312985 [0.0608127228916] [0.0605297833681]
0.06740199029444999 [0.0672397688031] [0.0675642117858]
0.07166343182330001 [0.0700750201941] [0.0732518434525]
0.07468616589905 [0.0719658955932] [0.0774064362049]
0.07657242193815 [0.0719671025872] [0.0811777412891]
0.0786110982299 [0.0721002444625] [0.0851219519973]
0.08270377665755 [0.0755850151181] [0.089822538197]
0.089138366282 [0.0821154341102] [0.0961612984538]
0.09521969035245001 [0.0886541903019] [0.101785190403]
0.09803112968825001 [0.0902641788125] [0.105798080564]
0.09838021919119999 [0.0906370803714] [0.106123358011]
0.09771804884060001 [0.0898647084832] [0.105571389198]
0.09825000539420001 [0.0896619036794] [0.106838107109]
0.09942858666165 [0.0897067785263] [0.109150394797]
0.10075454041365 [0.0901716277003] [0.111337453127]
