0.1300639510155 [0.152790218592] [0.107337683439]
0.132868036628 [0.156332060695] [0.109404012561]
0.134403858334 [0.156494036317] [0.112313680351]
0.13491477444799999 [0.154802143574] [0.115027405322]
0.1347881518305 [0.152667909861] [0.1169083938]
0.1347150914375 [0.150142937899] [0.119287244976]
0.1364637613295 [0.147581771016] [0.125345751643]
0.14304671436549998 [0.145275235176] [0.140818193555]
0.157183229923 [0.145950004458] [0.168416455388]
0.159488119185 [0.150559782982] [0.168416455388]
0.1630381271245 [0.157659798861] [0.168416455388]
0.1630381271245 [0.157659798861] [0.168416455388]
0.1630381271245 [0.157659798861] [0.168416455388]
0.1630381271245 [0.157659798861] [0.168416455388]
0.1630381271245 [0.157659798861] [0.168416455388]
0.09284816309805001 [0.0172798708081] [0.168416455388]
0.09371326584365 [0.0190100762993] [0.168416455388]
0.0946143455803 [0.0208122357726] [0.168416455388]
0.09544748906045 [0.0224785227329] [0.168416455388]
0.09624999668445 [0.0240835379809] [0.168416455388]
0.09706523921335 [0.0257140230387] [0.168416455388]
0.09786731284110001 [0.0273181702942] [0.168416455388]
0.08427738957105 [0.0288869254291] [0.139667853713]
0.08386240806449999 [0.030592514202] [0.137132301927]
0.08323801867665001 [0.0326098762453] [0.133866161108]
0.07921073772005 [0.0350215472281] [0.123399928212]
0.07154020667055 [0.0377297699451] [0.105350643396]
0.0668604653329 [0.0468216426671] [0.0868992879987]
0.07028499990705 [0.0617124140263] [0.0788575857878]
0.0783412642777 [0.0794131755829] [0.0772693529725]
0.0859099961817 [0.0930665284395] [0.0787534639239]
0.08977016806615 [0.100124485791] [0.0794158503413]
0.09009142220015 [0.102913416922] [0.0772694274783]
0.0889547392724 [0.10575697571] [0.0721525028348]
0.08701220154745 [0.109772533178] [0.0642518699169]
0.0855249091985 [0.113633230329] [0.057416588068]
0.08367985673235 [0.115241102874] [0.0521186105907]
0.08058021962625 [0.113320291042] [0.0478401482105]
0.07821491174415 [0.111889496446] [0.0445403270423]
0.07667818106730001 [0.111086212099] [0.0422701500356]
0.0759388450532 [0.110918164253] [0.0409595258534]
0.07614741846925 [0.112023793161] [0.0402710437775]
0.07627469487489999 [0.11286072433] [0.0396886654198]
0.0758559554814 [0.113157443702] [0.0385544672608]
0.0745618622752 [0.112429082394] [0.0366946421564]
0.07288506627105 [0.111533671618] [0.0342364609241]
0.0715134851636 [0.111159205437] [0.0318677648902]
0.06975953653475 [0.109323382378] [0.0301956906915]
0.06688720639779999 [0.104261986911] [0.0295124258846]
0.06302589550615001 [0.0965626165271] [0.0294891744852]
0.05907459091395 [0.0881663262844] [0.0299828555435]
0.0567722581327 [0.0817348062992] [0.0318097099662]
0.0569862872362 [0.078878544271] [0.0350940302014]
0.05925468541685 [0.0791012719274] [0.0394080989063]
0.06268904171879999 [0.0811190679669] [0.0442590154707]
0.06576746329665001 [0.0829469636083] [0.048587962985]
0.06804260239005 [0.0844727680087] [0.0516124367714]
0.06887174583975 [0.084086611867] [0.0536568798125]
0.0684481691569 [0.0823696702719] [0.0545266680419]
0.06609302014115001 [0.0790726989508] [0.0531133413315]
0.0612203888595 [0.0740635991096] [0.0483771786094]
0.057206939905850004 [0.069670073688] [0.0447438061237]
0.0565118826926 [0.0685180574656] [0.0445057079196]
0.05929591692985001 [0.0723320618272] [0.0462597720325]
0.0643953550607 [0.0790422260761] [0.0497484840453]
0.0692259389907 [0.0850923359394] [0.053359542042]
0.07137654908005 [0.0867806747556] [0.0559724234045]
0.06895592994985 [0.0810584798455] [0.0568533800542]
0.0641740784049 [0.0723479613662] [0.0560001954436]
