0.0701797157526 [0.0825258120894] [0.0578336194158]
0.0754757449031 [0.0855955630541] [0.0653559267521]
0.0796469040215 [0.0887147933245] [0.0705790147185]
0.08216340839865 [0.0915355756879] [0.0727912411094]
0.0849586389959 [0.0947721973062] [0.0751450806856]
0.08590953424575 [0.0984235182405] [0.073395550251]
0.08396250754615 [0.101949103177] [0.0659759119153]
0.08075476624059999 [0.103542178869] [0.0579673536122]
0.0799864996226 [0.102005645633] [0.0579673536122]
0.0800336319951 [0.102099910378] [0.0579673536122]
0.0820960793646 [0.106224805117] [0.0579673536122]
0.0862694438546 [0.114571534097] [0.0579673536122]
0.0913069378586 [0.124646522105] [0.0579673536122]
0.09585763700309999 [0.133747920394] [0.0579673536122]
0.09866581298409999 [0.139364272356] [0.0579673536122]
0.1000403128565 [0.138717532158] [0.061363093555]
0.09802503883830001 [0.133213251829] [0.0628368258476]
0.09245198406284999 [0.124240525067] [0.0606634430587]
0.08474935218675 [0.11373706907] [0.0557616353035]
0.07915639877325 [0.102551162243] [0.0557616353035]
0.0730890594423 [0.0904164835811] [0.0557616353035]
0.06709166243675 [0.07842168957] [0.0557616353035]
0.061482131481150004 [0.0672026276588] [0.0557616353035]
0.06208983808755 [0.0684180408716] [0.0557616353035]
0.06209699064495 [0.0684323459864] [0.0557616353035]
0.08065361343329999 [0.0564552657306] [0.104851961136]
0.07688502967365 [0.0490112379193] [0.104758821428]
0.0747886728495 [0.044627148658] [0.104950197041]
0.07291094213714999 [0.0425062403083] [0.103315643966]
0.06957903504375 [0.0413074269891] [0.0978506430984]
0.06461589597165 [0.0412513203919] [0.0879804715514]
0.05921499431129999 [0.0416189804673] [0.0768110081553]
0.055146401748099996 [0.0417941398919] [0.0684986636043]
0.0527755059302 [0.0419617444277] [0.0635892674327]
0.051516558975 [0.0417517311871] [0.0612813867629]
0.0513361822814 [0.0413909777999] [0.0612813867629]
0.05140914954245 [0.041536912322] [0.0612813867629]
0.050679903477449995 [0.0434316135943] [0.0579281933606]
0.0487220119685 [0.042639888823] [0.054804135114]
0.047748204320649995 [0.043511621654] [0.0519847869873]
0.04889558069405 [0.0487601459026] [0.0490310154855]
0.04925480671225 [0.0527702048421] [0.0457394085824]
0.047981325537000005 [0.054651144892] [0.041311506182]
0.0458813700825 [0.0547799095511] [0.0369828306139]
0.044233497232200006 [0.0545468851924] [0.033920109272]
0.04403657093645 [0.0553492456675] [0.0327238962054]
0.045157143846149994 [0.0575903914869] [0.0327238962054]
0.046914268285 [0.0611046403646] [0.0327238962054]
0.049006506800649996 [0.0652891173959] [0.0327238962054]
0.0516224168241 [0.0705209374428] [0.0327238962054]
0.055303767323499994 [0.0778836384416] [0.0327238962054]
0.10425413772445 [0.0884323269129] [0.120075948536]
0.102802220732 [0.10275208205] [0.102852359414]
0.1046999469402 [0.118330828846] [0.0910690650344]
0.1067659705879 [0.129917442799] [0.0836144983768]
0.10672138631320001 [0.133975744247] [0.0794670283794]
0.10456717014309999 [0.131632104516] [0.0775022357702]
0.1007745489479 [0.125414401293] [0.0761346966028]
0.0936172008515 [0.113340124488] [0.073894277215]
0.08373481780295 [0.0968636721373] [0.0706059634686]
0.07443303614855 [0.0812381282449] [0.0676279440522]
0.0675502382219 [0.0690008625388] [0.066099613905]
0.06343221850695 [0.0608012415469] [0.066063195467]
0.05812904052435 [0.0556594915688] [0.0605985894799]
0.0552926044911 [0.0528054572642] [0.057779751718]
0.05475031770765 [0.0514965951443] [0.058004040271]
0.055503163486749996 [0.0511484742165] [0.059857852757]
0.05757376551625 [0.0511040538549] [0.0640434771776]
0.06063534133135 [0.0512160621583] [0.0700546205044]
