0.12810574099424998 [0.18958799541] [0.0666234865785]
0.1511438004674 [0.221104755998] [0.0811828449368]
0.1714085601268 [0.249692484736] [0.0931246355176]
0.18410545587565 [0.2726174891] [0.0955934226513]
0.1894621290267 [0.287742137909] [0.0911821201444]
0.19214694947025002 [0.29671818018] [0.0875757187605]
0.1921301968397 [0.297911167145] [0.0863492265344]
0.18858088925475 [0.290325552225] [0.0868362262845]
0.18461124598975 [0.280813962221] [0.0884085297585]
0.18043725565085 [0.270097255707] [0.0907772555947]
0.17675584182125 [0.260147541761] [0.0933641418815]
0.17464769259075 [0.252851516008] [0.0964438691735]
0.1741137467323 [0.248312860727] [0.0999146327376]
0.17452875897300002 [0.24592807889] [0.103129439056]
0.1737351454795 [0.242828518152] [0.104641772807]
0.1720543280245 [0.239124312997] [0.104984343052]
0.17025148496050002 [0.234751611948] [0.105751357973]
0.167676270008 [0.226986795664] [0.108365744352]
0.1615950502455 [0.210880830884] [0.112309269607]
0.14966085180650002 [0.185461983085] [0.113859720528]
0.138946365565 [0.155631512403] [0.122261218727]
0.1284962669015 [0.128675967455] [0.128316566348]
0.120569303632 [0.110521703959] [0.130616903305]
0.11576478183300001 [0.101774439216] [0.12975512445]
0.1132599934936 [0.0996933281422] [0.126826658845]
0.111780405045 [0.101222544909] [0.122338265181]
0.110186021775 [0.103986412287] [0.116385631263]
0.1077870577575 [0.10686365515] [0.108710460365]
0.09971937164684999 [0.109047994018] [0.0903907492757]
0.09886418655505 [0.10993591696] [0.0877924561501]
0.09922457486405001 [0.108949184418] [0.0894999653101]
0.1001732088625 [0.107462786138] [0.092883631587]
0.1019486114383 [0.107227139175] [0.0966700837016]
0.10591842234150001 [0.110233217478] [0.101603627205]
0.11688111349899999 [0.118417397141] [0.115344829857]
0.1235527470705 [0.132901906967] [0.114203587174]
0.1325371451675 [0.153485953808] [0.111588336527]
0.140851318836 [0.175491392612] [0.10621124506]
0.1449034512041 [0.190668776631] [0.0991381257772]
0.14493372291335 [0.196753382683] [0.0931140631437]
0.1432303301989 [0.197215542197] [0.0892451182008]
0.14215305447585 [0.197374969721] [0.0869311392307]
0.1419605612753 [0.198142200708] [0.0857789218426]
0.14200785383585 [0.196257531643] [0.0877581760287]
0.13948223367325 [0.191872820258] [0.0870916470885]
0.13550521433365 [0.188351929188] [0.0826584994793]
0.1308223865927 [0.184991836548] [0.0766529366374]
0.1269732639192 [0.182500734925] [0.0714457929134]
0.12340773269534999 [0.178714632988] [0.0681008324027]
0.1198667362331 [0.173753082752] [0.0659803897142]
0.1152334883809 [0.165938809514] [0.0645281672478]
0.1119811050592 [0.16097356379] [0.0629886463284]
0.111231757328 [0.160744443536] [0.06171907112]
0.1138957124204 [0.16668702662] [0.0611043982208]
0.11878384090955 [0.175928339362] [0.0616393424571]
0.12366840615890001 [0.184921368957] [0.0624154433608]
0.12617533281445 [0.189198628068] [0.0631520375609]
0.124719373882 [0.186424583197] [0.063014164567]
0.12005176581465 [0.177613511682] [0.0624900199473]
0.11365751735855001 [0.166333094239] [0.0609819404781]
0.10902113839985 [0.157466173172] [0.0605761036277]
0.10796692408635 [0.154586285353] [0.0613475628197]
0.11014417931435 [0.157102510333] [0.0631858482957]
0.11360676586634999 [0.161791265011] [0.0654222667217]
0.11650011315965 [0.165504559875] [0.0674956664443]
0.11820238828665 [0.165681898594] [0.0707228779793]
0.11864375695564999 [0.162547037005] [0.0747404769063]
0.1188209541141 [0.157262817025] [0.0803790912032]
0.1197496801613 [0.151855498552] [0.0876438617706]
0.12078078836195 [0.147121965885] [0.0944396108389]
