0.09860708937025 [0.0840587466955] [0.113155432045]
0.0967065431179 [0.0825433209538] [0.110869765282]
0.0942767821253 [0.0810381025076] [0.107515461743]
0.09182803332825 [0.0811172276735] [0.102538838983]
0.0896034874022 [0.0831437185407] [0.0960632562637]
0.0874930471182 [0.087145857513] [0.0878402367234]
0.0863060839474 [0.0929532498121] [0.0796589180827]
0.08724305033675 [0.100775040686] [0.0737110599875]
0.0910960286858 [0.109710156918] [0.0724819004536]
0.09717340394855001 [0.118757084012] [0.0755897238851]
0.10532891377815 [0.128584906459] [0.0820729210973]
0.1141676679252 [0.137369662523] [0.0909656733274]
0.1193411871791 [0.138808503747] [0.0998738706112]
0.12121521309 [0.134652242064] [0.107778184116]
0.122951362282 [0.130528196692] [0.115374527872]
0.12530278787 [0.128356963396] [0.122248612344]
0.12743960320949999 [0.127942040563] [0.126937165856]
0.12914830446249997 [0.128687947989] [0.129608660936]
0.1312969177965 [0.129769444466] [0.132824391127]
0.1341330334545 [0.130090430379] [0.13817563653]
0.135674022138 [0.127520337701] [0.143827706575]
0.135015908629 [0.123122148216] [0.146909669042]
0.13550170511 [0.119784012437] [0.151219397783]
0.1361061409115 [0.121116071939] [0.151096209884]
0.14485600590699999 [0.130169257522] [0.159542754292]
0.155443891883 [0.142926350236] [0.16796143353]
0.1619654223325 [0.150391727686] [0.173539116979]
0.162551984191 [0.15125285089] [0.173851117492]
0.15760061144850002 [0.147282496095] [0.167918726802]
0.1487276852135 [0.140984937549] [0.156470432878]
0.138578131795 [0.135138437152] [0.142017826438]
0.129939891398 [0.130992725492] [0.128887057304]
0.12414721027 [0.127616152167] [0.120678268373]
0.12084393575800001 [0.122492149472] [0.119195722044]
0.11684435606 [0.111986510456] [0.121702201664]
0.11019199714040001 [0.0986817926168] [0.121702201664]
0.10421361774185 [0.0867250338197] [0.121702201664]
0.100160628557 [0.07861905545] [0.121702201664]
0.09785362333035 [0.0740050449967] [0.121702201664]
0.0964785031972 [0.0712548047304] [0.121702201664]
0.09555795788745 [0.0694137141109] [0.121702201664]
0.09502540156225 [0.0683486014605] [0.121702201664]
0.0952794216571 [0.0688566416502] [0.121702201664]
0.0962898470459 [0.0708774924278] [0.121702201664]
0.09794956073145 [0.0741969197989] [0.121702201664]
0.09973833337405 [0.0777744650841] [0.121702201664]
0.15075983852135 [0.0802335888147] [0.221286088228]
0.12685497850185 [0.0818170309067] [0.171892926097]
0.10743080079555001 [0.0832747071981] [0.131586894393]
0.09503506869094999 [0.0862055718899] [0.103864565492]
0.0904122069478 [0.0924963653088] [0.0883280485868]
0.09312731400125 [0.104553490877] [0.0817011371255]
0.10044181719405 [0.122104875743] [0.0787787586451]
0.1090275831519 [0.141653448343] [0.0764017179608]
0.11482382938284999 [0.155975595117] [0.0736720636487]
0.11379352584475 [0.157159090042] [0.0704279616475]
0.10777584835910001 [0.148497730494] [0.0670539662242]
0.10091697052105 [0.137573227286] [0.0642607137561]
0.09215414710365 [0.126087084413] [0.0582212097943]
0.08466020785265001 [0.115500435233] [0.0538199804723]
0.07905460521555 [0.106834493577] [0.0512747168541]
0.0757377017288 [0.101190678775] [0.0502847246826]
0.0741436611861 [0.0980541855097] [0.0502331368625]
0.07420356571674999 [0.0981026887894] [0.0503044426441]
0.07493990473449999 [0.0999343022704] [0.0499455071986]
0.07622842304395 [0.10253765434] [0.0499191917479]
0.07824562862525 [0.105181694031] [0.0513095632195]
0.0805450640618 [0.105446398258] [0.0556437298656]
0.08128784783175 [0.101915463805] [0.0606602318585]
0.0810331515968 [0.0976744145155] [0.0643918886781]
0.08137136697765 [0.0937507152557] [0.0689920186996]
0.08149651437995001 [0.0907610058784] [0.0722320228815]
0.0806433260441 [0.0888918936253] [0.0723947584629]
0.07910111919045 [0.0891030952334] [0.0690991431475]
0.07752545922995 [0.0910917073488] [0.0639592111111]
0.0745969954878 [0.0919725820422] [0.0572214089334]
0.06887928023935 [0.0880196243525] [0.0497389361262]
0.0598484389484 [0.0769509002566] [0.0427459776402]
0.05239875987169999 [0.0665173381567] [0.0382801815867]
0.047989822924149994 [0.0601280629635] [0.0358515828848]
0.045678136870250005 [0.0566979423165] [0.034658331424]
0.04469486139715 [0.0555365905166] [0.0338531322777]
0.0443585831672 [0.0557723194361] [0.0329448468983]
0.04412138648335 [0.0566061921418] [0.0316365808249]
0.0439546406269 [0.0578689612448] [0.030040320009]
0.04420354682955 [0.059676412493] [0.0287306811661]
0.0451536513865 [0.0622418522835] [0.0280654504895]
0.0467698490247 [0.0651405453682] [0.0283991526812]
0.0489648124203 [0.0677138417959] [0.0302157830447]
0.051381673663850005 [0.0690354406834] [0.0337279066443]
0.054144904017449993 [0.0694536045194] [0.0388362035155]
0.05779832042755 [0.0705523788929] [0.0450442619622]
0.0628317315131 [0.0740478187799] [0.0516156442463]
0.0695508569479 [0.0797339752316] [0.0593677386642]
0.0773013532162 [0.0868727117777] [0.0677299946547]
0.08439653366805 [0.091920517385] [0.0768725499511]
0.08915139362215 [0.0948833674192] [0.0834194198251]
0.09110912680625 [0.0963004827499] [0.0859177708626]
0.09278567507865 [0.0978085026145] [0.0877628475428]
0.09429211542009999 [0.0988628417253] [0.0897213891149]
0.0958920754492 [0.0993196740746] [0.0924644768238]
0.09626760333775 [0.0986537858844] [0.0938814207911]
0.09437678009270001 [0.0969816893339] [0.0917718708515]
0.08859503269195 [0.0929376035929] [0.084252461791]
0.08081220462915001 [0.0894399657845] [0.0721844434738]
0.07233669608835 [0.0847034826875] [0.0599699094892]
0.06670499034225 [0.082756690681] [0.0506532900035]
0.06318337656555 [0.0817139968276] [0.0446527563035]
0.061100952327250005 [0.080950550735] [0.0412513539195]
0.059747546911250005 [0.0801755562425] [0.03931953758]
0.0582400057465 [0.0789003223181] [0.0375796891749]
0.056030379608250004 [0.0763726606965] [0.03568809852]
0.05307826027275 [0.0725516304374] [0.0336048901081]
0.0501096099615 [0.0681477859616] [0.0320714339614]
0.0471836104989 [0.0641198530793] [0.0302473679185]
0.0445386013016 [0.0611792393029] [0.0278979633003]
0.04291119147095 [0.0599716380239] [0.025850744918]
0.04157425649465 [0.058910086751] [0.0242384262383]
0.04063744377345 [0.0578802190721] [0.0233946684748]
0.04108794778585 [0.058725900948] [0.0234499946237]
0.0427715936676 [0.0610143207014] [0.0245288666338]
0.0456120371819 [0.0638993903995] [0.0273246839643]
0.049526538699850006 [0.0674721300602] [0.0315809473395]
0.05345367826525001 [0.0707622468472] [0.0361451096833]
0.05512359924615 [0.074102088809] [0.0361451096833]
0.06059908494355 [0.0787776038051] [0.042420566082]
