0.11878926307 [0.122687414289] [0.114891111851]
0.12350346147999999 [0.136444792151] [0.110562130809]
0.1309915669265 [0.154633790255] [0.107349343598]
0.139109171927 [0.173343330622] [0.104875013232]
0.147001363337 [0.189055085182] [0.104947641492]
0.1536884270605 [0.200516670942] [0.106860183179]
0.1595575399695 [0.209149226546] [0.109965853393]
0.165474575013 [0.217580169439] [0.113368980587]
0.172224842012 [0.228139087558] [0.116310596466]
0.180730242282 [0.242599889636] [0.118860594928]
0.1896795630455 [0.257557123899] [0.121802002192]
0.19878615438949998 [0.271901637316] [0.125670671463]
0.20952554047099997 [0.289489626884] [0.129561454058]
0.222668878734 [0.311858206987] [0.133479550481]
0.23859493434399998 [0.339805871248] [0.13738399744]
0.249622151256 [0.360018730164] [0.139225572348]
0.2529963850975 [0.36562499404] [0.140367776155]
0.24106848984950002 [0.342323929071] [0.139813050628]
0.215716265142 [0.293597728014] [0.13783480227]
0.185136310756 [0.235721603036] [0.134551018476]
0.156090453267 [0.182625621557] [0.129555284977]
0.1345181688665 [0.145627006888] [0.123409330845]
0.1203912608325 [0.123390622437] [0.117391899228]
0.111742768437 [0.110065504909] [0.113420031965]
0.10759082809100001 [0.102438144386] [0.112743511796]
0.10649862512955 [0.0981164425611] [0.114880807698]
0.10733184218425 [0.0959856286645] [0.118678055704]
0.10952990874655 [0.0951569825411] [0.123902834952]
0.11206723749645 [0.0946832895279] [0.129451185465]
0.11460339650505 [0.0940403267741] [0.135166466236]
0.11743771657355 [0.0927903130651] [0.142085120082]
0.12074014171955 [0.0910502746701] [0.150430008769]
0.12492868304265001 [0.0900444686413] [0.159812897444]
0.1299283504486 [0.0916759818792] [0.168180719018]
0.13572969287640002 [0.0977385938168] [0.173720791936]
0.1430045217275 [0.108937859535] [0.17707118392]
0.150824088603 [0.124171324074] [0.177476853132]
0.1531173363325 [0.14297555387] [0.163259118795]
0.154572762549 [0.160276681185] [0.148868843913]
0.1559727191925 [0.171708375216] [0.140237063169]
0.1583777219055 [0.178913787007] [0.137841656804]
0.1587706506255 [0.182303026319] [0.135238274932]
0.1567934304475 [0.181335657835] [0.13225120306]
0.1537097543475 [0.178199574351] [0.129219934344]
0.1507341489195 [0.174944773316] [0.126523524523]
0.1491221785545 [0.173401325941] [0.124843031168]
0.14859308674900001 [0.173419833183] [0.123766340315]
0.1476995721455 [0.173274993896] [0.122124150395]
0.14192346856 [0.167589753866] [0.116257183254]
0.135165710002 [0.154629066586] [0.115702353418]
0.1277662664655 [0.139982029796] [0.115550503135]
0.12126513943100001 [0.127575695515] [0.114954583347]
0.115567822009 [0.117121607065] [0.114014036953]
0.111189551651 [0.109719023108] [0.112660080194]
0.1075173094865 [0.104070320725] [0.110964298248]
0.1061080656945 [0.100149363279] [0.11206676811]
0.1068469099702 [0.0988222658634] [0.114871554077]
0.1074974164365 [0.100079335272] [0.114915497601]
0.113762669265 [0.102761983871] [0.124763354659]
0.1222984455525 [0.106197170913] [0.138399720192]
0.1234454624355 [0.10906726867] [0.137823656201]
0.1231519915165 [0.111241184175] [0.135062798858]
0.12368899956349999 [0.112315200269] [0.135062798858]
0.1231994219125 [0.111336044967] [0.135062798858]
0.1235383674505 [0.112013936043] [0.135062798858]
0.1261690072715 [0.117275215685] [0.135062798858]
0.09292535483825 [0.125433117151] [0.0604175925255]
0.0947713460775 [0.132775396109] [0.056767296046]
0.09648846089839999 [0.135622292757] [0.0573546290398]
0.0956165622922 [0.132420778275] [0.0588123463094]
0.09289135970194999 [0.126317083836] [0.0594656355679]
0.08965873718285 [0.120306745172] [0.0590107291937]
0.0865691956132 [0.115434616804] [0.0577037744224]
0.0801793858408 [0.111451782286] [0.0489069893956]
0.07403662055725 [0.108222156763] [0.0398510843515]
0.07235187292095 [0.105790182948] [0.0389135628939]
0.0711077637971 [0.104384623468] [0.0378309041262]
0.07023232616485 [0.103665150702] [0.0367995016277]
0.07002894580355 [0.104042932391] [0.0360149592161]
0.0710497256366 [0.106260746717] [0.0358387045562]
0.0753038711847 [0.112650960684] [0.0379567816854]
0.0819739252327 [0.122792601585] [0.0411552488804]
0.08832982182515 [0.13308416307] [0.0435754805803]
0.0938936099408 [0.142873704433] [0.0449135154486]
0.0989659819752 [0.151760533452] [0.0461714304984]
0.10344715230160001 [0.158443763852] [0.0484505407512]
0.10731821693480001 [0.162945613265] [0.0516908206046]
0.11060217767955 [0.16550321877] [0.0557011365891]
0.11258148960745 [0.165688052773] [0.0594749264419]
0.11242820322524999 [0.16229377687] [0.0625626295805]
0.11166894808415 [0.157292559743] [0.0660453364253]
0.11302116513275 [0.154788255692] [0.0712540745735]
0.1168360523879 [0.154134005308] [0.0795380994678]
0.12362700700745 [0.156408384442] [0.0908456295729]
0.130828794092 [0.158784359694] [0.10287322849]
0.135145518929 [0.15726454556] [0.113026492298]
0.1348624452945 [0.148616582155] [0.121108308434]
0.130700059235 [0.13472110033] [0.12667901814]
0.125540200621 [0.120572887361] [0.130507513881]
0.12096864730099999 [0.109620660543] [0.132316634059]
0.11694055423150002 [0.102984763682] [0.130896344781]
0.11426275596 [0.100659586489] [0.127865925431]
0.112545721233 [0.101633153856] [0.12345828861]
0.1123300231995 [0.105040796101] [0.119619250298]
0.1138352677225 [0.109934017062] [0.117736518383]
0.11721111089 [0.116002768278] [0.118419453502]
0.122307255864 [0.125664755702] [0.118949756026]
0.1264339126645 [0.135651037097] [0.117216788232]
0.1283230520785 [0.143608078361] [0.113038025796]
0.1281170733275 [0.150205880404] [0.106028266251]
0.1266658566893 [0.155349776149] [0.0979819372296]
0.12641935795555 [0.162046864629] [0.0907918512821]
0.12912862747929998 [0.172291040421] [0.0859662145376]
0.1346559897066 [0.186000570655] [0.0833114087582]
0.1417084336279 [0.201148614287] [0.0822682529688]
0.1481718271973 [0.214145585895] [0.0821980684996]
0.1505673490462 [0.218409210443] [0.0827254876494]
0.1468902938069 [0.211016237736] [0.0827643498778]
0.14075244963155 [0.199936777353] [0.0815681219101]
0.13513623923085 [0.190560638905] [0.0797118395567]
0.1300134472549 [0.180968016386] [0.0790588781238]
0.1255131363869 [0.1723960042] [0.0786302685738]
0.12274307757635 [0.166334703565] [0.0791514515877]
0.1218669824304 [0.162447497249] [0.0812864676118]
0.1231062710287 [0.161044031382] [0.0851685106754]
0.12600152567045 [0.161459386349] [0.0905436649919]
0.1286447644233 [0.160295203328] [0.0969943255186]
0.13101750239749999 [0.158241838217] [0.103793166578]
0.1323882862925 [0.156222119927] [0.108554452658]
0.132285732776 [0.154919758439] [0.109651707113]
0.13156996294849999 [0.154436156154] [0.108703769743]
0.132488451898 [0.155224651098] [0.109752252698]
0.135990541428 [0.15909910202] [0.112881980836]
0.142443843186 [0.16761136055] [0.117276325822]
0.15125301852849998 [0.180110752583] [0.122395284474]
0.16159828752299998 [0.193608924747] [0.129587650299]
0.17123313248150002 [0.203410193324] [0.139056071639]
0.17812474071950002 [0.207527771592] [0.148721709847]
0.1803566738965 [0.205846741796] [0.154866605997]
0.179604612291 [0.203129947186] [0.156079277396]
0.1762017309665 [0.19895388186] [0.153449580073]
0.170888826251 [0.192065805197] [0.149711847305]
0.166073657572 [0.18317271769] [0.148974597454]
0.1615314036605 [0.173643186688] [0.149419620633]
0.1562357544895 [0.162902846932] [0.149568662047]
0.149023413658 [0.149532660842] [0.148514166474]
0.141759328544 [0.135246053338] [0.14827260375]
0.1358304023745 [0.120395213366] [0.151265591383]
0.1301096640525 [0.105665422976] [0.154553905129]
0.12473884597405001 [0.0943284705281] [0.15514922142]
