0.232556678355 [0.315446943045] [0.149666413665]
0.240074671805 [0.323408424854] [0.156740918756]
0.2481354177 [0.329472988844] [0.166797846556]
0.256138511002 [0.334412962198] [0.177864059806]
0.263657540083 [0.338811159134] [0.188503921032]
0.268833912909 [0.338692307472] [0.198975518346]
0.2676630243655 [0.334390133619] [0.200935915112]
0.2635269761085 [0.330776184797] [0.19627776742]
0.2586728557945 [0.329889237881] [0.187456473708]
0.257797837257 [0.334849953651] [0.180745720863]
0.261747851968 [0.345101952553] [0.178393751383]
0.26875456422550004 [0.358239471912] [0.179269656539]
0.273914128542 [0.365029454231] [0.182798802853]
0.276026919484 [0.364979684353] [0.187074154615]
0.273326598108 [0.35737118125] [0.189282014966]
0.267084494233 [0.342638760805] [0.191530227661]
0.261348724365 [0.330292612314] [0.192404836416]
0.2556686997415 [0.322547763586] [0.188789635897]
0.24880303442449997 [0.317920744419] [0.17968532443]
0.240366473794 [0.314756810665] [0.165976136923]
0.2240586951375 [0.300202727318] [0.147914662957]
0.2130439952015 [0.300703078508] [0.125384911895]
0.2000789530575 [0.299422442913] [0.100735463202]
0.1880020573735 [0.297550112009] [0.078454002738]
0.1793005075306 [0.296161711216] [0.0624393038452]
0.17324109189195 [0.294463574886] [0.0520186088979]
0.1674760635944 [0.289281278849] [0.0456708483398]
0.1595019679517 [0.277276903391] [0.0417270325124]
0.1482431888581 [0.257591456175] [0.0388949215412]
0.13566181622429999 [0.234261512756] [0.0370621196926]
0.11937101371605001 [0.202736243606] [0.0360057838261]
0.11101621389375001 [0.186541676521] [0.0354907512665]
0.1088561266663 [0.18225504458] [0.0354572087526]
0.10953950695685 [0.183090507984] [0.0359885059297]
0.11375442147235 [0.190494433045] [0.0370144098997]
0.1275050956755 [0.216387555003] [0.038622636348]
0.1299798246472 [0.218812510371] [0.0411471389234]
0.13255312666295 [0.219547599554] [0.0455586537719]
0.13602622784695 [0.218415230513] [0.0536372251809]
0.1415916979315 [0.216147243977] [0.067036151886]
0.14988351985795 [0.213340297341] [0.0864267423749]
0.158405020833 [0.210587069392] [0.106222972274]
0.1636036410925 [0.207830160856] [0.119377121329]
0.162935309112 [0.203298434615] [0.122572183609]
0.1583951078355 [0.195449367166] [0.121340848505]
0.1515670195225 [0.184759423137] [0.118374615908]
0.139576461166 [0.164744541049] [0.114408381283]
0.1230321265755 [0.135721042752] [0.110343210399]
0.11881255731000001 [0.12975589931] [0.10786921531]
0.1132448241115 [0.121623910964] [0.104865737259]
0.10005581378915 [0.0971468240023] [0.102964803576]
0.09563317149855 [0.0892355367541] [0.102030806243]
0.09256727993475 [0.0819300711155] [0.103204488754]
0.09120200201850001 [0.076092004776] [0.106311999261]
0.09115758165735 [0.0718299150467] [0.110485248268]
0.09802947938445 [0.0805877074599] [0.115471251309]
0.1018082797527 [0.0877381786704] [0.115878380835]
0.11183242872345 [0.0933529958129] [0.130311861634]
0.1253112480046 [0.0982359796762] [0.152386516333]
0.1419182904065 [0.103035740554] [0.180800840259]
0.1461609117685 [0.109306640923] [0.183015182614]
0.15097857639200002 [0.12149695307] [0.180460199714]
0.16253574192550002 [0.14968380332] [0.175387680531]
0.158814109862 [0.150335967541] [0.167292252183]
0.15427861362700002 [0.150575071573] [0.157982155681]
0.187052667141 [0.227472528815] [0.146632805467]
0.1803594827655 [0.226175516844] [0.134543448687]
0.174993928522 [0.226371392608] [0.123616464436]
0.170515820384 [0.227664917707] [0.113366723061]
0.166698861867 [0.230043783784] [0.10335393995]
0.16069893538975 [0.225635632873] [0.0957622379065]
0.15591927617794998 [0.223168089986] [0.0886704623699]
0.1507647149266 [0.219358250499] [0.0821711793542]
0.14334025606495 [0.210684150457] [0.0759963616729]
0.13492311164755 [0.199883103371] [0.0699631199241]
0.12585214525475 [0.187039613724] [0.0646646767855]
0.11858616210510001 [0.176765784621] [0.0604065395892]
0.1139211971313 [0.170369848609] [0.0574725456536]
0.11107749678185 [0.166605144739] [0.0555498488247]
0.10922624915845 [0.164222687483] [0.0542298108339]
0.1065824273973 [0.160979092121] [0.0521857626736]
0.1026899591089 [0.155896857381] [0.0494830608368]
0.09690965898350001 [0.14633718133] [0.047482136637]
0.09158650413145 [0.136803075671] [0.0463699325919]
0.08650410734115001 [0.127376049757] [0.0456321649253]
0.08184273168445 [0.118322186172] [0.0453632771969]
0.07675772905375 [0.107922546566] [0.0455929115415]
0.0726495925337 [0.099523037672] [0.0457761473954]
0.0705108344555 [0.0950090587139] [0.0460126101971]
0.07044397853315 [0.0940732434392] [0.0468147136271]
0.07248140871525 [0.0964182764292] [0.0485445410013]
0.07512826099995 [0.0996580421925] [0.0505984798074]
0.07734025083474999 [0.103028424084] [0.0516520775855]
0.07847867161034999 [0.106296762824] [0.0506605803967]
0.08031903952385 [0.109977498651] [0.0506605803967]
0.08256497979185 [0.114469379187] [0.0506605803967]
0.08518621325485 [0.119711846113] [0.0506605803967]
0.08764469996085 [0.124628819525] [0.0506605803967]
0.1095357090237 [0.127735421062] [0.0913359969854]
0.1128341406582 [0.128837317228] [0.0968309640884]
0.1171180680395 [0.128785759211] [0.105450376868]
0.122014645487 [0.130168706179] [0.113860584795]
0.12712991237600002 [0.133032649755] [0.121227174997]
0.132293947041 [0.137547507882] [0.1270403862]
0.137084543705 [0.143265992403] [0.130903095007]
0.141174823046 [0.150059297681] [0.132290348411]
0.14195007830849998 [0.151447400451] [0.132452756166]
0.138690717518 [0.144760996103] [0.132620438933]
0.1341632381085 [0.134962305427] [0.13336417079]
0.129449389875 [0.125159710646] [0.133739069104]
0.124911427498 [0.115642026067] [0.134180828929]
0.1191354319455 [0.107106655836] [0.131164208055]
0.11289947480000001 [0.100763946772] [0.125035002828]
0.1077974289658 [0.0976932793856] [0.117901578546]
0.10486685484635 [0.0976509079337] [0.112082801759]
0.10410350188595 [0.0994760170579] [0.108730986714]
0.1040589548645 [0.101782031357] [0.106335878372]
0.104099135846 [0.103962443769] [0.104235827923]
0.1043176203965 [0.106198810041] [0.102436430752]
0.10470093041680001 [0.109507106245] [0.0998947545886]
0.1062940694392 [0.115450359881] [0.0971377789974]
0.10978239029629999 [0.124750986695] [0.0948137938976]
0.1124894954266 [0.132611498237] [0.0923674926162]
0.11379128322005 [0.139230504632] [0.0883520618081]
0.1147152297201 [0.14599198103] [0.0834384784102]
0.11565149202944999 [0.153071269393] [0.0782317146659]
0.11958835273995 [0.16282568872] [0.0763510167599]
0.12811447307485 [0.178903833032] [0.0773251131177]
0.13802420347935002 [0.196508139372] [0.0795402675867]
0.14492517709755 [0.209505990148] [0.0803443640471]
0.14560102298865 [0.214695453644] [0.0765065923333]
0.1395977884529 [0.211220130324] [0.0679754465818]
0.12966595403825 [0.201555460691] [0.0577764473855]
0.1190060991794 [0.188313677907] [0.0496985204518]
0.1109830327333 [0.177278518677] [0.0446875467896]
0.1050678323952 [0.167778730392] [0.0423569343984]
0.1012046635149 [0.160402461886] [0.0420068651438]
0.09904084913439999 [0.155325651169] [0.0427560470998]
0.09835983999065 [0.152324348688] [0.0443953312933]
0.0983287859706 [0.149779245257] [0.0468783266842]
0.09820828773085 [0.146383792162] [0.0500327832997]
0.0976289212702 [0.14101485908] [0.0542429834604]
0.09666209295385 [0.134235754609] [0.0590884312987]
0.09563907235875 [0.127700775862] [0.0635773688555]
0.09455442801139999 [0.122526749969] [0.0665821060538]
0.09445217996855 [0.119171969593] [0.0697323903441]
0.09626339003465 [0.117826841772] [0.0746999382973]
0.09951826930060001 [0.117691099644] [0.0813454389572]
0.10368637740625 [0.119258463383] [0.0881142914295]
0.1082256175579 [0.121390976012] [0.0950602591038]
0.1121645532545 [0.123959906399] [0.10036920011]
0.1115606427195 [0.123083293438] [0.100037992001]
0.10708983242535 [0.121110759676] [0.0930689051747]
0.1010704375802 [0.119046270847] [0.0830946043134]
0.09706664085380001 [0.120456561446] [0.0736767202616]
0.09619214013235 [0.125521719456] [0.0668625608087]
0.09910747781375001 [0.134612113237] [0.0636028423905]
0.1049998961389 [0.146737024188] [0.0632627680898]
0.11140679568065 [0.158559188247] [0.0642544031143]
0.11621527001265 [0.166624262929] [0.0658062770963]
0.11813028901805 [0.169436112046] [0.0668244659901]
0.11676265299315 [0.167429447174] [0.0660958588123]
0.11312245205060001 [0.1612547189] [0.0649901852012]
0.10772873461225001 [0.151744395494] [0.0637130737305]
