0.05283039994535 [0.0688971430063] [0.0367636568844]
0.0529635231942 [0.069163389504] [0.0367636568844]
0.05769251845775 [0.0786213800311] [0.0367636568844]
0.062222616747000005 [0.0876815766096] [0.0367636568844]
0.06541459448635001 [0.0940655320883] [0.0367636568844]
0.06816379539665 [0.0995639339089] [0.0367636568844]
0.0713048409672 [0.10584602505] [0.0367636568844]
0.0751991774887 [0.113634698093] [0.0367636568844]
0.0785741936417 [0.120384730399] [0.0367636568844]
0.0813530255107 [0.125942394137] [0.0367636568844]
0.0829047951847 [0.129045933485] [0.0367636568844]
0.08364402689020001 [0.130524396896] [0.0367636568844]
0.0814916510137 [0.126219645143] [0.0367636568844]
0.07506592385470001 [0.113368190825] [0.0367636568844]
0.0676820259541 [0.0986003950238] [0.0367636568844]
0.06195254065095 [0.0871414244175] [0.0367636568844]
0.05906317196785 [0.0813626870513] [0.0367636568844]
0.0581808593124 [0.0795980617404] [0.0367636568844]
0.057986674830300004 [0.0792096927762] [0.0367636568844]
0.05839687772095 [0.0800300985575] [0.0367636568844]
0.059340981766550005 [0.0819183066487] [0.0367636568844]
0.0577305462211 [0.0786974355578] [0.0367636568844]
0.055626349523650004 [0.0744890421629] [0.0367636568844]
0.0532739367336 [0.0697842165828] [0.0367636568844]
0.0509816277772 [0.06519959867] [0.0367636568844]
0.0490279961377 [0.061292335391] [0.0367636568844]
0.0476616527885 [0.0585596486926] [0.0367636568844]
0.0474154278636 [0.0580671988428] [0.0367636568844]
0.04882691428065 [0.0608901716769] [0.0367636568844]
0.05276009254155 [0.0687565281987] [0.0367636568844]
0.0604825671762 [0.084201477468] [0.0367636568844]
0.0730607192962 [0.109357781708] [0.0367636568844]
0.0730607192962 [0.109357781708] [0.0367636568844]
0.0730607192962 [0.109357781708] [0.0367636568844]
0.0730607192962 [0.109357781708] [0.0367636568844]
0.0730607192962 [0.109357781708] [0.0367636568844]
0.0875325221567 [0.138301387429] [0.0367636568844]
0.0816221851857 [0.126480713487] [0.0367636568844]
0.0766647700222 [0.11656588316] [0.0367636568844]
0.07313566468669999 [0.109507672489] [0.0367636568844]
0.07087565027170001 [0.104987643659] [0.0367636568844]
0.0697696637362 [0.102775670588] [0.0367636568844]
0.07778398692630001 [0.101949051023] [0.0536189228296]
0.0778915621338 [0.102164201438] [0.0536189228296]
0.0781165249648 [0.1026141271] [0.0536189228296]
0.0773436091838 [0.101068295538] [0.0536189228296]
0.07632153108715001 [0.0990241393447] [0.0536189228296]
0.0749973692 [0.0963758155704] [0.0536189228296]
0.07273690775035 [0.0918548926711] [0.0536189228296]
0.07046525925395 [0.0873115956783] [0.0536189228296]
0.06809582188725 [0.0825727209449] [0.0536189228296]
0.06491453200575001 [0.0762101411819] [0.0536189228296]
0.0622341558337 [0.0708493888378] [0.0536189228296]
0.0602786466479 [0.0669383704662] [0.0536189228296]
0.05925330519675 [0.0648876875639] [0.0536189228296]
0.0590557679534 [0.0644926130772] [0.0536189228296]
0.05941708013415 [0.0652152374387] [0.0536189228296]
0.06004086881875 [0.0664628148079] [0.0536189228296]
0.0605863407254 [0.0675537586212] [0.0536189228296]
0.06091194599865 [0.0682049691677] [0.0536189228296]
0.06121691316365 [0.0688149034977] [0.0536189228296]
0.06176982820035 [0.0699207335711] [0.0536189228296]
0.06285943835970001 [0.0720999538898] [0.0536189228296]
0.07278722524645001 [0.0759577378631] [0.0696167126298]
0.07703036814924999 [0.0813944712281] [0.0726662650704]
0.0812007561326 [0.0881231799722] [0.074278332293]
0.08519145101305 [0.0963945612311] [0.073988340795]
0.0909354314208 [0.108465231955] [0.0734056308866]
0.10185139626289999 [0.130220830441] [0.0734819620848]
0.12019908055664999 [0.167045339942] [0.0733528211713]
0.13653493672615 [0.201008334756] [0.0720615386963]
0.1479901075363 [0.226268261671] [0.0697119534016]
0.14408598840215 [0.221392139792] [0.0667798370123]
0.132241334766 [0.201185211539] [0.063297457993]
0.1169804595412 [0.174957290292] [0.0590036287904]
0.10010686330495 [0.145416110754] [0.0547976158559]
0.08582998439695 [0.121334381402] [0.0503255873919]
0.07614205218855 [0.105755455792] [0.0465286485851]
0.07008757442235 [0.0966011509299] [0.0435739979148]
0.0670722946525 [0.0920519381762] [0.0420926511288]
0.06578641943635 [0.0907023996115] [0.0408704392612]
0.0665568653494 [0.0917631462216] [0.0413505844772]
0.0670335981995 [0.0939262211323] [0.0401409752667]
0.0680249705911 [0.0953837782145] [0.0406661629677]
0.0675795506686 [0.0943506509066] [0.0408084504306]
0.06556474976240001 [0.0903009995818] [0.040828499943]
0.0623676311225 [0.0840809643269] [0.0406542979181]
0.0589850973338 [0.0778506696224] [0.0401195250452]
0.056591948494349995 [0.0731729343534] [0.0400109626353]
0.05564992502335 [0.0707935765386] [0.0405062735081]
0.056608427315950005 [0.0710933357477] [0.0421235188842]
0.059606814757 [0.074629239738] [0.044584389776]
0.0652550496161 [0.0823137462139] [0.0481963530183]
0.07110865972935 [0.0909943804145] [0.0512229390442]
0.07411487773065 [0.096780307591] [0.0514494478703]
0.07458899356425 [0.0987770706415] [0.050400916487]
