0.028861273545800002 [0.0103314192966] [0.047391127795]
0.02886912366375 [0.0107050156221] [0.0470332317054]
0.02899809554215 [0.0110715590417] [0.0469246320426]
0.029215331655 [0.0113539611921] [0.0470767021179]
0.029599132482000003 [0.0116086797789] [0.0475895851851]
0.0304744592868 [0.0122309578583] [0.0487179607153]
0.03231394616885 [0.0138087933883] [0.0508190989494]
0.0357935158536 [0.017278758809] [0.0543082728982]
0.043762160465149996 [0.0273184962571] [0.0602058246732]
0.04839383251965 [0.0279271788895] [0.0688604861498]
0.05315636843445 [0.0276310220361] [0.0786817148328]
0.05562517326325 [0.0262847002596] [0.0849656462669]
0.05518464837225 [0.0246688593179] [0.0857004374266]
0.05291912704705 [0.0232456922531] [0.082592561841]
0.05189492367205 [0.0240981765091] [0.079691670835]
0.05130017735065 [0.0242560096085] [0.0783443450928]
0.0506975930184 [0.0235631354153] [0.0778320506215]
0.0491249570623 [0.0228088218719] [0.0754410922527]
0.046568647027050006 [0.0224224328995] [0.0707148611546]
0.043541214428850006 [0.0226581227034] [0.0644243061543]
0.04108962230385 [0.023226082325] [0.0589531622827]
0.03930627088995 [0.0237191412598] [0.0548934005201]
0.0380498506129 [0.0239202566445] [0.0521794445813]
0.0372796813026 [0.0239525157958] [0.0506068468094]
0.0370160518214 [0.0240556467324] [0.0499764569104]
0.03743329364805 [0.0245841834694] [0.0502824038267]
0.03858519531785 [0.025674957782] [0.0514954328537]
0.040470567531899995 [0.0274968836457] [0.0534442514181]
0.042675748467449995 [0.029995393008] [0.0553561039269]
0.04470157064495 [0.0331977456808] [0.0562053956091]
0.0461428556591 [0.0361934788525] [0.0560922324657]
0.0465399120003 [0.0380843840539] [0.0549954399467]
0.04684103652835 [0.0393469370902] [0.0543351359665]
0.0484650284052 [0.0407417006791] [0.0561883561313]
0.05242360197005 [0.0423400662839] [0.0625071376562]
0.05892039090395 [0.0422211587429] [0.075619623065]
0.06317771971225 [0.0294895246625] [0.096865914762]
0.0667704455553 [0.0167300626636] [0.116810828447]
0.07122921291725 [0.0156786013395] [0.126779824495]
0.0709507707508 [0.0147850103676] [0.127116531134]
0.0667744884267 [0.0139367524534] [0.1196122244]
0.060859589371899996 [0.0130468429998] [0.108672335744]
0.054819354321800004 [0.012031908147] [0.0976068004966]
0.0499881715514 [0.0109739052132] [0.0890024378896]
0.046911608893449995 [0.01001366321] [0.0838095545769]
0.04535584058613 [0.00982463918626] [0.080887041986]
0.045114744454649996 [0.0103938505054] [0.0798356384039]
0.04510202398525 [0.0113047016785] [0.078899346292]
0.0440692845732 [0.0117268376052] [0.0764117315412]
0.041816469281900005 [0.0119784101844] [0.0716545283794]
0.03846961306405 [0.0123003059998] [0.0646389201283]
0.0356201804243 [0.0138799687847] [0.0573603920639]
0.0353624513373 [0.0193588640541] [0.0513660386205]
0.03401779197155 [0.0199758298695] [0.0480597540736]
0.0338025037199 [0.0204305760562] [0.0471744313836]
0.03390079084785 [0.0201882291585] [0.0476133525372]
0.0339860441163 [0.0192223135382] [0.0487497746944]
0.03399595618245 [0.0180802196264] [0.0499116927385]
0.0340909427032 [0.0171584580094] [0.051023427397]
0.03423188999295 [0.0164529830217] [0.0520107969642]
0.03464544843885 [0.0162423681468] [0.0530485287309]
0.03513960074635 [0.0159955006093] [0.0542837008834]
0.0354395955801 [0.0157733187079] [0.0551058724523]
0.03551451489325 [0.015647675842] [0.0553813539445]
0.035592313855900004 [0.0156044587493] [0.0555801689625]
0.0358635731973 [0.0155332060531] [0.0561939403415]
0.0363347106613 [0.0152450921014] [0.0574243292212]
0.0369373750873 [0.0147170210257] [0.0591577291489]
0.03730201814325 [0.0141273792833] [0.0604766570032]
0.03720638994125 [0.013716513291] [0.0606962665915]
0.0368338460103 [0.0136124212295] [0.0600552707911]
0.0368451005779 [0.0138016482815] [0.0598885528743]
0.038019331637800004 [0.0145282754675] [0.0615103878081]
0.0410227663815 [0.015688970685] [0.066356562078]
0.04478709492835 [0.0171270761639] [0.0724471136928]
0.0479918476194 [0.0185544006526] [0.0774292945862]
0.05096068326385 [0.0195676330477] [0.08235373348]
0.05444626696405 [0.0199748240411] [0.088917709887]
0.0570748662576 [0.0199197363108] [0.0942299962044]
0.05744525883345 [0.0196203980595] [0.0952701196074]
0.0568971596658 [0.0189489945769] [0.0948453247547]
0.055253353901199995 [0.0180757138878] [0.0924309939146]
0.05195303913205 [0.0166862215847] [0.0872198566794]
0.048107984475799996 [0.0151221435517] [0.0810938253999]
0.04441177099945 [0.0136820077896] [0.0751415342093]
0.0416859043762 [0.0127160977572] [0.0706557109952]
0.039964305236900005 [0.0121367909014] [0.0677918195724]
0.03890719171615 [0.0119286309928] [0.0658857524395]
0.03828316600995 [0.0119589800015] [0.0646073520184]
0.03775102132935 [0.0120030390099] [0.0634990036488]
0.03705501556395 [0.0119934417307] [0.0621165893972]
0.03598855622115 [0.0118820294738] [0.0600950829685]
0.03489120397715 [0.0118247810751] [0.0579576268792]
0.03455207915975 [0.0120065929368] [0.0570975653827]
0.03583154408265 [0.012642829679] [0.0590202584863]
0.0385270062834 [0.013681370765] [0.0633726418018]
0.0427378565073 [0.015072606504] [0.0704031065106]
0.0481780227274 [0.0168113075197] [0.0795447379351]
0.05418022256345 [0.0191304739565] [0.0892299711704]
0.06074925418945 [0.0223726835102] [0.0991258248687]
0.0670551070943 [0.0261766109616] [0.107933603227]
0.07176831085215 [0.0287764836103] [0.114760138094]
0.07400160655395 [0.0299689695239] [0.118034243584]
0.07480129133925 [0.0302344392985] [0.11936814338]
0.07679486274725 [0.0303842276335] [0.123205497861]
0.0813200371342 [0.0310647729784] [0.13157530129]
0.08886006474470001 [0.0327831059694] [0.14493702352]
0.09840735234345 [0.0356215722859] [0.161193132401]
0.10933813080185 [0.0392845645547] [0.179391697049]
0.1228516995908 [0.0436563938856] [0.202047005296]
0.14023248851305 [0.0500626116991] [0.230402365327]
0.16278837248709999 [0.0625252053142] [0.26305153966]
0.191690456122 [0.089231364429] [0.294149547815]
0.22079448401950003 [0.129913687706] [0.311675280333]
0.237444601953 [0.154672190547] [0.320217013359]
0.24129759520299998 [0.158940896392] [0.323654294014]
0.2403064221145 [0.153760939837] [0.326851904392]
0.2391199842095 [0.147357866168] [0.330882102251]
0.235950179398 [0.140037700534] [0.331862658262]
0.22190384194249999 [0.124440990388] [0.319366693497]
0.18500327318885001 [0.0928182452917] [0.277188301086]
0.14172356948265 [0.0635323747993] [0.219914764166]
