0.038532737642550004 [0.0240759290755] [0.0529895462096]
0.0370367327705 [0.0234102066606] [0.0506632588804]
0.0371747324243 [0.0235818568617] [0.0507676079869]
0.03832112811505 [0.0239828079939] [0.0526594482362]
0.03989779390395 [0.0239544138312] [0.0558411739767]
0.0416189385578 [0.0231399666518] [0.0600979104638]
0.04355300124735 [0.0216821115464] [0.0654238909483]
0.04582266137005 [0.0200086981058] [0.0716366246343]
0.048272627405799996 [0.0184253361076] [0.078119918704]
0.05070379190145 [0.0170799605548] [0.0843276232481]
0.053098611533649996 [0.0157827958465] [0.0904144272208]
0.05578188830985 [0.0144295366481] [0.0971342399716]
0.0598344169555 [0.013059489429] [0.106609344482]
0.06584159471079999 [0.0120082236826] [0.119674965739]
0.0741141783073 [0.0113892350346] [0.13683912158]
0.08362447517005 [0.0111497500911] [0.156099200249]
0.09347063489255 [0.0111283995211] [0.175812870264]
0.1008724682034 [0.0112166330218] [0.190528303385]
0.10581390373390001 [0.0107769481838] [0.200850859284]
0.1074527986347 [0.0103301629424] [0.204575434327]
0.10186123615135 [0.0104041500017] [0.193318322301]
0.08670637896265 [0.0103478608653] [0.16306489706]
0.06760183116445 [0.0100171593949] [0.125186502934]
0.051551654934875 [0.00951981544495] [0.0935834944248]
0.040791757870439996 [0.00910387281328] [0.0724796429276]
0.03426015796138 [0.00894571561366] [0.0595746003091]
0.030393522232790002 [0.00912156701088] [0.0516654774547]
0.02798716723918 [0.00961411744356] [0.0463602170348]
0.02626060368495 [0.0102970423177] [0.0422241650522]
0.02471613977105 [0.0110647585243] [0.0383675210178]
0.023234310559949997 [0.0117215085775] [0.0347471125424]
0.021635644603549997 [0.0119985090569] [0.0312727801502]
0.0199181176722 [0.0119667183608] [0.0278695169836]
0.018421264365300002 [0.0122361574322] [0.0246063712984]
0.01710056792945 [0.0124477352947] [0.0217534005642]
0.0161447771825 [0.0123367113993] [0.0199528429657]
0.0160499610938 [0.0124546783045] [0.0196452438831]
0.01714643090965 [0.0130707919598] [0.0212220698595]
0.01972026145085 [0.0142591642216] [0.0251813586801]
0.0239220801741 [0.0160089284182] [0.03183523193]
0.029361650347699997 [0.0178819224238] [0.0408413782716]
0.0342042036355 [0.0191110670567] [0.0492973402143]
0.03623278252785 [0.0191683210433] [0.0532972440124]
0.03606033790855 [0.0183763299137] [0.0537443459034]
0.03596679400655 [0.0171641353518] [0.0547694526613]
0.03714765608315 [0.0162312202156] [0.0580640919507]
0.0399783924222 [0.0158803761005] [0.0640764087439]
0.04435265623034999 [0.0161903910339] [0.0725149214268]
0.048687099479149995 [0.01682732068] [0.0805468782783]
0.05235875956715 [0.0174854211509] [0.0872320979834]
0.054767132736750004 [0.0180091056973] [0.0915251597762]
0.055496533401299994 [0.0181898791343] [0.0928031876683]
0.0547041716054 [0.0179981384426] [0.0914102047682]
0.053206391632550004 [0.0176007077098] [0.0888120755553]
0.05179806798695 [0.0172720775008] [0.0863240584731]
0.0505888741463 [0.0172172747552] [0.0839604735374]
0.04951537586745 [0.0174760483205] [0.0815547034144]
0.04852602537725 [0.0180206280202] [0.0790314227343]
0.0477032214403 [0.0186033695936] [0.076803073287]
0.04637010209265 [0.0190769992769] [0.0736632049084]
0.04366588778795 [0.0190865211189] [0.068245254457]
0.03933037631215 [0.0185489468277] [0.0601118057966]
0.03487968072295 [0.0178472772241] [0.0519120842218]
0.0317987743765 [0.017185036093] [0.04641251266]
0.031193981878450003 [0.0165209528059] [0.045867010951]
0.03282768372445 [0.0157490838319] [0.049906283617]
0.03559219511225 [0.0149430790916] [0.0562413111329]
0.038688241969799995 [0.0142946904525] [0.0630817934871]
0.0415484327823 [0.0138671658933] [0.0692296996713]
0.0437964228913 [0.0135925840586] [0.074000261724]
0.04539579339325 [0.0133254863322] [0.0774661004543]
0.0467052035965 [0.0131212072447] [0.0802891999483]
0.04826718149705 [0.0131507506594] [0.0833836123347]
0.0505326995626 [0.01364463754] [0.0874207615852]
0.0541074140929 [0.0148378638551] [0.0933769643307]
0.058304104954 [0.0167773813009] [0.0998308286071]
0.061835800297599997 [0.0186645183712] [0.105007082224]
0.064340335317 [0.019860425964] [0.10882024467]
0.0669454215095 [0.020227169618] [0.113663673401]
0.07051630225025 [0.0205313991755] [0.120501205325]
0.07516178395595001 [0.0213189553469] [0.129004612565]
0.08023135922829999 [0.0228555612266] [0.13760715723]
0.08350592106585 [0.0250383913517] [0.14197345078]
0.082445547916 [0.02688841708] [0.138002678752]
0.0788575997575 [0.027431262657] [0.130283936858]
0.07504817377765 [0.0266678016633] [0.123428545892]
0.07157490402435 [0.0249775648117] [0.118172243237]
0.06925772130475 [0.0228205397725] [0.115694902837]
0.06720171030635 [0.0208533462137] [0.113550074399]
0.06618884298935 [0.0197643060237] [0.112613379955]
0.06691263057305 [0.0197722353041] [0.114053025842]
0.06945273187035 [0.0207327064127] [0.118172757328]
0.07337448745945 [0.0222793295979] [0.124469645321]
0.07750925235455 [0.0238847695291] [0.13113373518]
0.0809740098194 [0.0252116266638] [0.136736392975]
0.08369305357315 [0.0264111682773] [0.140974938869]
0.0865030530842 [0.0277822203934] [0.145223885775]
0.0903321318328 [0.0292547270656] [0.1514095366]
0.0953447641804 [0.0308173391968] [0.159872189164]
0.10035245865605 [0.0323675423861] [0.168337374926]
0.1055627986787 [0.0340433716774] [0.17708222568]
0.1106820683924 [0.0362812839448] [0.18508285284]
0.1157423518596 [0.0385099425912] [0.192974761128]
0.11848782747995 [0.0394679456949] [0.197507709265]
0.11596155166605 [0.0375039279461] [0.194419175386]
0.11018718592815 [0.0332386754453] [0.187135696411]
0.10467209666975 [0.0285747647285] [0.180769428611]
0.10186173859995 [0.0249743778259] [0.178749099374]
0.10179650038505 [0.0227293968201] [0.18086360395]
0.10242086276415001 [0.0213345065713] [0.183507218957]
0.10270022600880001 [0.0204458385706] [0.184954613447]
0.1013378258796 [0.0197681300342] [0.182907521725]
0.09855201095355001 [0.0192819386721] [0.177822083235]
0.09564581140885 [0.0189977809787] [0.172293841839]
0.09339668788 [0.01894717291] [0.16784620285]
0.09191240649665 [0.0191187169403] [0.164706096053]
0.09146752394730001 [0.0195876695216] [0.163347378373]
0.09247295744735 [0.0203470923007] [0.164598822594]
0.09531696978950001 [0.021594511345] [0.169039428234]
0.09950800519415 [0.0232582893223] [0.175757721066]
0.102594795637 [0.025003483519] [0.180186107755]
0.10103953070955 [0.0255023725331] [0.176576688886]
0.09443580266085 [0.0242950301617] [0.16457657516]
0.08585137967015 [0.0230612326413] [0.148641526699]
0.07930898386995 [0.0220548156649] [0.136563152075]
0.0760685699061 [0.0214739385992] [0.130663201213]
0.07530444487915 [0.0212840363383] [0.12932485342]
0.07512199319905 [0.0211373306811] [0.129106655717]
0.07429517991855 [0.0211389996111] [0.127451360226]
0.071254153736 [0.021041193977] [0.121467113495]
0.06764523405555001 [0.0209134984761] [0.114376969635]
0.06387820467335 [0.0208207070827] [0.106935702264]
0.0602120850235 [0.0207803882658] [0.0996437817812]
0.0571572780609 [0.0205478519201] [0.0937667042017]
0.0547238308936 [0.0199778564274] [0.0894698053598]
0.05285871308295 [0.0189826246351] [0.0867348015308]
0.05152700841425 [0.0176998823881] [0.0853541344404]
0.050696280784950004 [0.0164651293308] [0.0849274322391]
0.050201181322300004 [0.0156742110848] [0.0847281515598]
0.04983867378905 [0.0155211323872] [0.0841562151909]
0.049368974752699996 [0.0159017909318] [0.0828361585736]
0.04863579478115 [0.0166941639036] [0.0805774256587]
0.04769772849975 [0.0175364874303] [0.0778589695692]
0.04698833357545 [0.0181187745184] [0.0758578926325]
0.046943355351699995 [0.0184798240662] [0.0754068866372]
0.0482565714046 [0.0186924692243] [0.0778206735849]
0.0515729608014 [0.018867732957] [0.0842781886458]
0.05749839451165 [0.0190298240632] [0.0959669649601]
0.0642540389671 [0.0193620864302] [0.109145991504]
0.0713726170359 [0.0201358050108] [0.122609429061]
0.07728350441895 [0.0218425896019] [0.132724419236]
0.08230843115605 [0.0249162111431] [0.139700651169]
0.08753298223025001 [0.0301518291235] [0.144914135337]
0.09322707913815 [0.0373487584293] [0.149105399847]
0.09738223254695 [0.0442951023579] [0.150469362736]
0.09670620411635 [0.0451299399137] [0.148282468319]
0.0936640016734 [0.0391191020608] [0.148208901286]
0.09595474228239999 [0.0303775593638] [0.161531925201]
0.10750829149025001 [0.0232925806195] [0.191724002361]
0.1266156807543 [0.0183305740356] [0.234900787473]
0.1457609259525 [0.014950488694] [0.276571363211]
0.15905759809515002 [0.0129878139123] [0.305127382278]
0.16380761982849998 [0.011917152442] [0.315698087215]
0.16002837754795 [0.0114116258919] [0.308645129204]
0.15021817106735 [0.0111996475607] [0.289236694574]
0.1386716775598 [0.0111636444926] [0.266179710627]
0.13015185063685 [0.0111846430227] [0.249119058251]
0.12619923986495 [0.0111784823239] [0.241219997406]
0.12642526254075 [0.0110147967935] [0.241835728288]
0.12973776599385 [0.0106611875817] [0.248814344406]
0.13438559463225 [0.0102665303275] [0.258504658937]
0.13834838941715 [0.0099787786603] [0.266718000174]
0.13965439191105 [0.0100552616641] [0.269253522158]
0.13727340754130002 [0.0105767380446] [0.263970077038]
0.13276733784015 [0.0115751987323] [0.253959476948]
0.12765697762375 [0.0127844288945] [0.242529526353]
0.12325598439220001 [0.0138445077464] [0.232667461038]
0.12036213418465 [0.0145123926923] [0.226211875677]
0.12027181265875 [0.0146505003795] [0.225893124938]
0.12407653592534999 [0.0146866105497] [0.233466461301]
0.13154585426680002 [0.0148452622816] [0.248246446252]
0.1389159718526 [0.0150234419852] [0.26280850172]
0.1428350815549 [0.0150928217918] [0.270577341318]
0.14270695438625 [0.0152019439265] [0.270211964846]
0.140337803401 [0.015831457451] [0.264844149351]
0.14204574469450001 [0.017012970522] [0.267078518867]
0.14909328240915 [0.0182972494513] [0.279889315367]
0.1589704696087 [0.0188669748604] [0.299073964357]
0.16708977613595 [0.0185783822089] [0.315601170063]
0.17055307049309998 [0.0181104186922] [0.322995722294]
0.16960959788395003 [0.0177112948149] [0.321507900953]
0.16677481494825 [0.0176572315395] [0.315892398357]
