0.0885316748173 [0.0256715901196] [0.151391759515]
0.08393354155145 [0.0255872197449] [0.142279863358]
0.0798408025875 [0.025088923052] [0.134592682123]
0.07662532199155 [0.0245446804911] [0.128705963492]
0.0747902113946 [0.0244157202542] [0.125164702535]
0.07448081485905 [0.0251112468541] [0.123850382864]
0.07483083568515 [0.0257392786443] [0.123922392726]
0.0757502187042 [0.0264562256634] [0.125044211745]
0.07724744547145 [0.0276954714209] [0.126799419522]
0.0795179363341 [0.0297444276512] [0.129291445017]
0.08281578496075 [0.0325874611735] [0.133044108748]
0.08753246068975 [0.0354783684015] [0.139586552978]
0.09261268749849999 [0.037588365376] [0.147637009621]
0.09608114324505 [0.0382631830871] [0.153899103403]
0.09795965068025 [0.0377629213035] [0.158156380057]
0.09731273539384999 [0.0357404388487] [0.158885031939]
0.09362000413235 [0.0321251042187] [0.155114904046]
0.08776604570440001 [0.0275687165558] [0.147963374853]
0.0819789804519 [0.0231633409858] [0.140794619918]
0.07718601636610001 [0.0197051726282] [0.134666860104]
0.07375839352615 [0.0180176198483] [0.129499167204]
0.07162466458985 [0.0177427642047] [0.125506564975]
0.06991041172275 [0.0179280061275] [0.121892817318]
0.0683821626005 [0.01824195683] [0.118522368371]
0.06781754922120001 [0.0185837652534] [0.117051333189]
0.06813502963654999 [0.0185922440141] [0.117677815259]
0.0689622657373 [0.0184235516936] [0.119500979781]
0.06982866488385 [0.0181650333107] [0.121492296457]
0.0704083200543 [0.0180419422686] [0.12277469784]
0.0707604205236 [0.0181476976722] [0.123373143375]
0.07158651389170001 [0.0187455005944] [0.124427527189]
0.0743951993065 [0.020323196426] [0.128467202187]
0.08125620428465 [0.0237178523093] [0.13879455626]
0.09529557172214999 [0.0304490495473] [0.160142093897]
0.1198037564752 [0.0422773212194] [0.197330191731]
0.15423506684605 [0.0612933374941] [0.247176796198]
0.18471661210085 [0.0844898223877] [0.284943401814]
0.197876214981 [0.10035893321] [0.295393496752]
0.2020020484925 [0.107520192862] [0.296483904123]
0.20233375951649998 [0.109470508993] [0.29519701004]
0.1998661607505 [0.109067410231] [0.29066491127]
0.1966999433935 [0.10706307739] [0.286336809397]
0.1956568993625 [0.108038432896] [0.283275365829]
0.19475873932249999 [0.108221195638] [0.281296283007]
0.195145662874 [0.106682948768] [0.28360837698]
0.19872611016 [0.106265351176] [0.291186869144]
0.2051678411665 [0.106422953308] [0.303912729025]
0.207692343742 [0.103232301772] [0.312152385712]
0.20030757784845 [0.0859685540199] [0.314646601677]
0.17541500553475 [0.0523638650775] [0.298466145992]
0.15048494283094999 [0.0300500262529] [0.270919859409]
0.1358162285758 [0.0188400093466] [0.252792447805]
0.1303120190279 [0.0134821999818] [0.247141838074]
0.1273085460996 [0.0108964862302] [0.243720605969]
0.1256397911345 [0.009869848378] [0.241409733891]
0.125395421404345 [0.00969406310469] [0.241096779704]
0.1262276866472 [0.0098279165104] [0.242627456784]
0.127053582575035 [0.00993961375207] [0.244167551398]
0.126854366157275 [0.00997976679355] [0.243728965521]
0.124365882948 [0.010040152818] [0.238691613078]
0.11879658559325 [0.0101732434705] [0.227419927716]
0.1103905104102 [0.0102960541844] [0.210484966636]
0.10074402950700001 [0.010302554816] [0.191185504198]
0.09100943710645 [0.0102438759059] [0.171774998307]
0.08288219664254999 [0.0104083288461] [0.155356064439]
0.0771804801186 [0.0109678162262] [0.143393144011]
0.07423773128564999 [0.0122191552073] [0.136256307364]
0.07430979469809999 [0.0141856791452] [0.134433910251]
0.07595807965855 [0.0165055822581] [0.135410577059]
0.0771400630475 [0.018442094326] [0.135838031769]
0.0769320596012 [0.0194696970284] [0.134394422174]
