0.1039082333445 [0.055991306901] [0.151825159788]
0.09104640409335 [0.0482940152287] [0.133798792958]
0.08184483088575 [0.0443574003875] [0.119332261384]
0.07554127275924999 [0.0397048816085] [0.11137766391]
0.0709788408129 [0.0347627736628] [0.107194907963]
0.06668668240325 [0.0288982614875] [0.104475103319]
0.0622955411675 [0.023361094296] [0.101229988039]
0.057521141134199996 [0.018909951672] [0.0961323305964]
0.0528246271424 [0.0155628239736] [0.0900864303112]
0.04884980758655 [0.0132478727028] [0.0844517424703]
0.04588927840815 [0.011769416742] [0.0800091400743]
0.04387598019095 [0.0108503010124] [0.0769016593695]
0.04255578899755 [0.0102586047724] [0.0748529732227]
0.041817041113965 [0.00989463552833] [0.0737394466996]
0.041611046995974996 [0.00967282336205] [0.0735492706299]
0.041919452603905005 [0.00949328672141] [0.0743456184864]
0.042708760593090006 [0.00930493045598] [0.0761125907302]
0.04347567865626 [0.00908266473562] [0.0778686925769]
0.044340738561030005 [0.00894297193736] [0.0797385051847]
0.04484284203500499 [0.00889237038791] [0.0807933136821]
0.045576170552525 [0.00900032464415] [0.0821520164609]
0.047429635189449995 [0.0094427075237] [0.0854165628552]
0.05061756586655 [0.0104549108073] [0.0907802209258]
0.0546024236828 [0.0121757425368] [0.0970291048288]
0.058245098683749996 [0.0144125642255] [0.102077633142]
0.060280294157399994 [0.0168462712318] [0.103714317083]
0.060913229361099996 [0.0192284919322] [0.10259796679]
0.06109661236415 [0.0214375779033] [0.100755646825]
0.0610781721771 [0.0232176706195] [0.0989386737347]
0.060830514877999994 [0.0243297293782] [0.0973313003778]
0.0602001994848 [0.0248624831438] [0.0955379158258]
0.058939564973099996 [0.0248629897833] [0.0930161401629]
0.0570408459753 [0.0243962444365] [0.0896854475141]
0.05484432913365 [0.0237725041807] [0.0859161540866]
0.0528671098873 [0.0232636909932] [0.0824705287814]
0.051330275833650005 [0.0229614078999] [0.0796991437674]
0.0500752227381 [0.0228540915996] [0.0772963538766]
0.0487839635462 [0.0229193605483] [0.0746485665441]
0.04730462376025 [0.0228996518999] [0.0717095956206]
0.046095279976699995 [0.0228703357279] [0.0693202242255]
0.0456884512678 [0.02294148691] [0.0684354156256]
0.04676666483285 [0.0234489887953] [0.0700843408704]
0.0488636996597 [0.0239475183189] [0.0737798810005]
0.050540444441149995 [0.0241569224745] [0.0769239664078]
0.0516965184361 [0.02442439273] [0.0789686441422]
0.0523275844753 [0.0248438790441] [0.0798112899065]
0.05318781826645 [0.0257591176778] [0.0806165188551]
0.05476462002845 [0.0274331327528] [0.0820961073041]
0.057118118740649995 [0.0298679415137] [0.0843682959676]
0.0594219248742 [0.0318981893361] [0.0869456604123]
0.059150816872750006 [0.0322029925883] [0.0860986411572]
0.055807421915250004 [0.030627546832] [0.0809872969985]
0.05054541677235 [0.0276538953185] [0.0734369382262]
0.046266457065950006 [0.0249682553113] [0.0675646588206]
0.04440269153565 [0.0234195124358] [0.0653858706355]
0.044134022668 [0.0227195285261] [0.0655485168099]
0.0449696741998 [0.0223989486694] [0.0675403997302]
0.046144459396599995 [0.0221365988255] [0.0701523199677]
0.04723953362555 [0.0219895001501] [0.072489567101]
0.04809782840315 [0.0218648798764] [0.0743307769299]
0.0488895792514 [0.0216568671167] [0.0761222913861]
0.050083915703 [0.02142897062] [0.078738860786]
0.05171109735965 [0.0210465565324] [0.0823756381869]
0.0538142202422 [0.0206728409976] [0.0869555994868]
0.05619362555445 [0.0202593095601] [0.0921279415488]
0.05924334097655 [0.0199400056154] [0.0985466763377]
0.06386775337175 [0.0199433378875] [0.107792168856]
0.07126720435930001 [0.0204546414316] [0.122079767287]
0.0829691486432 [0.0219095442444] [0.144028753042]
