0.08140945993385 [0.0160543881357] [0.146764531732]
0.08187481621295001 [0.0155876399949] [0.148161992431]
0.08212936483345 [0.0151397846639] [0.149118945003]
0.08203578926630001 [0.0147823281586] [0.149289250374]
0.08190415892755 [0.0144392866641] [0.149369031191]
0.08309389231745 [0.0140881156549] [0.15209966898]
0.0858375388196 [0.0136720603332] [0.158003017306]
0.08736175578065 [0.0129044558853] [0.161819055676]
0.0849419529551 [0.0115257790312] [0.158358126879]
0.0799094177781 [0.0100112184882] [0.149807617068]
0.07450210954983 [0.00873648934066] [0.140267729759]
0.069944420829405 [0.00783649459481] [0.132052347064]
0.066623738734175 [0.00722212856635] [0.126025348902]
0.064661602955255 [0.00678715761751] [0.122536048293]
0.06369437440296 [0.00649231253192] [0.120896436274]
0.06315014604501501 [0.00635250099003] [0.1199477911]
0.062674028100605 [0.00630207592621] [0.119045980275]
0.062217972008295 [0.00626851385459] [0.118167430162]
0.06185827124883 [0.00621648319066] [0.117500059307]
0.061595578445005 [0.00615496328101] [0.117036193609]
0.06121687474662 [0.00611835485324] [0.11631539464]
0.060606751823645 [0.00620641605929] [0.115007087588]
0.05952801718399 [0.00647309003398] [0.112582944334]
0.057782386196855 [0.00682805618271] [0.108736716211]
0.05569141311565 [0.0071689253673] [0.104213900864]
0.05410255468459 [0.00738433701918] [0.10082077235]
0.053626831853775 [0.00746111618355] [0.099792547524]
0.053375849034645 [0.00741587113589] [0.0993358269334]
0.05237907683476 [0.00733863841742] [0.0974195152521]
0.051000904524685 [0.00728412764147] [0.0947176814079]
0.049504180438835005 [0.00721550174057] [0.0917928591371]
0.04821223835459 [0.00721605261788] [0.0892084240913]
0.047221623826785006 [0.00719545129687] [0.0872477963567]
0.04636864038182 [0.00719534698874] [0.0855419337749]
0.045540129067385 [0.00715274596587] [0.0839275121689]
0.044709841487915 [0.00717694079503] [0.0822427421808]
0.044126333668810004 [0.00731188431382] [0.0809407830238]
0.0447332491167 [0.0078582027927] [0.0816082954407]
0.048399536404765006 [0.00927860755473] [0.0875204652548]
0.05776549875725 [0.0123843327165] [0.103146664798]
0.07745498511934999 [0.0187805313617] [0.136129438877]
0.11229314468805 [0.0315429829061] [0.19304330647]
0.15954723767945 [0.0538285337389] [0.26526594162]
0.19999845325945 [0.0811703205109] [0.318826586008]
0.2200204357505 [0.101177856326] [0.338863015175]
0.2254863120615 [0.110588856041] [0.340383768082]
0.225673448294 [0.117900781333] [0.333446115255]
0.2151944972575 [0.120091892779] [0.310297101736]
0.190835122019 [0.120970226824] [0.260700017214]
0.1584769412875 [0.121485427022] [0.195468455553]
0.132501132786 [0.122186824679] [0.142815440893]
0.11635047942400001 [0.122652284801] [0.110048674047]
0.10632769763445 [0.122094251215] [0.0905611440539]
0.09945589676505001 [0.120123922825] [0.0787878707051]
0.09449221566294999 [0.117795169353] [0.0711892619729]
0.09164262190465 [0.117457009852] [0.0658282339573]
0.09171326458449999 [0.122192710638] [0.061233818531]
0.08978182822465 [0.122192710638] [0.0573709458113]
0.08827408961949999 [0.122192710638] [0.054355468601]
0.08707255497569999 [0.122192710638] [0.0519523993134]
0.08619343116875 [0.122192710638] [0.0501941516995]
0.08576690405605 [0.122192710638] [0.0493410974741]
0.08577617071565 [0.122192710638] [0.0493596307933]
0.08631643652915 [0.122192710638] [0.0504401624203]
0.08749471232295 [0.122192710638] [0.0527967140079]
0.08931485190985 [0.122192710638] [0.0564369931817]
0.09163009934125 [0.122192710638] [0.0610674880445]
0.09394088760015 [0.122192710638] [0.0656890645623]
0.09524752944705 [0.122192710638] [0.0683023482561]
0.09458769112825 [0.122192710638] [0.0669826716185]
0.0930968299508 [0.122192710638] [0.0640009492636]
0.0918474476784 [0.122192710638] [0.0615021847188]
0.0907866153866 [0.122192710638] [0.0593805201352]
0.09008737280965 [0.122192710638] [0.0579820349813]
0.08965737745165 [0.122192710638] [0.0571220442653]
0.03540558042005 [0.0146150784567] [0.0561960823834]
0.03471611300485 [0.014624577947] [0.0548076480627]
0.033320481888949996 [0.0137126054615] [0.0529283583164]
0.0312492446974 [0.0124601256102] [0.0500383637846]
0.028696923051000002 [0.0112429456785] [0.0461509004235]
0.026260480284700002 [0.0102541446686] [0.0422668159008]
0.024669433943934997 [0.00960760377347] [0.0397312641144]
0.02419062238188 [0.00928037427366] [0.0391008704901]
0.024596620816755 [0.00919268000871] [0.0400005616248]
0.025631169788525 [0.00928932614625] [0.0419730134308]
0.02701432630419 [0.00954069197178] [0.0444879606366]
0.028292079456145 [0.00989935360849] [0.0466848053038]
0.02927423547955 [0.0103359576315] [0.0482125133276]
0.029859540518350002 [0.0107318339869] [0.0489872470498]
0.0303304125555 [0.0110490405932] [0.0496117845178]
0.0310746282339 [0.0112972483039] [0.0508520081639]
0.032426957041049996 [0.0115330927074] [0.0533208213747]
0.0351547980681 [0.0120222624391] [0.0582873336971]
0.03981685405595 [0.0130374608561] [0.0665962472558]
0.04614475788545 [0.0149395773187] [0.0773499384522]
0.053690584376449996 [0.0183198340237] [0.0890613347292]
0.06289297994235 [0.0235637109727] [0.102222248912]
0.0727800494062 [0.0303533580154] [0.115206740797]
0.08031572029 [0.037907063961] [0.122724376619]
0.08478710241615 [0.0442943759263] [0.125279828906]
0.08652823232105 [0.0485529564321] [0.12450350821]
0.0876729879529 [0.0509554632008] [0.124390512705]
0.08956836350245 [0.0525016672909] [0.126635059714]
0.09224222414205001 [0.0536640100181] [0.130820438266]
0.09515838138735 [0.0545005761087] [0.135816186666]
0.09711268730475 [0.0552737899125] [0.138951584697]
0.09847209602595 [0.0562920123339] [0.140652179718]
0.09913659654554999 [0.0576790682971] [0.140594124794]
0.09956385195245 [0.0592651516199] [0.139862552285]
0.09978816658235 [0.0609125494957] [0.138663783669]
0.10088963806654999 [0.0622506886721] [0.139528587461]
0.10359741002335 [0.0633227080107] [0.143872112036]
0.1112392358481 [0.0666091367602] [0.155869334936]
0.12546750158095 [0.0732101947069] [0.177724808455]
0.1453669816257 [0.0851428061724] [0.205591157079]
0.1610034741461 [0.0980380102992] [0.223968937993]
0.169088486582 [0.10204244405] [0.236134529114]
0.171330884099 [0.10070027411] [0.241961494088]
0.1692286245526 [0.0955289378762] [0.242928311229]
0.15329650789495 [0.0751892030239] [0.231403812766]
0.125259771943 [0.04920104146] [0.201318502426]
