0.04923516884445 [0.0197991430759] [0.078671194613]
0.051226959563799995 [0.0207705739886] [0.081683345139]
0.0547443302348 [0.0221075583249] [0.0873811021447]
0.0616123331711 [0.0244992952794] [0.0987253710628]
0.07499980181465 [0.0291086882353] [0.120890915394]
0.09748883731685 [0.0377377457917] [0.157239928842]
0.12990096211425 [0.0509836524725] [0.208818271756]
0.1606992855669 [0.0644442290068] [0.256954342127]
0.17455005645765 [0.0700302124023] [0.279069900513]
0.17346581444155001 [0.0700746998191] [0.276856929064]
0.17069109529255 [0.0682833045721] [0.273098886013]
0.1669311225413 [0.0653535723686] [0.268508672714]
0.1651073209941 [0.0621530339122] [0.268061608076]
0.1635612305252 [0.0591585449874] [0.267963916063]
0.16351098380969997 [0.0563343279064] [0.270687639713]
0.16275067999965 [0.0520327165723] [0.273468643427]
0.1564351152627 [0.0446731708944] [0.268197059631]
0.1405248865487 [0.0347417742014] [0.246307998896]
0.12098037824015001 [0.0259750261903] [0.21598573029]
0.1045702314004 [0.0200986098498] [0.189041852951]
0.09411060996345 [0.0167645104229] [0.171456709504]
0.08903135731805 [0.0150754824281] [0.162987232208]
0.086936967913 [0.014376421459] [0.159497514367]
0.0861377823167 [0.0141587918624] [0.158116772771]
0.0856782756745 [0.014104641974] [0.157251909375]
0.085202841088 [0.014109890908] [0.156295791268]
0.08433299325415 [0.0141163878143] [0.154549598694]
0.0829837820491 [0.0141514493152] [0.151816114783]
0.08088044822200001 [0.014069750905] [0.147691145539]
0.07834899192665 [0.0137629164383] [0.142935067415]
0.07580610411225 [0.0132637629285] [0.138348445296]
0.07454421464335 [0.0128413755447] [0.136247053742]
0.07531205890695 [0.0129867559299] [0.137637361884]
0.0792864006943 [0.0141741866246] [0.144398614764]
0.0862188376485 [0.01679315418] [0.155644521117]
0.0955972280351 [0.0211013369262] [0.170093119144]
0.1053090654312 [0.0264535173774] [0.184164613485]
0.11255910154445 [0.0310306828469] [0.194087520242]
0.11467074044035 [0.0340592749417] [0.195282205939]
0.1146750319747 [0.0360228158534] [0.193327248096]
0.11488615162655 [0.0378146953881] [0.191957607865]
0.11433034017685001 [0.0396241024137] [0.18903657794]
0.11196053028115 [0.0401840358973] [0.183737024665]
0.10482065938425 [0.0368960909545] [0.172745227814]
0.09170432388805 [0.0305235981941] [0.152885049582]
0.07794910110535 [0.0240893550217] [0.131808847189]
0.06781718134875 [0.0196511521935] [0.115983210504]
0.06135396193735 [0.0169457104057] [0.105762213469]
0.05863187322405 [0.0156056331471] [0.101658113301]
0.057499110233049995 [0.0150230592117] [0.0999751612544]
0.0562086426653 [0.0146858440712] [0.0977314412594]
0.0524169858545 [0.014182318002] [0.090651653707]
0.045427553821350004 [0.0133170345798] [0.0775380730629]
0.0367146153003 [0.0120798423886] [0.061349388212]
0.02958976104855 [0.0107670351863] [0.0484124869108]
0.025189879816039998 [0.00966751482338] [0.0407122448087]
0.02277864934874 [0.00890254694968] [0.0366547517478]
0.021586142946049998 [0.0084646390751] [0.034707646817]
0.021211250685155003 [0.00833619944751] [0.0340863019228]
0.02134516369551 [0.00851202569902] [0.034178301692]
0.021767519414425 [0.00898234546185] [0.034552693367]
0.02242281893266 [0.00975840631872] [0.0350872315466]
0.02312907669695 [0.0105992089957] [0.0356589443982]
0.023797664325699998 [0.0112453540787] [0.0363499745727]
0.0243461183272 [0.011572307907] [0.0371199287474]
0.02478574356065 [0.0116145042703] [0.037956982851]
0.0252499529161 [0.0116586433724] [0.0388412624598]
0.026038145180749997 [0.0119525333866] [0.0401237569749]
0.0279013789259 [0.0130982128903] [0.0427045449615]
0.0316820349544 [0.0152004174888] [0.04816365242]
0.03940620366485 [0.0194914955646] [0.0593209117651]
0.0544004291296 [0.0285966843367] [0.0802041739225]
0.07683562859875 [0.0472233220935] [0.106447935104]
0.0948592238128 [0.0778026133776] [0.111915834248]
0.10089334473005 [0.101811043918] [0.0999756455421]
0.09866924211395 [0.108189351857] [0.0891491323709]
0.09669014811509999 [0.11067853868] [0.0827017575502]
0.09359125420465 [0.10794197768] [0.0792405307293]
0.0894511714577 [0.10123873502] [0.0776636078954]
0.08383656293155001 [0.0904876366258] [0.0771854892373]
0.07733931392435 [0.0771945342422] [0.0774840936065]
0.0617720056325 [0.0453813485801] [0.0781626626849]
0.061324832960949996 [0.0443026386201] [0.0783470273018]
0.061142228543749996 [0.0435782819986] [0.0787061750889]
0.0630389843136 [0.0467586033046] [0.0793193653226]
0.0632355622947 [0.0454298406839] [0.0810412839055]
0.0638583190739 [0.0427529290318] [0.084963709116]
0.06491150334475 [0.0375545173883] [0.0922684893012]
0.06741707399485 [0.0309398695827] [0.103894278407]
0.0720929168166 [0.0252658426762] [0.118919990957]
0.07762386370455 [0.0214288178831] [0.133818909526]
0.0796034773812 [0.0190737526864] [0.140133202076]
0.07711721304805 [0.0178709346801] [0.136363491416]
0.0730756437406 [0.0173701178282] [0.128781169653]
0.06908395420745 [0.0172516163439] [0.120916292071]
0.06553615815935 [0.0172452814877] [0.113827034831]
0.0606213854624 [0.0157781485468] [0.105464622378]
0.05444222223015 [0.0138930287212] [0.0949914157391]
0.0485100261867 [0.012776710093] [0.0842433422804]
0.0433832933195 [0.0125611880794] [0.0742053985596]
0.0390764414333 [0.0128428069875] [0.0653100758791]
0.03564114961775 [0.013287069276] [0.0579952299595]
0.03320998791605 [0.0137944761664] [0.0526254996657]
0.03181095188485 [0.0144837303087] [0.049138173461]
0.0315354471095 [0.0154885025695] [0.0475823916495]
0.0320336157456 [0.0168050806969] [0.0472621507943]
0.03323922492565 [0.018212787807] [0.0482656620443]
0.034652167931200004 [0.0192313753068] [0.0500729605556]
0.0359703619033 [0.019813798368] [0.0521269254386]
0.03720362577585 [0.0201317127794] [0.0542755387723]
0.03855145256965 [0.0203790683299] [0.0567238368094]
0.0405767969787 [0.0206625908613] [0.0604910030961]
0.04352772329005 [0.0209550652653] [0.0661003813148]
0.04789529275149999 [0.0210693683475] [0.0747212171555]
0.052923070266849996 [0.0210421718657] [0.084803968668]
0.0561111662537 [0.0204992555082] [0.0917230769992]
0.054751261137450005 [0.0185435395688] [0.0909589827061]
0.05130392778665 [0.0159156117588] [0.0866922438145]
0.0474870488979 [0.0137973846868] [0.081176713109]
0.04466563649475 [0.0123183317482] [0.0770129412413]
0.0431103296578 [0.0113879069686] [0.074832752347]
0.042524984106449996 [0.0108295567334] [0.0742204114795]
0.04257768346 [0.0106343990192] [0.0745209679008]
0.04290562449025 [0.0107137253508] [0.0750975236297]
0.043348320759850005 [0.0110534299165] [0.0756432116032]
0.0437233275734 [0.0114580867812] [0.0759885683656]
0.0439811088145 [0.0118243172765] [0.0761379003525]
0.0441954904236 [0.0120312096551] [0.0763597711921]
0.044594762381200005 [0.0121349198744] [0.077054604888]
0.045263302978150004 [0.0123252151534] [0.0782013908029]
0.04605769179765 [0.0126952119172] [0.0794201716781]
0.046899468172349995 [0.0132236490026] [0.0805752873421]
0.0478898943402 [0.0137222232297] [0.0820575654507]
0.0481124585494 [0.0138375665992] [0.0823873504996]
0.0493809198961 [0.0136114638299] [0.0851503759623]
0.0508818584494 [0.0129387071356] [0.0888250097632]
0.05178677570075 [0.0120933931321] [0.0914801582694]
0.0528459572233 [0.0113500850275] [0.0943418294191]
0.05400384915995 [0.0107883056626] [0.0972193926573]
0.055176059249550005 [0.0103348912671] [0.100017227232]
0.0566027965396 [0.0100085623562] [0.103197030723]
0.058363109827065 [0.00976073741913] [0.106965482235]
0.06044372497117 [0.00962905492634] [0.111258395016]
0.062689273618395 [0.00953959487379] [0.115838952363]
0.06539501948306001 [0.00944789405912] [0.121342144907]
0.06929805595425001 [0.0093297008425] [0.129266411066]
0.07549583958485 [0.0092091569677] [0.141782522202]
0.08429582836088499 [0.00914792064577] [0.159443736076]
0.0941585814579 [0.0092729460448] [0.179044216871]
0.103469985537425 [0.00981304608285] [0.197126924992]
0.1092879339122 [0.0110832480714] [0.207492619753]
0.10971901472645 [0.0133083444089] [0.206129685044]
0.1054469970985 [0.016329979524] [0.194564014673]
0.10223517660065 [0.0193764735013] [0.1850938797]
0.09872597455955001 [0.0216228663921] [0.175829082727]
0.0953158764167 [0.0230401363224] [0.167591616511]
0.09163489844655 [0.0241524260491] [0.159117370844]
0.08745671808694999 [0.0250151157379] [0.149898320436]
0.08347450010495 [0.0262902937829] [0.140658706427]
0.0798144703729 [0.0275294166058] [0.13209952414]
0.0768580297008 [0.0284534264356] [0.125262632966]
0.0746827404947 [0.0290106870234] [0.120354793966]
0.0731322113427 [0.0294375382364] [0.116826884449]
0.0723142921927 [0.0301341190934] [0.114494465292]
0.07241603173305 [0.0314140282571] [0.113418035209]
0.07356344349695 [0.0334055460989] [0.113721340895]
0.07539134100075 [0.0358837768435] [0.114898905158]
0.0772910490632 [0.0382684096694] [0.116313688457]
0.08049648068865 [0.0409055761993] [0.120087385178]
0.08327209763205 [0.0427899546921] [0.123754240572]
0.08423043973755 [0.0429898090661] [0.125471070409]
0.08544526621679999 [0.0427163913846] [0.128174141049]
0.08690839633365001 [0.0424798056483] [0.131336987019]
0.08972108922915 [0.0423131100833] [0.137129068375]
0.09565220586955 [0.0431895367801] [0.148114874959]
0.10478367656455 [0.0455197989941] [0.164047554135]
0.1135043818505 [0.048935148865] [0.178073614836]
0.11978609487405 [0.0510457828641] [0.188526406884]
0.1233975440266 [0.0518370568752] [0.194958031178]
0.12511662952605002 [0.0524678938091] [0.197765365243]
0.12443054467435 [0.0525401234627] [0.196320965886]
0.120046786964 [0.051210552454] [0.188883021474]
