0.053023354150350005 [0.0151890087873] [0.0908576995134]
0.05348237697035 [0.0155950356275] [0.0913697183132]
0.05324062891305 [0.0157221890986] [0.0907590687275]
0.052139586769000004 [0.0156818311661] [0.0885973423719]
0.050189122557650005 [0.0156333371997] [0.0847449079156]
0.04785505402835 [0.015713730827] [0.0799963772297]
0.04603493306785 [0.0159080494195] [0.0761618167162]
0.04578109737490001 [0.0161924939603] [0.0753697007895]
0.04786210972815 [0.0163850206882] [0.0793391987681]
0.05269396211955 [0.0161626096815] [0.0892253145576]
0.0597394178622 [0.0152894994244] [0.1041893363]
0.06728671118595 [0.0135601013899] [0.121013320982]
0.0733828870578 [0.0116429235786] [0.135122850537]
0.0780810001304 [0.0101072555408] [0.14605474472]
0.08250552229585001 [0.0091094635427] [0.155901581049]
0.087405289988925 [0.00859323795885] [0.166217342019]
0.09238426899523501 [0.00849657785147] [0.176271960139]
0.09697508858519 [0.00885923299938] [0.185090944171]
0.100744205527125 [0.00933774374425] [0.19215066731]
0.10464213136582501 [0.00985501892865] [0.199429243803]
0.1093468484468 [0.0102734798566] [0.208420217037]
0.11411438975480001 [0.0105963069946] [0.217632472515]
0.11763225588965 [0.0107867140323] [0.224477797747]
0.119232773315 [0.011005862616] [0.227459684014]
0.1198144331576 [0.0115703046322] [0.228058561683]
0.12202567793405 [0.0130024887621] [0.231048867106]
0.12668140046315002 [0.0160822682083] [0.237280532718]
0.13245972432195 [0.0218320228159] [0.243087425828]
0.1374118272213 [0.0307872630656] [0.244036391377]
0.1391454935073 [0.0399570316076] [0.238333955407]
0.1369873713704 [0.0447505824268] [0.229224160314]
0.1315093226731 [0.0427268967032] [0.220291748643]
0.1246910560876 [0.0333952195942] [0.215986892581]
0.11368917208145 [0.0223885532469] [0.204989790916]
0.1047439756805 [0.014316461049] [0.195171490312]
0.09813714027407 [0.00933004915714] [0.186944231391]
0.09294196451061 [0.00650755036622] [0.179376378655]
0.08963908255089001 [0.00498595833778] [0.174292206764]
0.08814612613037501 [0.00417205365375] [0.172120198607]
0.0881219666915 [0.003798621241] [0.172445312142]
0.087280610226875 [0.00364454393275] [0.170916676521]
0.08510402601672 [0.00350751006044] [0.166700541973]
0.08224258269178501 [0.00359629979357] [0.16088886559]
0.08047048421569501 [0.00365217868239] [0.157288789749]
0.079902677098455 [0.00370782287791] [0.156097531319]
0.080884821131015 [0.00374328973703] [0.158026352525]
0.08350617846007 [0.00383120100014] [0.16318115592]
0.08690740610461499 [0.00395753374323] [0.169857278466]
0.09067357704036999 [0.00416132062674] [0.177185833454]
0.09458073670995 [0.0044126897119] [0.184748783708]
0.09784488636057 [0.00478379940614] [0.190905973315]
0.0996536167802 [0.0053273444064] [0.193979889154]
0.098839030601205 [0.00619039125741] [0.191487669945]
0.095867707859975 [0.00730714108795] [0.184428274632]
0.09215348632991001 [0.00844850484282] [0.175858467817]
0.08835953800012 [0.00869246479124] [0.168026611209]
0.085655227303555 [0.00906057655811] [0.162249878049]
0.083864285610835 [0.00947251729667] [0.158256053925]
0.082991417963175 [0.00994501356035] [0.156037822366]
0.0825387518852 [0.0104736052454] [0.154603898525]
0.08156755846015 [0.0110247340053] [0.152110382915]
0.07892031548535 [0.0114833479747] [0.146357282996]
0.0749024064282 [0.0118215801194] [0.137983232737]
0.06978511530925001 [0.0121004823595] [0.127469748259]
0.0645645246841 [0.0123909609392] [0.116738088429]
0.0599212963134 [0.0127765275538] [0.107066065073]
0.055891318246699996 [0.0132527090609] [0.0985299274325]
0.05253721633925 [0.0137821631506] [0.0912922695279]
0.05036078067495 [0.0143732288852] [0.0863483324647]
0.04928597668185 [0.0148537131026] [0.0837182402611]
0.04885780112815 [0.0149935716763] [0.08272203058]
0.048351445235299995 [0.0149073470384] [0.0817955434322]
0.0469406004995 [0.0145022906363] [0.0793789103627]
0.0442304285243 [0.0138275641948] [0.0746332928538]
0.04081959929315 [0.0130785163492] [0.0685606822371]
0.038017636165 [0.0124308504164] [0.0636044219136]
0.0365728735924 [0.0119627453387] [0.0611830018461]
0.0364351151511 [0.0117223914713] [0.0611478388309]
0.0371782146394 [0.0116580724716] [0.0626983568072]
0.03837400348855 [0.0117071280256] [0.0650408789515]
0.03984407987445 [0.0118174459785] [0.0678707137704]
0.0416472321376 [0.0118904542178] [0.0714040100574]
0.0438637207262 [0.0119116893038] [0.0758157521486]
0.046561560127900005 [0.0119162397459] [0.0812068805099]
0.04944784007965 [0.0119354315102] [0.0869602486491]
0.05261529562995 [0.01205716189] [0.0931734293699]
0.05688586225745 [0.0124766854569] [0.101295039058]
0.0640592076818 [0.0135054783896] [0.114612936974]
0.0760041549803 [0.0154899954796] [0.136518314481]
0.09416414238500001 [0.019009757787] [0.169318526983]
0.11803738027825 [0.0250512212515] [0.211023539305]
0.14001880958655 [0.0354644134641] [0.244573205709]
0.1465547550472 [0.0474455691874] [0.245663940907]
0.13239021040510002 [0.0487833805382] [0.215997040272]
