0.11360121890905 [0.153764769435] [0.0734376683831]
0.0948562696576 [0.130121037364] [0.0595915019512]
0.08389663510035 [0.116112470627] [0.0516807995737]
0.0792518239467 [0.11171798408] [0.0467856638134]
0.0778214316816 [0.11239784956] [0.0432450138032]
0.0770392436533 [0.113630376756] [0.0404481105506]
0.07491497322925 [0.11171271652] [0.0381172299385]
0.07126115448765 [0.106113873422] [0.0364084355533]
0.06705893203615 [0.0989472866058] [0.0351705774665]
0.06345016881825 [0.0924815088511] [0.0344188287854]
0.06104363128545 [0.0877686068416] [0.0343186557293]
0.059965102002 [0.0845728218555] [0.0353573821485]
0.06110690906645 [0.0837249159813] [0.0384889021516]
0.06539967656135 [0.0858132392168] [0.0449861139059]
0.07388029620055 [0.0915255993605] [0.0562349930406]
0.0874472968281 [0.101265653968] [0.0736289396882]
0.1051989756525 [0.113574422896] [0.096823528409]
0.12397202104300001 [0.12469266355] [0.123251378536]
0.139717079699 [0.130093485117] [0.149340674281]
0.1516226530075 [0.13003025949] [0.173215046525]
0.1633121818305 [0.130254581571] [0.19636978209]
0.173778183758 [0.135375574231] [0.212180793285]
0.1818186864255 [0.144632771611] [0.21900460124]
0.1813663840295 [0.155476585031] [0.207256183028]
0.17168495804099998 [0.160011008382] [0.1833589077]
0.1540753021835 [0.151489466429] [0.156661137938]
0.13298770040250002 [0.132543250918] [0.133432149887]
0.11557631567099999 [0.116182141006] [0.114970490336]
0.1031308621165 [0.103917174041] [0.102344550192]
0.0942821726203 [0.0948381274939] [0.0937262177467]
0.08707194030285001 [0.0880469158292] [0.0860969647765]
0.0806498192251 [0.0826702266932] [0.078629411757]
0.0752951428294 [0.0784948021173] [0.0720954835415]
0.0716744735837 [0.075378999114] [0.0679699480534]
0.07010401040315001 [0.073488920927] [0.0667190998793]
0.0702569372952 [0.072576418519] [0.0679374560714]
0.0717172026634 [0.0727373063564] [0.0706970989704]
0.07406870648265 [0.0739410594106] [0.0741963535547]
0.07739255949849999 [0.0763112828135] [0.0784738361835]
0.08208597823979999 [0.0799918174744] [0.0841801390052]
0.0897874161601 [0.0862233713269] [0.0933514609933]
0.10022393241545 [0.0937124118209] [0.10673545301]
0.113407496363 [0.102817431092] [0.123997561634]
0.1264986395835 [0.112554952502] [0.140442326665]
0.1392539329825 [0.123038701713] [0.155469164252]
0.15334656834600002 [0.136110946536] [0.170582190156]
0.173316679895 [0.155980452895] [0.190652906895]
0.200490012765 [0.18409357965] [0.21688644588]
0.2282688245175 [0.212618663907] [0.243918985128]
0.24717900902 [0.233445510268] [0.260912507772]
0.2555065974595 [0.245152011514] [0.265861183405]
0.253556035459 [0.243386998773] [0.263725072145]
0.246556468308 [0.233476057649] [0.259636878967]
0.238930538297 [0.22157651186] [0.256284564734]
0.230193629861 [0.209546506405] [0.250840753317]
0.2172382697465 [0.196816891432] [0.237659648061]
0.20494404435199998 [0.187066033483] [0.222822055221]
0.195638872683 [0.181450560689] [0.209827184677]
0.190199047327 [0.180749595165] [0.199648499489]
0.1878181695935 [0.184003666043] [0.191632673144]
0.186871767044 [0.188848122954] [0.184895411134]
0.181639164686 [0.187045931816] [0.176232397556]
0.17254414409399998 [0.177585914731] [0.167502373457]
0.161566354334 [0.164586231112] [0.158546477556]
0.148871138692 [0.151327595115] [0.146414682269]
0.138763040304 [0.141976714134] [0.135549366474]
0.1328082829715 [0.137321993709] [0.128294572234]
0.130614031106 [0.136362567544] [0.124865494668]
0.1320942640305 [0.138783246279] [0.125405281782]
0.1365411281585 [0.143080964684] [0.130001291633]
0.1434341967105 [0.148394867778] [0.138473525643]
0.15227548033 [0.154404625297] [0.150146335363]
0.16124997288 [0.16062669456] [0.1618732512]
0.1669437140225 [0.16490265727] [0.168984770775]
0.16540784388750002 [0.162857443094] [0.167958244681]
0.1562239080665 [0.153681054711] [0.158766761422]
0.143622688949 [0.142032876611] [0.145212501287]
0.13320291787400002 [0.132722973824] [0.133682861924]
0.12747014313900001 [0.127293631434] [0.127646654844]
0.12772758305100002 [0.127498045564] [0.127957120538]
0.1330893859265 [0.132936224341] [0.133242547512]
0.141723319888 [0.141355797648] [0.142090842128]
0.1493213474755 [0.149562209845] [0.149080485106]
0.1533956229685 [0.154441088438] [0.152350157499]
0.1534700319175 [0.154656991363] [0.152283072472]
0.151123188436 [0.152554601431] [0.149691775441]
0.14746347814799998 [0.149145081639] [0.145781874657]
0.1433037221435 [0.145288407803] [0.141319036484]
0.1412782669065 [0.142755568027] [0.139800965786]
0.1442930698395 [0.14474786818] [0.143838271499]
0.155511058867 [0.154024630785] [0.156997486949]
0.1748325675725 [0.170271709561] [0.179393425584]
0.19273994117999999 [0.1846396029] [0.20084027946]
0.19351184368149998 [0.183935239911] [0.203088447452]
0.17541664093749998 [0.165098100901] [0.185735180974]
