0.041103258961825 [0.0774905830622] [0.00471593486145]
0.04288144689051 [0.0808306112885] [0.00493228249252]
0.045056202448905 [0.0847053155303] [0.00540708936751]
0.047998928464935 [0.0897911339998] [0.00620672293007]
0.05099997855721 [0.0943673625588] [0.00763259455562]
0.05395115539435 [0.097688600421] [0.0102137103677]
0.05673325480895 [0.0989126041532] [0.0145539054647]
0.05931795109065 [0.0972891971469] [0.0213467050344]
0.06272353604434999 [0.0941826254129] [0.0312644466758]
0.06684635579585 [0.0899306312203] [0.0437620803714]
0.07084188796575 [0.0849792733788] [0.0567045025527]
0.07335257530215 [0.0804934948683] [0.066211655736]
0.07554139941935 [0.0773693621159] [0.0737134367228]
0.077820636332 [0.0749873742461] [0.0806538984179]
0.0790830999613 [0.0734538584948] [0.0847123414278]
0.0793903358281 [0.0721819996834] [0.0865986719728]
0.07938826084135 [0.0708982646465] [0.0878782570362]
0.08085161447525 [0.0704126283526] [0.0912906005979]
0.08496906235815 [0.0710643231869] [0.0988738015294]
0.09185675904179999 [0.0738500505686] [0.109863467515]
0.0997190997007 [0.0782932788134] [0.121144920588]
0.10629527643315001 [0.0845851376653] [0.128005415201]
0.11010916158575 [0.0926406905055] [0.127577632666]
0.1132573746145 [0.104167521] [0.122347228229]
0.118888616562 [0.120294883847] [0.117482349277]
0.127944666892 [0.140669688582] [0.115219645202]
0.13900006935 [0.163503095508] [0.114497043192]
0.148265212774 [0.178859978914] [0.117670446634]
0.1524584963915 [0.182885199785] [0.122031792998]
0.1516519077125 [0.17952670157] [0.123777113855]
0.151745185256 [0.176093041897] [0.127397328615]
0.15512163192 [0.177028432488] [0.133214831352]
0.1600607037545 [0.180048272014] [0.140073135495]
0.165797881782 [0.183563888073] [0.148031875491]
0.1711387485265 [0.187082275748] [0.155195221305]
0.1756866276265 [0.190604269505] [0.160768985748]
0.17960754782 [0.194001451135] [0.165213644505]
0.1829553991555 [0.196664884686] [0.169245913625]
0.186564326286 [0.200140073895] [0.172988578677]
0.189329072833 [0.204465314746] [0.17419283092]
0.189052477479 [0.206245958805] [0.171858996153]
0.1909785047175 [0.209475517273] [0.172481492162]
0.19757732003950002 [0.217043593526] [0.178111046553]
0.2081401720645 [0.229360505939] [0.18691983819]
0.221695162356 [0.245659723878] [0.197730600834]
0.23620415478950002 [0.266883045435] [0.205525264144]
0.251835502684 [0.295375287533] [0.208295717835]
0.266545951366 [0.323304444551] [0.209787458181]
0.278074339032 [0.347867131233] [0.208281546831]
0.28264352679250004 [0.35776078701] [0.207526266575]
0.28190636634800004 [0.35706397891] [0.206748753786]
0.2786930277945 [0.35109308362] [0.206292971969]
0.2773810625075 [0.346924841404] [0.207837283611]
0.2804011926055 [0.349202334881] [0.21160005033]
0.28536333143750003 [0.354471623898] [0.216255038977]
0.290571153164 [0.360975831747] [0.220166474581]
0.2945830672975 [0.366608291864] [0.222557842731]
0.2993408441545 [0.370001733303] [0.228679955006]
0.3050594702365 [0.370322048664] [0.239796891809]
0.3092041611675 [0.371834933758] [0.246573388577]
0.308259733021 [0.373220324516] [0.243299141526]
0.3010329827665 [0.372422158718] [0.229643806815]
0.2890132591125 [0.365660369396] [0.212366148829]
0.277477927506 [0.35782584548] [0.197130009532]
0.268576450646 [0.351185619831] [0.185967281461]
0.26303460449 [0.347711503506] [0.178357705474]
0.260147690773 [0.347539007664] [0.172756373882]
0.257357776165 [0.347159385681] [0.167556166649]
0.25138649344450004 [0.34139457345] [0.161378413439]
