0.1625181362035 [0.138558879495] [0.186477392912]
0.1583657041195 [0.133282929659] [0.18344847858]
0.16007763147350001 [0.134200036526] [0.185955226421]
0.16443224251299998 [0.139035969973] [0.189828515053]
0.1630017161365 [0.146006673574] [0.179996758699]
0.14678420126449998 [0.151387304068] [0.142181098461]
0.1239073127506 [0.154118224978] [0.0936964005232]
0.09304681979125 [0.131911084056] [0.0541825555265]
0.0799669753762 [0.12882976234] [0.0311041884124]
0.07293413393205 [0.127166748047] [0.0187015198171]
0.0693888971582 [0.126593247056] [0.0121845472604]
0.068086161743925 [0.127201318741] [0.00897100474685]
0.069197806529915 [0.129964306951] [0.00843130610883]
0.07229820033543 [0.136662438512] [0.00793396215886]
0.07847822480840501 [0.149440214038] [0.00751623557881]
0.087041836697755 [0.166948065162] [0.00713560823351]
0.09464067732921 [0.182560324669] [0.00672102998942]
0.097131265094515 [0.18805141747] [0.00621111271903]
0.09209838625970501 [0.178563222289] [0.00563355023041]
0.091817156411665 [0.178563222289] [0.00507109053433]
0.09157494246024 [0.178563222289] [0.00458666263148]
0.09135246905494 [0.178563222289] [0.00414171582088]
0.09111836063671501 [0.178563222289] [0.00367349898443]
0.09111836063671501 [0.178563222289] [0.00367349898443]
0.069191331742215 [0.1347091645] [0.00367349898443]
0.070609907386715 [0.137546315789] [0.00367349898443]
0.07146270084171501 [0.139251902699] [0.00367349898443]
0.07389639574121501 [0.144119292498] [0.00367349898443]
0.12309127673485 [0.150139957666] [0.0960425958037]
0.12675834074595 [0.155323028564] [0.0981936529279]
0.12962407246245 [0.159749567509] [0.0994985774159]
0.132481370121 [0.163693875074] [0.101268865168]
0.135131023824 [0.167172372341] [0.103089675307]
0.137231189758 [0.169938102365] [0.104524277151]
0.1388509646055 [0.171948596835] [0.105753332376]
0.140229780227 [0.173316329718] [0.107143230736]
0.15797585994 [0.207138314843] [0.108813405037]
0.1673733852805 [0.223962277174] [0.110784493387]
0.176776699722 [0.24055698514] [0.112996414304]
0.18288084864600002 [0.250312447548] [0.115449249744]
0.213272482157 [0.269392490387] [0.157152473927]
0.2312131896615 [0.285536080599] [0.176890298724]
0.23692318052050002 [0.292692095041] [0.181154266]
0.2479128986595 [0.298497110605] [0.197328686714]
0.2633811980485 [0.305178135633] [0.221584260464]
0.2779883518815 [0.310710936785] [0.245265766978]
0.289341941476 [0.316639274359] [0.262044608593]
0.2978054881095 [0.320979684591] [0.274631291628]
0.3053535074 [0.323283463717] [0.287423551083]
0.311889901757 [0.323049813509] [0.300729990005]
0.3190867751835 [0.321510404348] [0.316663146019]
0.322401717305 [0.316604584455] [0.328198850155]
0.31926110386850004 [0.304934978485] [0.333587229252]
0.303790703416 [0.278182834387] [0.329398572445]
0.27832328528149997 [0.249299779534] [0.307346791029]
0.2555951997635 [0.229370579123] [0.281819820404]
0.23893546313050001 [0.217478200793] [0.260392725468]
0.2247431054715 [0.210532665253] [0.23895354569]
0.2099997326735 [0.202341347933] [0.217658117414]
0.18698563426749998 [0.184805452824] [0.189165815711]
0.15755166858449998 [0.157951310277] [0.157152026892]
0.129077836871 [0.130451247096] [0.127704426646]
0.10755531489850001 [0.109596438706] [0.105514191091]
0.09392954781650001 [0.0969993546605] [0.0908597409725]
0.08629068732265 [0.0904859900475] [0.0820953845978]
0.08247709274295001 [0.0876572877169] [0.077296897769]
0.08090010657905 [0.0874315947294] [0.0743686184287]
0.0807740837336 [0.0893761813641] [0.0721719861031]
0.08170686662195001 [0.0931842923164] [0.0702294409275]
0.0832084454596 [0.0976875722408] [0.0687293186784]
0.08455949276704999 [0.101121515036] [0.0679974704981]
0.082975756377 [0.097578085959] [0.068373426795]
0.0811175778508 [0.0921290293336] [0.070106126368]
0.08147469907999999 [0.0884020775557] [0.0745473206043]
0.0853440500796 [0.0881671309471] [0.0825209692121]
0.0931140780449 [0.0918621122837] [0.0943660438061]
0.10428541898730001 [0.0987793430686] [0.109791494906]
0.1171411015095 [0.10791092366] [0.126371279359]
0.129200078547 [0.118002280593] [0.140397876501]
0.138230316341 [0.127859115601] [0.148601517081]
0.14348705858 [0.135973647237] [0.151000469923]
0.1464664787055 [0.140269488096] [0.152663469315]
0.1482735946775 [0.139947429299] [0.156599760056]
0.14932340383550002 [0.136055827141] [0.16259098053]
0.15029299259200002 [0.131965965033] [0.168620020151]
0.15332438051699998 [0.13119995594] [0.175448805094]
0.15944514423599998 [0.134491115808] [0.184399172664]
0.168788179755 [0.144145861268] [0.193430498242]
0.176874563098 [0.15567535162] [0.198073774576]
0.18080470711 [0.164542809129] [0.197066605091]
0.183579862118 [0.172747075558] [0.194412648678]
0.187746435404 [0.179575189948] [0.19591768086]
0.19425033777950002 [0.184653908014] [0.203846767545]
