0.20902615785599998 [0.279917955399] [0.138134360313]
0.21261495351749998 [0.280716925859] [0.144512981176]
0.218447268009 [0.280867755413] [0.156026780605]
0.223481580615 [0.277758598328] [0.169204562902]
0.22479325532900002 [0.269885897636] [0.179700613022]
0.22230637073499998 [0.259064078331] [0.185548663139]
0.21935147047050002 [0.249286815524] [0.189416125417]
0.2185825407505 [0.242696985602] [0.194468095899]
0.2188674211505 [0.235708266497] [0.202026575804]
0.2192428708075 [0.226968422532] [0.211517319083]
0.217617467046 [0.21215569973] [0.223079234362]
0.21308793872600001 [0.191901102662] [0.23427477479]
0.207849390805 [0.172123387456] [0.243575394154]
0.2032338157295 [0.15416739881] [0.252300232649]
0.1983544901015 [0.136677518487] [0.260031461716]
0.193104185164 [0.124014809728] [0.2621935606]
0.187985368073 [0.115916863084] [0.260053873062]
0.1836033686995 [0.10929338634] [0.257913351059]
0.18065196275700002 [0.103979110718] [0.257324814796]
0.1779782250523 [0.0996264368296] [0.256330013275]
0.1756602898242 [0.0967835336924] [0.254537045956]
0.1728321388363 [0.0953143686056] [0.250349909067]
0.16855486854925 [0.0951909944415] [0.241918742657]
0.16368689015485 [0.0960831716657] [0.231290608644]
0.1597973033784 [0.0982892811298] [0.221305325627]
0.1579663567245 [0.102678574622] [0.213254138827]
0.15860684215999998 [0.110175684094] [0.207038000226]
0.162739738822 [0.121428608894] [0.20405086875]
0.169727705419 [0.137818917632] [0.201636493206]
0.1803399920465 [0.160118535161] [0.200561448932]
0.194159373641 [0.188257858157] [0.200060889125]
0.208286061883 [0.216434687376] [0.20013743639]
0.2205357775095 [0.238714054227] [0.202357500792]
0.2298258543015 [0.253646463156] [0.206005245447]
0.23903645575049998 [0.267518907785] [0.210554003716]
0.246326595545 [0.274390637875] [0.218262553215]
0.251871302724 [0.274655729532] [0.229086875916]
0.257651023567 [0.274842053652] [0.240459993482]
0.2636775001885 [0.278284966946] [0.249070033431]
0.2682946324345 [0.283363908529] [0.25322535634]
0.27015976607799996 [0.286992192268] [0.253327339888]
0.266358703375 [0.283295840025] [0.249421566725]
0.257954157889 [0.273835062981] [0.242073252797]
0.24632901698350002 [0.261674433947] [0.23098360002]
0.2366294041275 [0.250623315573] [0.222635492682]
0.229931510985 [0.240012437105] [0.219850584865]
0.22606813907649997 [0.232478991151] [0.219657287002]
0.22597686201349998 [0.231206029654] [0.220747694373]
0.22737444937200002 [0.233067601919] [0.221681296825]
0.226925320923 [0.233612000942] [0.220238640904]
0.2216019034385 [0.227409660816] [0.215794146061]
0.212582066655 [0.215708166361] [0.209455966949]
0.201995827258 [0.202015012503] [0.201976642013]
0.1924740970135 [0.190914466977] [0.19403372705]
0.182433247566 [0.180397957563] [0.184468537569]
0.168186753988 [0.166268676519] [0.170104831457]
0.150467149913 [0.150217220187] [0.150717079639]
0.132605679333 [0.132432878017] [0.132778480649]
0.117248456925 [0.117057792842] [0.117439121008]
0.105136860162 [0.105107456446] [0.105166263878]
0.09559056162835 [0.0958056822419] [0.0953754410148]
0.08799292892215 [0.0894836708903] [0.086502186954]
0.08186833932995 [0.0854229480028] [0.0783137306571]
0.0772526971996 [0.0831987336278] [0.0713066607714]
0.07405063509945001 [0.0824068039656] [0.0656944662333]
0.07223286293445 [0.0828370526433] [0.0616286732256]
0.07179476507005 [0.0843718871474] [0.0592176429927]
0.0725073646754 [0.0865816920996] [0.0584330372512]
0.07413343526425001 [0.0890578776598] [0.0592089928687]
0.07668155431745 [0.0919598340988] [0.0614032745361]
0.0804800726473 [0.0960240885615] [0.0649360567331]
0.08587558195020001 [0.102051429451] [0.0696997344494]
0.0926837027073 [0.110384657979] [0.0749827474356]
0.1003095470368 [0.121127925813] [0.0794911682606]
0.10778524726649999 [0.133420273662] [0.082150220871]
0.11521003767825 [0.145232379436] [0.0851876959205]
0.12452402710895 [0.158021971583] [0.0910260826349]
0.13427281379699998 [0.168056711555] [0.100488916039]
0.144275855273 [0.175518214703] [0.113033495843]
0.151272203773 [0.178685262799] [0.123859144747]
0.15523523092250002 [0.179125010967] [0.131345450878]
0.155717074871 [0.175300493836] [0.136133655906]
0.15453415364 [0.170479059219] [0.138589248061]
0.15167029947049998 [0.164299696684] [0.139040902257]
0.147743947804 [0.157788142562] [0.137699753046]
0.14420600235449998 [0.15292301774] [0.135488986969]
0.1426940858365 [0.151259019971] [0.134129151702]
0.14383499324299998 [0.152109503746] [0.13556048274]
0.148796625435 [0.156210005283] [0.141383245587]
0.1574107408525 [0.163250222802] [0.151571258903]
0.1674041450025 [0.171290129423] [0.163518160582]
0.1756252273915 [0.17798499763] [0.173265457153]
0.179408676922 [0.180752649903] [0.178064703941]
0.178165577352 [0.17717705667] [0.179154098034]
0.1724371239545 [0.166994303465] [0.177879944444]
0.1634415090085 [0.152312621474] [0.174570396543]
0.15562036633499998 [0.141131386161] [0.170109346509]
0.149131976068 [0.133123263717] [0.165140688419]
0.1440102905035 [0.127956479788] [0.160064101219]
0.1408721730115 [0.126461103559] [0.155283242464]
0.137959100306 [0.125985175371] [0.149933025241]
0.13353111967450002 [0.124024890363] [0.143037348986]
0.12783268839099998 [0.120257914066] [0.135407462716]
0.121607892215 [0.114730104804] [0.128485679626]
0.11412397027 [0.108082398772] [0.120165541768]
0.106924582273 [0.101340942085] [0.112508222461]
0.1016033813359 [0.0953958705068] [0.107810892165]
0.09825399145505001 [0.0913754403591] [0.105132542551]
0.09715752303605 [0.0896203741431] [0.104694671929]
0.09772734716545001 [0.0900271013379] [0.105427592993]
0.09991010278485 [0.0918316096067] [0.107988595963]
0.10315175354485001 [0.0942039117217] [0.112099595368]
0.10652202367784999 [0.0968610346317] [0.116183012724]
0.10861766338335 [0.0985092818737] [0.118726044893]
0.10896157473314999 [0.0974183753133] [0.120504774153]
0.10806576162575 [0.0933067798615] [0.12282474339]
0.10788850486294999 [0.0886460542679] [0.127130955458]
0.10939471423605 [0.0852252393961] [0.133564189076]
0.11267035827015 [0.0842450484633] [0.141095668077]
0.11783587932605 [0.0869327485561] [0.148739010096]
0.12464648857735 [0.0928869768977] [0.156406000257]
0.1328510940075 [0.101090088487] [0.164612099528]
0.13987234979899998 [0.109862044454] [0.169882655144]
0.1406089514495 [0.113761305809] [0.16745659709]
0.1349613890055 [0.112404510379] [0.157518267632]
0.126584254205 [0.109447970986] [0.143720537424]
0.117726549506 [0.106932595372] [0.12852050364]
0.1109273843465 [0.106143578887] [0.115711189806]
0.10598628595449999 [0.106856614351] [0.105115957558]
0.10209251567729999 [0.108303114772] [0.0958819165826]
0.09871619194765 [0.109451234341] [0.0879811495543]
0.09604929015055 [0.109544835985] [0.0825537443161]
0.0940375812354 [0.10943569243] [0.0786394700408]
0.09259526804075 [0.109208680689] [0.0759818553925]
0.0917788594962 [0.108771570027] [0.0747861489654]
0.09247186034909999 [0.10934959352] [0.0755941271782]
0.09423730894935001 [0.109818838537] [0.0786557793617]
0.09692853689195 [0.110164411366] [0.0836926624179]
0.10046898573640001 [0.110717073083] [0.0902208983898]
0.1048736199735 [0.112070649862] [0.097676590085]
0.11013516038650001 [0.11465639621] [0.105613924563]
0.1159706860785 [0.118350066245] [0.113591305912]
0.1232877708975 [0.123021192849] [0.123554348946]
0.132256053388 [0.128055855632] [0.136456251144]
0.1428756564855 [0.132583916187] [0.153167396784]
0.15330278873449998 [0.136465847492] [0.170139729977]
0.16323774308 [0.139287516475] [0.187187969685]
