0.2011312022805 [0.193665981293] [0.208596423268]
0.202690653503 [0.191301062703] [0.214080244303]
0.20746204257 [0.195938870311] [0.218985214829]
0.212596692145 [0.203515902162] [0.221677482128]
0.21588789671699998 [0.209882229567] [0.221893563867]
0.216727487743 [0.213386356831] [0.220068618655]
0.2155152633785 [0.214557856321] [0.216472670436]
0.21309126168499998 [0.214588418603] [0.211594104767]
0.2101618349555 [0.214166879654] [0.206156790257]
0.2076327055695 [0.214059442282] [0.201205968857]
0.206930682063 [0.215869426727] [0.197991937399]
0.2109146118165 [0.222179159522] [0.199650064111]
0.22116991877550002 [0.234301999211] [0.20803783834]
0.239584490657 [0.253004848957] [0.226164132357]
0.2625237107275 [0.274706572294] [0.250340849161]
0.2798653542995 [0.29084995389] [0.268880754709]
0.27993963658800003 [0.288733482361] [0.271145790815]
0.254536703229 [0.25784021616] [0.251233190298]
0.2231034711005 [0.221453636885] [0.224753305316]
0.2005715817215 [0.19487477839] [0.206268385053]
0.1873023435475 [0.179377242923] [0.195227444172]
0.181511171162 [0.173097550869] [0.189924791455]
0.18064707517599998 [0.172094777226] [0.189199373126]
0.18266592174750002 [0.172432631254] [0.192899212241]
0.185394242406 [0.171993687749] [0.198794797063]
0.1873601973055 [0.170171663165] [0.204548731446]
0.187444642186 [0.167864054441] [0.207025229931]
0.185602337122 [0.165361180902] [0.205843493342]
0.181494727731 [0.162458866835] [0.200530588627]
0.1762224957345 [0.158773243427] [0.193671748042]
0.172393247485 [0.155285567045] [0.189500927925]
0.17223389446749998 [0.15462616086] [0.189841628075]
0.1780361831185 [0.159309864044] [0.196762502193]
0.1908805146815 [0.171351969242] [0.210409060121]
0.2071846202015 [0.18532551825] [0.229043722153]
0.2123247236015 [0.192954346538] [0.231695100665]
0.186430230737 [0.174933791161] [0.197926670313]
0.154315419495 [0.148747846484] [0.159882992506]
0.130764633417 [0.127820909023] [0.133708357811]
0.117933552712 [0.11576578021] [0.120101325214]
0.11206166446249999 [0.109267957509] [0.114855371416]
0.110413655639 [0.106699973345] [0.114127337933]
0.1114782132205 [0.106727324426] [0.116229102015]
0.11349994316699999 [0.107488811016] [0.119511075318]
0.115921702236 [0.108865648508] [0.122977755964]
0.118205204606 [0.111028134823] [0.125382274389]
0.1191795542835 [0.113661788404] [0.124697320163]
0.1186946891245 [0.116291157901] [0.121098220348]
0.117608834058 [0.118920445442] [0.116297222674]
0.11715507134799999 [0.122316174209] [0.111993968487]
0.119713589549 [0.127868920565] [0.111558258533]
0.126067396253 [0.136498957872] [0.115635834634]
0.13633369654400002 [0.149466127157] [0.123201265931]
0.149785913527 [0.166242197156] [0.133329629898]
0.166122227907 [0.186456158757] [0.145788297057]
0.18150892108650002 [0.205964848399] [0.157052993774]
0.192351460457 [0.220252484083] [0.164450436831]
0.196646660566 [0.227753847837] [0.165539473295]
0.1925718933345 [0.226688504219] [0.15845528245]
0.184397049248 [0.224716991186] [0.14407710731]
0.1746416836975 [0.224554374814] [0.124728992581]
0.165193684399 [0.226308226585] [0.104079142213]
0.15782675147035 [0.229343026876] [0.0863104760647]
0.15344056859619998 [0.233218714595] [0.0736624225974]
0.1520576812325 [0.238246247172] [0.065869115293]
0.154789932072 [0.247622966766] [0.061956897378]
0.15961909294135002 [0.258636891842] [0.0606012940407]
0.16122429631635 [0.261909484863] [0.0605391077697]
0.1574671790004 [0.253768324852] [0.0611660331488]
0.15456939488639998 [0.246733009815] [0.0624057799578]
0.15683916583675 [0.24983792007] [0.0638404116035]
0.16175421699885 [0.257692784071] [0.0658156499267]
0.16960090771335 [0.270908147097] [0.0682936683297]
0.1779649816453 [0.284751176834] [0.0711787864566]
0.1857173591852 [0.296440154314] [0.0749945640564]
0.19046588614605 [0.299301296473] [0.0816304758191]
0.19791490957135 [0.301758378744] [0.0940714403987]
0.2090457342565 [0.303631961346] [0.114459507167]
0.222843259573 [0.301853388548] [0.143833130598]
0.23754633218049998 [0.296826392412] [0.178266271949]
0.24791086465150003 [0.288899689913] [0.20692203939]
0.25087206065650003 [0.280722171068] [0.221021950245]
0.2473636046055 [0.27368965745] [0.221037551761]
0.241327673197 [0.268057435751] [0.214597910643]
0.2348314374685 [0.262327194214] [0.207335680723]
0.230056710541 [0.258374780416] [0.201738640666]
0.2257779091595 [0.25454723835] [0.197008579969]
0.213695988059 [0.238921418786] [0.188470557332]
0.194957412779 [0.213761821389] [0.176153004169]
0.173094034195 [0.182549536228] [0.163638532162]
0.1558026447895 [0.158498927951] [0.153106361628]
0.14569885283700001 [0.144091844559] [0.147305861115]
0.139874331653 [0.135952055454] [0.143796607852]
0.1368597373365 [0.132330581546] [0.141388893127]
0.1351337730885 [0.131590619683] [0.138676926494]
0.134830854833 [0.131682649255] [0.137979060411]
0.1353217437865 [0.131088361144] [0.139555126429]
0.135433219373 [0.129450365901] [0.141416072845]
0.1344475150105 [0.126874774694] [0.142020255327]
0.1309394426645 [0.123419515789] [0.13845936954]
0.12489251047399999 [0.119388431311] [0.130396589637]
0.11814001202550001 [0.115158781409] [0.121121242642]
0.11330486834049999 [0.111968629062] [0.114641107619]
0.111483786255 [0.111472554505] [0.111495018005]
0.1124727241695 [0.113902188838] [0.111043259501]
0.1154813170435 [0.117978677154] [0.112983956933]
0.1207660399375 [0.1251193434] [0.116412736475]
0.127190057188 [0.133304789662] [0.121075324714]
0.13396672159450002 [0.140920907259] [0.12701253593]
0.14133182168 [0.148631811142] [0.134031832218]
0.1483703032135 [0.156353086233] [0.140387520194]
0.15507729351549998 [0.16489712894] [0.145257458091]
0.160271123052 [0.172204896808] [0.148337349296]
0.1634930595755 [0.17583976686] [0.151146352291]
0.16581229120500002 [0.174952417612] [0.156672164798]
0.17361691594099998 [0.179324865341] [0.167908966541]
0.189591690898 [0.192144528031] [0.187038853765]
0.2131172642115 [0.209343582392] [0.216890946031]
0.23724938184049998 [0.220924034715] [0.253574728966]
0.25325726717700003 [0.222139701247] [0.284374833107]
0.25383425504 [0.213928356767] [0.293740153313]
0.247987322509 [0.20128069818] [0.294693946838]
