0.15917317941785 [0.223505243659] [0.0948411151767]
0.15446429327115 [0.215566307306] [0.0933622792363]
0.14670098200445 [0.202318519354] [0.0910834446549]
0.141661491245 [0.194931179285] [0.088391803205]
0.1398244611919 [0.192827001214] [0.0868219211698]
0.1398610807953 [0.192680701613] [0.0870414599776]
0.14101455360665 [0.192927181721] [0.0891019254923]
0.14292725920675 [0.192576482892] [0.0932780355215]
0.1451731063423 [0.190750598907] [0.0995956137776]
0.147596601397 [0.187165334821] [0.108027867973]
0.15032315254200002 [0.18251119554] [0.118135109544]
0.1542456150055 [0.178400352597] [0.130090877414]
0.158895075321 [0.17535148561] [0.142438665032]
0.163546860218 [0.173861518502] [0.153232201934]
0.16753679513949998 [0.173869401217] [0.161204189062]
0.1718935146925 [0.175598800182] [0.168188229203]
0.177314721048 [0.178834870458] [0.175794571638]
0.1840804293755 [0.182373836637] [0.185787022114]
0.191103436053 [0.181895926595] [0.200310945511]
0.1955342367295 [0.173640623689] [0.21742784977]
0.19498847425 [0.157349601388] [0.232627347112]
0.192654386163 [0.14202862978] [0.243280142546]
0.189264178276 [0.131266862154] [0.247261494398]
0.18474568799149998 [0.124620340765] [0.244871035218]
0.1779546402395 [0.118857868016] [0.237051412463]
0.17284867167450002 [0.115596950054] [0.230100393295]
0.1708303429185 [0.11573869735] [0.225921988487]
0.1722358874975 [0.11798568815] [0.226486086845]
0.175268985331 [0.119281083345] [0.231256887317]
0.1784119792285 [0.119159989059] [0.237663969398]
0.1805237345395 [0.117517419159] [0.24353004992]
0.182107850909 [0.115198895335] [0.249016806483]
0.184934340417 [0.115201964974] [0.25466671586]
0.189802404493 [0.119415484369] [0.260189324617]
0.19588757306350002 [0.127923503518] [0.263851642609]
0.1993092522025 [0.136980548501] [0.261637955904]
0.194814927876 [0.138160780072] [0.25146907568]
0.17796976864300001 [0.126879394054] [0.229060143232]
0.1568254940215 [0.111581526697] [0.202069461346]
0.13966782391085 [0.0998583883047] [0.179477259517]
0.12772044166925 [0.0938432738185] [0.16159760952]
0.12029674649225 [0.0923436284065] [0.148249864578]
0.11536236479875 [0.0931026265025] [0.137622103095]
0.11206077411769999 [0.0947901532054] [0.12933139503]
0.10973815247400001 [0.0974336043] [0.122042700648]
0.108826097101 [0.101383902133] [0.116268292069]
0.10898847505449999 [0.106159865856] [0.111817084253]
0.11026212200499999 [0.11218971014] [0.10833453387]
0.111283261329 [0.117248535156] [0.105317987502]
0.111892964691 [0.121535331011] [0.102250598371]
0.11298257857550001 [0.125529870391] [0.10043528676]
0.1164309196175 [0.132011324167] [0.100850515068]
0.1234459467235 [0.14278498292] [0.104106910527]
0.1360824033615 [0.160613313317] [0.111551493406]
0.154772821814 [0.186319202185] [0.123226441443]
0.1747246310115 [0.211589455605] [0.137859806418]
0.190393716097 [0.228772267699] [0.152015164495]
0.197396621108 [0.231549948454] [0.163243293762]
0.1972025856375 [0.2262172997] [0.168187871575]
0.1942010894415 [0.21663467586] [0.171767503023]
0.1907985135915 [0.205490380526] [0.176106646657]
0.186844274402 [0.194188177586] [0.179500371218]
0.1822990849615 [0.183227270842] [0.181370899081]
0.1760482490065 [0.171770632267] [0.180325865746]
0.16865422576650002 [0.159477293491] [0.177831158042]
0.15811391919849999 [0.143787682056] [0.172440156341]
0.144131049514 [0.125738441944] [0.162523657084]
0.1305529810485 [0.110118322074] [0.150987640023]
0.11971601843855001 [0.0987688004971] [0.14066323638]
0.1125768907369 [0.0915640369058] [0.133589744568]
0.10838730260750001 [0.087043710053] [0.129730895162]
0.1065331622957 [0.0848191678524] [0.128247156739]
0.1057235226034 [0.0841531604528] [0.127293884754]
0.10538171231750001 [0.084788814187] [0.125974610448]
0.10517696663760001 [0.0862070769072] [0.124146856368]
0.1047536805274 [0.0871963128448] [0.12231104821]
0.10366117581715001 [0.0873500928283] [0.119972258806]
0.1010151728989 [0.0858464762568] [0.116183869541]
0.09943720325835001 [0.0852916687727] [0.113582737744]
0.1006881073119 [0.0881269350648] [0.113249279559]
0.1056689023971 [0.0948929786682] [0.116444826126]
0.11567709594950001 [0.106130346656] [0.125223845243]
0.130823083222 [0.120635807514] [0.14101035893]
0.1492379829285 [0.135808035731] [0.162667930126]
0.1662009060385 [0.147821992636] [0.184579819441]
0.17827963829049998 [0.154286623001] [0.20227265358]
0.18615275621400001 [0.158026561141] [0.214278951287]
0.1923331618305 [0.161695823073] [0.222970500588]
0.197640098631 [0.164788752794] [0.230491444468]
0.2013616636395 [0.166457206011] [0.236266121268]
0.20408491790299998 [0.168213605881] [0.239956229925]
0.2059262916445 [0.171423971653] [0.240428611636]
0.20748334378 [0.176568165421] [0.238398522139]
0.2107805833225 [0.183486193419] [0.238074973226]
0.217497617006 [0.19177852571] [0.243216708302]
0.2241908088325 [0.199121057987] [0.249260559678]
0.2261340767145 [0.199315428734] [0.252952724695]
0.228022910655 [0.198023423553] [0.258022397757]
0.23341353982649998 [0.200750276446] [0.266076803207]
0.2430809512735 [0.210387274623] [0.275774627924]
0.2516563013195 [0.221567198634] [0.281745404005]
0.25747962296 [0.230621993542] [0.284337252378]
0.25885809958 [0.236359328032] [0.281356871128]
0.2562758401035 [0.239229157567] [0.27332252264]
0.25361439585699996 [0.241307586432] [0.265921205282]
0.2528394311665 [0.243500381708] [0.262178480625]
0.256154924631 [0.247364372015] [0.264945477247]
0.2622148618105 [0.249761387706] [0.274668335915]
0.269228823483 [0.249922081828] [0.288535565138]
0.273828737438 [0.246019765735] [0.301637709141]
0.273672655225 [0.23932620883] [0.30801910162]
0.26931361109 [0.23042871058] [0.3081985116]
0.2628964930775 [0.221238553524] [0.304554432631]
0.2567129805685 [0.21344922483] [0.299976736307]
0.2511947974565 [0.206927761436] [0.295461833477]
0.24612997472300002 [0.200541198254] [0.291718751192]
0.242337144911 [0.195668444037] [0.289005845785]
0.241072908044 [0.192451238632] [0.289694577456]
0.23884158581499998 [0.186357066035] [0.291326105595]
0.2343998774885 [0.17532671988] [0.293473035097]
0.2310386300085 [0.167474001646] [0.294603258371]
0.229077227414 [0.165047720075] [0.293106734753]
0.22848481684900002 [0.169161632657] [0.287808001041]
0.228035531938 [0.174762144685] [0.281308919191]
0.230697646737 [0.18151512742] [0.279880166054]
0.234961166978 [0.188823401928] [0.281098932028]
