0.0703224912286 [0.0975549519062] [0.043090030551]
0.07203182205545 [0.10209929198] [0.0419643521309]
0.07579293288315 [0.112301178277] [0.0392846874893]
0.0827462486921 [0.130022987723] [0.0354695096612]
0.09338475577525 [0.155396029353] [0.0313734821975]
0.10608908347769999 [0.184073835611] [0.0281043313444]
0.1172855766491 [0.208375990391] [0.0261951629072]
0.12356581911430001 [0.221280455589] [0.0258511826396]
0.1305513670667 [0.233915582299] [0.0271871518344]
0.14162987004965 [0.252838075161] [0.0304216649383]
0.15512559376670002 [0.274642467499] [0.0356087200344]
0.1660367213191 [0.289707630873] [0.0423658117652]
0.1698719188569 [0.290892153978] [0.0488516837358]
0.16370406188054998 [0.27464556694] [0.0527625568211]
0.14985051564855 [0.246302977204] [0.0533980540931]
0.13752457313255 [0.222075685859] [0.0529734604061]
0.12868113815775 [0.203635394573] [0.0537268817425]
0.1239056996999 [0.190636888146] [0.0571745112538]
0.12320397049175 [0.18189625442] [0.0645116865635]
0.1259535551073 [0.175169065595] [0.0767380446196]
0.1308575719593 [0.16804523766] [0.0936699062586]
0.13863862305900002 [0.164731368423] [0.112545877695]
0.145638801157 [0.163588315248] [0.127689287066]
0.1493723168965 [0.163318648934] [0.135425984859]
0.1492450609805 [0.162053644657] [0.136436477304]
0.1465248391035 [0.159440815449] [0.133608862758]
0.143219947815 [0.156043291092] [0.130396604538]
0.141692779958 [0.153735697269] [0.129649862647]
0.14421156793849998 [0.154777377844] [0.133645758033]
0.15334784239549998 [0.162237375975] [0.144458308816]
0.169590361416 [0.177076771855] [0.162103950977]
0.1886722818015 [0.198342710733] [0.17900185287]
0.1985362917185 [0.211658731103] [0.185413852334]
0.1999847218395 [0.21777972579] [0.182189717889]
0.19723585247949998 [0.220251485705] [0.174220219254]
0.192934989929 [0.220460742712] [0.165409237146]
0.19081183522950002 [0.222451969981] [0.159171700478]
0.1908199712635 [0.225924372673] [0.155715569854]
0.19181315600850002 [0.228328004479] [0.155298307538]
0.19444959610700002 [0.230070248246] [0.158828943968]
0.199253499508 [0.232862517238] [0.165644481778]
0.205740392208 [0.236883625388] [0.174597159028]
0.21080429852 [0.241350844502] [0.180257752538]
0.21332532912500002 [0.24544814229] [0.18120251596]
0.2141739353535 [0.248177051544] [0.180170819163]
0.21480049938 [0.249257102609] [0.180343896151]
0.21570227295150002 [0.248857080936] [0.182547464967]
0.2182224020365 [0.247365266085] [0.189079537988]
0.2259637713435 [0.250138729811] [0.201788812876]
0.240937381983 [0.261200845242] [0.220673918724]
0.25849936157450004 [0.276051878929] [0.24094684422]
0.2743490040305 [0.291590690613] [0.257107317448]
0.28419691324249996 [0.302054464817] [0.266339361668]
0.2872797250745 [0.306008905172] [0.268550544977]
0.286095410585 [0.307892143726] [0.264298677444]
0.28320252895349995 [0.310300827026] [0.256104230881]
0.27870544791249996 [0.312619030476] [0.244791865349]
0.2730154916645 [0.312540173531] [0.233490809798]
0.266395017505 [0.309248954058] [0.223541080952]
0.2599608600135 [0.305245250463] [0.214676469564]
0.2558352276685 [0.299552112818] [0.212118342519]
0.256509155035 [0.294310837984] [0.218707472086]
0.25633854419 [0.288647085428] [0.224030002952]
0.2563851997255 [0.284631252289] [0.228139147162]
0.253404550254 [0.277409136295] [0.229399964213]
0.2478729188445 [0.268067866564] [0.227677971125]
0.240633018315 [0.256437063217] [0.224828973413]
0.2320606335995 [0.242061078548] [0.222060188651]
0.219606056809 [0.22022357583] [0.218988537788]
0.209682479501 [0.203814864159] [0.215550094843]
0.2020316421985 [0.191045805812] [0.213017478585]
0.1968320757155 [0.180367469788] [0.213296681643]
0.194923438132 [0.171785339713] [0.218061536551]
0.19560642540450002 [0.164978519082] [0.226234331727]
0.198063135147 [0.159649059176] [0.236477211118]
0.2013461738825 [0.155873060226] [0.246819287539]
0.205913156271 [0.153515279293] [0.258311033249]
0.2104060798885 [0.151716440916] [0.269095718861]
0.21368739754 [0.149452105165] [0.277922689915]
0.214540742338 [0.145962700248] [0.283118784428]
0.2110214084385 [0.141529291868] [0.280513525009]
0.200804539025 [0.133891537786] [0.267717540264]
0.185753133148 [0.124916397035] [0.246589869261]
0.171470608562 [0.118205286562] [0.224735930562]
0.1623831614855 [0.115449935198] [0.209316387773]
0.1591480150815 [0.117130964994] [0.201165065169]
0.159177836031 [0.119842834771] [0.198512837291]
0.15901976823800001 [0.121104493737] [0.196935042739]
0.15752333402649998 [0.121517300606] [0.193529367447]
0.1555141806605 [0.122048467398] [0.188979893923]
0.15310877189049998 [0.12236341089] [0.183854132891]
0.149077322334 [0.122236825526] [0.175917819142]
0.144663177431 [0.122434049845] [0.166892305017]
0.1416774988175 [0.124283462763] [0.159071534872]
0.1415907368065 [0.128700122237] [0.154481351376]
0.145296677947 [0.136413112283] [0.154180243611]
0.154510319233 [0.148167684674] [0.160852953792]
0.17041107267150002 [0.163178473711] [0.177643671632]
0.1929133161905 [0.181416258216] [0.204410374165]
0.2203656733035 [0.203470915556] [0.237260431051]
0.24773466587050003 [0.227385640144] [0.268083691597]
0.2686201184985 [0.246100068092] [0.291140168905]
0.27851369976999996 [0.255834281445] [0.301193118095]
0.2805429697035 [0.259499192238] [0.301586747169]
0.280594393611 [0.260694384575] [0.300494402647]
0.28376108408 [0.262743800879] [0.304778367281]
0.279948994517 [0.259232729673] [0.300665259361]
0.2612556666135 [0.241449654102] [0.281061679125]
0.232837535441 [0.218142703176] [0.247532367706]
0.2065929993985 [0.201385438442] [0.211800560355]
0.188314117491 [0.193501189351] [0.183127045631]
0.17865442484650002 [0.192168414593] [0.1651404351]
0.17568150907750002 [0.195584475994] [0.155778542161]
0.175807699561 [0.200869038701] [0.150746360421]
0.174237266183 [0.202722758055] [0.145751774311]
0.167395547032 [0.196779772639] [0.138011321425]
0.1554016023875 [0.184403136373] [0.126400068402]
0.1426296383145 [0.170803576708] [0.114455699921]
0.132975142449 [0.160447061062] [0.105503223836]
0.1274252943695 [0.154670134187] [0.100180454552]
0.12531633675105 [0.152810111642] [0.0978225618601]
0.1254437752069 [0.153131067753] [0.0977564826608]
0.127491381019 [0.154572755098] [0.10041000694]
0.131360474974 [0.156776443124] [0.105944506824]
0.136699333787 [0.159101143479] [0.114297524095]
0.141926601529 [0.160524368286] [0.123328834772]
0.1456758230925 [0.161264359951] [0.130087286234]
0.145620435476 [0.157876357436] [0.133364513516]
0.142724864185 [0.151808142662] [0.133641585708]
0.1376489922405 [0.14205288887] [0.133245095611]
0.132679015398 [0.131445348263] [0.133912682533]
0.129569698125 [0.12218593806] [0.13695345819]
0.1275789886715 [0.113861694932] [0.141296282411]
0.12564075365650001 [0.106002651155] [0.145278856158]
0.1225037388505 [0.098132096231] [0.14687538147]
0.1174809485675 [0.090929582715] [0.14403231442]
0.11430044472195 [0.0857398509979] [0.142861038446]
0.11376882344485 [0.0834414362907] [0.144096210599]
0.11555251106610001 [0.0837789401412] [0.147326081991]
0.118481248617 [0.085569113493] [0.151393383741]
0.12137347832315 [0.0875083580613] [0.155238598585]
0.12325655296435001 [0.0883939042687] [0.15811920166]
0.1238162219524 [0.0880834460258] [0.159548997879]
0.1236245408655 [0.087555333972] [0.159693747759]
0.1242223642768 [0.0886088237166] [0.159835904837]
0.12736323475825 [0.0926069915295] [0.162119477987]
0.134544763714 [0.101156450808] [0.16793307662]
0.144440732896 [0.112815663218] [0.176065802574]
0.1531109064815 [0.123192608356] [0.183029204607]
0.158457219601 [0.128784567118] [0.188129872084]
0.1612039208415 [0.13233602047] [0.190071821213]
0.1632680669425 [0.134882882237] [0.191653251648]
0.1654697731135 [0.138229638338] [0.192709907889]
0.16445223242 [0.13853149116] [0.19037297368]
0.15764361619950001 [0.134048357606] [0.181238874793]
0.1454711668195 [0.123801954091] [0.167140379548]
0.1324043758215 [0.110946916044] [0.153861835599]
