0.1574716344475 [0.188768446445] [0.12617482245]
0.1396594643595 [0.166958257556] [0.112360671163]
0.12608797848199998 [0.150944113731] [0.101231843233]
0.11741971224525 [0.141069412231] [0.0937700122595]
0.11263934150330002 [0.136882662773] [0.0883960202336]
0.11046156659735 [0.135824158788] [0.0850989744067]
0.11042704433225001 [0.136846929789] [0.0840071588755]
0.11213941872120001 [0.139346152544] [0.0849326848984]
0.11333100125195 [0.140864238143] [0.0857977643609]
0.11308601126065 [0.140090703964] [0.0860813185573]
0.1107904762028 [0.137940496206] [0.0836404561996]
0.10780496522765 [0.135923042893] [0.0796868875623]
0.10545501858 [0.134619653225] [0.076290383935]
0.10407255962510001 [0.133759722114] [0.0743853971362]
0.10369283333439999 [0.133242502809] [0.0741431638598]
0.10553733259449999 [0.134969905019] [0.07610476017]
0.11010866984725001 [0.139531314373] [0.0806860253215]
0.11638881266119999 [0.144835099578] [0.0879425257444]
0.1245443560184 [0.151256605983] [0.0978321060538]
0.132141456008 [0.15716072917] [0.107122182846]
0.1367870494725 [0.161184176803] [0.112389922142]
0.137968540192 [0.162900179625] [0.113036900759]
0.13688788190450002 [0.163340464234] [0.110435299575]
0.1364384815095 [0.165704280138] [0.107172682881]
0.139416985214 [0.172316744924] [0.106517225504]
0.1460019275545 [0.18322776258] [0.108776092529]
0.153379175812 [0.195708841085] [0.111049510539]
0.161672059447 [0.207449138165] [0.115894980729]
0.170622266829 [0.217820823193] [0.123423710465]
0.1800877824425 [0.228542104363] [0.131633460522]
0.1900922358035 [0.240653112531] [0.139531359076]
0.196863204241 [0.248084917665] [0.145641490817]
0.203589387238 [0.25515666604] [0.152022108436]
0.21050070971249998 [0.263573408127] [0.157428011298]
0.21815109998 [0.274775207043] [0.161526992917]
0.22556269168850002 [0.288148194551] [0.162977188826]
0.23270111530999998 [0.298948615789] [0.166453614831]
0.2396678477525 [0.306593060493] [0.172742635012]
0.24294234067200002 [0.305584549904] [0.18030013144]
0.2407204955815 [0.295817911625] [0.185623079538]
0.233168028295 [0.280392050743] [0.185944005847]
0.22249558568 [0.262860387564] [0.182130783796]
0.2133210450415 [0.247077584267] [0.179564505816]
0.208109296858 [0.2345469594] [0.181671634316]
0.206154577434 [0.225394666195] [0.186914488673]
0.2045874223115 [0.217577829957] [0.191597014666]
0.202942684293 [0.21196615696] [0.193919211626]
0.2012396976355 [0.207843139768] [0.194636255503]
0.1965164020655 [0.203822314739] [0.189210489392]
0.186984844506 [0.195554420352] [0.17841526866]
0.17982747405799998 [0.190358474851] [0.169296473265]
0.1744663491845 [0.185239493847] [0.163693204522]
0.171909108758 [0.180041208863] [0.163777008653]
0.1742281764745 [0.179400220513] [0.169056132436]
0.181101061404 [0.184502154589] [0.177699968219]
0.190224036574 [0.193684622645] [0.186763450503]
0.1987569481135 [0.203806132078] [0.193707764149]
0.206635534763 [0.21483258903] [0.198438480496]
0.21160582453 [0.224044442177] [0.199167206883]
0.21359210461349998 [0.230376437306] [0.196807771921]
0.2125537469985 [0.232389777899] [0.192717716098]
0.2105042859915 [0.23247076571] [0.188537806273]
0.2104371413585 [0.233028247952] [0.187846034765]
0.2160331010815 [0.237490817904] [0.194575384259]
0.2304861098525 [0.24604023993] [0.214931979775]
0.24982345104249998 [0.252068281174] [0.247578620911]
0.2644279301165 [0.255452901125] [0.273402959108]
0.27549365162850004 [0.259993672371] [0.290993630886]
0.2791518718005 [0.262605369091] [0.29569837451]
0.275934174657 [0.262465745211] [0.289402604103]
0.27018363773849996 [0.261403590441] [0.278963685036]
0.26468138396749996 [0.258481681347] [0.270881086588]
0.25988410413249996 [0.251965641975] [0.26780256629]
0.25434885919100003 [0.241869062185] [0.266828656197]
0.246858023107 [0.230653628707] [0.263062417507]
0.2379199638965 [0.22162412107] [0.254215806723]
0.2294220477345 [0.217049777508] [0.241794317961]
0.22205748409050002 [0.216096401215] [0.228018566966]
0.21435979008650002 [0.214512079954] [0.214207500219]
0.204028353095 [0.211726859212] [0.196329846978]
0.19556181877849999 [0.211839109659] [0.179284527898]
0.19035539031 [0.212543234229] [0.168167546391]
0.1895030736925 [0.216715574265] [0.16229057312]
0.1927840486165 [0.223400905728] [0.162167191505]
0.19874250143799999 [0.229582369328] [0.167902633548]
0.2049107179045 [0.23441901803] [0.175402417779]
0.211413308978 [0.240884423256] [0.1819421947]
0.2188424021005 [0.249776646495] [0.187908157706]
0.22680249810199998 [0.2596783638] [0.193926632404]
0.234559550881 [0.268257886171] [0.200861215591]
0.2396815568205 [0.271624177694] [0.207738935947]
0.24377034604550002 [0.273745328188] [0.213795363903]
0.24614623188949997 [0.273346722126] [0.218945741653]
0.250441364944 [0.275743186474] [0.225139543414]
0.258213840425 [0.28355550766] [0.23287217319]
0.2693756222725 [0.295350313187] [0.243400931358]
0.2818020880225 [0.307580381632] [0.256023794413]
0.290310025215 [0.314950555563] [0.265669494867]
0.291643515229 [0.31327393651] [0.270013093948]
0.288933560252 [0.305301070213] [0.272566050291]
0.2841486781835 [0.294745802879] [0.273551553488]
0.275974884629 [0.28129863739] [0.270651131868]
0.26520627737 [0.268600583076] [0.261811971664]
0.256349876523 [0.258604973555] [0.254094779491]
0.25055788457399997 [0.253188818693] [0.247926950455]
0.248223938048 [0.251225978136] [0.24522189796]
0.2474251687525 [0.249473556876] [0.245376780629]
0.24504201859250002 [0.245230123401] [0.244853913784]
0.2406723871825 [0.241774648428] [0.239570125937]
0.233864545822 [0.238437756896] [0.229291334748]
0.227566115558 [0.234390929341] [0.220741301775]
0.22048775851699998 [0.224843561649] [0.216131955385]
0.21478915214549998 [0.216643288732] [0.212935015559]
0.2160681039095 [0.218482419848] [0.213653787971]
0.22219671309 [0.228675365448] [0.215718060732]
0.2309221997855 [0.24362398684] [0.218220412731]
0.24066518992199998 [0.258758753538] [0.222571626306]
0.2510546967385 [0.271883457899] [0.230225935578]
0.2622841298585 [0.285303652287] [0.23926460743]
0.272120475769 [0.298967838287] [0.245273113251]
0.2766683921215 [0.308695286512] [0.244641497731]
0.276932746172 [0.311790525913] [0.242074966431]
0.278121419251 [0.315192699432] [0.24105013907]
0.283719174564 [0.320047467947] [0.247390881181]
0.29297958314399997 [0.323433816433] [0.262525349855]
0.30447396636 [0.322709172964] [0.286238759756]
0.3168552815915 [0.317871659994] [0.315838903189]
0.3281202465295 [0.310511291027] [0.345729202032]
0.33836033940349997 [0.306607961655] [0.370112717152]
0.3484707325695 [0.304418861866] [0.392522603273]
0.35550995171099997 [0.298589229584] [0.412430673838]
0.3571458905935 [0.290021628141] [0.424270153046]
0.3567100465295 [0.280521661043] [0.432898432016]
0.35015974938850003 [0.267502784729] [0.432816714048]
0.34033641219099997 [0.252112448215] [0.428560376167]
0.3306102827195 [0.237177088857] [0.424043476582]
0.3231076449155 [0.226821690798] [0.419393599033]
0.320090815425 [0.22335216403] [0.41682946682]
0.325203821063 [0.230285078287] [0.420122563839]
0.3367849737405 [0.24786350131] [0.425706446171]
0.34191326797 [0.266542464495] [0.417284071445]
0.3452953398225 [0.283827513456] [0.406763166189]
0.3470711261035 [0.301055401564] [0.393086850643]
0.345418870449 [0.314205765724] [0.376631975174]
0.340473756194 [0.322811335325] [0.358136177063]
0.333498522639 [0.327844917774] [0.339152127504]
0.32642917335 [0.332213938236] [0.320644408464]
0.320358350873 [0.337517946959] [0.303198754787]
0.3156455606225 [0.344408452511] [0.286882668734]
0.313614249229 [0.354606300592] [0.272622197866]
0.3166008293625 [0.369152396917] [0.264049261808]
0.32588352262950004 [0.386744379997] [0.265022665262]
0.3343895971775 [0.397097617388] [0.271681576967]
0.3322911411525 [0.388233721256] [0.276348561049]
