0.273223735392 [0.314874649048] [0.231572821736]
0.2625029161575 [0.29868516326] [0.226320669055]
0.2537406235935 [0.284957408905] [0.222523838282]
0.24600742012250001 [0.270276606083] [0.221738234162]
0.2379352897405 [0.253462135792] [0.222408443689]
0.229648597538 [0.235336259007] [0.223960936069]
0.2213047891855 [0.219202980399] [0.223406597972]
0.2143367230895 [0.208287149668] [0.220386296511]
0.21184240281549999 [0.204391300678] [0.219293504953]
0.212891615927 [0.205116212368] [0.220667019486]
0.2171626016495 [0.207023963332] [0.227301239967]
0.2230556681755 [0.207871794701] [0.23823954165]
0.22890479117649998 [0.207009986043] [0.25079959631]
0.23272828012700003 [0.205444470048] [0.260012090206]
0.23534689843700002 [0.202002614737] [0.268691182137]
0.237559728324 [0.19979609549] [0.275323361158]
0.23789394646899997 [0.198142960668] [0.27764493227]
0.19743853062400002 [0.199080020189] [0.195797041059]
0.200581744313 [0.202846974134] [0.198316514492]
0.20258326828450002 [0.207364082336] [0.197802454233]
0.199382036924 [0.205137223005] [0.193626850843]
0.187776379287 [0.188929647207] [0.186623111367]
0.1727204024795 [0.166784346104] [0.178656458855]
0.158001422882 [0.144198745489] [0.171804100275]
0.1443191058935 [0.123342372477] [0.16529583931]
0.132371604443 [0.107768684626] [0.15697452426]
0.122886095196 [0.098461471498] [0.147310718894]
0.1157513149081 [0.0945628210902] [0.136939808726]
0.11092032492154999 [0.0943918377161] [0.127448812127]
0.1117641553282 [0.0960794985294] [0.127448812127]
0.11284890770905 [0.0982490032911] [0.127448812127]
0.11377435922599999 [0.100099906325] [0.127448812127]
0.114475239068 [0.101501666009] [0.127448812127]
0.11486820876599999 [0.102287605405] [0.127448812127]
0.11468767747299999 [0.101926542819] [0.127448812127]
0.1139205172655 [0.100392222404] [0.127448812127]
0.11859286576494998 [0.0979873687029] [0.139198362827]
0.10368500277375 [0.0958814024925] [0.111488603055]
0.09116219356655 [0.0961602479219] [0.0861641392112]
0.08444817364214999 [0.099877923727] [0.0690184235573]
0.0827942080795 [0.106390275061] [0.059198141098]
0.08446094393725 [0.113867163658] [0.0550547242165]
0.087374832481 [0.119389414787] [0.055360250175]
0.0891707539561 [0.119570806623] [0.0587707012892]
0.0896290801465 [0.115520954132] [0.063737206161]
0.08948378264915 [0.109882116318] [0.0690854489803]
0.088933631778 [0.103880360723] [0.073986902833]
0.08860248699785 [0.0985764563084] [0.0786285176873]
0.0884325616062 [0.0944466143847] [0.0824185088277]
0.0880620330572 [0.0911720693111] [0.0849519968033]
0.08802122622725 [0.0889711230993] [0.0870713293552]
0.0896881148219 [0.0891894623637] [0.0901867672801]
0.09495114535095 [0.0937184840441] [0.0961838066578]
0.10588362813 [0.103947125375] [0.107820130885]
0.1252733767035 [0.1210655123] [0.129481241107]
0.154961399734 [0.144814297557] [0.165108501911]
0.19014341384150002 [0.168608918786] [0.211677908897]
0.22076112777 [0.186065211892] [0.255457043648]
0.2402993366125 [0.198955073953] [0.281643599272]
0.253702893853 [0.212052643299] [0.295353144407]
0.2685467749835 [0.229883313179] [0.307210236788]
0.285007312894 [0.250472068787] [0.319542557001]
0.300282716751 [0.271700799465] [0.328864634037]
0.3125581741335 [0.291260689497] [0.33385565877]
0.32046851515749997 [0.305323719978] [0.335613310337]
0.32880184054399997 [0.318481087685] [0.339122593403]
0.3362643271685 [0.328903615475] [0.343625038862]
0.343698397279 [0.340031474829] [0.347365319729]
0.347705349326 [0.348329335451] [0.347081363201]
0.347860366106 [0.35350471735] [0.342216014862]
0.3441161960365 [0.354223519564] [0.334008872509]
0.3371712714435 [0.351699024439] [0.322643518448]
0.3290883898735 [0.348877608776] [0.309299170971]
0.32029764354199997 [0.347123712301] [0.293471574783]
0.3113283365965 [0.342226326466] [0.280430346727]
0.303916662931 [0.336915671825] [0.270917654037]
0.3001168072225 [0.331987708807] [0.268245905638]
0.29664236307150005 [0.31898406148] [0.274300664663]
0.29337392747400004 [0.302241265774] [0.284506589174]
0.28744131326699995 [0.282017171383] [0.292865455151]
0.276948824525 [0.258629769087] [0.295267879963]
0.260971941054 [0.233258917928] [0.28868496418]
0.24326897412549997 [0.210049793124] [0.276488155127]
0.2288090959195 [0.192371234298] [0.265246957541]
0.2189972996715 [0.181214511395] [0.256780087948]
0.214921198785 [0.177168473601] [0.252673923969]
0.2155119925735 [0.177257925272] [0.253766059875]
0.2176185995345 [0.177779167891] [0.257458031178]
0.219074219465 [0.176290005445] [0.261858433485]
0.219450622797 [0.172160059214] [0.26674118638]
0.218469269574 [0.166895732284] [0.270042806864]
0.2183259502055 [0.164232417941] [0.27241948247]
0.21967338025600003 [0.165731430054] [0.273615330458]
0.22164160013200002 [0.170205920935] [0.273077279329]
0.226858481765 [0.180677711964] [0.273039251566]
0.23620307445549998 [0.196953445673] [0.275452703238]
0.245706893504 [0.211349025369] [0.280064761639]
0.253202147782 [0.222276315093] [0.284127980471]
0.257510125637 [0.228862136602] [0.286158114672]
0.257975935936 [0.230497926474] [0.285453945398]
0.25684350729 [0.229302972555] [0.284384042025]
0.25508426874900003 [0.226625338197] [0.283543199301]
0.255172915757 [0.225204691291] [0.285141140223]
0.2568337917325 [0.223619252443] [0.290048331022]
0.2595676109195 [0.222161576152] [0.296973645687]
0.2625873163345 [0.220301643014] [0.304872989655]
0.2655156701805 [0.219332754612] [0.311698585749]
0.26640929281750003 [0.217551827431] [0.315266758204]
0.265955671668 [0.216957658529] [0.314953684807]
0.2657238766555 [0.218824103475] [0.312623649836]
0.267808191478 [0.224129453301] [0.311486929655]
0.274971470237 [0.234171062708] [0.315771877766]
0.287892691791 [0.247426763177] [0.328358620405]
0.3018946647645 [0.257153302431] [0.346636027098]
0.3148246109485 [0.263900846243] [0.365748375654]
0.32328028976900003 [0.270190030336] [0.376370549202]
0.3270795345305 [0.278772473335] [0.375386595726]
0.32710742950399996 [0.288123220205] [0.366091638803]
0.3246729671955 [0.29751598835] [0.351829946041]
0.320572242141 [0.305010467768] [0.336134016514]
0.3142991364005 [0.309498846531] [0.31909942627]
0.3088095486165 [0.313356637955] [0.304262459278]
0.30415849387649996 [0.315697818995] [0.292619168758]
0.29947347939 [0.317166119814] [0.281780838966]
0.2926659882065 [0.316591531038] [0.268740445375]
0.28325176239 [0.308123588562] [0.258379936218]
0.2709087356925 [0.292633116245] [0.24918435514]
0.2599336355925 [0.279982835054] [0.239884436131]
0.2485240399835 [0.267317205667] [0.2297308743]
0.237575650215 [0.254013895988] [0.221137404442]
0.22742047160849999 [0.240720614791] [0.214120328426]
0.21916820108899998 [0.230155810714] [0.208180591464]
0.2113791406155 [0.21817047894] [0.204587802291]
0.206100128591 [0.208146974444] [0.204053282738]
0.203536242247 [0.201316326857] [0.205756157637]
0.20291803032150002 [0.197512462735] [0.208323597908]
0.202617511153 [0.194721996784] [0.210513025522]
0.200426228344 [0.190282925963] [0.210569530725]
0.197594873607 [0.184983998537] [0.210205748677]
0.1938723698255 [0.178039729595] [0.209705010056]
0.18843875080349998 [0.167561724782] [0.209315776825]
0.18167461454900002 [0.1538425982] [0.209506630898]
0.1757100746035 [0.140964642167] [0.21045550704]
0.170217834413 [0.130744606256] [0.20969106257]
0.1650992296635 [0.124986372888] [0.205212086439]
0.1591232977805 [0.121548183262] [0.196698412299]
0.154145359993 [0.119867548347] [0.188423171639]
0.149076003581 [0.116996414959] [0.181155592203]
0.144899982959 [0.11231354624] [0.177486419678]
0.14140787348150002 [0.106057740748] [0.176758006215]
0.13798987865445 [0.0993514508009] [0.176628306508]
