0.1523058898747 [0.0842062309384] [0.220405548811]
0.16086654737585 [0.0857469961047] [0.235986098647]
0.17269439622785 [0.0891940817237] [0.256194710732]
0.18769391998649998 [0.093386285007] [0.282001554966]
0.20166892930879998 [0.0970793291926] [0.306258529425]
0.21043971180925 [0.0985181331635] [0.322361290455]
0.2129656486215 [0.09674795717] [0.329183340073]
0.20934727787985 [0.0925719738007] [0.326122581959]
0.2025075219572 [0.0879568979144] [0.317058146]
0.1920489259066 [0.0852867737412] [0.298811078072]
0.1828059181569 [0.0846541970968] [0.280957639217]
0.17260536924019998 [0.0856484249234] [0.259562313557]
0.1630169823766 [0.0872809886932] [0.23875297606]
0.1543490961194 [0.0885224491358] [0.220175743103]
0.1463226377963 [0.0893715173006] [0.203273758292]
0.1384735815226 [0.0895870104432] [0.187360152602]
0.13217181712385 [0.0892084538937] [0.175135180354]
0.12780520692484998 [0.0884489044547] [0.167161509395]
0.12540161237144998 [0.0882175341249] [0.162585690618]
0.12380006164335 [0.0879168510437] [0.159683272243]
0.1225731484593 [0.0895972177386] [0.15554907918]
0.12235927581785 [0.0950418561697] [0.149676695466]
0.124067656696 [0.105826109648] [0.142309203744]
0.128646846861 [0.122610650957] [0.134683042765]
0.1362004876135 [0.145664960146] [0.126736015081]
0.1448066830635 [0.17028786242] [0.119325503707]
0.150586348027 [0.187844619155] [0.113328076899]
0.1538095884025 [0.197124347091] [0.110494829714]
0.157794676721 [0.203328922391] [0.112260431051]
0.1641968488695 [0.21042098105] [0.117972716689]
0.17329476773750002 [0.221069946885] [0.12551958859]
0.1822256296875 [0.231581360102] [0.132869899273]
0.1890011653305 [0.239800408483] [0.138201922178]
0.19302394241100002 [0.243459060788] [0.142588824034]
0.195648029447 [0.244437888265] [0.146858170629]
0.195916891098 [0.243087932467] [0.148745849729]
0.194214567542 [0.239884614944] [0.14854452014]
0.19298157841 [0.238883569837] [0.147079586983]
0.19279844313900002 [0.237818822265] [0.147778064013]
0.1932419463995 [0.235412165523] [0.151071727276]
0.1953859329225 [0.233599230647] [0.157172635198]
0.192781917751 [0.222180515528] [0.163383319974]
0.1860348433255 [0.206005975604] [0.166063711047]
0.177495516837 [0.1893042624] [0.165686771274]
0.1706263124945 [0.175462648273] [0.165789976716]
0.1681211665275 [0.167985484004] [0.168256849051]
0.168617412448 [0.165602743626] [0.17163208127]
0.169427037239 [0.166284710169] [0.172569364309]
0.1677656024695 [0.16695548594] [0.168575718999]
0.1634362637995 [0.165113925934] [0.161758601665]
0.15844628959899998 [0.160705372691] [0.156187206507]
0.155300244689 [0.155584573746] [0.155015915632]
0.155516192317 [0.152306705713] [0.158725678921]
0.1579965054985 [0.151089429855] [0.164903581142]
0.1600253507495 [0.150929272175] [0.169121429324]
0.15895347297200002 [0.150712385774] [0.16719456017]
0.1574380844835 [0.151529580355] [0.163346588612]
0.157721102238 [0.154666170478] [0.160776033998]
0.161118552089 [0.161947309971] [0.160289794207]
0.1646441668275 [0.171372741461] [0.157915592194]
0.16277344524850001 [0.174334570765] [0.151212319732]
0.15200050920250002 [0.165439814329] [0.138561204076]
0.13688538968550001 [0.1504021734] [0.123368605971]
0.123639687896 [0.137344554067] [0.109934821725]
0.11407506465950001 [0.128015160561] [0.100134968758]
0.10807194560764999 [0.122530400753] [0.0936134904623]
0.10400510206825 [0.119218401611] [0.0887918025255]
0.10029187425955 [0.116080164909] [0.0845035836101]
