0.08712477982045 [0.0877468138933] [0.0865027457476]
0.09042213112120001 [0.0943910479546] [0.0864532142878]
0.09850858896965001 [0.104840800166] [0.0921763777733]
0.112249657512 [0.119605109096] [0.104894205928]
0.1266489215195 [0.134062319994] [0.119235523045]
0.129400916398 [0.138216093183] [0.120585739613]
0.11329207941899999 [0.124746479094] [0.101837679744]
0.08742411434649999 [0.0998957976699] [0.0749524310231]
0.06465798616405 [0.0755790919065] [0.0537368804216]
0.0485081858933 [0.057276789099] [0.0397395826876]
0.038031397387399996 [0.0445061326027] [0.0315566621721]
0.03152560070155 [0.0360857583582] [0.0269654430449]
0.028106094338 [0.0313641503453] [0.0248480383307]
0.02653015218675 [0.0289673246443] [0.0240929797292]
0.02604321017865 [0.0279789771885] [0.0241074431688]
0.02604600507765 [0.0277166236192] [0.0243753865361]
0.02603925112635 [0.0275465212762] [0.0245319809765]
0.02576745301485 [0.027140064165] [0.0243948418647]
0.025304148905 [0.0266447030008] [0.0239635948092]
0.0246916003525 [0.0260348152369] [0.0233483854681]
0.0243608057499 [0.0256578903645] [0.0230637211353]
0.024689611047499997 [0.0258960463107] [0.0234831757843]
0.02596535068005 [0.0268577635288] [0.0250729378313]
0.0282101053745 [0.0286007393152] [0.0278194714338]
0.03135915938765 [0.031137643382] [0.0315806753933]
0.0352483578026 [0.0343836583197] [0.0361130572855]
0.0395806375891 [0.0380202531815] [0.0411410219967]
0.0437546186149 [0.0414183475077] [0.0460908897221]
0.04669923335315 [0.0433781221509] [0.0500203445554]
0.04770009964705 [0.0433673262596] [0.0520328730345]
0.0474811717868 [0.0422607138753] [0.0527016296983]
0.047054072842 [0.04100471735] [0.053103428334]
0.0471540056169 [0.0401684604585] [0.0541395507753]
0.04836875759065 [0.0403083562851] [0.0564291588962]
0.0511437933892 [0.0420321971178] [0.0602553896606]
0.05556966178115 [0.0456524379551] [0.0654868856072]
0.06105818413195 [0.0511516742408] [0.0709646940231]
0.06409532018005 [0.0527619086206] [0.0754287317395]
0.06461630947885 [0.0511248297989] [0.0781077891588]
0.06294149532915 [0.0478876754642] [0.0779953151941]
0.061221729964 [0.044796064496] [0.077647395432]
0.058664321899400004 [0.0422928184271] [0.0750358253717]
0.0564255360514 [0.0405560694635] [0.0722950026393]
0.05526158958675 [0.039459079504] [0.0710640996695]
0.05478309094905 [0.0386305451393] [0.0709356367588]
0.05464453995224999 [0.0380727127194] [0.0712163671851]
0.05417195893825 [0.0372642315924] [0.0710796862841]
0.05312386527655 [0.0365495383739] [0.0696981921792]
0.051720848307 [0.0362378619611] [0.0672038346529]
0.05046176724135 [0.0363617353141] [0.0645617991686]
0.0493888966739 [0.0366876684129] [0.0620901249349]
0.0482413191348 [0.0367365516722] [0.0597460865974]
0.0469904653728 [0.0361712090671] [0.0578097216785]
0.0455956235528 [0.0343871563673] [0.0568040907383]
0.04536174796525 [0.0333610288799] [0.0573624670506]
0.04703389108184999 [0.0331835150719] [0.0608842670918]
0.0502208471298 [0.0341894999146] [0.066252194345]
0.0524896532297 [0.0350757539272] [0.0699035525322]
0.05363956280055 [0.0360934622586] [0.0711856633425]
0.0536955296993 [0.0371451079845] [0.0702459514141]
0.0537512060255 [0.038320902735] [0.069181509316]
0.054719483479850006 [0.0396809764206] [0.0697579905391]
0.0567509178072 [0.0412965454161] [0.0722052901983]
0.059813637286400004 [0.0434163659811] [0.0762109085917]
0.06340258195995 [0.04490121454] [0.0819039493799]
0.06684633903205 [0.0458967499435] [0.0877959281206]
0.06976088136435 [0.0466379821301] [0.0928837805986]
0.072494648397 [0.0481218695641] [0.0968674272299]
0.07572920620445 [0.0513334497809] [0.100124962628]
0.08015830256035 [0.0565052889287] [0.103811316192]
0.08633084967755 [0.0638932138681] [0.108768485487]
0.09498340636515 [0.0747495368123] [0.115217275918]
0.10491881892075 [0.0884615033865] [0.121376134455]
0.11401641368849999 [0.10186971724] [0.126163110137]
0.120285909623 [0.112522728741] [0.128049090505]
0.1228140704335 [0.118364877999] [0.127263262868]
0.1257002428175 [0.123697862029] [0.127702623606]
0.13108292222 [0.130233541131] [0.131932303309]
0.13437756896050002 [0.135041341186] [0.133713796735]
0.131222680211 [0.137941151857] [0.124504208565]
0.126714002341 [0.139206469059] [0.114221535623]
0.122376650572 [0.139431521297] [0.105321779847]
0.1185980439185 [0.13947032392] [0.097725763917]
0.11754626780775 [0.141387328506] [0.0937052071095]
0.12059156969205001 [0.146363988519] [0.0948191508651]
0.12561037018915 [0.154744908214] [0.0964758321643]
0.1317677535117 [0.164609104395] [0.0989264026284]
0.13600678369400002 [0.171935379505] [0.100078187883]
0.1382560171185 [0.176180258393] [0.100331775844]
0.13838528469185002 [0.176803976297] [0.0999665930867]
0.1370574906466 [0.17491094768] [0.0992040336132]
0.13355385139575 [0.168778285384] [0.0983294174075]
0.12856479734195 [0.158978328109] [0.0981512665749]
0.12472655624155 [0.150769352913] [0.0986837595701]
0.1208734437825 [0.141253590584] [0.100493296981]
0.119006190449 [0.134929299355] [0.103083081543]
0.11739068478350001 [0.131524950266] [0.103256419301]
0.1157947666945 [0.129286006093] [0.102303527296]
0.11329094320549998 [0.127232000232] [0.099349886179]
0.11143675446529999 [0.124747641385] [0.0981258675456]
0.10914710164079999 [0.121314391494] [0.0969798117876]
0.106900937855 [0.115891590714] [0.097910284996]
0.10397740826 [0.109759993851] [0.098194822669]
0.10132540017345 [0.103799693286] [0.0988511070609]
0.0970553830266 [0.0975032672286] [0.0966074988246]
0.0931353382766 [0.0913036763668] [0.0949670001864]
0.0895639136434 [0.0854978486896] [0.0936299785972]
0.08636439591645001 [0.0805517435074] [0.0921770483255]
0.08324010670185 [0.0749447867274] [0.0915354266763]
0.08029346540575 [0.067893691361] [0.0926932394505]
0.07824055477975 [0.0623361840844] [0.0941449254751]
0.076653348282 [0.0592868216336] [0.0940198749304]
0.07503907009960001 [0.0583157166839] [0.0917624235153]
0.07333135791125 [0.0585813932121] [0.0880813226104]
0.07198029756545 [0.0595000758767] [0.0844605192542]
0.07118605077265 [0.0605146065354] [0.0818574950099]
0.07085575163365 [0.0610060617328] [0.0807054415345]
0.0697537176311 [0.0604517385364] [0.0790556967258]
0.06819861941040001 [0.0591301210225] [0.0772671177983]
0.06582271680235 [0.0577049553394] [0.0739404782653]
0.0643723271787 [0.0569700077176] [0.0717746466398]
0.06399283930659999 [0.0574648678303] [0.0705208107829]
0.06425579823555 [0.0597598068416] [0.0687517896295]
0.06538163125515001 [0.0639471188188] [0.0668161436915]
0.0672294162214 [0.069355070591] [0.0651037618518]
0.06943668425079999 [0.0750382468104] [0.0638351216912]
0.07244012504815 [0.0813351124525] [0.0635451376438]
0.0747494585812 [0.085714392364] [0.0637845247984]
0.07623453438285 [0.0871178507805] [0.0653512179852]
0.07726670056585 [0.0868321284652] [0.0677012726665]
0.0783496946096 [0.0867823734879] [0.0699170157313]
0.07938062027095 [0.0878263413906] [0.0709348991513]
0.0799284055829 [0.0898544490337] [0.0700023621321]
0.07996306195855 [0.0927397534251] [0.067186370492]
0.0799921900034 [0.0966611728072] [0.0633232071996]
0.0810184348373 [0.101447716355] [0.0605891533196]
0.0823947060851 [0.104799047112] [0.0599903650582]
0.08066899329415 [0.102903306484] [0.0584346801043]
0.0753358248621 [0.0960102602839] [0.0546613894403]
0.06947606429455 [0.0875321924686] [0.0514199361205]
0.06374268606305 [0.0790177956223] [0.0484675765038]
0.0583965051919 [0.070892162621] [0.0459008477628]
0.051732826977949994 [0.0617386512458] [0.0417270027101]
0.04421119764445 [0.0519038289785] [0.0365185663104]
0.0372691322118 [0.0434496067464] [0.0310886576772]
0.0321896383539 [0.0373768247664] [0.0270024519414]
0.028937372379 [0.0333849191666] [0.0244898255914]
0.02721922378985 [0.0311121921986] [0.0233262553811]
