0.06736290454865 [0.0634377896786] [0.0712880194187]
0.0650078840554 [0.0624635741115] [0.0675521939993]
0.059925943613049995 [0.0580257363617] [0.0618261508644]
0.053647546097650003 [0.0515048205853] [0.05579027161]
0.048556705936800004 [0.045953463763] [0.0511599481106]
0.0450326874852 [0.0413879007101] [0.0486774742603]
0.04304794035855 [0.0376487448812] [0.0484471358359]
0.0423368122429 [0.0349352397025] [0.0497383847833]
0.042466389015300005 [0.033328525722] [0.0516042523086]
0.042984548956150004 [0.0327189490199] [0.0532501488924]
0.04359708540145 [0.0329088456929] [0.05428532511]
0.04449482634665 [0.0336770378053] [0.055312614888]
0.045855225995150004 [0.0348789617419] [0.0568314902484]
0.04668023809795 [0.0358293242753] [0.0575311519206]
0.04724424891175 [0.0360478423536] [0.0584406554699]
0.0481171030551 [0.0363481044769] [0.0598861016333]
0.049815177917499995 [0.0372187532485] [0.0624116025865]
0.052784200757750005 [0.0390054136515] [0.066562987864]
0.0572617482394 [0.0417590178549] [0.0727644786239]
0.0632696915418 [0.045685376972] [0.0808540061116]
0.06902560032905 [0.0504599325359] [0.0875912681222]
0.07040505856274999 [0.0544633716345] [0.086346745491]
0.06838263385 [0.0574766211212] [0.0792886465788]
0.06584888510405 [0.0584144927561] [0.073283277452]
0.0631326343864 [0.056479293853] [0.0697859749198]
0.0596297904849 [0.0521382912993] [0.0671212896705]
0.05465208366515 [0.0461271777749] [0.0631769895554]
0.04824110493065 [0.0388868153095] [0.0575953945518]
0.04235785081985 [0.0332481861115] [0.0514675155282]
0.03777401614935 [0.0296222064644] [0.0459258258343]
0.03438544552775 [0.0273256432265] [0.041445247829]
0.0319228908047 [0.0256935413927] [0.0381522402167]
0.0302734831348 [0.0246427040547] [0.0359042622149]
0.029315331019449997 [0.0241525750607] [0.0344780869782]
0.02885289210825 [0.0240899901837] [0.0336157940328]
0.0286684660241 [0.0242934953421] [0.0330434367061]
0.02841850370165 [0.0243372134864] [0.0324997939169]
0.0279860589653 [0.0240880399942] [0.0318840779364]
0.027498525567350003 [0.0236387718469] [0.0313582792878]
0.0274138711393 [0.0235660970211] [0.0312616452575]
0.0281675886363 [0.024579487741] [0.0317556895316]
0.0304607450962 [0.0277053415775] [0.0332161486149]
0.03522788919505 [0.0341375917196] [0.0363181866705]
0.0438941307366 [0.045687366277] [0.0421008951962]
0.058229709044100006 [0.064651787281] [0.0518076308072]
0.07975556701424999 [0.0935630872846] [0.0659480467439]
0.1047270074487 [0.126131951809] [0.0833220630884]
0.12207760661825 [0.144280016422] [0.0998751968145]
0.133985232562 [0.15551571548] [0.112454749644]
0.1410225331785 [0.161831080914] [0.120213985443]
0.143664192408 [0.164863541722] [0.122464843094]
0.14109015837299999 [0.16283339262] [0.119346924126]
0.137264739722 [0.157851099968] [0.116678379476]
0.1244920752945 [0.136653661728] [0.112330488861]
0.10406690463425 [0.0993234962225] [0.108810313046]
0.08597736433135 [0.0679138228297] [0.104040905833]
0.07312906347215 [0.0514285452664] [0.0948295816779]
0.061870386824049994 [0.042092461139] [0.0816483125091]
0.0517492443323 [0.0351487100124] [0.0683497786522]
0.043016792275 [0.0295681711286] [0.0564654134214]
0.0363216055557 [0.0252924915403] [0.0473507195711]
0.031074643135049998 [0.0220168828964] [0.0401324033737]
0.02700712811205 [0.0196786914021] [0.034335564822]
0.023800401948400003 [0.0178720988333] [0.0297287050635]
0.02135760243985 [0.0164863597602] [0.0262288451195]
0.01959304930645 [0.0154045345262] [0.0237815640867]
0.01835827110335 [0.0145053947344] [0.0222111474723]
0.017387063708149998 [0.0137739786878] [0.0210001487285]
0.016496536787599998 [0.0131675908342] [0.019825482741]
0.0157211907208 [0.0128369666636] [0.018605414778]
0.0152092175558 [0.0129240117967] [0.0174944233149]
0.01506481925025 [0.0134869525209] [0.0166426859796]
0.0153664937243 [0.0145910233259] [0.0161419641227]
0.015948341228100002 [0.0158519931138] [0.0160446893424]
0.01689035817985 [0.017320310697] [0.0164604056627]
0.01817241776735 [0.0189926177263] [0.0173522178084]
0.01983711589125 [0.0210034046322] [0.0186708271503]
0.02199294604365 [0.0234477669001] [0.0205381251872]
0.024668721482149998 [0.0264802481979] [0.0228571947664]
0.02786894515155 [0.0300028286874] [0.0257350616157]
0.031366080977 [0.0337437056005] [0.0289884563535]
0.0351709648967 [0.0377936549485] [0.0325482748449]
0.039779452607 [0.0428315363824] [0.0367273688316]
0.04635940864685 [0.0503268539906] [0.0423919633031]
0.0569522641599 [0.062227550894] [0.0516769774258]
0.07296186313035 [0.0788640379906] [0.0670596882701]
0.0949719361961 [0.0977139547467] [0.0922299176455]
0.1175190545615 [0.109797827899] [0.125240281224]
0.1277118213475 [0.115360848606] [0.140062794089]
0.129152417183 [0.118087440729] [0.140217393637]
0.1289215683935 [0.120770692825] [0.137072443962]
0.130348160863 [0.125380575657] [0.135315746069]
0.1333889365195 [0.13156491518] [0.135212957859]
0.1349702998995 [0.135567873716] [0.134372726083]
0.131044097245 [0.132201999426] [0.129886195064]
0.118133828044 [0.119020201266] [0.117247454822]
0.09448678046465 [0.0933473557234] [0.0956262052059]
0.07042130827905 [0.0674401000142] [0.0734025165439]
0.054726041853449994 [0.0514050163329] [0.058047067374]
0.045071022584999995 [0.0416466630995] [0.0484953820705]
0.0391889959574 [0.0357222221792] [0.0426557697356]
0.0352088473737 [0.0320974513888] [0.0383202433586]
0.03246470727025 [0.0298098064959] [0.0351196080446]
0.030610488727700003 [0.028249938041] [0.0329710394144]
0.02937771659345 [0.0271256733686] [0.0316297598183]
0.02843994461 [0.0261992011219] [0.0306806880981]
0.027509366162150002 [0.02531837672] [0.0297003556043]
0.02667212300005 [0.0246486514807] [0.0286955945194]
0.02609645109625 [0.0242793187499] [0.0279135834426]
0.02595990896225 [0.0243292432278] [0.0275905746967]
0.026307298801850003 [0.0247279703617] [0.027886627242]
0.0273992251605 [0.0256908107549] [0.0291076395661]
0.029552328400299997 [0.0275433976203] [0.0315612591803]
0.0335424588993 [0.0309027228504] [0.0361821949482]
0.038942098617550006 [0.0357003994286] [0.0421837978065]
0.0457106977701 [0.0417209789157] [0.0497004166245]
0.05412782542405 [0.0488884709775] [0.0593671798706]
0.06499368324875 [0.0573593005538] [0.0726280659437]
0.0810483433306 [0.0683971866965] [0.0936994999647]
0.1038305014371 [0.0839153379202] [0.123745664954]
0.12481398135415 [0.0994456857443] [0.150182276964]
0.1382199786605 [0.11366545409] [0.162774503231]
0.1407739929855 [0.12415008992] [0.157397896051]
0.13759076595300002 [0.12847097218] [0.146710559726]
