0.037941673770549994 [0.0395422205329] [0.0363411270082]
0.03579257056115 [0.0373335294425] [0.0342516116798]
0.034690547734500005 [0.0359540916979] [0.0334270037711]
0.0345554035157 [0.0355125665665] [0.0335982404649]
0.034805957227950005 [0.0355868637562] [0.0340250506997]
0.035137783736 [0.036024864763] [0.034250702709]
0.035373438149699996 [0.036587767303] [0.0341591089964]
0.03598582185805 [0.0376354828477] [0.0343361608684]
0.0373073853552 [0.0391223095357] [0.0354924611747]
0.039476331323400005 [0.0410520061851] [0.0379006564617]
0.042582612484699994 [0.0438733883202] [0.0412918366492]
0.0455644130707 [0.0466705039144] [0.044458322227]
0.047502789646350005 [0.0486661046743] [0.0463394746184]
0.048934314399949996 [0.0499824695289] [0.047886159271]
0.051636511459950005 [0.053302269429] [0.0499707534909]
0.05612542293965 [0.0598071925342] [0.0524436533451]
0.061466159299 [0.0692722573876] [0.0536600612104]
0.0654107108712 [0.0765523687005] [0.0542690530419]
0.0678101722151 [0.080896243453] [0.0547241009772]
0.0696799308062 [0.0851145088673] [0.0542453527451]
0.0703349057585 [0.086433917284] [0.054235894233]
0.0715055074543 [0.0879764929414] [0.0550345219672]
0.0733291618526 [0.0901731550694] [0.0564851686358]
0.0747220981866 [0.0916523039341] [0.0577918924391]
0.07544565200805001 [0.0923958942294] [0.0584954097867]
0.07618644088505 [0.0933131724596] [0.0590597093105]
0.07818933576345 [0.0960263758898] [0.0603522956371]
0.0822238251567 [0.101267464459] [0.0631801858544]
0.08772511780285 [0.107368305326] [0.0680819302797]
0.09359177947024999 [0.112190559506] [0.0749929994345]
0.09463030844925 [0.114267617464] [0.0749929994345]
0.09463030844925 [0.114267617464] [0.0749929994345]
0.09463030844925 [0.114267617464] [0.0749929994345]
0.09463030844925 [0.114267617464] [0.0749929994345]
0.09463030844925 [0.114267617464] [0.0749929994345]
0.09463030844925 [0.114267617464] [0.0749929994345]
0.09463030844925 [0.114267617464] [0.0749929994345]
0.09463030844925 [0.114267617464] [0.0749929994345]
0.09463030844925 [0.114267617464] [0.0749929994345]
0.09463030844925 [0.114267617464] [0.0749929994345]
0.09463030844925 [0.114267617464] [0.0749929994345]
0.121948800981 [0.114267617464] [0.129629984498]
0.10859810560955 [0.0894077122211] [0.127788498998]
0.09889905154705 [0.0799947530031] [0.117803350091]
0.09154129773389999 [0.0760323181748] [0.107050277293]
0.08813523873685 [0.0768948048353] [0.0993756726384]
0.08793465793130001 [0.0808737725019] [0.0949955433607]
0.08961587026715 [0.0863600149751] [0.0928717255592]
0.09196081012485 [0.0919028148055] [0.0920188054442]
0.09431737661365 [0.0968265756965] [0.0918081775308]
0.0969400294125 [0.100893907249] [0.092986151576]
0.09936479851595 [0.103207670152] [0.0955219268799]
0.10124678909755 [0.104138821363] [0.0983547568321]
0.104593411088 [0.104439586401] [0.104747235775]
0.10436735302200001 [0.103192411363] [0.105542294681]
0.1019053459165 [0.102496385574] [0.101314306259]
0.10043980553725 [0.104455851018] [0.0964237600565]
0.1023862734435 [0.109932556748] [0.094839990139]
0.10853417590270001 [0.118358038366] [0.0987103134394]
0.11633890122150001 [0.125612646341] [0.107065156102]
0.121719583869 [0.127510637045] [0.115928530693]
0.124298404902 [0.126129105687] [0.122467704117]
0.12480482831600001 [0.123068697751] [0.126540958881]
0.124646898359 [0.119694806635] [0.129598990083]
0.124524425715 [0.115747235715] [0.133301615715]
0.123429980129 [0.109763793647] [0.137096166611]
0.1213418468835 [0.102390304208] [0.140293389559]
0.11883296072505 [0.0946237742901] [0.14304214716]
0.11777311190949999 [0.088738001883] [0.146808221936]
0.1186787672343 [0.0852549150586] [0.15210261941]
0.12348806112989999 [0.0832701474428] [0.163705974817]
0.1283802688124 [0.0833431780338] [0.173417359591]
0.13064537197345 [0.0837458670139] [0.177544876933]
0.13066990301 [0.084334127605] [0.177005678415]
0.1307044997813 [0.0855333954096] [0.175875604153]
0.13290221989134998 [0.0871444940567] [0.178659945726]
0.13575161248419998 [0.0894745737314] [0.182028651237]
0.1372462362052 [0.0904326438904] [0.18405982852]
0.13529570028165 [0.0882622227073] [0.182329177856]
0.1305425763128 [0.0844076275826] [0.176677525043]
0.12571207433925 [0.0804393440485] [0.17098480463]
0.12157490476975 [0.0772661194205] [0.165883690119]
0.117716230452 [0.075647264719] [0.159785196185]
0.11376749351615 [0.0756429955363] [0.151891991496]
0.1094489693643 [0.0767176151276] [0.142180323601]
0.10504468157890001 [0.0781621858478] [0.13192717731]
0.1024040021001 [0.0813497379422] [0.123458266258]
0.10179419815515 [0.0853809788823] [0.118207417428]
0.10230621695505 [0.0896141752601] [0.11499825865]
0.1025095395745 [0.091784492135] [0.113234587014]
0.1018865928052 [0.0910741984844] [0.112698987126]
0.1000203974544 [0.0875434875488] [0.11249730736]
0.09715664759275 [0.0813436210155] [0.11296967417]
0.09296775236735 [0.0735798478127] [0.112355656922]
0.08919843286285 [0.0656111240387] [0.112785741687]
0.08601743355399999 [0.059319473803] [0.112715393305]
0.08324027434 [0.0550833866] [0.11139716208]
0.07975345291210001 [0.0515115447342] [0.10799536109]
0.07563438452775 [0.0485363565385] [0.102732412517]
0.07176651619375 [0.0466326437891] [0.0969003885984]
0.06861996650695 [0.0453069359064] [0.0919329971075]
0.06636182777585 [0.0449323691428] [0.0877912864089]
0.06491254083815 [0.0455482043326] [0.0842768773437]
0.06373436748985 [0.0465067252517] [0.080962009728]
0.06248041801155001 [0.0473281480372] [0.0776326879859]
0.060718763619699995 [0.0479306802154] [0.073506847024]
0.05839519575235 [0.0480979159474] [0.0686924755573]
0.05610163882375 [0.0486277192831] [0.0635755583644]
0.0537154264748 [0.0492367893457] [0.0581940636039]
0.0511514339596 [0.0497493594885] [0.0525535084307]
0.0484134238213 [0.0498799830675] [0.0469468645751]
0.04602345637975 [0.050035264343] [0.0420116484165]
0.044463166967049994 [0.0508830435574] [0.0380432903767]
0.04383870773015 [0.0522644072771] [0.0354130081832]
0.0436227824539 [0.0532550513744] [0.0339905135334]
0.04265539906915 [0.0522067174315] [0.0331040807068]
0.0412732511759 [0.0505429059267] [0.0320035964251]
0.0400846758857 [0.0494694523513] [0.0306998994201]
0.0395708717406 [0.0494894832373] [0.0296522602439]
0.0399011494592 [0.0502734221518] [0.0295288767666]
0.04066367913035 [0.0511168837547] [0.030210474506]
0.0420892499387 [0.052179813385] [0.0319986864924]
0.04372030496595 [0.0528261363506] [0.0346144735813]
0.045578237622950005 [0.0530982725322] [0.0380582027137]
0.047083392739249996 [0.0530925057828] [0.0410742796957]
