0.061218701303 [0.0521764606237] [0.0702609419823]
0.0594596862793 [0.0496061295271] [0.0693132430315]
0.055319372564549996 [0.0452208891511] [0.065417855978]
0.04927606880665 [0.039380826056] [0.0591713115573]
0.04252384603025 [0.0334994271398] [0.0515482649207]
0.036220236681399995 [0.0285130869597] [0.0439273864031]
0.0312645500526 [0.0248595159501] [0.0376695841551]
0.02754963655025 [0.022237373516] [0.0328618995845]
0.024790967814649997 [0.0201522819698] [0.0294296536595]
0.022654287517050002 [0.0186582114547] [0.0266503635794]
0.0211333632469 [0.0179694071412] [0.0242973193526]
0.02020606957375 [0.0180864408612] [0.0223256982863]
0.0196732953191 [0.0187425222248] [0.0206040684134]
0.01936791837215 [0.0196160655469] [0.0191197711974]
0.0191322220489 [0.0204236079007] [0.0178408361971]
0.01889698207375 [0.0208914261311] [0.0169025380164]
0.0189148532227 [0.0212746355683] [0.0165550708771]
0.01944153569635 [0.0219542533159] [0.0169288180768]
0.020484285429149998 [0.0230557098985] [0.0179128609598]
0.0218048300594 [0.0244134217501] [0.0191962383687]
0.02308667171745 [0.0256546400487] [0.0205187033862]
0.02423745952545 [0.0265838652849] [0.021891053766]
0.02538568060845 [0.0273818243295] [0.0233895368874]
0.0269535146654 [0.0285080224276] [0.0253990069032]
0.029233054257950003 [0.0300964973867] [0.0283696111292]
0.031465541571349995 [0.0315584428608] [0.0313726402819]
0.0337821319699 [0.0326740071177] [0.0348902568221]
0.0360707771033 [0.0328396931291] [0.0393018610775]
0.038644902408149995 [0.0324053242803] [0.044884480536]
0.04111749492585 [0.0317347086966] [0.0505002811551]
0.042743062600499995 [0.0312758870423] [0.0542102381587]
0.04302706662565 [0.0304992962629] [0.0555548369884]
0.042351254261999996 [0.0294871833175] [0.0552153252065]
0.0409010350704 [0.0281781069934] [0.0536239631474]
0.03949105832725 [0.0270015392452] [0.0519805774093]
0.03872275259345 [0.0264544803649] [0.050991024822]
0.03864210192115 [0.0268555227667] [0.0504286810756]
0.039108944125450004 [0.0285229627043] [0.0496949255466]
0.03920567035675 [0.0302371121943] [0.0481742285192]
0.037580659613 [0.0294578075409] [0.0457035116851]
0.034022963605800004 [0.0265077408403] [0.0415381863713]
0.0302816228941 [0.0229341294616] [0.0376291163266]
0.0274535920471 [0.0201245397329] [0.0347826443613]
0.02600547950715 [0.0186896082014] [0.0333213508129]
0.02574040181935 [0.0184329301119] [0.0330478735268]
0.02627756632865 [0.018960557878] [0.0335945747793]
0.0272558471188 [0.019912051037] [0.0345996432006]
0.0284427097067 [0.0209835190326] [0.0359019003808]
0.02971131633965 [0.0220184419304] [0.0374041907489]
0.0309532461688 [0.0229751523584] [0.0389313399792]
0.032153631560499996 [0.0236901436001] [0.0406171195209]
0.0331018269062 [0.0240757316351] [0.0421279221773]
0.03377816453575 [0.0242187269032] [0.0433376021683]
0.0352878905833 [0.0246470421553] [0.0459287390113]
0.0384626891464 [0.0257645919919] [0.0511607863009]
0.04412354622035 [0.0281949918717] [0.060052100569]
0.05382727272805 [0.0329247154295] [0.0747298300266]
0.0678354240954 [0.0415886193514] [0.0940822288394]
0.08619285747405 [0.0560996159911] [0.116286098957]
0.10790688171990001 [0.0766390189528] [0.139174744487]
0.1287466287615 [0.099793240428] [0.157700017095]
0.1446576043965 [0.114858791232] [0.174456417561]
0.1521530672905 [0.115972831845] [0.188333302736]
0.1551242135465 [0.110799439251] [0.199448987842]
0.154159139842 [0.107560358942] [0.200757920742]
0.147256370634 [0.109644703567] [0.184868037701]
0.1397404670715 [0.113021969795] [0.166458964348]
0.13535546511399998 [0.114955574274] [0.155755355954]
0.13480129838 [0.115643978119] [0.153958618641]
0.13668383285400001 [0.118466489017] [0.154901176691]
0.1388501673935 [0.121453896165] [0.156246438622]
0.1394018270075 [0.12241717428] [0.156386479735]
0.1384506933395 [0.122877441347] [0.154023945332]
0.13341184333 [0.117983154953] [0.148840531707]
0.125988613814 [0.110387392342] [0.141589835286]
0.1174560040235 [0.101753935218] [0.133158072829]
0.10841878503545 [0.0925843343139] [0.124253235757]
0.09921980276709999 [0.0836032107472] [0.114836394787]
0.09139918163405 [0.0756991356611] [0.107099227607]
0.08390694111585001 [0.0698437541723] [0.0979701280594]
0.07600305229425 [0.0646117627621] [0.0873943418264]
0.06701972149310001 [0.0586051009595] [0.0754343420267]
0.06124519556765 [0.0535029098392] [0.0689874812961]
0.058869054541 [0.0501966290176] [0.0675414800644]
0.0572581831366 [0.0480649881065] [0.0664513781667]
0.05596461705865 [0.0461852736771] [0.0657439604402]
0.05475436337295 [0.0440549887717] [0.0654537379742]
0.0538078006357 [0.0419055111706] [0.0657100901008]
0.053307138383399996 [0.040063329041] [0.0665509477258]
0.053542951121899995 [0.0391439683735] [0.0679419338703]
0.05458276532589999 [0.0396470762789] [0.0695184543729]
0.05630251951515 [0.0415943674743] [0.071010671556]
0.0582526624203 [0.0444891378284] [0.0720161870122]
0.0599012300372 [0.0475769340992] [0.0722255259752]
0.0609886776656 [0.0504000969231] [0.0715772584081]
0.0620087850839 [0.0533322058618] [0.070685364306]
0.0633430443704 [0.056658282876] [0.0700278058648]
0.0657507553697 [0.0613798797131] [0.0701216310263]
0.07120026648045 [0.0674672201276] [0.0749333128333]
0.0788646042347 [0.0730657428503] [0.0846634656191]
0.08703127503395 [0.079511359334] [0.0945511907339]
0.0932667516172 [0.0881816595793] [0.0983518436551]
0.09685258194804999 [0.0977944135666] [0.0959107503295]
0.0953192971648 [0.102408975363] [0.0882296189666]
0.08414663746955 [0.0936962887645] [0.0745969861746]
0.06872526183725 [0.0777797475457] [0.0596707761288]
0.05643681436775 [0.0647508203983] [0.0481228083372]
0.049587205052349995 [0.0581341870129] [0.0410402230918]
0.04688331484795 [0.0551140345633] [0.0386525951326]
0.0458929669112 [0.0535218939185] [0.0382640399039]
0.045881902799 [0.0530548989773] [0.0387089066207]
0.045640844851750004 [0.0527371875942] [0.0385445021093]
0.0444732159376 [0.051715709269] [0.0372307226062]
0.042587691918 [0.0498301871121] [0.0353451967239]
0.0405942350626 [0.0472236610949] [0.0339648090303]
0.03925378620625 [0.0444333180785] [0.034074254334]
0.038920540362599995 [0.0418738722801] [0.0359672084451]
0.039386391639749996 [0.0396887622774] [0.0390840210021]
0.0403488297015 [0.0378932356834] [0.0428044237196]
0.04116461612285 [0.0362800806761] [0.0460491515696]
0.04163630492985 [0.0346947871149] [0.0485778227448]
0.04196026548745 [0.0332547314465] [0.0506657995284]
0.04259222745895 [0.0328562147915] [0.0523282401264]
0.04408814571795 [0.0336823277175] [0.0544939637184]
