0.0233625648543 [0.0186580009758] [0.0280671287328]
0.023615908809 [0.018645092845] [0.028586724773]
0.0238729398698 [0.0188657715917] [0.0288801081479]
0.024093912914400002 [0.019145315513] [0.0290425103158]
0.02421034593135 [0.0194316785783] [0.0289890132844]
0.0242161815986 [0.0195419937372] [0.02889036946]
0.02401200402525 [0.0193916801363] [0.0286323279142]
0.02369248867035 [0.0191114079207] [0.02827356942]
0.023452146910100002 [0.0189692638814] [0.0279350299388]
0.02374617755415 [0.0193847175688] [0.0281076375395]
0.025095207616699998 [0.0208186544478] [0.0293717607856]
0.028184882365200004 [0.0240553263575] [0.0323144383729]
0.032689263112849996 [0.0290237125009] [0.0363548137248]
0.03708789870145 [0.0340909212828] [0.0400848761201]
0.03955970704555 [0.0369167737663] [0.0422026403248]
0.03970685973765 [0.0369405783713] [0.042473141104]
0.03835114836695 [0.0352292954922] [0.0414730012417]
0.03599965199825 [0.0319834090769] [0.0400158949196]
0.03309820685535 [0.028542490676] [0.0376539230347]
0.02991017419845 [0.0250648092479] [0.034755539149]
0.02692926488815 [0.0219237022102] [0.0319348275661]
0.024714284576450002 [0.0196214225143] [0.0298071466386]
0.023377128876750003 [0.0182601530105] [0.028494104743]
0.0228476934135 [0.0177756845951] [0.0279197022319]
0.02301372773945 [0.0180602166802] [0.0279672387987]
0.0235595908016 [0.0187766514719] [0.0283425301313]
0.0242337714881 [0.0195512045175] [0.0289163384587]
0.024835846386849998 [0.0202081967145] [0.0294634960592]
0.024906953796750002 [0.0206419453025] [0.029171962291]
0.0243216725066 [0.0206717085093] [0.0279716365039]
0.0233608549461 [0.0202327370644] [0.0264889728278]
0.022545322775850002 [0.0197049360722] [0.0253857094795]
0.0219435188919 [0.0192804522812] [0.0246065855026]
0.02188084088265 [0.0194452460855] [0.0243164356798]
0.02259300183505 [0.0205783154815] [0.0246076881886]
0.02424095850435 [0.0228937845677] [0.025588132441]
0.026625812985 [0.026071973145] [0.027179652825]
0.02921127621085 [0.0289836488664] [0.0294389035553]
0.03136100806295 [0.0306185632944] [0.0321034528315]
0.03231051564215 [0.0306285098195] [0.0339925214648]
0.03229822032155 [0.0300015769899] [0.0345948636532]
0.0317119555548 [0.0294451173395] [0.0339787937701]
0.03073056787255 [0.0288913995028] [0.0325697362423]
0.029907152988 [0.0285919718444] [0.0312223341316]
0.0295469621196 [0.0288670416921] [0.0302268825471]
0.029854949563749997 [0.0297258105129] [0.0299840886146]
0.03143530990925 [0.0320478789508] [0.0308227408677]
0.03344859182835 [0.034932192415] [0.0319649912417]
0.035280715674150004 [0.0381998196244] [0.0323616117239]
0.03731018304825 [0.0415443629026] [0.0330760031939]
0.03892681747675 [0.0444453172386] [0.0334083177149]
0.03966911323365 [0.0462988056242] [0.0330394208431]
0.03926421143115 [0.0467255748808] [0.0318028479815]
0.0380767667666 [0.0458819754422] [0.030271558091]
0.036694483831549995 [0.044332459569] [0.0290565080941]
0.0358246546239 [0.042848456651] [0.0288008525968]
0.035425338894150005 [0.0415968000889] [0.0292538776994]
0.0353114278987 [0.0403918996453] [0.0302309561521]
0.0352649986744 [0.0390504859388] [0.03147951141]
0.0352245923132 [0.0379916764796] [0.0324575081468]
0.035337291657900005 [0.0376304388046] [0.0330441445112]
0.0358565915376 [0.0383158475161] [0.0333973355591]
0.03718519583345 [0.0407810360193] [0.0335893556476]
0.04030598700045 [0.0472426228225] [0.0333693511784]
0.04755204729735 [0.0617483779788] [0.0333557166159]
0.0600678808987 [0.086329549551] [0.0338062122464]
0.07685562595735 [0.118065312505] [0.0356459394097]
0.09467333927765 [0.14965762198] [0.0396890565753]
0.11023613437985 [0.174080908298] [0.0463913604617]
0.1218455266209 [0.188050284982] [0.0556407682598]
0.13008860126115002 [0.193743512034] [0.0664336904883]
0.13730647042389998 [0.195944443345] [0.0786684975028]
0.14518453180795 [0.198375940323] [0.0919931232929]
0.15492689236999999 [0.202724546194] [0.107129238546]
0.1658069230615 [0.209088355303] [0.12252549082]
0.173393599689 [0.213405117393] [0.133382081985]
0.172969944775 [0.212099999189] [0.133839890361]
0.1644461378455 [0.203306943178] [0.125585332513]
0.1514942348005 [0.189010038972] [0.113978430629]
0.137618932873 [0.17048561573] [0.104752250016]
0.12379343807675 [0.148725315928] [0.0988615602255]
0.10985968634505 [0.123666480184] [0.0960528925061]
0.0960831977427 [0.0977171435952] [0.0944492518902]
0.08310566842555 [0.0748182460666] [0.0913930907845]
0.07221489585935001 [0.0587741695344] [0.0856556221843]
0.0634930487722 [0.0496907941997] [0.0772953033447]
0.0560171473771 [0.044714089483] [0.0673202052712]
0.04906269907955 [0.0407872013748] [0.0573381967843]
0.043077411130099996 [0.0374940298498] [0.0486607924104]
0.038544014096249996 [0.0352010317147] [0.0418869964778]
0.035783542320100004 [0.034125495702] [0.0374415889382]
0.03464343771335 [0.0339193679392] [0.0353675074875]
0.0347358305007 [0.0341102518141] [0.0353614091873]
0.035327449440949996 [0.0342329479754] [0.0364219509065]
0.0359295234084 [0.0344436429441] [0.0374154038727]
0.03630968369545 [0.0346096716821] [0.0380096957088]
0.036607462912799996 [0.0350360907614] [0.0381788350642]
