0.0431549139321 [0.0520930364728] [0.0342167913914]
0.041378617286700003 [0.0504182390869] [0.0323389954865]
0.0417263582349 [0.0516726486385] [0.0317800678313]
0.04445950873195 [0.0563879087567] [0.0325311087072]
0.049229618161899996 [0.0638685822487] [0.0345906540751]
0.05523142032325 [0.0724478513002] [0.0380149893463]
0.061971783638 [0.080829128623] [0.043114438653]
0.06872525438665 [0.0879383832216] [0.0495121255517]
0.07432375103235 [0.0928329452872] [0.0558145567775]
0.0780853349715 [0.0959376096725] [0.0602330602705]
0.0797485988587 [0.0976178720593] [0.0618793256581]
0.0801196414977 [0.0986706614494] [0.061568621546]
0.0807553660127 [0.100679583848] [0.0608311481774]
0.0830231886359 [0.104911886156] [0.0611344911158]
0.08722800761485 [0.111404806376] [0.0630512088537]
0.09200761839765001 [0.118396110833] [0.0656191259623]
0.09582101181135 [0.123900748789] [0.0677412748337]
0.09719125181445 [0.12630610168] [0.0680764019489]
0.0956259779633 [0.124744474888] [0.0665074810386]
0.0913794189692 [0.11926060915] [0.0634982287884]
0.0851237457248 [0.110732339323] [0.0595151521266]
0.07805947959425 [0.101378582418] [0.0547403767705]
0.07224894687535 [0.0947791859508] [0.0497187077999]
0.0685509108007 [0.0927147716284] [0.044387049973]
0.06792644970115 [0.0945235714316] [0.0413293279707]
0.0686677917838 [0.0974397957325] [0.0398957878351]
0.06951200775805 [0.0996444746852] [0.0393795408309]
0.06910261325535 [0.0989799723029] [0.0392252542078]
0.0682288222015 [0.0973556935787] [0.0391019508243]
0.06666502542795 [0.0943901911378] [0.0389398597181]
0.06300451047715 [0.0873819068074] [0.0386271141469]
0.055822540074600004 [0.0737595483661] [0.0378855317831]
0.04785302095115 [0.0587954893708] [0.0369105525315]
0.0415282007307 [0.0472007505596] [0.0358556509018]
0.03775226324795 [0.0402986742556] [0.0352058522403]
0.03611553274095 [0.0372926257551] [0.0349384397268]
0.0358447935432 [0.036834012717] [0.0348555743694]
0.03615606576205 [0.0377731695771] [0.034538961947]
0.03615508414805 [0.0385539233685] [0.0337562449276]
0.035346493125 [0.038242969662] [0.032450016588]
0.03366338368505 [0.0364212058485] [0.0309055615216]
0.03158874064685 [0.0339373089373] [0.0292401723564]
0.0297324638814 [0.0316352620721] [0.0278296656907]
0.02832068689165 [0.029918724671] [0.0267226491123]
0.027664143592149998 [0.0291863046587] [0.0261419825256]
0.02792842965575 [0.0295931566507] [0.0262637026608]
0.02929374203085 [0.0312693268061] [0.0273181572556]
0.03169694636015 [0.0342296697199] [0.0291642230004]
0.0347986947745 [0.0377855673432] [0.0318118222058]
0.037798454985 [0.0409672297537] [0.0346296802163]
0.04011253826320001 [0.0431035719812] [0.0371215045452]
0.04167856834825 [0.0443871542811] [0.0389699824154]
0.04307581298055 [0.0456787236035] [0.0404729023576]
0.0446905381978 [0.047354888171] [0.0420261882246]
0.0466687865555 [0.0494137816131] [0.0439237914979]
0.049248555675150005 [0.0522523149848] [0.0462447963655]
0.05283560417595 [0.0570852532983] [0.0485859550536]
0.0574890524149 [0.0645431727171] [0.0504349321127]
0.0632236469537 [0.0747197642922] [0.0517275296152]
0.06908432208005 [0.0849598795176] [0.0532087646425]
0.0752093847841 [0.0948414877057] [0.0555772818625]
0.08223145827640001 [0.105054028332] [0.0594088882208]
0.0902355499567 [0.11598969996] [0.0644813999534]
0.09765387326489999 [0.125988006592] [0.0693197399378]
0.1018286086618 [0.131806835532] [0.0718503817916]
0.10172737017275 [0.132470741868] [0.0709839984775]
0.09855923429155 [0.129163935781] [0.0679545328021]
0.09469731152079999 [0.124181196094] [0.0652134269476]
0.0910856612025 [0.118989743292] [0.063181579113]
0.08923023566625 [0.116263866425] [0.0621966049075]
0.0903207845987 [0.117898181081] [0.0627433881164]
0.09495627507585 [0.124045684934] [0.0658668652177]
0.10201733186850001 [0.132913708687] [0.07112095505]
0.10623114183535 [0.136893942952] [0.0755683407187]
0.10697511211050001 [0.135862156749] [0.078088067472]
0.10268703848115 [0.128299474716] [0.0770746022463]
0.09659951552775001 [0.119650214911] [0.0735488161445]
0.08909757062805 [0.110328383744] [0.0678667575121]
0.0812817402185 [0.100681088865] [0.061882391572]
0.0742662679404 [0.0914600417018] [0.057072494179]
0.0686267092824 [0.0835863500834] [0.0536670684814]
0.064484892413 [0.0773657336831] [0.0516040511429]
0.0623047854751 [0.0731904506683] [0.0514191202819]
0.06162397935985 [0.0708168670535] [0.0524310916662]
0.06252417340875 [0.0705595090985] [0.054488837719]
0.0645115338266 [0.0721706300974] [0.0568524375558]
0.06624849140645 [0.0741669237614] [0.0583300590515]
0.06740529835225001 [0.0755762830377] [0.0592343136668]
0.06844897009435 [0.077464401722] [0.0594335384667]
0.06992356292905 [0.0798990726471] [0.059948053211]
0.0724601112306 [0.0833865106106] [0.0615337118506]
0.0765769481659 [0.088511005044] [0.0646428912878]
0.08270804584025 [0.0956213027239] [0.0697947889566]
0.09237372502685001 [0.107213921845] [0.0775335282087]
0.1061072871089 [0.123671412468] [0.0885431617498]
0.123546782881 [0.141422450542] [0.10567111522]
0.14341147989 [0.15611487627] [0.13070808351]
0.162441365421 [0.16451394558] [0.160368785262]
0.17424880713250002 [0.167360290885] [0.18113732338]
0.17555531859399998 [0.167174130678] [0.18393650651]
0.17150917649250003 [0.167948365211] [0.175069987774]
0.16536385566 [0.16850335896] [0.16222435236]
0.158595986664 [0.167984381318] [0.14920759201]
0.15012573450799999 [0.16328305006] [0.136968418956]
0.14172746986200002 [0.157152101398] [0.126302838326]
0.136303137988 [0.15477527678] [0.117830999196]
0.13284291327 [0.156035125256] [0.109650701284]
0.130953736603 [0.160142034292] [0.101765438914]
0.13019676879045 [0.164032742381] [0.0963607951999]
0.1293055266141 [0.163936242461] [0.0946748107672]
0.12821873649955 [0.162276700139] [0.0941607728601]
0.12731625884790002 [0.160193651915] [0.0944388657808]
0.12585871294165 [0.158088177443] [0.0936292484403]
0.12332065403475 [0.154679745436] [0.0919615626335]
0.1197748295962 [0.149276986718] [0.0902726724744]
0.1154622398316 [0.142240911722] [0.0886835679412]
0.1110860221089 [0.133814275265] [0.0883577689528]
0.10725697875045 [0.125096842647] [0.0894171148539]
0.1038922034202 [0.117231674492] [0.0905527323484]
0.1007484048604 [0.110609218478] [0.0908875912428]
0.09503128007049999 [0.103278428316] [0.086784131825]
0.08545005694035 [0.093574911356] [0.0773252025247]
