0.0239428272471 [0.0225690547377] [0.0253165997565]
0.023370654322250002 [0.0216953530908] [0.0250459555537]
0.02330842148515 [0.0215366482735] [0.0250801946968]
0.02354140672835 [0.021997442469] [0.0250853709877]
0.02401454094795 [0.0229133609682] [0.0251157209277]
0.02461941353975 [0.0238983016461] [0.0253405254334]
0.025224622338999997 [0.0245377011597] [0.0259115435183]
0.025689565576650003 [0.02437822707] [0.0270009040833]
0.026243452914099998 [0.0238730013371] [0.0286139044911]
0.02733615320175 [0.0239461343735] [0.03072617203]
0.02988727297635 [0.0254812370986] [0.0342933088541]
0.0341164544225 [0.0283770672977] [0.0398558415473]
0.0399544443935 [0.0323814600706] [0.0475274287164]
0.045507939532399996 [0.0362626351416] [0.0547532439232]
0.0473433416337 [0.0381219573319] [0.0565647259355]
0.0437922254205 [0.0370526239276] [0.0505318269134]
0.0382462516427 [0.0343787297606] [0.0421137735248]
0.034161148592800006 [0.0319097228348] [0.0364125743508]
0.0320172738284 [0.0306786186993] [0.0333559289575]
0.03131762426345 [0.0306200291961] [0.0320152193308]
0.031606033444399995 [0.031629178673] [0.0315828882158]
0.032063799910250004 [0.0330586023629] [0.0310689974576]
0.032093623653050005 [0.03429043293] [0.0298968143761]
0.031553803011800004 [0.0348990224302] [0.0282085835934]
0.0308307018131 [0.0349616184831] [0.0266997851431]
0.0304155256599 [0.0349766202271] [0.0258544310927]
0.030411762185349998 [0.034914702177] [0.0259088221937]
0.030587798915799998 [0.0344143211842] [0.0267612766474]
0.03109298739585 [0.0338637903333] [0.0283221844584]
0.03231418784705 [0.033942990005] [0.0306853856891]
0.0346235577017 [0.0351427458227] [0.0341043695807]
0.0381670575589 [0.0374828763306] [0.0388512387872]
0.043435050174600004 [0.0412066988647] [0.0456634014845]
0.0493673849851 [0.0448607355356] [0.0538740344346]
0.0534364171326 [0.0473478883505] [0.0595249459147]
0.055650541558850006 [0.0483908243477] [0.06291025877]
0.0568368881941 [0.0488733202219] [0.0648004561663]
0.0593108739704 [0.0501099638641] [0.0685117840767]
0.06360818259414999 [0.0530353374779] [0.0741810277104]
0.07010252028700001 [0.0578975602984] [0.0823074802756]
0.0776091367006 [0.0640834867954] [0.0911347866058]
0.08436067402360001 [0.0699265375733] [0.0987948104739]
0.089025747031 [0.073987416923] [0.104064077139]
0.09118174389005 [0.0745675414801] [0.1077959463]
0.0919323749838 [0.0718526020646] [0.112012147903]
0.0900143496692 [0.0656328201294] [0.114395879209]
0.08482782356429999 [0.0572327934206] [0.112422853708]
0.0778540708125 [0.049521073699] [0.106187067926]
0.072963418439 [0.044169459492] [0.101757377386]
0.0706495922059 [0.0410853810608] [0.100213803351]
0.06922249309714999 [0.0393833480775] [0.0990616381168]
0.06827084720135 [0.0383677780628] [0.0981739163399]
0.0678625591099 [0.0382275730371] [0.0974975451827]
0.06862293183805 [0.0390583202243] [0.0981875434518]
0.0701598953456 [0.0405236743391] [0.0997961163521]
0.07221017032865 [0.0423764511943] [0.102043889463]
0.07500272989275 [0.0446689501405] [0.105336509645]
0.0784974023702 [0.0475820824504] [0.10941272229]
0.0833390560003 [0.0518109090626] [0.114867202938]
0.09087773785015 [0.0587419196963] [0.123013556004]
0.10267207399009999 [0.0697453394532] [0.135598808527]
0.1194597929716 [0.0864607393742] [0.152458846569]
0.138814885169 [0.108376778662] [0.169252991676]
0.1578568667175 [0.133089259267] [0.182624474168]
0.17228538543 [0.154370829463] [0.190199941397]
0.1809333488345 [0.167456775904] [0.194409921765]
0.1829647645355 [0.170167818666] [0.195761710405]
0.184778749943 [0.171427831054] [0.198129668832]
0.186053037643 [0.174893200397] [0.197212874889]
0.18288458883749997 [0.176224142313] [0.189545035362]
0.1779429391025 [0.174152046442] [0.181733831763]
0.173546820879 [0.171073749661] [0.176019892097]
0.16903953254249998 [0.167890623212] [0.170188441873]
0.1638609692455 [0.165235608816] [0.162486329675]
0.158308893442 [0.162094429135] [0.154523357749]
0.1536667943 [0.159206032753] [0.148127555847]
0.1523338854315 [0.159982830286] [0.144684940577]
0.1531733348965 [0.161669969559] [0.144676700234]
0.15277127921599998 [0.157635763288] [0.147906795144]
0.153759740293 [0.154200911522] [0.153318569064]
0.157054275274 [0.154107928276] [0.160000622272]
0.159830398858 [0.154229357839] [0.165431439877]
0.1617309227585 [0.155305251479] [0.168156594038]
0.16458660364150002 [0.157258853316] [0.171914353967]
0.1683547273275 [0.158597514033] [0.178111940622]
0.17459857463849998 [0.160007312894] [0.189189836383]
0.181497141719 [0.158663854003] [0.204330429435]
0.179429739714 [0.145924523473] [0.212934955955]
0.1544337831435 [0.109098650515] [0.199768915772]
0.1146386265756 [0.0651391595602] [0.164138093591]
0.08274182677254999 [0.0389215350151] [0.12656211853]
0.0628236047924 [0.0256934165955] [0.0999537929893]
0.0514718070626 [0.0192791819572] [0.083664432168]
0.0451103039086 [0.0164807289839] [0.0737398788333]
0.041323516517900005 [0.0157583728433] [0.0668886601925]
