0.07525655999780001 [0.0852990522981] [0.0652140676975]
0.07397761195899999 [0.0791667029262] [0.0687885209918]
0.06977178901435 [0.0730116590858] [0.0665319189429]
0.06597566045825 [0.0694676265121] [0.0624836944044]
0.06272437795995 [0.0680578872561] [0.0573908686638]
0.05745830386875 [0.0649853572249] [0.0499312505126]
0.0499266441911 [0.0589295700192] [0.040923718363]
0.042366428300700004 [0.0517352223396] [0.0329976342618]
0.036423688754400003 [0.0452639982104] [0.0275833792984]
0.03266896121205 [0.040916249156] [0.0244216732681]
0.0306075233966 [0.0385174155235] [0.0226976312697]
0.0293359234929 [0.037322383374] [0.0213494636118]
0.0281703174114 [0.0363390445709] [0.0200015902519]
0.0268860189244 [0.0350041761994] [0.0187678616494]
0.026199934072800003 [0.0342740826309] [0.0181257855147]
0.02626739256085 [0.0343146882951] [0.0182200968266]
0.0270053520799 [0.0348985232413] [0.0191121809185]
0.027923280373250002 [0.0355055034161] [0.0203410573304]
0.028551434166699998 [0.0355970263481] [0.0215058419853]
0.0288819381967 [0.0352848768234] [0.02247899957]
0.02928362321105 [0.0352302268147] [0.0233370196074]
0.0305027551949 [0.036250192672] [0.0247553177178]
0.03284406755115 [0.038646928966] [0.0270412061363]
0.036089146509749995 [0.0420474112034] [0.0301308818161]
0.03932684846225 [0.0453296862543] [0.0333240106702]
0.041707484051600005 [0.0474312901497] [0.0359836779535]
0.043621696531799994 [0.0488250218332] [0.0384183712304]
0.045701634138850006 [0.0500949472189] [0.0413083210588]
0.0485004130751 [0.0519831925631] [0.0450176335871]
0.0517143905163 [0.0540837161243] [0.0493450649083]
0.05438360385595 [0.0556596815586] [0.0531075261533]
0.05513096787035 [0.0558594502509] [0.0544024854898]
0.05441160313785 [0.0553498566151] [0.0534733496606]
0.05388278514145 [0.0554635077715] [0.0523020625114]
0.053798224777 [0.0567112453282] [0.0508852042258]
0.054924845695500005 [0.0589201524854] [0.0509295389056]
0.05716009065505 [0.0621476322412] [0.0521725490689]
0.0600301679224 [0.0659349560738] [0.054125379771]
0.06260534748435001 [0.0693638920784] [0.0558468028903]
0.0639554299414 [0.0716965124011] [0.0562143474817]
0.06361573934555 [0.0715979859233] [0.0556334927678]
0.06142790801825 [0.069323964417] [0.0535318516195]
0.05836514011025 [0.0661657527089] [0.0505645275116]
0.0553949568421 [0.0636124685407] [0.0471774451435]
0.0535831395537 [0.0627638176084] [0.044402461499]
0.05337370559575 [0.0640107467771] [0.0427366644144]
0.055276725441200006 [0.0677473545074] [0.042806096375]
0.059607889503249994 [0.0739737823606] [0.0452419966459]
0.06591694056985001 [0.0813721641898] [0.0504617169499]
0.07147052884105 [0.0864019542933] [0.0565391033888]
0.07227960415185 [0.0833838433027] [0.061175365001]
0.06879038736225 [0.0738028585911] [0.0637779161334]
0.06288115866485 [0.0615985952318] [0.0641637220979]
0.05688427202405 [0.0512418560684] [0.0625266879797]
0.0513732992113 [0.0440542660654] [0.0586923323572]
0.0469517502934 [0.0402775704861] [0.0536259301007]
0.0442914292216 [0.039208676666] [0.0493741817772]
0.043316792696699996 [0.0396467410028] [0.0469868443906]
0.043707376346 [0.0408838279545] [0.0465309247375]
0.04452975466845 [0.0422535166144] [0.0468059927225]
0.04505415633319999 [0.0434535257518] [0.0466547869146]
0.04499414749445 [0.0445633456111] [0.0454249493778]
0.04401001147925 [0.0449623428285] [0.04305768013]
0.0423200875521 [0.0452333427966] [0.0394068323076]
0.0401774775237 [0.0446687191725] [0.0356862358749]
0.038268810138100004 [0.0442111231387] [0.0323264971375]
0.0366829363629 [0.0439613945782] [0.0294044781476]
0.03548955824225 [0.0440713241696] [0.0269077923149]
0.0351795190945 [0.0449078865349] [0.0254511516541]
0.03570345137265 [0.0463580265641] [0.0250488761812]
0.0364598110318 [0.0475868061185] [0.0253328159451]
0.03697064425795 [0.0481394380331] [0.0258018504828]
0.0367064317688 [0.0474194101989] [0.0259934533387]
0.0356860682368 [0.0455918125808] [0.0257803238928]
0.034007997252050004 [0.0427707694471] [0.025245225057]
0.03187056537715 [0.0389795042574] [0.0247616264969]
0.0295634679496 [0.0348154045641] [0.0243115313351]
0.0277689341456 [0.0309406369925] [0.0245972312987]
0.02693257201465 [0.028267454356] [0.0255976896733]
0.0269522415474 [0.0270734876394] [0.0268309954554]
0.0277968076989 [0.0273577012122] [0.0282359141856]
0.028949529863900002 [0.0284216534346] [0.0294774062932]
0.03027603961525 [0.0300877690315] [0.030464310199]
0.0313551668078 [0.0315883457661] [0.0311219878495]
0.0321547277272 [0.0326648876071] [0.0316445678473]
0.03258592635395 [0.0330015718937] [0.0321702808142]
0.0330506414175 [0.033142991364] [0.032958291471]
0.033935058862 [0.0336247198284] [0.0342453978956]
0.035291710868449996 [0.0345846638083] [0.0359987579286]
0.03691376931965 [0.035813998431] [0.0380135402083]
0.0384966619313 [0.0371395647526] [0.03985375911]
0.0394149068743 [0.0382682718337] [0.0405615419149]
0.039358144626 [0.0392501763999] [0.0394661128521]
0.03891435824335 [0.0404792167246] [0.0373494997621]
0.0374719966203 [0.0407826565206] [0.03416133672]
