0.1104615330695 [0.100838929415] [0.120084136724]
0.09521687030805001 [0.0761686041951] [0.114265136421]
0.0832668524234 [0.0593193806708] [0.107214324176]
0.07579062692800001 [0.049691606313] [0.101889647543]
0.0722533874214 [0.0451609566808] [0.099345818162]
0.07194516994055 [0.0442602448165] [0.0996300950646]
0.0716910231856 [0.0427112020552] [0.100670844316]
0.0696434378624 [0.0412723645568] [0.098014511168]
0.0630829501897 [0.0397453941405] [0.0864205062389]
0.052729414776 [0.0374881885946] [0.0679706409574]
0.042222045362 [0.0336146131158] [0.0508294776082]
0.03457243647425 [0.0298261847347] [0.0393186882138]
0.029802707955250002 [0.0270512253046] [0.0325541906059]
0.0271719135344 [0.0254651773721] [0.0288786496967]
0.0261492682621 [0.0249781217426] [0.0273204147816]
0.026478173211249997 [0.0255805142224] [0.0273758322001]
0.0281584030017 [0.0273295007646] [0.0289873052388]
0.03135796729475 [0.0302520301193] [0.0324639044702]
0.0359788592905 [0.0339398086071] [0.0380179099739]
0.040919644758100004 [0.0370522662997] [0.0447870232165]
0.044938733801250005 [0.0383547320962] [0.0515227355063]
0.04902352951465 [0.0411225929856] [0.0569244660437]
0.052589900791650004 [0.0438053719699] [0.0613744296134]
0.05678823217745 [0.0466351434588] [0.0669413208961]
0.06422051414845 [0.0516911745071] [0.0767498537898]
0.07844963669775 [0.0628857091069] [0.0940135642886]
0.09900907054565 [0.0795713812113] [0.11844675988]
0.11573863402029999 [0.0913040712476] [0.140173196793]
0.1138046346605 [0.084672011435] [0.142937257886]
0.09796994179464999 [0.0686123222113] [0.127327561378]
0.083215378225 [0.056431889534] [0.109998866916]
0.0741804484278 [0.0505050756037] [0.0978558212519]
0.069314584136 [0.0489785149693] [0.0896506533027]
0.06604818813505 [0.0496865473688] [0.0824098289013]
0.0627306737006 [0.0509059503675] [0.0745553970337]
0.0589762888849 [0.0517038628459] [0.0662487149239]
0.0551099777222 [0.0517705790699] [0.0584493763745]
0.0515741631389 [0.0511358045042] [0.0520125217736]
0.0484080258757 [0.0500952713192] [0.0467207804322]
0.04539387859405 [0.0490673184395] [0.0417204387486]
0.042853908613300004 [0.0486219078302] [0.0370859093964]
0.0416484475136 [0.0498393326998] [0.0334575623274]
0.0424760309979 [0.0537892915308] [0.031162770465]
0.0460195140913 [0.0611654780805] [0.0308735501021]
0.05231509171425 [0.0721159353852] [0.0325142480433]
0.05957858078185 [0.0845913589001] [0.0345658026636]
0.06500128656625001 [0.0941555127501] [0.0358470603824]
0.06685840711 [0.0973789095879] [0.0363379046321]
0.06598962470889999 [0.0952235683799] [0.0367556810379]
0.0639908332378 [0.0909897759557] [0.0369918905199]
0.06109283305705 [0.0864570811391] [0.035728584975]
0.05735477246345 [0.0828466638923] [0.0318628810346]
0.05321669671685 [0.079954855144] [0.0264785382897]
0.04941517859695 [0.0770781934261] [0.0217521637678]
0.0463997265324 [0.0741517469287] [0.0186477061361]
0.0441605532542 [0.0712122619152] [0.0171088445932]
0.04306701011955 [0.0694380626082] [0.0166959576309]
0.043903940357249996 [0.0707804113626] [0.0170274693519]
0.0470752129331 [0.0762898176908] [0.0178606081754]
0.0525609916076 [0.0860140025616] [0.0191079806536]
0.0594129813835 [0.0986532345414] [0.0201727282256]
0.06557477545 [0.110852353275] [0.020297197625]
0.0683399215342 [0.117521695793] [0.0191581472754]
0.0676764948291 [0.118108041584] [0.0172449480742]
0.06533451145535 [0.115125305951] [0.0155437169597]
0.0632101562805 [0.111812070012] [0.014608242549]
0.0625431672672 [0.110468372703] [0.0146179618314]
0.06406987877545 [0.112519651651] [0.0156201058999]
0.0681808115915 [0.118820667267] [0.017540955916]
0.07501637749355 [0.129879519343] [0.0201532356441]
0.0842813272031 [0.145596057177] [0.0229665972292]
