0.14162599667925 [0.0983870998025] [0.184864893556]
0.167017489672 [0.112625613809] [0.221409365535]
0.1839082688095 [0.11754578352] [0.250270754099]
0.190744385123 [0.115139663219] [0.266349107027]
0.190282203257 [0.110152885318] [0.270411521196]
0.17984991893149999 [0.100804172456] [0.258895665407]
0.1579416580496 [0.0866915211082] [0.229191794991]
0.13388820365055 [0.0739771649241] [0.193799242377]
0.1212038323284 [0.0745696425438] [0.167838022113]
0.1129244640468 [0.0761525183916] [0.149696409702]
0.1071657985451 [0.0784684419632] [0.135863155127]
0.10170446708795 [0.0809317752719] [0.122477158904]
0.09599239006645 [0.0826770886779] [0.109307691455]
0.09058986231685 [0.0831460282207] [0.098033696413]
0.0859524719417 [0.0821106210351] [0.0897943228483]
0.08176347985865001 [0.0795895531774] [0.0839374065399]
0.07761203870175 [0.0765162333846] [0.0787078440189]
0.07277735695245 [0.0728910267353] [0.0726636871696]
0.06741950288415 [0.0680917948484] [0.0667472109199]
0.065066056326 [0.0680917948484] [0.0620403178036]
0.0632084775716 [0.0680917948484] [0.0583251602948]
0.06118525750935 [0.0680917948484] [0.0542787201703]
0.058701682835800004 [0.0680917948484] [0.0493115708232]
0.0558494683355 [0.0680917948484] [0.0436071418226]
0.042403334751749996 [0.0466545261443] [0.0381521433592]
0.039874330163 [0.0458328947425] [0.0339157655835]
0.03847542684525 [0.045854061842] [0.0310967918485]
0.037680900655649996 [0.045870848] [0.0294909533113]
0.03637494239955 [0.0443563982844] [0.0283934865147]
0.033792452886700006 [0.0403927825391] [0.0271921232343]
0.03039290942255 [0.0352002680302] [0.0255855508149]
0.02736499439925 [0.0307893436402] [0.0239406451583]
0.02551370859145 [0.0283718202263] [0.0226555969566]
0.024914204143 [0.0278392843902] [0.0219891238958]
0.0248791249469 [0.0278392843902] [0.0219189655036]
0.02501935884355 [0.0278392843902] [0.0221994332969]
0.024438793771 [0.0262663867325] [0.0226112008095]
0.0235886024311 [0.0240608230233] [0.0231163818389]
0.02303122915325 [0.0219455081969] [0.0241169501096]
0.022939724847700002 [0.0200973879546] [0.0257820617408]
0.023344527929999997 [0.0188460666686] [0.0278429891914]
0.0244027040899 [0.0186954904348] [0.030109917745]
0.025724980980149997 [0.0193399079144] [0.0321100540459]
0.02729051187635 [0.0206550396979] [0.0339259840548]
0.028508271090699998 [0.021137515083] [0.0358790270984]
0.03055402915925 [0.0228431243449] [0.0382649339736]
0.0337013909593 [0.0259507577866] [0.041452024132]
0.03604189958425 [0.0269656609744] [0.0451181381941]
0.03609873075035 [0.0239990595728] [0.0481984019279]
0.03595840651545 [0.0213424805552] [0.0505743324757]
0.03653475455935 [0.0202335491776] [0.0528359599411]
0.03844765666875 [0.0205066557974] [0.0563886575401]
0.042294139042500005 [0.0217849202454] [0.0628033578396]
0.04829610325395 [0.0235821120441] [0.0730100944638]
0.05633208807555 [0.0254966523498] [0.0871675238013]
0.06546802073725 [0.0285954251885] [0.102340616286]
0.07127388007945 [0.0299274809659] [0.112620279193]
0.0716033801436 [0.0284940302372] [0.11471273005]
0.0690005803482 [0.0264224428684] [0.111578717828]
0.06731744296865 [0.0268033854663] [0.107831500471]
0.06696062255665 [0.0279166344553] [0.106004610658]
0.06810951326065 [0.0297364536673] [0.106482572854]
0.06977828219515 [0.0330559387803] [0.10650062561]
0.06688355654475 [0.0373393297195] [0.09642778337]
0.06266460753975 [0.0414562858641] [0.0838729292154]
0.0585132353008 [0.0441216006875] [0.0729048699141]
0.0549868028611 [0.0451265759766] [0.0648470297456]
0.052164968103199996 [0.04523229599] [0.0590976402164]
0.0503911990672 [0.0452805459499] [0.0555018521845]
0.049510374665250004 [0.0456876531243] [0.0533330962062]
0.0494982171804 [0.046770490706] [0.0522259436548]
0.0505655761808 [0.0488965958357] [0.0522345565259]
0.052723897621049995 [0.052184086293] [0.0532637089491]
0.0551768951118 [0.0557239875197] [0.0546298027039]
0.0558168273419 [0.056497965008] [0.0551356896758]
0.053075276315199996 [0.0520155280828] [0.0541350245476]
0.04921341501175 [0.0462063960731] [0.0522204339504]
0.0466768685728 [0.0422674976289] [0.0510862395167]
0.04651757888495 [0.0408371686935] [0.0521979890764]
0.049059459939599995 [0.0414751246572] [0.056643795222]
0.0547704808414 [0.0431753098965] [0.0663656517863]
0.06277144700285 [0.0433815270662] [0.0821613669395]
0.06961927749215 [0.042841296643] [0.0963972583413]
0.07065759785475 [0.0407025925815] [0.100612603128]
0.0662863254547 [0.0368933826685] [0.0956792682409]
0.06005910784005 [0.0326900854707] [0.0874281302094]
0.054147859104 [0.029184082523] [0.079111635685]
0.0496461056173 [0.0268597379327] [0.0724324733019]
0.04718017019335 [0.0259647406638] [0.0683955997229]
0.046797004528350006 [0.026318596676] [0.0672754123807]
0.046917633153500005 [0.0267910230905] [0.0670442432165]
0.046063978224999996 [0.0277773067355] [0.0643506497145]
0.043193372897849996 [0.0285332333297] [0.057853512466]
0.03888708073645 [0.0284321065992] [0.0493420548737]
0.0352127300575 [0.0280365142971] [0.0423889458179]
0.03327526152135 [0.0284084826708] [0.0381420403719]
0.03376162797215 [0.0313218869269] [0.0362013690174]
0.035194180905799996 [0.0344534181058] [0.0359349437058]
0.0373519435525 [0.0379256941378] [0.0367781929672]
0.040455950424099996 [0.0426514633] [0.0382604375482]
0.044088518247 [0.0483858808875] [0.0397911556065]
0.046965397894400004 [0.0536729730666] [0.0402578227222]
0.0473842266947 [0.0560919828713] [0.0386764705181]
0.0454315338284 [0.054879359901] [0.0359837077558]
0.04287796281275 [0.0525519996881] [0.0332039259374]
0.0414039250463 [0.0514327250421] [0.0313751250505]
0.0416948115453 [0.0521574653685] [0.0312321577221]
0.0452672615647 [0.0572424083948] [0.0332921147346]
0.0503079276532 [0.0633172392845] [0.0372986160219]
0.05363067612055 [0.0660972297192] [0.0411641225219]
0.051556361839149994 [0.061542622745] [0.0415701009333]
0.045889014378200005 [0.0536950007081] [0.0380830280483]
0.04023753479125 [0.0468667596579] [0.0336083099246]
0.0362416980788 [0.0427301265299] [0.0297532696277]
0.03393083717675 [0.0409366302192] [0.0269250441343]
0.0328741110861 [0.0406776703894] [0.0250705517828]
0.032539601437750004 [0.041116181761] [0.0239630211145]
0.0324889877811 [0.0416604578495] [0.0233175177127]
0.03205033019185 [0.0415905341506] [0.0225101262331]
0.03109501954165 [0.0407133363187] [0.0214767027646]
0.0298032741994 [0.0392316952348] [0.020374853164]
0.0285339150578 [0.0377201251686] [0.019347704947]
0.027562129311250003 [0.0365720838308] [0.0185521747917]
0.027103799395249997 [0.0359707921743] [0.0182368066162]
