0.08796312287475 [0.103232569993] [0.0726936757565]
0.08691933006034999 [0.102634578943] [0.0712040811777]
0.08512992411875 [0.100769490004] [0.0694903582335]
0.08276426792145 [0.0971300452948] [0.0683984905481]
0.08021207526325 [0.0921611115336] [0.0682630389929]
0.07932526618239999 [0.089574098587] [0.0690764337778]
0.08051544800400001 [0.0899065807462] [0.0711243152618]
0.0813563130796 [0.089888446033] [0.0728241801262]
0.07823003083470001 [0.0850939527154] [0.071366108954]
0.06986011564729999 [0.0748101994395] [0.0649100318551]
0.0581571534276 [0.0613751225173] [0.0549391843379]
0.0462518669665 [0.0484860800207] [0.0440176539123]
0.036562861874699995 [0.0384856760502] [0.0346400476992]
0.0297991624102 [0.031897071749] [0.0277012530714]
0.027230149135 [0.031341958791] [0.023118339479]
0.02544977143405 [0.0306839458644] [0.0202155970037]
0.02418860420585 [0.0299551226199] [0.0184220857918]
0.0231521371752 [0.0291662011296] [0.0171380732208]
0.022153227589999998 [0.0283180736005] [0.0159883815795]
0.02118325652555 [0.0273787211627] [0.0149877918884]
0.0191954500042 [0.024209972471] [0.0141809275374]
0.0179984769784 [0.0224086493254] [0.0135883046314]
0.01734156534075 [0.0214668121189] [0.0132163185626]
0.01712079485875 [0.0212024785578] [0.0130391111597]
0.0173699995503 [0.0216021947563] [0.0131378043443]
0.0174410152249 [0.0211658105254] [0.0137162199244]
0.0188364456408 [0.0228024609387] [0.0148704303429]
0.0206333436072 [0.0245899241418] [0.0166767630726]
0.0228647412732 [0.0265231095254] [0.019206373021]
0.0243903519586 [0.0265885908157] [0.0221921131015]
0.0265802377835 [0.0280430614948] [0.0251174140722]
0.0292550465092 [0.0307550113648] [0.0277550816536]
0.0324663212523 [0.0343785211444] [0.0305541213602]
0.03636681474745 [0.0383942574263] [0.0343393720686]
0.04088308103385 [0.0423235483468] [0.0394426137209]
0.0477647203952 [0.050238545984] [0.0452908948064]
0.05416397750375 [0.0579564347863] [0.0503715202212]
0.0583270955831 [0.0633945763111] [0.0532596148551]
0.06038273870945 [0.0663517341018] [0.0544137433171]
0.0618964619935 [0.0685831829906] [0.0552097409964]
0.06419164314865 [0.0715270638466] [0.0568562224507]
0.06976759433745 [0.0789598897099] [0.060575298965]
0.0805483683944 [0.0932452604175] [0.0678514763713]
0.10123786702765 [0.118504084647] [0.0839716494083]
0.138769865036 [0.159835338593] [0.117704391479]
0.196108803153 [0.215529099107] [0.176688507199]
0.2539853602645 [0.262709289789] [0.24526143074]
0.28888843953599996 [0.281526237726] [0.296250641346]
0.29753454029549997 [0.276680290699] [0.318388789892]
0.2595986947415 [0.242099508643] [0.27709788084]
0.19157873094049999 [0.17971804738] [0.203439414501]
0.128332152963 [0.118078514934] [0.138585790992]
0.08894531801354999 [0.0775442346931] [0.100346401334]
0.0678977072239 [0.0553993061185] [0.0803961083293]
0.05659818835555 [0.0436302386224] [0.0695661380887]
0.0508033595979 [0.0376039817929] [0.0640027374029]
0.0483994819224 [0.0351237393916] [0.0616752244532]
0.0481438506395 [0.0349894165993] [0.0612982846797]
0.0493680331856 [0.0364096388221] [0.0623264275491]
0.0515878945589 [0.0385873764753] [0.0645884126425]
0.054158518090850004 [0.0407496131957] [0.067567422986]
0.0559590626508 [0.0421288125217] [0.0697893127799]
0.05525115318595 [0.041871715337] [0.0686305910349]
0.0515335649252 [0.0399416387081] [0.0631254911423]
0.0466964971274 [0.0374434776604] [0.0559495165944]
0.04287607967855 [0.0360145196319] [0.0497376397252]
0.0411740858108 [0.0367533527315] [0.0455948188901]
0.0419387128204 [0.040142621845] [0.0437348037958]
0.04495024494825 [0.0461426861584] [0.0437578037381]
0.04907396808265 [0.0534920096397] [0.0446559265256]
0.0526463501155 [0.0598744936287] [0.0454182066023]
0.054453700780900005 [0.0634964630008] [0.045410938561]
0.054394761100449995 [0.0643705055118] [0.0444190166891]
0.0529626887292 [0.0634399056435] [0.0424854718149]
0.050581745803349995 [0.0615693852305] [0.0395941063762]
0.04756941087545 [0.0591519512236] [0.0359868705273]
0.044247906655100006 [0.0561753585935] [0.0323204547167]
0.041022951714699996 [0.052600029856] [0.0294458735734]
0.03837380837645 [0.048793207854] [0.0279544088989]
0.03675845265385 [0.0455201566219] [0.0279967486858]
0.03655489347875 [0.0431981533766] [0.0299116335809]
0.037546562030899996 [0.0417573302984] [0.0333357937634]
0.03877714835105 [0.0409049838781] [0.036649312824]
0.0396688003093 [0.0403167270124] [0.0390208736062]
0.04012074507775 [0.039782371372] [0.0404591187835]
0.0400423966348 [0.0391558818519] [0.0409289114177]
0.039077313616900006 [0.0381883196533] [0.0399663075805]
0.037644376978300004 [0.0370158329606] [0.038272920996]
0.036150399595499996 [0.0357203520834] [0.0365804471076]
0.0349432248622 [0.0345341451466] [0.0353523045778]
0.0341496355832 [0.0337227545679] [0.0345765165985]
0.03412565402685 [0.0338888168335] [0.0343624912202]
0.0355377253145 [0.0359976626933] [0.0350777879357]
0.039507554843999995 [0.0416151806712] [0.0373999290168]
0.047968041151750004 [0.0536319352686] [0.0423041470349]
