0.07861624285575 [0.0470775440335] [0.110154941678]
0.08185821957905 [0.0492910631001] [0.114425376058]
0.08331863395885 [0.0500403158367] [0.116596952081]
0.07965975999855 [0.0462594330311] [0.113060086966]
0.07144325412835 [0.0396958626807] [0.103190645576]
0.06263705529275 [0.033159006387] [0.0921151041985]
0.056979253888150005 [0.0302694812417] [0.0836890265346]
0.0530416481197 [0.0276746526361] [0.0784086436033]
0.0502426419407 [0.0257890112698] [0.0746962726116]
0.0475521078333 [0.0247668009251] [0.0703374147415]
0.04508165922015 [0.0244476851076] [0.0657156333327]
0.04382753372195 [0.0244942829013] [0.0631607845426]
0.04401730932295 [0.0242834053934] [0.0637512132525]
0.0447189314291 [0.0234137680382] [0.06602409482]
0.0447685290128 [0.021858740598] [0.0676783174276]
0.0433391397819 [0.0198113452643] [0.0668669342995]
0.04080116562545 [0.0176664553583] [0.0639358758926]
0.03913511149585 [0.0176664553583] [0.0606037676334]
0.038067948073150004 [0.0176664553583] [0.058469440788]
0.0376121327281 [0.0176664553583] [0.0575578100979]
0.03699748404325 [0.0176664553583] [0.0563285127282]
0.06006531976165 [0.0670003592968] [0.0531302802265]
0.0585191436112 [0.0672254338861] [0.0498128533363]
0.055018646642600005 [0.063312150538] [0.0467251427472]
0.0508217345923 [0.0574050582945] [0.0442384108901]
0.04615644551815 [0.0507918186486] [0.0415210723877]
0.0413195081055 [0.044978544116] [0.037660472095]
0.03675697557625 [0.0409320555627] [0.0325818955898]
0.03311015293005 [0.038934186101] [0.0272861197591]
0.0309769716114 [0.038967654109] [0.0229862891138]
0.0305411973968 [0.0406588986516] [0.020423496142]
0.031407581642299995 [0.0433085858822] [0.0195065774024]
0.03271906729785 [0.0458464697003] [0.0195916648954]
0.0338573763147 [0.0479204729199] [0.0197942797095]
0.0332266734913 [0.0467480272055] [0.0197053197771]
0.0313908206299 [0.0433583445847] [0.0194232966751]
0.02968836203215 [0.0400074198842] [0.0193693041801]
0.02888775710015 [0.0378956645727] [0.0198798496276]
0.029260310344349998 [0.0376458279788] [0.0208747927099]
0.0307333683595 [0.039279717952] [0.022187018767]
0.03333585802465 [0.0427200309932] [0.0239516850561]
0.0369605869055 [0.0476552061737] [0.0262659676373]
0.0411381740123 [0.053164113313] [0.0291122347116]
0.0435038646683 [0.0569027625024] [0.0301049668342]
0.042619077488750004 [0.0567803792655] [0.028457775712]
0.039508654736 [0.0531801134348] [0.0258371960372]
0.03603044338525 [0.0484682396054] [0.0235926471651]
0.0334832239896 [0.0447869710624] [0.0221794769168]
0.032576401717949996 [0.0432633385062] [0.0218894649297]
0.0336537249386 [0.0443302504718] [0.0229771994054]
0.036825358867649996 [0.0477835536003] [0.025867164135]
0.04149851575495 [0.0523007288575] [0.0306963026524]
0.045717511326049995 [0.054755795747] [0.0366792269051]
0.048623586073549996 [0.0550723895431] [0.042174782604]
0.05066675506535 [0.0551755614579] [0.0461579486728]
0.0524632651359 [0.0564009957016] [0.0485255345702]
0.0542327947915 [0.0587926320732] [0.0496729575098]
0.05613701045515 [0.0618739239872] [0.0504000969231]
0.0587218757719 [0.0656251385808] [0.051818612963]
0.06321911886335 [0.0712009072304] [0.0552373304963]
0.07102571614085 [0.0799845382571] [0.0620668940246]
0.0816598236561 [0.0908215939999] [0.0724980533123]
0.09025508910419999 [0.097347535193] [0.0831626430154]
0.09102265536785 [0.0959837585688] [0.0860615521669]
0.08466200158000001 [0.0892813876271] [0.0800426155329]
0.07648469880219999 [0.0821173265576] [0.0708520710468]
0.07007787376640001 [0.0774131044745] [0.0627426430583]
0.06513886712495 [0.075255304575] [0.0550224296749]
0.06051865778865 [0.0741926506162] [0.0468446649611]
0.055311014875799994 [0.072277918458] [0.0383441112936]
0.050050739198950006 [0.0687830075622] [0.0313184708357]
0.0458242464811 [0.0647161379457] [0.0269323550165]
0.04305966943505 [0.0611138753593] [0.0250054635108]
0.0416122712195 [0.0588128939271] [0.0244116485119]
0.040300031192600005 [0.0559077970684] [0.0246922653168]
0.0381051013246 [0.0511607676744] [0.0250494349748]
0.03459599614145 [0.0444558039308] [0.0247361883521]
0.0301348287612 [0.036908198148] [0.0233614593744]
0.0259564612061 [0.0303783323616] [0.0215345900506]
0.0229540299624 [0.0259408485144] [0.0199672114104]
0.02145386114715 [0.0237832870334] [0.0191244352609]
0.02141255233435 [0.0236837491393] [0.0191413555294]
0.0226778173819 [0.0252853203565] [0.0200703144073]
0.0250469213352 [0.0281681120396] [0.0219257306308]
0.028300934471200002 [0.0318792462349] [0.0247226227075]
0.03203354775905 [0.0357629209757] [0.0283041745424]
0.0356178674847 [0.039114266634] [0.0321214683354]
0.03840099461375 [0.0414280556142] [0.0353739336133]
0.0401985384524 [0.0429103076458] [0.037486769259]
0.041534168645750005 [0.0444428771734] [0.0386254601181]
0.0436105001718 [0.0473110713065] [0.0399099290371]
0.04805211909115 [0.0532281138003] [0.042876124382]
0.057254159823100004 [0.0650577694178] [0.0494505502284]
0.07485659793015 [0.0871549993753] [0.062558196485]
0.1068574897947 [0.125828430057] [0.0878865495324]
