0.0553917940706 [0.0521070025861] [0.0586765855551]
0.0523865390569 [0.0495407357812] [0.0552323423326]
0.0476404801011 [0.0466686524451] [0.0486123077571]
0.0428974740207 [0.0446803793311] [0.0411145687103]
0.0394194573164 [0.0441695600748] [0.034669354558]
0.037025927566 [0.0447495803237] [0.0293022748083]
0.0349128069356 [0.0449812598526] [0.0248443540186]
0.032233140431350005 [0.0429871827364] [0.0214790981263]
0.029735823161900002 [0.0400926284492] [0.0193790178746]
0.028512360528099998 [0.038477960974] [0.0185467600822]
0.02867578715085 [0.0388326458633] [0.0185189284384]
0.02980487793685 [0.0408023074269] [0.0188074484468]
0.029171647504 [0.0392672531307] [0.0190760418773]
0.0283636813983 [0.0374986492097] [0.0192287135869]
0.027871875092399998 [0.0366121530533] [0.0191315971315]
0.0272411238402 [0.0352351255715] [0.0192471221089]
0.0270164376125 [0.0345178730786] [0.0195150021464]
0.0273642251268 [0.0347073338926] [0.020021116361]
0.0282372068614 [0.0357355847955] [0.0207388289273]
0.029538224451200003 [0.0374888144433] [0.0215876344591]
0.0313404472545 [0.0400411523879] [0.0226397421211]
0.03405514080075 [0.0439426191151] [0.0241676624864]
0.03832815866915 [0.0502915754914] [0.0263647418469]
0.0443942183629 [0.0597659274936] [0.0290225092322]
0.0476627536118 [0.0638346001506] [0.031490907073]
0.049818323925099994 [0.0665080696344] [0.0331285782158]
0.04803086631 [0.0622035339475] [0.0338581986725]
0.05223654210565 [0.070325627923] [0.0341474562883]
0.0544419325888 [0.0744459554553] [0.0344379097223]
0.06137920171025 [0.0879889428616] [0.0347694605589]
0.049898162484199995 [0.0648077502847] [0.0349885746837]
0.040917629376049994 [0.0473707355559] [0.0344645231962]
0.03577675297855 [0.0371436625719] [0.0344098433852]
0.0336814858019 [0.0319849774241] [0.0353779941797]
0.033760696649550004 [0.0300810188055] [0.0374403744936]
0.0354745974764 [0.0301805306226] [0.0407686643302]
0.03794210590425 [0.0313259698451] [0.0445582419634]
0.0401970818639 [0.0329270400107] [0.0474671237171]
0.0417398419231 [0.0349226556718] [0.0485570281744]
0.0428744107485 [0.0374825820327] [0.0482662394643]
0.0437131114304 [0.0397346615791] [0.0476915612817]
0.044641148299 [0.0419768430293] [0.0473054535687]
0.044915843755000004 [0.0432588458061] [0.0465728417039]
0.043887618929149996 [0.0427232682705] [0.0450519695878]
0.04222906939685 [0.0411619991064] [0.0432961396873]
0.041360206902 [0.0402823090553] [0.0424381047487]
0.04239427670835 [0.0414845794439] [0.0433039739728]
0.04563765227795 [0.0449710972607] [0.0463042072952]
0.049905044958 [0.049226693809] [0.050583396107]
0.05190366879105 [0.0510888695717] [0.0527184680104]
0.050085110589850004 [0.0490023866296] [0.0511678345501]
0.0462907589972 [0.0451579205692] [0.0474235974252]
0.043025158345700004 [0.041920248419] [0.0441300682724]
0.04104134999215 [0.0401034839451] [0.0419792160392]
0.04006691649555 [0.0392562076449] [0.0408776253462]
0.0396467205137 [0.0387586355209] [0.0405348055065]
0.039585219696150004 [0.0383079908788] [0.0408624485135]
0.04036956653 [0.0385225750506] [0.0422165580094]
0.04270012676715 [0.0403479784727] [0.0450522750616]
0.04661258123815 [0.0440678857267] [0.0491572767496]
0.0505609754473 [0.0484952665865] [0.0526266843081]
0.051443440839649995 [0.050248067826] [0.0526388138533]
0.048238204792150005 [0.0483186468482] [0.0481577627361]
0.043947113677849994 [0.045112285763] [0.0427819415927]
0.0406538695097 [0.0427585877478] [0.0385491512716]
0.04035783559085 [0.0448365546763] [0.0358791165054]
0.0409963596612 [0.0480324216187] [0.0339602977037]
0.04173332452775 [0.051400244236] [0.0320664048195]
0.04158770758655 [0.0530985035002] [0.0300769116729]
0.0367792509496 [0.0450470969081] [0.0285114049911]
0.0336370971054 [0.0398309193552] [0.0274432748556]
0.03181290067735 [0.0369894243777] [0.026636376977]
0.0306600769982 [0.0355417840183] [0.0257783699781]
0.029697824269549998 [0.0345962904394] [0.0247993580997]
0.02897932659835 [0.0340433716774] [0.0239152815193]
0.02883195783945 [0.0341550856829] [0.023508829996]
0.02935648337005 [0.0349803492427] [0.0237326174974]
0.0301302885637 [0.0358379557729] [0.0244226213545]
0.0304810013622 [0.0358840115368] [0.0250779911876]
0.030397096648800002 [0.035124219954] [0.0256699733436]
0.029594118706849998 [0.0325898788869] [0.0265983585268]
0.030205802991949998 [0.0319202393293] [0.0284913666546]
0.032135937362900005 [0.0324702747166] [0.0318016000092]
0.034846371039749996 [0.0331788472831] [0.0365138947964]
0.038783341646199995 [0.03565941751] [0.0419072657824]
0.04021018743515 [0.0352601595223] [0.045160215348]
0.0392927136272 [0.0324674993753] [0.0461179278791]
0.037610297091299996 [0.0294440630823] [0.0457765311003]
0.036048412323 [0.0272585488856] [0.0448382757604]
0.03423438966275 [0.0256866030395] [0.042782176286]
0.0316426735371 [0.024113189429] [0.0391721576452]
0.028707914985750004 [0.0223940741271] [0.0350217558444]
0.0263497726992 [0.0209652129561] [0.0317343324423]
0.024880490265799998 [0.0201673116535] [0.0295936688781]
0.02433669753375 [0.0199541896582] [0.0287192054093]
0.023962360806750002 [0.0201712809503] [0.0277534406632]
0.02358549274505 [0.0205127876252] [0.0266581978649]
0.02311509940775 [0.0208150409162] [0.0254151578993]
0.0228379322216 [0.0212562773377] [0.0244195871055]
0.02294210158285 [0.0221213866025] [0.0237628165632]
0.023285027593400003 [0.0233411304653] [0.0232289247215]
0.02345932181925 [0.0244851168245] [0.022433526814]
0.0231379996985 [0.0250069070607] [0.0212690923363]
0.0225306591019 [0.0247566904873] [0.0203046277165]
0.0220465315506 [0.0243656951934] [0.0197273679078]
0.02219432033595 [0.0246218629181] [0.0197667777538]
0.02308936789635 [0.0258579850197] [0.020320750773]
0.0243647135794 [0.0277239251882] [0.0210055019706]
0.02539229858665 [0.0295437462628] [0.0212408509105]
0.0257038064301 [0.0305706802756] [0.0208369325846]
0.025417412631200002 [0.0307672750205] [0.0200675502419]
0.02511305455115 [0.0307118222117] [0.0195142868906]
0.0252148676664 [0.0309251826257] [0.0195045527071]
0.02590219769625 [0.0318555496633] [0.0199488457292]
0.027185681275999997 [0.0337707996368] [0.0206005629152]
0.0290775131434 [0.0369181334972] [0.0212368927896]
0.0313561074436 [0.0409910678864] [0.0217211470008]
0.033576513640550004 [0.0451021045446] [0.0220509227365]
0.03537914063785 [0.0483070239425] [0.0224512573332]
0.03613465838135 [0.0497692599893] [0.0225000567734]
0.03615312743935 [0.0502010136843] [0.0221052411944]
0.03659403137865 [0.051076091826] [0.0221119709313]
0.03807128686455 [0.0534971915185] [0.0226453822106]
0.0406597899273 [0.057649359107] [0.0236702207476]
0.04346709605305 [0.0623840726912] [0.0245501194149]
0.04532283730804999 [0.0658156946301] [0.024829979986]
0.045676203444599994 [0.0670445486903] [0.0243078581989]
0.04468737449495 [0.0661192461848] [0.0232555028051]
0.04302814975385 [0.0639371722937] [0.022119127214]
0.04117948841305 [0.0611511990428] [0.0212077777833]
0.03927373234185 [0.0579411610961] [0.0206063035876]
0.037469916045650004 [0.0545984096825] [0.0203414224088]
0.0359793929383 [0.0516796186566] [0.02027916722]
0.03471914026885 [0.0492461025715] [0.0201921779662]
0.0339356129989 [0.0477770604193] [0.0200941655785]
0.0334949074313 [0.0470114573836] [0.019978357479]
0.03311215434225 [0.0462736412883] [0.0199506673962]
0.0327194062993 [0.0452336743474] [0.0202051382512]
0.0325366621837 [0.0441412478685] [0.0209320764989]
0.0332096060738 [0.04395852983] [0.0224606823176]
0.03501685895025 [0.0451596155763] [0.0248741023242]
0.0376585125923 [0.0476633608341] [0.0276536643505]
0.04007974732665 [0.0505703128874] [0.0295891817659]
0.04065628629175 [0.0523186959326] [0.0289938766509]
0.039027559571 [0.0521285682917] [0.0259265508503]
0.0367695502937 [0.0512020997703] [0.0223370008171]
0.03545339312405 [0.0511072948575] [0.0197994913906]
0.03612477239225 [0.0533918514848] [0.0188576932997]
0.0387167846784 [0.0579695440829] [0.0194640252739]
0.0428456403315 [0.0642842575908] [0.0214070230722]
0.04758502729235 [0.0711410343647] [0.02402902022]
0.05195812135935 [0.0775358006358] [0.0263804420829]
