0.1992668956515 [0.189077660441] [0.209456130862]
0.1964331269265 [0.187612846494] [0.205253407359]
0.1935096159575 [0.18774035573] [0.199278876185]
0.189088642597 [0.186966046691] [0.191211238503]
0.177871465683 [0.182012811303] [0.173730120063]
0.15624102205 [0.170980930328] [0.141501113772]
0.1286722198125 [0.153854385018] [0.103490054607]
0.10391777008775 [0.13196451962] [0.0758710205555]
0.08441520482275 [0.108755588531] [0.0600748211145]
0.07080702111125 [0.0893274322152] [0.0522866100073]
0.06334317661825001 [0.0774614810944] [0.0492248721421]
0.059207679703850005 [0.070122808218] [0.0482925511897]
0.0567813180387 [0.0651679486036] [0.0483946874738]
0.05686940811575 [0.0647217780352] [0.0490170381963]
0.0569023210555 [0.0634962841868] [0.0503083579242]
0.0568296685815 [0.0615983456373] [0.0520609915257]
0.056054988875999995 [0.0589111894369] [0.0531987883151]
0.0541117805988 [0.0556271411479] [0.0525964200497]
0.051289672032 [0.0520654730499] [0.0505138710141]
0.048595296218999995 [0.0488441474736] [0.0483464449644]
0.0468873493373 [0.0463957637548] [0.0473789349198]
0.04650559462605 [0.0449049286544] [0.0481062605977]
0.04702394641935 [0.0440120324492] [0.0500358603895]
0.04777971468865 [0.0431605875492] [0.0523988418281]
0.04893898032605 [0.0431605875492] [0.0547173731029]
0.0497328620404 [0.0431605875492] [0.0563051365316]
0.050210274755949996 [0.0431605875492] [0.0572599619627]
0.05040035955605 [0.0431605875492] [0.0576401315629]
0.05009172670545 [0.0431605875492] [0.0570228658617]
0.04903008043765 [0.0431605875492] [0.0548995733261]
0.047440554946650004 [0.0431605875492] [0.0517205223441]
0.10103573091305 [0.15273630619] [0.0493351556361]
0.08989914506659999 [0.129907608032] [0.0498906821012]
0.0758811291307 [0.0976444482803] [0.0541178099811]
0.06437457352875 [0.067470036447] [0.0612791106105]
0.05930571258065 [0.049783013761] [0.0688284114003]
0.0583230443299 [0.0418789163232] [0.0747671723366]
0.0599373728037 [0.0396246686578] [0.0802500769496]
0.0641113333404 [0.0396246686578] [0.088597998023]
0.0704992264509 [0.0396246686578] [0.101373784244]
0.0708808973434 [0.0396246686578] [0.102137126029]
0.0663133636117 [0.0396246686578] [0.0930020585656]
0.0615848824382 [0.0396246686578] [0.0835450962186]
0.054946836084150005 [0.0331554338336] [0.0767382383347]
0.0519652813673 [0.0309905260801] [0.0729400366545]
0.05150221660735 [0.0317187085748] [0.0712857246399]
0.05248828418555 [0.0343477390707] [0.0706288293004]
0.054283084347849994 [0.0383888073266] [0.0701773613691]
0.05701151117685 [0.0441101640463] [0.0699128583074]
0.061163878068299996 [0.0520760156214] [0.0702517405152]
0.06632114946845 [0.062237367034] [0.0704049319029]
0.07168108969925 [0.0732296556234] [0.0701325237751]
0.07432892173524999 [0.0806598216295] [0.067998021841]
0.0690497457981 [0.073696218431] [0.0644032731652]
0.06488741375505 [0.068611972034] [0.0611628554761]
0.0627469904721 [0.0658758878708] [0.0596180930734]
0.0626508779824 [0.0651380196214] [0.0601637363434]
0.06421584635975 [0.0657593905926] [0.0626723021269]
0.07042728736994999 [0.0746123641729] [0.066242210567]
0.07621780782935 [0.083289720118] [0.0691458955407]
0.0795161090791 [0.088328756392] [0.0707034617662]
0.0796549245715 [0.0881438627839] [0.0711659863591]
0.07667387276885 [0.0833045840263] [0.0700431615114]
0.0707457587123 [0.0749397650361] [0.0665517523885]
0.06295137293635 [0.0650063678622] [0.0608963780105]
0.055494235828549995 [0.0562078878284] [0.0547805838287]
0.0504639763385 [0.0508676730096] [0.0500602796674]
0.04830458760265 [0.0491435900331] [0.0474655851722]
0.04866103455425 [0.0503579713404] [0.0469640977681]
0.050604943186049994 [0.0533853434026] [0.0478245429695]
0.0524447578937 [0.0562201291323] [0.0486693866551]
0.05302710458635 [0.0570385493338] [0.0490156598389]
0.052823698148149995 [0.0568501800299] [0.0487972162664]
0.051767449826 [0.0556896440685] [0.0478452555835]
0.04933174327015 [0.0529531575739] [0.0457103289664]
0.0455082077533 [0.0483863428235] [0.0426300726831]
0.04120808281005 [0.042964566499] [0.0394515991211]
0.037927037105000005 [0.0381726548076] [0.0376814194024]
0.036685546860100005 [0.0349669009447] [0.0384041927755]
0.0377436671406 [0.0334412492812] [0.042046085]
0.04078422859315 [0.0334549583495] [0.0481134988368]
0.0444552786648 [0.0347903817892] [0.0541201755404]
0.047101611271500005 [0.0368750840425] [0.0573281385005]
0.0484783258289 [0.039271235466] [0.0576854161918]
0.04901228658855 [0.0414615124464] [0.0565630607307]
0.04925891198215 [0.0431249514222] [0.0553928725421]
0.04969795048235 [0.0442293696105] [0.0551665313542]
0.050320487469450004 [0.0444996803999] [0.056141294539]
0.0511060655117 [0.0441446006298] [0.0580675303936]
0.05226247385145 [0.0437877103686] [0.0607372373343]
0.053865583613499995 [0.0450934357941] [0.0626377314329]
0.05555323697625 [0.0487787313759] [0.0623277425766]
0.05225003510715 [0.0442990586162] [0.0602010115981]
0.0490787718445 [0.0413000769913] [0.0568574666977]
0.046632857993249996 [0.0395067669451] [0.0537589490414]
0.0454512834549 [0.0389297865331] [0.0519727803767]
0.04569317400455 [0.0392777845263] [0.0521085634828]
0.04726272821425 [0.0402396172285] [0.0542858392]
0.04976729117335 [0.0413299314678] [0.0582046508789]
0.05218985304235 [0.0421391688287] [0.062240537256]
0.0528645962477 [0.0424374341965] [0.0632917582989]
0.051041958853649996 [0.0423167534173] [0.05976716429]
0.0474068671465 [0.0421803556383] [0.0526333786547]
0.044047029688949996 [0.042531915009] [0.0455621443689]
0.042293161153799996 [0.0437047816813] [0.0408815406263]
0.042160360142599995 [0.0450768060982] [0.039243914187]
0.04359177686275 [0.0468298494816] [0.0403537042439]
0.050576237961650006 [0.0579195544124] [0.0432329215109]
0.05978536233305 [0.0736320018768] [0.0459387227893]
0.066226515919 [0.0864315927029] [0.0460214391351]
0.0647182743996 [0.0866555422544] [0.0427810065448]
0.058047777041799996 [0.0778741315007] [0.0382214225829]
0.0512997098267 [0.0681874752045] [0.0344119444489]
0.046584257856 [0.0610927082598] [0.0320758074522]
0.0438754344359 [0.0565528385341] [0.0311980303377]
0.0427934974432 [0.0539607815444] [0.031626213342]
0.043022232130149995 [0.0528314076364] [0.0332130566239]
0.0443206727505 [0.0528340637684] [0.0358072817326]
0.04626065306365 [0.0535552538931] [0.0389660522342]
0.0481176842004 [0.0544950738549] [0.0417402945459]
0.048993282020100004 [0.0548721700907] [0.0431143939495]
0.04879646748305 [0.0544287823141] [0.043164152652]
0.048376135528099995 [0.0537962019444] [0.0429560691118]
