0.03460847307 [0.0472981333733] [0.0219188127667]
0.03859916049985 [0.0531664304435] [0.0240318905562]
0.04246425908055 [0.0582151636481] [0.026713354513]
0.0461890697479 [0.0620971918106] [0.0302809476852]
0.049104955047400006 [0.0640856176615] [0.0341242924333]
0.04930636100475 [0.0634819120169] [0.0351308099926]
0.0468095317483 [0.060279969126] [0.0333390943706]
0.04417118430135 [0.0568761080503] [0.0314662605524]
0.047001757659 [0.0630422234535] [0.0309612918645]
0.05124478787185 [0.0709336027503] [0.0315559729934]
0.0560497455299 [0.0795942693949] [0.0325052216649]
0.05926090106364999 [0.0859209448099] [0.0326008573174]
0.059409876354 [0.0876127183437] [0.0312070343643]
0.056959987618 [0.0850389897823] [0.0288809854537]
0.05312067549675 [0.0797875151038] [0.0264538358897]
0.04862764198335 [0.0729122981429] [0.0243429858238]
0.04388370923695 [0.0653303340077] [0.0224370844662]
0.0391968563199 [0.057896733284] [0.0204969793558]
0.0348352463916 [0.0510782040656] [0.0185922887176]
0.03413920942695 [0.0510782040656] [0.0172002147883]
0.03383248765025 [0.0510782040656] [0.0165867712349]
0.033927531912950004 [0.0510782040656] [0.0167768597603]
0.03426000382755 [0.0510782040656] [0.0174418035895]
0.03452781774105 [0.0510782040656] [0.0179774314165]
0.02476815879345 [0.0319472849369] [0.01758903265]
0.02724928315725 [0.0377240143716] [0.0167745519429]
0.0295353876427 [0.0427558831871] [0.0163148920983]
0.031633423641349995 [0.0466503724456] [0.0166164748371]
0.0328852515668 [0.0481125377119] [0.0176579654217]
0.03349039051685 [0.0481125377119] [0.0188682433218]
0.03386917151515 [0.0481125377119] [0.0196258053184]
0.0339856343344 [0.0481125377119] [0.0198587309569]
0.034035668708399996 [0.0481125377119] [0.0199587997049]
0.03424601070585 [0.0481125377119] [0.0203794836998]
0.03466245811435 [0.0481125377119] [0.0212123785168]
0.0351977637038 [0.0481125377119] [0.0222829896957]
0.04107895027845 [0.0589478686452] [0.0232100319117]
0.0458944691345 [0.0679435431957] [0.0238453950733]
0.04842346534135 [0.0722451284528] [0.0246018022299]
0.04959638603035 [0.0732314065099] [0.0259613655508]
0.0505250627175 [0.0732314065099] [0.0278187189251]
0.0513956844807 [0.0732314065099] [0.0295599624515]
0.0516205811873 [0.0732314065099] [0.0300097558647]
0.0510246679187 [0.0732314065099] [0.0288179293275]
0.05024610832335 [0.0732314065099] [0.0272608101368]
0.04993864148855 [0.0732314065099] [0.0266458764672]
0.05008425470445 [0.0732314065099] [0.026937102899]
0.050259844399999996 [0.0732314065099] [0.0272882822901]
0.049868478439749994 [0.0732314065099] [0.0265055503696]
0.048956100828949994 [0.0732314065099] [0.024680795148]
0.04797608032825 [0.0732314065099] [0.0227207541466]
0.04725466575475 [0.0732314065099] [0.0212779249996]
0.04682573955505 [0.0732314065099] [0.0204200726002]
0.0240753367543 [0.0282211843878] [0.0199294891208]
0.0288851344958 [0.0381443351507] [0.0196259338409]
0.0332960765809 [0.0470109507442] [0.0195812024176]
0.03565892018375 [0.0511818192899] [0.0201360210776]
0.0355797940865 [0.0496312789619] [0.0215283092111]
0.03446039464325 [0.0453808195889] [0.0235399696976]
0.03366492316125 [0.0417235530913] [0.0256062932312]
0.033566900528950006 [0.0399373658001] [0.0271964352578]
0.03438300453125 [0.0402581132948] [0.0285078957677]
0.03627929650245 [0.0425332896411] [0.0300253033638]
0.0391506757587 [0.0459354184568] [0.0323659330606]
0.04233772307635 [0.0492099747062] [0.0354654714465]
0.048062631860399996 [0.0578641369939] [0.0382611267269]
0.050177823752150005 [0.0623445622623] [0.038011085242]
0.04777709394695 [0.0606673806906] [0.0348868072033]
0.0434750709683 [0.0554284229875] [0.0315217189491]
0.0396510930732 [0.0501171573997] [0.0291850287467]
0.037123701535200004 [0.0462828613818] [0.0279645416886]
0.03608271759005 [0.0446388535202] [0.0275265816599]
0.03622162807735 [0.0452953800559] [0.0271478760988]
0.03743433393535 [0.048422191292] [0.0264464765787]
0.0392158897594 [0.0536167994142] [0.0248149801046]
0.0402169972658 [0.0585716925561] [0.0218623019755]
0.0386787522584 [0.0589193925261] [0.0184381119907]
0.0351147027686 [0.0539361312985] [0.0162932742387]
0.031600844580649996 [0.0476119033992] [0.0155897857621]
0.029265050776299997 [0.0425622574985] [0.0159678440541]
0.0285206660628 [0.0398902222514] [0.0171511098742]
0.02954202610995 [0.0401793941855] [0.0189046580344]
0.03219086490575 [0.0433947965503] [0.0209869332612]
0.03614696115255 [0.0491352044046] [0.0231587179005]
0.0405535409227 [0.0560420379043] [0.0250650439411]
0.044322016648950004 [0.062261171639] [0.0263828616589]
0.045794703997649996 [0.0647274404764] [0.0268619675189]
0.0434791306034 [0.0602595545352] [0.0266987066716]
0.0424247737974 [0.0587853677571] [0.0260641798377]
0.041629771702 [0.0577956698835] [0.0254638735205]
0.04188230726865 [0.0582556687295] [0.0255089458078]
0.04384748917075 [0.0612588711083] [0.0264361072332]
0.04796124622225 [0.0675826892257] [0.0283398032188]
0.0537607707083 [0.0767370536923] [0.0307844877243]
0.05922662094235 [0.0859001651406] [0.0325530767441]
0.06224715150895001 [0.0912379547954] [0.0332563482225]
0.06276929378509999 [0.0918321236968] [0.0337064638734]
0.061938233673549996 [0.0895553603768] [0.0343211069703]
0.0659204926342 [0.09684894979] [0.0349920354784]
0.06318636238575 [0.0907990559936] [0.0355736687779]
0.0629109945148 [0.0898142158985] [0.0360077731311]
0.0597607176751 [0.0834295600653] [0.0360918752849]
0.05815608240665 [0.0806197077036] [0.0356924571097]
0.04637967608865 [0.0578122399747] [0.0349471122026]
0.040859233588 [0.0472669415176] [0.0344515256584]
0.03958424180745 [0.043989341706] [0.0351791419089]
0.04168777726595 [0.0452909842134] [0.0380845703185]
0.04642000608145 [0.049424957484] [0.0434150546789]
0.0527032315731 [0.0549852848053] [0.0504211783409]
0.05917599983515 [0.0610072948039] [0.0573447048664]
0.0646144207567 [0.0670197159052] [0.0622091256082]
0.06788616254925 [0.0727262720466] [0.0630460530519]
0.06837225705385 [0.0775986090302] [0.0591459050775]
0.06464665941895 [0.0774251371622] [0.0518681816757]
0.06166643835605 [0.0793522968888] [0.0439805798233]
0.05793072283265 [0.0781363472342] [0.0377250984311]
0.0566575974226 [0.0793956667185] [0.0339195281267]
0.05871256627140001 [0.08493796736] [0.0324871651828]
0.06480574980375 [0.0966190397739] [0.0329924598336]
0.07415078580404999 [0.113896362484] [0.0344052091241]
0.08258454315354999 [0.130247980356] [0.0349211059511]
0.08199609443525 [0.13123139739] [0.0327607914805]
0.07342365011560001 [0.118840023875] [0.0280072763562]
0.0634104078637 [0.103773929179] [0.0230468865484]
0.05533326789735 [0.091284558177] [0.0193819776177]
0.0500877397135 [0.0830620452762] [0.0171134341508]
0.04683510307225 [0.077640414238] [0.0160297919065]
0.044656995683900004 [0.0735104754567] [0.0158035159111]
0.04260010644795 [0.0688790380955] [0.0163211748004]
0.039099443703900005 [0.0607563331723] [0.0174425542355]
0.034930661320699996 [0.0509947575629] [0.0188665650785]
0.0313994595781 [0.0428183153272] [0.019980603829]
0.0291101783514 [0.0377273447812] [0.0204930119216]
0.0281910682097 [0.0357271470129] [0.0206549894065]
0.0286221811548 [0.0362725630403] [0.0209717992693]
0.030239244923 [0.0386476665735] [0.0218308232725]
0.032837937585999996 [0.0420307405293] [0.0236451346427]
0.03614008054135 [0.0456205047667] [0.026659656316]
0.03942762035875 [0.0481867752969] [0.0306684654206]
0.04141521640125 [0.0478639751673] [0.0349664576352]
0.0403836276382 [0.0436179637909] [0.0371492914855]
0.03673840127885 [0.0375865288079] [0.0358902737498]
0.0329309180379 [0.0325881019235] [0.0332737341523]
0.030565273948 [0.029767325148] [0.031363222748]
0.03023096639665 [0.0291896145791] [0.0312723182142]
0.0318305445835 [0.0305111650378] [0.0331499241292]
0.0349415037781 [0.0332313291728] [0.0366516783834]
0.038726370781650005 [0.0365187264979] [0.0409340150654]
0.041697252541749996 [0.0392005257308] [0.0441939793527]
