0.046879844739999996 [0.0581688582897] [0.0355908311903]
0.04717989452185 [0.0575331859291] [0.0368266031146]
0.04702520743015 [0.0572074502707] [0.0368429645896]
0.04621640779075 [0.0569678097963] [0.0354650057852]
0.0448702927679 [0.0568115487695] [0.0329290367663]
0.04417016915975 [0.0578602403402] [0.0304800979793]
0.0454516885802 [0.0616055354476] [0.0292978417128]
0.049509208649400005 [0.0692417100072] [0.0297767072916]
0.05660645104945 [0.0810351967812] [0.0321777053177]
0.0646922606975 [0.0938268750906] [0.0355576463044]
0.0706773828713 [0.103722736239] [0.0376320295036]
0.07155855558810001 [0.10510263592] [0.0380144752562]
0.0701092332601 [0.103511430323] [0.0367070361972]
0.0675217341632 [0.100843936205] [0.0341995321214]
0.06448800675569999 [0.0980230420828] [0.0309529714286]
0.0614324081689 [0.0951704531908] [0.027694363147]
0.05865050666035 [0.0921921506524] [0.0251088626683]
0.056731464341249996 [0.0897602140903] [0.0237027145922]
0.0566338878125 [0.0894461646676] [0.0238216109574]
0.0595768895 [0.093311406672] [0.025842372328]
0.06710804346935001 [0.103618957102] [0.0305971298367]
0.0813692454249 [0.123312547803] [0.0394259430468]
0.08679641596974999 [0.123312547803] [0.0502802841365]
0.09025421552365 [0.123312547803] [0.0571958832443]
0.09176208823925 [0.123312547803] [0.0602116286755]
0.0912837721408 [0.123312547803] [0.0592549964786]
0.0897889360786 [0.123312547803] [0.0562653243542]
0.08763976022605 [0.123312547803] [0.0519669726491]
0.08554457686844999 [0.123312547803] [0.0477766059339]
0.08419984020295 [0.123312547803] [0.0450871326029]
0.08390653878455 [0.123312547803] [0.0445005297661]
0.08458103053275 [0.123312547803] [0.0458495132625]
0.0856643561274 [0.123312547803] [0.0480161644518]
0.08632077090444999 [0.123312547803] [0.0493289940059]
0.08597908169035 [0.123312547803] [0.0486456155777]
0.0846504028887 [0.123312547803] [0.0459882579744]
0.03011594712735 [0.0179997086525] [0.0422321856022]
0.027220344170949998 [0.0160224363208] [0.0384182520211]
0.0248482506722 [0.0144883543253] [0.0352081470191]
0.024029878899449998 [0.0144883543253] [0.0335714034736]
0.023707760497950002 [0.0144883543253] [0.0329271666706]
0.024059982970350002 [0.0144883543253] [0.0336316116154]
0.024854445830000002 [0.0144883543253] [0.0352205373347]
0.0260824873112 [0.0145498132333] [0.0376151613891]
0.02786388807 [0.0153236761689] [0.0404040999711]
0.0291018281132 [0.0153236761689] [0.0428799800575]
0.0294011463411 [0.0141181582585] [0.0446841344237]
0.029880898539 [0.0141181582585] [0.0456436388195]
0.0299283140339 [0.0141181582585] [0.0457384698093]
0.02986735850575 [0.0143760815263] [0.0453586354852]
0.0299411099404 [0.0139947943389] [0.0458874255419]
0.03068303642795 [0.014110728167] [0.0472553446889]
0.03189735580235 [0.0148128326982] [0.0489818789065]
0.03232546756045 [0.0150482254103] [0.0496027097106]
0.03133915085345 [0.0152838360518] [0.0473944656551]
0.0289503186941 [0.0153359398246] [0.0425646975636]
0.02636815281585 [0.0154118249193] [0.0373244807124]
0.0246004201472 [0.0157285779715] [0.0334722623229]
0.02399510797115 [0.0167580153793] [0.031232200563]
0.0236098710448 [0.0176281575114] [0.0295915845782]
0.02327637560665 [0.0185661073774] [0.0279866438359]
0.02248019818215 [0.0189382135868] [0.0260221827775]
0.0214188992977 [0.0188381746411] [0.0239996239543]
0.02047322224825 [0.0186374336481] [0.0223090108484]
0.020068220794200002 [0.01896350272] [0.0211729388684]
0.020311957225200003 [0.0202393308282] [0.0203845836222]
0.020711408928 [0.0217657126486] [0.0196571052074]
0.020799265243100003 [0.0227337498218] [0.0188647806644]
0.02071621268985 [0.0232531521469] [0.0181792732328]
0.020730238407850002 [0.0236406773329] [0.0178197994828]
0.02117847371845 [0.0243988279253] [0.0179581195116]
0.0220924420282 [0.0255904216319] [0.0185944624245]
0.023283734917649998 [0.0269028265029] [0.0196646433324]
0.02418883889915 [0.0276554245502] [0.0207222532481]
0.02455522399395 [0.027570400387] [0.0215400476009]
0.02464027516545 [0.0270531885326] [0.0222273617983]
0.02506847307085 [0.0268641300499] [0.0232728160918]
0.0261843521148 [0.0275166071951] [0.0248520970345]
0.027990758419 [0.02909344621] [0.026888070628]
0.030211670324199996 [0.0313007719815] [0.0291225686669]
0.032604577019850006 [0.0337546244264] [0.0314545296133]
0.0350981503725 [0.0361712314188] [0.0340250693262]
0.03755317628385 [0.0382894128561] [0.0368169397116]
0.0395919382572 [0.0399680994451] [0.0392157770693]
0.0401031840593 [0.0403366684914] [0.0398696996272]
0.03923769667745 [0.0392614305019] [0.039213962853]
0.0377520229667 [0.0377024672925] [0.0378015786409]
0.03664983808995 [0.036603346467] [0.0366963297129]
0.036354307085250004 [0.036367110908] [0.0363415032625]
0.03667225688695 [0.0371117144823] [0.0362327992916]
0.03716671466825 [0.0386553816497] [0.0356780476868]
0.0373948253691 [0.040610589087] [0.0341790616512]
0.03688227571545 [0.0417140610516] [0.0320504903793]
0.035714904777749995 [0.0416314862669] [0.0297983232886]
0.0340518569574 [0.040330208838] [0.0277735050768]
0.03178464621305 [0.0377508364618] [0.0258184559643]
0.028955178335350003 [0.0341637320817] [0.023746624589]
0.02605795115235 [0.030304081738] [0.0218118205667]
0.02393411751835 [0.0273275207728] [0.0205407142639]
0.0230713095516 [0.0259093549103] [0.0202332641929]
0.023438455536950002 [0.0260021537542] [0.0208747573197]
0.0244785696268 [0.0270443484187] [0.0219127908349]
0.0255771530792 [0.0281729362905] [0.0229813698679]
0.02615033090115 [0.028638318181] [0.0236623436213]
0.0260746749118 [0.0282548125833] [0.0238945372403]
0.02554591931405 [0.0272247120738] [0.0238671265543]
0.0250107878819 [0.0261280257255] [0.0238935500383]
0.024877732619649998 [0.0252643786371] [0.0244910866022]
0.0250169746578 [0.0247366745025] [0.0252972748131]
0.02518375590445 [0.0243464335799] [0.026021078229]
0.02514667902145 [0.0239397455007] [0.0263536125422]
0.024996803142149998 [0.0237052533776] [0.0262883529067]
0.0250785071403 [0.0240267533809] [0.0261302608997]
0.0256063407287 [0.025158945471] [0.0260537359864]
0.02653415873645 [0.0269261188805] [0.0261421985924]
0.02751091495155 [0.0288632046431] [0.02615862526]
0.02824490517375 [0.030658012256] [0.0258317980915]
0.028693330474199998 [0.032274402678] [0.0251122582704]
0.02909046504645 [0.0338421612978] [0.0243387687951]
0.029518477618700002 [0.0352388471365] [0.0237981081009]
0.029871693812300003 [0.0360024943948] [0.0237408932298]
0.0298946257681 [0.0357793271542] [0.024009924382]
0.0294529478997 [0.0348655283451] [0.0240403674543]
0.02870904654265 [0.0339565202594] [0.0234615728259]
0.02818897925315 [0.0337733477354] [0.0226046107709]
0.0285825571045 [0.034809846431] [0.022355267778]
0.03043686412275 [0.0373016856611] [0.0235720425844]
0.0340911410749 [0.0411685779691] [0.0270137041807]
0.03890481032435 [0.0450768694282] [0.0327327512205]
0.04248244874175 [0.0467183552682] [0.0382465422153]
0.0409399345517 [0.0437935627997] [0.0380863063037]
0.03483212552965 [0.0369819551706] [0.0326822958887]
0.03016064409165 [0.0334033258259] [0.0269179623574]
0.026999078691 [0.0298551972955] [0.0241429600865]
0.026090153492949998 [0.0271821375936] [0.0249981693923]
0.0275771394372 [0.0261608529836] [0.0289934258908]
0.03134715463965 [0.027345450595] [0.0353488586843]
0.0365369357169 [0.0306566767395] [0.0424171946943]
0.0415021926165 [0.034515850246] [0.048488534987]
0.044459203258150004 [0.0363271087408] [0.0525912977755]
0.04721551015975 [0.040092214942] [0.0543388053775]
0.0500288885087 [0.0456372462213] [0.0544205307961]
0.05237456597385 [0.0517872869968] [0.0529618449509]
0.053864022716899995 [0.0576559714973] [0.0500720739365]
0.0546422917396 [0.0626885890961] [0.0465959943831]
0.0572688654065 [0.0704614073038] [0.0440763235092]
0.06628853827715 [0.0891385823488] [0.0434384942055]
0.06594925001265001 [0.0871782526374] [0.0447202473879]
0.06738021969795 [0.0873241350055] [0.0474363043904]
0.06908096373085 [0.0880744531751] [0.0500874742866]
0.0693018697202 [0.0882364660501] [0.0503672733903]
0.0671138893813 [0.0874248743057] [0.0468029044569]
0.0631028227508 [0.0856965407729] [0.0405091047287]
0.059120487421749995 [0.0835725590587] [0.0346684157848]
0.0584291853011 [0.0856837704778] [0.0311746001244]
0.057744652964200005 [0.0852517783642] [0.0302375275642]
0.057271885685599995 [0.083375364542] [0.0311684068292]
0.05717264302075 [0.0809392780066] [0.0334060080349]
0.05767932347955 [0.0790630877018] [0.0362955592573]
0.0586873199791 [0.0780495628715] [0.0393250770867]
0.05784731172025 [0.0742679536343] [0.0414266698062]
0.05519378557805 [0.0685554891825] [0.0418320819736]
0.05141070857645 [0.0622037090361] [0.0406177081168]
0.0476807486266 [0.0567447692156] [0.0386167280376]
0.045309348031899996 [0.0534375086427] [0.0371811874211]
0.044837858527899996 [0.0527105219662] [0.0369651950896]
0.04601033218205 [0.0538550689816] [0.0381655953825]
0.04813761077825 [0.0555890873075] [0.040686134249]
0.050148136913800004 [0.0565364994109] [0.0437597744167]
0.0508221182972 [0.0558568276465] [0.0457874089479]
0.0492539200932 [0.0539495944977] [0.0445582456887]
0.0464234687388 [0.0520909950137] [0.0407559424639]
0.0442306958139 [0.0513271614909] [0.0371342301369]
0.0437606088817 [0.0521725900471] [0.0353486277163]
0.045680871233350004 [0.0549679920077] [0.036393750459]
0.05062949843705 [0.0600521713495] [0.0412068255246]
0.05885025672615 [0.0674030855298] [0.0502974279225]
0.06952028349045 [0.075970299542] [0.0630702674389]
0.07832249626519999 [0.0795541107655] [0.0770908817649]
0.07993339002135 [0.0728911459446] [0.0869756340981]
0.07559712976215 [0.0618801265955] [0.0893141329288]
0.06965950876475 [0.05269934237] [0.0866196751595]
0.0657961219549 [0.0468034669757] [0.0847887769341]
0.06513140350585 [0.0440799966455] [0.0861828103662]
0.06747259758415 [0.0438680537045] [0.0910771414638]
0.0706005450338 [0.0452330894768] [0.0959680005908]
0.07114167325195 [0.0466529242694] [0.0956304222345]
0.06800987757745 [0.0472270436585] [0.0887927114964]
0.06300139427185 [0.0464086383581] [0.0795941501856]
0.057789465412500005 [0.0444115139544] [0.0711674168706]
0.052507404238 [0.041619874537] [0.063394933939]
0.046879515051800005 [0.0384925641119] [0.0552664659917]
0.041854897514 [0.0357343964279] [0.0479753986001]
