0.0833332743496 [0.1314894557] [0.0351770929992]
0.08311055786919999 [0.132915362716] [0.0333057530224]
0.0823405506088 [0.134038865566] [0.0306422356516]
0.0808887323364 [0.134016662836] [0.0277608018368]
0.0794666782021 [0.133870050311] [0.0250633060932]
0.0782022271306 [0.133590117097] [0.0228143371642]
0.07793999463345 [0.134416148067] [0.0214638411999]
0.07894823234505 [0.137082278728] [0.0208141859621]
0.0813747411592 [0.141970351338] [0.0207791309804]
0.08471625950185 [0.148121997714] [0.0213105212897]
0.08797896374025001 [0.153437793255] [0.0225201342255]
0.08912098407739999 [0.153824970126] [0.0244169980288]
0.0864942148326 [0.146251454949] [0.0267369747162]
0.07951614912605 [0.130245357752] [0.0287869405001]
0.07056562509385 [0.111290231347] [0.0298410188407]
0.0635666893795 [0.0968012288213] [0.0303321499377]
0.059850587509600005 [0.0885309427977] [0.0311702322215]
0.05923207663 [0.0852808579803] [0.0331832952797]
0.0611303541809 [0.0856916159391] [0.0365690924227]
0.06455893069505 [0.0882187783718] [0.0408990830183]
0.06861566379664999 [0.0912255048752] [0.0460058227181]
0.07296545244755 [0.0935363993049] [0.0523945055902]
0.0772113073617 [0.094175606966] [0.0602470077574]
0.08018673211335 [0.0932252779603] [0.0671481862664]
0.0818571075797 [0.0918243303895] [0.0718898847699]
0.083006914705 [0.0917076170444] [0.0743062123656]
0.0842487476766 [0.0940467938781] [0.0744507014751]
0.08681258931755 [0.0993806943297] [0.0742444843054]
0.09215490520005 [0.108472108841] [0.0758377015591]
0.10206901282059999 [0.122957088053] [0.0811809375882]
0.1186492033303 [0.145726338029] [0.0915720686316]
0.14220283553 [0.177277594805] [0.107128076255]
0.16982188820799998 [0.214498698711] [0.125145077705]
0.196062654257 [0.250835180283] [0.141290128231]
0.21737815439699998 [0.282092839479] [0.152663469315]
0.2322027906775 [0.304735779762] [0.159669801593]
0.24506168067450002 [0.327291339636] [0.162832021713]
0.2517868205905 [0.340586721897] [0.162986919284]
0.25508643686800003 [0.348191916943] [0.161980956793]
0.26196005195399996 [0.357419371605] [0.166500732303]
0.27616190165300003 [0.370211750269] [0.182112053037]
0.29448672383999996 [0.382571548223] [0.206401899457]
0.311929225922 [0.39028903842] [0.233569413424]
0.324120655656 [0.395858824253] [0.252382487059]
0.327204212546 [0.40067499876] [0.253733426332]
0.3176324516535 [0.403390526772] [0.231874376535]
0.28991345316149997 [0.408213943243] [0.17161296308]
0.2645483985545 [0.409560084343] [0.119536712766]
0.2505313083528 [0.410714536905] [0.0903480798006]
0.24059249460674997 [0.406988382339] [0.0741966068745]
0.2259409166872 [0.388394832611] [0.0634870007634]
0.1994011215866 [0.342804580927] [0.0559976622462]
0.16201133653525 [0.273690789938] [0.0503318831325]
0.1245242115109 [0.203580766916] [0.0454676561058]
0.0944953896106 [0.147903442383] [0.0410873368382]
0.07334858179105 [0.109885811806] [0.0368113517761]
0.057620247826000004 [0.0824761018157] [0.0327643938363]
0.046063740737700004 [0.0624459534883] [0.0296815279871]
0.0381046710536 [0.0484937168658] [0.0277156252414]
0.033063933253299996 [0.0397947467864] [0.0263331197202]
0.030053150840099997 [0.0348959080875] [0.0252103935927]
0.0283103380352 [0.0323341824114] [0.024286493659]
0.02725355885925 [0.030943101272] [0.0235640164465]
0.026630529202549998 [0.0300879776478] [0.0231730807573]
0.02624651324005 [0.0294622089714] [0.0230308175087]
0.02597590908405 [0.0289449486881] [0.02300686948]
0.0258667534217 [0.0284222308546] [0.0233112759888]
0.0259983697906 [0.0280905291438] [0.0239062104374]
0.026529921218750002 [0.0284415632486] [0.0246182791889]
0.027828572318 [0.0299123860896] [0.0257447585464]
0.02992882486435 [0.0327493697405] [0.0271082799882]
0.032859690487350005 [0.0370388999581] [0.0286804810166]
0.03653044998645 [0.0430188216269] [0.030042078346]
0.041512930765749995 [0.0517447963357] [0.0312810651958]
0.048935201019049995 [0.0650178194046] [0.0328525826335]
0.05958174169065 [0.084083519876] [0.0350799635053]
0.0721579007806 [0.106444962323] [0.0378708392382]
0.08283448219315 [0.124951258302] [0.0407177060843]
0.09010655432940001 [0.137047380209] [0.0431657284498]
0.09438554383825 [0.143458709121] [0.0453123785555]
0.09794086776695 [0.147781580687] [0.0481001548469]
0.1029808968307 [0.155404493213] [0.0505573004484]
0.11203432641945 [0.170757606626] [0.0533110462129]
0.1242302041499 [0.192523539066] [0.0559368692338]
0.1369899809363 [0.214037701488] [0.0599422603846]
0.1471928730606 [0.228448718786] [0.0659370273352]
0.15382089465850002 [0.235254883766] [0.072386905551]
0.15651936829090002 [0.239311799407] [0.0737269371748]
0.15694205835455 [0.242434337735] [0.0714497789741]
0.15369728207605 [0.241302236915] [0.0660923272371]
0.14630073308945 [0.233227416873] [0.0593740493059]
0.1359957121312 [0.219612687826] [0.0523787364364]
0.12594974972290002 [0.204607993364] [0.0472915060818]
0.1183397267014 [0.192088842392] [0.0445906110108]
0.1135660354049 [0.183243378997] [0.0438886918128]
0.11174287088214999 [0.178892031312] [0.0445937104523]
0.1122619286181 [0.178534165025] [0.0459896922112]
0.11692524701345 [0.186544537544] [0.0473059564829]
0.1238749511542 [0.200042560697] [0.0477073416114]
0.1332619562743 [0.218280062079] [0.0482438504696]
0.14346100762495 [0.237375110388] [0.0495469048619]
0.15482848510140002 [0.257632344961] [0.0520246252418]
0.1664577666671 [0.277317106724] [0.0555984266102]
0.1764534283432 [0.292897433043] [0.0600094236434]
0.18396195024265 [0.302611768246] [0.0653121322393]
0.1898524127899 [0.307131618261] [0.0725732073188]
0.19533761218204998 [0.307167798281] [0.0835074260831]
0.201089490205 [0.302070975304] [0.100108005106]
0.2099545896055 [0.295421808958] [0.124487370253]
0.2164497822525 [0.278262495995] [0.15463706851]
0.2102592140435 [0.245295226574] [0.175223201513]
0.188283406198 [0.199894756079] [0.176672056317]
0.160407498479 [0.155381977558] [0.1654330194]
0.137797418982 [0.123991034925] [0.151603803039]
0.12338004633800001 [0.103756941855] [0.143003150821]
0.11390439420915 [0.0900748819113] [0.137733906507]
0.1086283922196 [0.0811094343662] [0.136147350073]
0.1042039468884 [0.0763285458088] [0.132079347968]
0.10227303951959998 [0.0747182369232] [0.129827842116]
0.1012496538461 [0.0749434754252] [0.127555832267]
0.10033382102835 [0.0754768177867] [0.12519082427]
0.0991218909623 [0.0756870657206] [0.122556716204]
0.0982444100083 [0.0759215950966] [0.12056722492]
0.09845652803765001 [0.0773703306913] [0.119542725384]
0.10076604783555 [0.0817011445761] [0.119830951095]
0.10652975365505 [0.0910417661071] [0.122017741203]
0.11734781786750001 [0.108027465641] [0.126668170094]
0.135353215039 [0.136335849762] [0.134370580316]
0.161374785006 [0.179080486298] [0.143669083714]
0.1949027329685 [0.237037599087] [0.15276786685]
0.231107749045 [0.301418930292] [0.160796567798]
0.2574641928075 [0.348934262991] [0.165994122624]
0.2658529654145 [0.365005046129] [0.1667008847]
0.266870819032 [0.369821846485] [0.163919791579]
0.2684867456555 [0.378201186657] [0.158772304654]
0.269308894873 [0.391059160233] [0.147558629513]
0.272436723113 [0.404562741518] [0.140310704708]
0.274958744645 [0.413190484047] [0.136727005243]
0.275592304766 [0.415423542261] [0.135761067271]
0.27469317615 [0.413023561239] [0.136362791061]
0.2715139985085 [0.405211478472] [0.137816518545]
0.2658664733175 [0.391394168139] [0.140338778496]
0.2580135837195 [0.37163233757] [0.144394829869]
0.246272318065 [0.344556093216] [0.147988542914]
0.21560548990950001 [0.296325057745] [0.134885922074]
0.1597485616805 [0.218456104398] [0.101041018963]
0.10722080618165 [0.149696990848] [0.0647446215153]
0.07607380300745 [0.107392646372] [0.0447549596429]
0.05982064828275 [0.0844849348068] [0.0351563617587]
