0.0706289112568 [0.0634250864387] [0.0778327360749]
0.07402588240805 [0.061384331435] [0.0866674333811]
0.0757386647165 [0.0602790862322] [0.0911982432008]
0.07653759978715 [0.0605557523668] [0.0925194472075]
0.0777038708329 [0.0628816783428] [0.092526063323]
0.0796168744564 [0.0669679641724] [0.0922657847404]
0.0822895057499 [0.0718813091516] [0.0926977023482]
0.08615392446520001 [0.076594427228] [0.0957134217024]
0.0924956165253 [0.0801292583346] [0.104861974716]
0.1014325432481 [0.0828390270472] [0.120026059449]
0.11455938965099999 [0.087681517005] [0.141437262297]
0.12943851947765 [0.0956166237593] [0.163260415196]
0.1395226232705 [0.106471262872] [0.172573983669]
0.14374801144 [0.118261508644] [0.169234514236]
0.14340509474250002 [0.128449872136] [0.158360317349]
0.1404333114625 [0.136560082436] [0.144306540489]
0.1397979706525 [0.142353788018] [0.137242153287]
0.1447789445515 [0.148776531219] [0.140781357884]
0.15252944827050002 [0.155082672834] [0.149976223707]
0.16030126065 [0.159091070294] [0.161511451006]
0.1663696840405 [0.161368995905] [0.171370372176]
0.16912092268450002 [0.16173261404] [0.176509231329]
0.16359467804400002 [0.153125301003] [0.174064055085]
0.149900086224 [0.137407824397] [0.162392348051]
0.1361723206935 [0.122376538813] [0.149968102574]
0.125586334616 [0.111521907151] [0.139650762081]
0.1178273223345 [0.103822998703] [0.131831645966]
0.10918505117275 [0.0967325642705] [0.121637538075]
0.095938913524 [0.08818667382] [0.103691153228]
0.07885057106615001 [0.0774771645665] [0.0802239775658]
0.062441604211899995 [0.066400565207] [0.0584826432168]
0.050462031737 [0.0572514496744] [0.0436726137996]
0.0429085753858 [0.0510872974992] [0.0347298532724]
0.0385849690065 [0.047611951828] [0.029557986185]
0.036310398019850004 [0.0458528846502] [0.0267679113895]
0.0351003045216 [0.0450457371771] [0.0251548718661]
0.0344952978194 [0.0450958386064] [0.0238947570324]
0.03445456922055 [0.0462172552943] [0.0226918831468]
0.0348096145317 [0.0480871573091] [0.0215320717543]
0.03549352381375 [0.0504237003624] [0.0205633472651]
0.0365140894428 [0.0531083717942] [0.0199198070914]
0.03754332475365 [0.0554702430964] [0.0196164064109]
0.0382768977433 [0.0568439699709] [0.0197098255157]
0.0397261660546 [0.0589893572032] [0.020462974906]
0.042896611616050004 [0.063546538353] [0.0222466848791]
0.04860912356525 [0.0715800821781] [0.0256381649524]
0.059375513345 [0.0873805209994] [0.0313705056906]
0.07689665071685 [0.113365888596] [0.0404274128377]
0.10138659179210001 [0.14974796772] [0.0530252158642]
0.13033575192105 [0.191244274378] [0.0694272294641]
0.15846419334435 [0.226899042726] [0.0900293439627]
0.18314106389899998 [0.2513050735] [0.114977054298]
0.1979554444555 [0.257143378258] [0.138767510653]
0.20297930389649999 [0.250958144665] [0.155000463128]
0.1996019259095 [0.238655507565] [0.160548344254]
0.1892354190345 [0.222256198525] [0.156214639544]
0.1768441721795 [0.204734146595] [0.148954197764]
0.16292794048800002 [0.18606813252] [0.139787748456]
0.1522038951515 [0.174861148] [0.129546642303]
0.1438830010595 [0.169104397297] [0.118661604822]
0.1372442469 [0.165502518415] [0.108985975385]
0.1321866437795 [0.162564441562] [0.101808845997]
0.1287621408702 [0.159518927336] [0.0980053544044]
0.12678800523275 [0.155771806836] [0.0978042036295]
0.1259349137545 [0.150923296809] [0.1009465307]
0.12588244676600002 [0.145601570606] [0.106163322926]
0.1264301873745 [0.141406297684] [0.111454077065]
0.12724920362199998 [0.138822495937] [0.115675911307]
0.1288229972125 [0.138504385948] [0.119141608477]
0.130854614079 [0.138588383794] [0.123120844364]
0.134276382625 [0.140169233084] [0.128383532166]
0.1402936428785 [0.146230518818] [0.134356766939]
0.1486542522905 [0.15539291501] [0.141915589571]
0.158254981041 [0.163118973374] [0.153390988708]
0.172452248633 [0.172034010291] [0.172870486975]
0.19071804732050002 [0.180584311485] [0.200851783156]
0.202493466437 [0.183694034815] [0.221292898059]
0.1915845274925 [0.169868484139] [0.213300570846]
0.1680013164875 [0.153919532895] [0.18208310008]
0.1461142450575 [0.140624776483] [0.151603713632]
0.130160622299 [0.130552902818] [0.12976834178]
0.120493799448 [0.123873472214] [0.117114126682]
0.1154683083295 [0.119572408497] [0.111364208162]
0.1120899692175 [0.116026856005] [0.10815308243]
0.1086488291625 [0.112118288875] [0.10517936945]
0.1048844344915 [0.107767954469] [0.102000914514]
0.101404134184 [0.103564828634] [0.099243439734]
0.09852230921409999 [0.100270852447] [0.0967737659812]
0.09578228741885 [0.0979988351464] [0.0935657396913]
0.0925328284502 [0.095926836133] [0.0891388207674]
0.08837305381895 [0.0933139100671] [0.0834321975708]
0.08434775471684999 [0.0907014682889] [0.0779940411448]
0.0815163180232 [0.0895875543356] [0.0734450817108]
