0.0753814550116 [0.120995081961] [0.0297678280622]
0.07213163655235 [0.120551280677] [0.0237119924277]
0.0727087352424 [0.124367289245] [0.0210501812398]
0.07528540864585 [0.130335137248] [0.0202356800437]
0.0778207303954 [0.135302662849] [0.0203387979418]
0.07994682155565 [0.139176025987] [0.0207176171243]
0.0815676599739 [0.142046064138] [0.0210892558098]
0.0830841325223 [0.144675374031] [0.0214928910136]
0.08586831670235 [0.149743467569] [0.0219931658357]
0.09009075630470001 [0.157523095608] [0.0226584170014]
0.09502436686299999 [0.166505858302] [0.023542875424]
0.09919933509090001 [0.175217613578] [0.0231810566038]
0.1008551735429 [0.179167822003] [0.0225425250828]
0.09968231152750001 [0.177009150386] [0.022355472669]
0.0974392853675 [0.171262517571] [0.023616053164]
0.09665692690755001 [0.165853306651] [0.0274605471641]
0.0997085403651 [0.164178788662] [0.0352382920682]
0.1063733045014 [0.165690556169] [0.0470560528338]
0.1148363389075 [0.170543268323] [0.059129409492]
0.1223991960286 [0.176926448941] [0.0678719431162]
0.1288402453064 [0.183095321059] [0.0745851695538]
0.13430840522055 [0.187004595995] [0.0816122144461]
0.1378430910408 [0.187237933278] [0.0884482488036]
0.1375800184904 [0.182977095246] [0.0921829417348]
0.1327784545718 [0.173707336187] [0.0918495729566]
0.12443442642715 [0.160036861897] [0.0888319909573]
0.11543659120815 [0.145364865661] [0.0855083167553]
0.10906619951140001 [0.134008958936] [0.0841234400868]
0.10732875764385 [0.128500118852] [0.0861573964357]
0.1099658049644 [0.127681180835] [0.0922504290938]
0.11447322741150001 [0.128011092544] [0.100935362279]
0.1203985475005 [0.128481864929] [0.112315230072]
0.126205805689 [0.127505630255] [0.124905981123]
0.128271523863 [0.122633032501] [0.133910015225]
0.12793548032649998 [0.116197504103] [0.13967345655]
0.1283911801875 [0.111476294696] [0.145306065679]
0.130890265107 [0.109570801258] [0.152209728956]
0.1357172988355 [0.110234953463] [0.161199644208]
0.142322808504 [0.112723067403] [0.171922549605]
0.1484950110315 [0.117175191641] [0.179814830422]
0.152063827962 [0.123584441841] [0.180543214083]
0.15355271101 [0.130744278431] [0.176361143589]
0.1515312343835 [0.136800855398] [0.166261613369]
0.14485789090399998 [0.139741808176] [0.149973973632]
0.13526105135650002 [0.13865481317] [0.131867289543]
0.1259509287775 [0.13581481576] [0.116087041795]
0.119376644492 [0.13461998105] [0.104133307934]
0.11756342276925 [0.139449879527] [0.0956769660115]
0.11990153789524999 [0.149550780654] [0.0902522951365]
0.12371310591695 [0.160495147109] [0.0869310647249]
0.12708479538585 [0.169404059649] [0.0847655311227]
0.12934387847785 [0.175686210394] [0.0830015465617]
0.1291496939958 [0.177335008979] [0.0809643790126]
0.12813339754914999 [0.177668228745] [0.0785985663533]
0.12750253081345 [0.17856964469] [0.0764354169369]
0.12854383140795 [0.181725040078] [0.0753626227379]
0.1329041458666 [0.189352735877] [0.0764555558562]
0.1429149694743 [0.204049110413] [0.0817808285356]
0.15803127735875 [0.222846731544] [0.0932158231735]
0.175765670836 [0.240871295333] [0.110660046339]
0.19007682800300002 [0.250009596348] [0.130144059658]
0.20119678974150002 [0.250666409731] [0.151727169752]
0.20638117194150002 [0.239803045988] [0.172959297895]
0.20497304946150002 [0.224681407213] [0.18526469171]
0.1949759870765 [0.205694943666] [0.184257030487]
0.173156216741 [0.183719158173] [0.162593275309]
0.144402906299 [0.161899492145] [0.126906320453]
0.1208665296435 [0.147115767002] [0.094617292285]
0.1063574738802 [0.139055579901] [0.0736593678594]
