0.029703972861200002 [0.0249427072704] [0.034465238452]
0.02798448782415 [0.0240509454161] [0.0319180302322]
0.027108365669800003 [0.0231095552444] [0.0311071760952]
0.0262951739132 [0.0221031941473] [0.0304871536791]
0.02523481380195 [0.0210019238293] [0.0294677037746]
0.0240950817242 [0.0198122039437] [0.0283779595047]
0.02305968571455 [0.0185294300318] [0.0275899413973]
0.022112204693250002 [0.0170894023031] [0.0271350070834]
0.0211617173627 [0.0153903104365] [0.0269331242889]
0.0201444923878 [0.0135102141649] [0.0267787706107]
0.0191282480955 [0.0115743391216] [0.0266821570694]
0.0193425291218 [0.0117895016447] [0.0268955565989]
0.02055890206245 [0.013257836923] [0.0278599672019]
0.024337690323600003 [0.0188546162099] [0.0298207644373]
0.0625145789236 [0.0922757461667] [0.0327534116805]
0.056953072547900004 [0.0781366229057] [0.0357695221901]
0.0532699432224 [0.0686070844531] [0.0379328019917]
0.05185116641225 [0.0640169978142] [0.0396853350103]
0.05275459773835 [0.0629301667213] [0.0425790287554]
0.056145792827 [0.0640541985631] [0.0482373870909]
0.061070257797850004 [0.0661990940571] [0.0559414215386]
0.06578073278065 [0.0684572383761] [0.0631042271852]
0.06891514360904999 [0.0706628710032] [0.0671674162149]
0.0704975873232 [0.0728370696306] [0.0681581050158]
0.07150798663495 [0.0753823146224] [0.0676336586475]
0.0727671533823 [0.0787613540888] [0.0667729526758]
0.07478587701915 [0.0832419544458] [0.0663297995925]
0.07728175446390001 [0.0882699936628] [0.066293515265]
0.08147377148275001 [0.0954696759582] [0.0674778670073]
0.08834505081185 [0.106448814273] [0.0702412873507]
0.09924032539145 [0.124592252076] [0.0738883987069]
0.11487217247510001 [0.150237217546] [0.0795071274042]
0.1365395523606 [0.185253307223] [0.0878257974982]
0.161149267107 [0.222120299935] [0.100178234279]
0.1780763864515 [0.243768915534] [0.112383857369]
0.187038116157 [0.247648790479] [0.126427441835]
0.1906600147485 [0.239883348346] [0.141436681151]
0.190330311656 [0.227977976203] [0.152682647109]
0.1873554587365 [0.218596085906] [0.156114831567]
0.18289451301100002 [0.211717635393] [0.154071390629]
0.1742504909635 [0.203668430448] [0.144832551479]
0.159933805466 [0.189336881042] [0.13053072989]
0.1397226937115 [0.166865631938] [0.112579755485]
0.11450160667315001 [0.138331100345] [0.0906721130013]
0.09031791612505 [0.113372310996] [0.0672635212541]
0.0713989883661 [0.09564229846] [0.0471556782722]
0.0588886085898 [0.0837059170008] [0.0340713001788]
0.04965768568215 [0.0721693113446] [0.0271460600197]
0.0409372225404 [0.0585669912398] [0.023307453841]
0.0331977168098 [0.0455235429108] [0.0208718907088]
0.0274139465764 [0.035984095186] [0.0188437979668]
0.0234256554395 [0.0299368090928] [0.0169145017862]
0.0208550277166 [0.0263975132257] [0.0153125422075]
0.01923203095795 [0.0243395213038] [0.0141245406121]
0.01827901648355 [0.0230582244694] [0.0134998084977]
0.01756038842725 [0.0219661779702] [0.0131545988843]
0.0168984043412 [0.0208394806832] [0.0129573279992]
0.01633334346115 [0.0198199190199] [0.0128467679024]
0.01594205992295 [0.01903921552] [0.0128449043259]
0.01585213281215 [0.0186319034547] [0.0130723621696]
0.01606335537505 [0.0185265149921] [0.013600195758]
0.0164176672697 [0.0185671094805] [0.0142682250589]
0.016695718746600002 [0.0186780262738] [0.0147134112194]
0.017057916149500002 [0.019105091691] [0.015010740608]
0.0179356681183 [0.020127363503] [0.0157439727336]
0.01963111013175 [0.0218196529895] [0.017442567274]
0.02260711137205 [0.0244237240404] [0.0207904987037]
0.025770073756600002 [0.0266399532557] [0.0249001942575]
0.02798531763255 [0.0278207603842] [0.0281498748809]
0.028320658951999998 [0.0278460904956] [0.0287952274084]
0.02877591457215 [0.0276263672858] [0.0299254618585]
0.02924213465305 [0.0278023555875] [0.0306819137186]
0.029976499266900002 [0.0286254417151] [0.0313275568187]
0.031188653782000003 [0.0300756134093] [0.0323016941547]
0.0327259469777 [0.031799826771] [0.0336520671844]
0.033912872895599994 [0.0332914590836] [0.0345342867076]
0.03474978730085 [0.0347886346281] [0.0347109399736]
0.0356152560562 [0.0366475060582] [0.0345830060542]
0.036979245021950005 [0.0394256561995] [0.0345328338444]
0.03922732919455 [0.043756224215] [0.0346984341741]
0.0425336956978 [0.0496389977634] [0.0354283936322]
0.04616326279935 [0.0555359125137] [0.036790613085]
0.0492159705609 [0.0602508932352] [0.0381810478866]
0.0514971967787 [0.0633554309607] [0.0396389625967]
0.0539038106799 [0.0670404806733] [0.0407671406865]
0.058270053938 [0.0743317455053] [0.0422083623707]
0.06470178440214999 [0.0842115879059] [0.0451919808984]
0.0745817702264 [0.0980219766498] [0.051141563803]
0.08672080561495 [0.112785890698] [0.0606557205319]
0.09894763678335 [0.126185536385] [0.0717097371817]
0.10848602280045 [0.137037172914] [0.0799348726869]
0.116827238351 [0.148701533675] [0.084952943027]
0.1273238211871 [0.165510132909] [0.0891375094652]
0.1413998901845 [0.189380720258] [0.093419060111]
0.15475710481420002 [0.21208652854] [0.0974276810884]
0.16333385556899999 [0.223519414663] [0.103148296475]
0.172362037003 [0.233943164349] [0.110780909657]
0.184214890003 [0.24738240242] [0.121047377586]
0.19523749500499998 [0.262664526701] [0.127810463309]
0.201269097626 [0.27403563261] [0.128502562642]
0.205579519272 [0.28226479888] [0.128894239664]
0.20367929339399998 [0.280901759863] [0.126456826925]
0.20147922635100002 [0.279739379883] [0.123219072819]
0.198822312057 [0.277284234762] [0.120360389352]
0.1975678168235 [0.276986688375] [0.118148945272]
0.19288559630500002 [0.271434396505] [0.114336796105]
0.184024516493 [0.257909834385] [0.110139198601]
0.1725396215915 [0.239907935262] [0.105171307921]
0.1613794863225 [0.221776902676] [0.100982069969]
0.1548896357419 [0.210295915604] [0.0994833558798]
0.152403995395 [0.203684419394] [0.101123571396]
0.153041500598 [0.197560071945] [0.108522929251]
0.156610250473 [0.191751897335] [0.121468603611]
0.1576887741685 [0.184868454933] [0.130509093404]
0.14528545737249998 [0.169764652848] [0.120806261897]
0.1187168024479 [0.143421128392] [0.0940124765038]
0.09108250588155001 [0.112536758184] [0.0696282535791]
0.06943523511295 [0.0871151760221] [0.0517552942038]
0.055233579128999996 [0.0697300061584] [0.0407371520996]
0.046010321006150004 [0.0583145096898] [0.0337061323225]
0.039781118743150004 [0.0504461526871] [0.0291160847992]
0.03541373834015 [0.0444507710636] [0.0263767056167]
0.03204578254375 [0.0395359359682] [0.0245556291193]
0.02998901158575 [0.0356658995152] [0.0243121236563]
0.028485890477850002 [0.0330024734139] [0.0239693075418]
0.027473887428599998 [0.0315636619925] [0.0233841128647]
0.026740263216200003 [0.0309249572456] [0.0225555691868]
0.026264502666900003 [0.0309577584267] [0.0215712469071]
0.02592435479165 [0.0312599726021] [0.0205887369812]
0.025906651280800004 [0.031850207597] [0.0199630949646]
0.026256687939200003 [0.0325958169997] [0.0199175588787]
0.0314833279699 [0.033811468631] [0.0291551873088]
0.0348877906799 [0.0357849821448] [0.033990599215]
0.0379028208554 [0.0385905355215] [0.0372151061893]
0.0410546865314 [0.0421668216586] [0.0399425514042]
0.0453161429614 [0.0467588156462] [0.0438734702766]
0.05057542584835 [0.0527950823307] [0.048355769366]
0.0596728231758 [0.0604400597513] [0.0589055866003]
0.06204526126385 [0.0692712068558] [0.0548193156719]
0.06500949338075 [0.0779964253306] [0.0520225614309]
0.0675852932036 [0.0846207514405] [0.0505498349667]
0.06896007806065 [0.0880130454898] [0.0499071106315]
0.068936124444 [0.0880634486675] [0.0498088002205]
0.06824303790925 [0.0865256041288] [0.0499604716897]
0.06820042803885 [0.0861613303423] [0.0502395257354]
0.068885371089 [0.0872851610184] [0.0504855811596]
0.0691140461713 [0.0896103456616] [0.048617746681]
0.07109249755739999 [0.0937151312828] [0.048469863832]
0.07388655282555001 [0.0988132506609] [0.0489598549902]
0.07730024307950001 [0.104718789458] [0.049881696701]
0.0797370523212 [0.109790295362] [0.0496838092804]
0.0817257612946 [0.113257169724] [0.0501943528652]
0.08444368466745 [0.115378201008] [0.0535091683269]
0.0896493047475 [0.117464005947] [0.061834603548]
0.0987976677716 [0.120949216187] [0.0766461193562]
0.1127338409425 [0.127101749182] [0.098365932703]
0.130002491176 [0.136953473091] [0.123051509261]
0.14505456388 [0.150603249669] [0.139505878091]
0.15759562701000002 [0.166257888079] [0.148933365941]
0.168529435992 [0.181741759181] [0.155317112803]
0.1776758283375 [0.196825504303] [0.158526152372]
0.185111887753 [0.208403483033] [0.161820292473]
0.192153483629 [0.218777745962] [0.165529221296]
0.1978929787875 [0.225051447749] [0.170734509826]
0.2016580626365 [0.23344181478] [0.169874310493]
0.200388200581 [0.238026544452] [0.16274985671]
0.19522356241900002 [0.240441486239] [0.150005638599]
0.188914611936 [0.240771070123] [0.137058153749]
0.1834061667325 [0.241001069546] [0.125811263919]
0.177700176835 [0.238792195916] [0.116608157754]
0.173362731934 [0.23757365346] [0.109151810408]
0.169416457415 [0.236899837852] [0.101933076978]
0.16616445407285 [0.237876236439] [0.0944526717067]
0.1652052216233 [0.242845207453] [0.0875652357936]
0.16537885740395 [0.248881727457] [0.0818759873509]
0.1669671274724 [0.256931573153] [0.0770026817918]
0.16822065785544998 [0.263858109713] [0.0725832059979]
0.16812738403654998 [0.267807334661] [0.0684474334121]
0.1666027940809 [0.269704312086] [0.0635012760758]
0.16288940049685 [0.267678558826] [0.0581002421677]
0.1586515791715 [0.263838529587] [0.053464628756]
0.15507597662519998 [0.259851574898] [0.0503003783524]
0.15423362702145002 [0.259238123894] [0.0492291301489]
0.15671252273025002 [0.263456106186] [0.0499689392745]
0.1612314190718 [0.27053180337] [0.0519310347736]
0.16563338041315 [0.277138233185] [0.0541285276413]
0.16791019588705 [0.279935479164] [0.0558849126101]
0.1660693511369 [0.275327265263] [0.0568114370108]
0.15866329148435002 [0.260413140059] [0.0569134429097]
0.143633255735 [0.230932816863] [0.056333694607]
0.12297372519975 [0.191134646535] [0.0548128038645]
0.11042818613354999 [0.168478742242] [0.0523776300251]
