0.1697012260556 [0.244844675064] [0.0945577770472]
0.16830407828095 [0.244847431779] [0.0917607247829]
0.1667012609542 [0.242565393448] [0.0908371284604]
0.16563773155195 [0.236895382404] [0.0943800806999]
0.166229255497 [0.229295790195] [0.103162720799]
0.1688786819575 [0.221966281533] [0.115791082382]
0.171877518296 [0.215123489499] [0.128631547093]
0.171877518296 [0.215123489499] [0.128631547093]
0.171877518296 [0.215123489499] [0.128631547093]
0.171877518296 [0.215123489499] [0.128631547093]
0.171877518296 [0.215123489499] [0.128631547093]
0.171877518296 [0.215123489499] [0.128631547093]
0.171877518296 [0.215123489499] [0.128631547093]
0.171877518296 [0.215123489499] [0.128631547093]
0.171877518296 [0.215123489499] [0.128631547093]
0.171877518296 [0.215123489499] [0.128631547093]
0.171877518296 [0.215123489499] [0.128631547093]
0.171877518296 [0.215123489499] [0.128631547093]
0.0776060121132 [0.0265804771334] [0.128631547093]
0.07903556060025001 [0.0294395741075] [0.128631547093]
0.08026845753175 [0.0319053679705] [0.128631547093]
0.08126417919975 [0.0338968113065] [0.128631547093]
0.0820766594259 [0.0355217717588] [0.128631547093]
0.082615457475 [0.036599367857] [0.128631547093]
0.0830332506446 [0.0374349541962] [0.128631547093]
0.03144739940765 [0.0380856730044] [0.0248091258109]
0.03363069146875 [0.0388692505658] [0.0283921323717]
0.035433890297999995 [0.0396035350859] [0.0312642455101]
0.0368662495166 [0.0402128063142] [0.033519692719]
0.03752048313615 [0.0404743887484] [0.0345665775239]
0.038630766794100005 [0.0428525581956] [0.0344089753926]
0.0397146753967 [0.0458775088191] [0.0335518419743]
0.041347682476 [0.049992095679] [0.032703269273]
0.043103614821999994 [0.0539938881993] [0.0322133414447]
0.043755149468750004 [0.0554034821689] [0.0321068167686]
0.0426445901394 [0.0532604567707] [0.0320287235081]
0.03969487547875 [0.0479888916016] [0.0314008593559]
0.0377769451588 [0.0413239523768] [0.0342299379408]
0.03350731916725 [0.0348180159926] [0.0321966223419]
0.0284294858575 [0.0293807834387] [0.0274781882763]
0.02413712535055 [0.0250427853316] [0.0232314653695]
0.021314157173049998 [0.0217121001333] [0.0209162142128]
0.01944383978845 [0.0190042871982] [0.0198833923787]
0.01857257355005 [0.0170124750584] [0.0201326720417]
0.018757047131650002 [0.0159730967134] [0.0215409975499]
0.019796255044600003 [0.0156465824693] [0.0239459276199]
0.02160161640495 [0.0160917006433] [0.0271115321666]
0.0236958200112 [0.0173405446112] [0.0300510954112]
0.0258634267375 [0.0194755177945] [0.0322513356805]
0.0276096034795 [0.0219711400568] [0.0332480669022]
0.029275246895850003 [0.0249080117792] [0.0336424820125]
0.0312811918557 [0.0282716713846] [0.0342907123268]
0.03376355953515 [0.0319951102138] [0.0355320088565]
0.0371696446091 [0.0362302400172] [0.038109049201]
0.04188457690175 [0.0411427468061] [0.0426264069974]
0.04805430024865 [0.0470308400691] [0.0490777604282]
0.0552559606731 [0.0540751777589] [0.0564367435873]
0.06257196329535 [0.0617526434362] [0.0633912831545]
0.06852735579015001 [0.069372035563] [0.0676826760173]
0.0714435726404 [0.0760805979371] [0.0668065473437]
0.0721039921045 [0.081698089838] [0.062509894371]
0.07186503522095 [0.0857106223702] [0.0580194480717]
0.0712948869914 [0.0868885368109] [0.0557012371719]
0.0697361733764 [0.0844708755612] [0.0550014711916]
0.06636704690754999 [0.0785882472992] [0.0541458465159]
0.0622478723526 [0.0710490942001] [0.0534466505051]
0.05758371949195 [0.0630000978708] [0.0521673411131]
0.053588161245 [0.0558875389397] [0.0512887835503]
0.050824739038950004 [0.0507789552212] [0.0508705228567]
0.04963904432955 [0.0481433682144] [0.0511347204447]
0.04952920228245 [0.0471729487181] [0.0518854558468]
0.050542389974 [0.0479086153209] [0.0531761646271]
0.0522560607642 [0.0497822314501] [0.0547298900783]
0.0538711901754 [0.0518781505525] [0.0558642297983]
0.0544327758253 [0.0527659542859] [0.0560995973647]
0.0538165811449 [0.0528154559433] [0.0548177063465]
0.052617324516150005 [0.052934423089] [0.0523002259433]
0.051373761147249994 [0.053589258343] [0.0491582639515]
0.05084100179375 [0.0553498454392] [0.0463321581483]
0.0523373708129 [0.0592018999159] [0.0454728417099]
0.0571512710303 [0.0661922171712] [0.0481103248894]
0.06576012447480001 [0.0778233110905] [0.0536969378591]
0.0759223047644 [0.0927945971489] [0.0590500123799]
0.08422026783215 [0.105903804302] [0.0625367313623]
0.08887246251094999 [0.114130951464] [0.0636139735579]
0.09084056690315001 [0.11834154278] [0.0633395910263]
0.09057360887525 [0.119462005794] [0.0616852119565]
0.08999458141615 [0.119670294225] [0.0603188686073]
0.08986666053520001 [0.120858877897] [0.0588744431734]
0.0908417049795 [0.12287697196] [0.058806437999]
0.09279868379244999 [0.125623971224] [0.0599733963609]
0.09609032049775 [0.129464417696] [0.0627162232995]
0.10120169445890001 [0.135424241424] [0.0669791474938]
0.10731366649275 [0.142841950059] [0.0717853829265]
0.11343646794545 [0.151140630245] [0.0757323056459]
0.117751888931 [0.156697198749] [0.078806579113]
0.12109946832059999 [0.16075065732] [0.0814482793212]
0.12414307519814999 [0.163913533092] [0.0843726173043]
0.1287235356867 [0.169697523117] [0.0877495482564]
0.13478855416160002 [0.178669929504] [0.0909071788192]
0.14002246409665 [0.186017021537] [0.0940279066563]
0.14489119499945 [0.192005515099] [0.0977768748999]
0.1510439924895 [0.19881157577] [0.103276409209]
0.1597266383465 [0.209456786513] [0.10999649018]
0.1695690602065 [0.223254978657] [0.115883141756]
0.1754936017095 [0.232970416546] [0.118016786873]
0.1725472956895 [0.235103756189] [0.10999083519]
0.16083986684685 [0.227995440364] [0.0936842933297]
0.14651934802525 [0.217294409871] [0.0757442861795]
0.1330119874327 [0.205468446016] [0.0605555288494]
0.1229115407916 [0.19599737227] [0.0498257093132]
0.11728052422415 [0.191095903516] [0.0434651449323]
0.1150589697064 [0.190060272813] [0.0400576665998]
0.1172233186664 [0.196183741093] [0.0382628962398]
0.1205735225232 [0.203695714474] [0.0374513305724]
0.12144918926075 [0.205479666591] [0.0374187119305]
0.1221219506116 [0.206342071295] [0.0379018299282]
0.1225695833564 [0.206589460373] [0.0385497063398]
0.12382266111695 [0.20869165659] [0.0389536656439]
0.12646320834735 [0.214098885655] [0.0388275310397]
0.1308163218202 [0.223004728556] [0.0386279150844]
0.13712239824215 [0.235018342733] [0.0392264537513]
0.14571404829605 [0.249855354428] [0.0415727421641]
0.15636636316770003 [0.266383498907] [0.0463492274284]
0.1678962986917 [0.282154351473] [0.0536382459104]
0.17818891257025 [0.293749004602] [0.0626288205385]
0.1833693273365 [0.294968754053] [0.07176990062]
0.17877208068945 [0.278443485498] [0.0791006758809]
0.16326399892585 [0.243357330561] [0.0831706672907]
0.14206716418285 [0.200390979648] [0.0837433487177]
0.123434085399 [0.165230676532] [0.081637494266]
0.11071724072115 [0.142918556929] [0.0785159245133]
0.10286691784865 [0.130191743374] [0.0755420923233]
0.0978936217724 [0.122427858412] [0.0733593851328]
0.09467170760045 [0.117368526757] [0.0719748884439]
0.09187192097315 [0.112491130829] [0.0712527111173]
0.08956142514939999 [0.107521675527] [0.0716011747718]
0.0877021327617 [0.102164767683] [0.0732394978404]
0.08555998653175 [0.096259072423] [0.0748609006405]
0.08289797231555 [0.0902363136411] [0.07555963099]
0.079979211092 [0.0851180776954] [0.0748403444886]
0.0770636498928 [0.0816202685237] [0.0725070312619]
0.07577555626635 [0.0807897523046] [0.0707613602281]
0.0772747844458 [0.0832304283977] [0.0713191404939]
0.0826548859477 [0.0904658511281] [0.0748439207673]
0.0921649895608 [0.102748222649] [0.0815817564726]
0.10416571795919999 [0.118043735623] [0.0902877002954]
0.11576484143730001 [0.131844446063] [0.0996852368116]
0.12256494537000001 [0.138692095876] [0.106437794864]
0.12226390093549999 [0.138179987669] [0.106347814202]
0.1171300187705 [0.132598951459] [0.101661086082]
0.11127446219315 [0.126237273216] [0.0963116511703]
0.1058427132666 [0.121236205101] [0.0904492214322]
0.10148458555345 [0.118837364018] [0.0841318070889]
0.09876069799075 [0.119063653052] [0.0784577429295]
0.09727727994339999 [0.120509207249] [0.0740453526378]
0.09660853072995 [0.122387766838] [0.0708292946219]
0.09673121199029999 [0.124449886382] [0.0690125375986]
0.09752995520829999 [0.12703974545] [0.0680201649666]
0.09888834133720001 [0.13103505969] [0.0667416229844]
0.09869038313615 [0.133869975805] [0.0635107904673]
