0.059478772804149996 [0.0598236843944] [0.0591338612139]
0.056334070861350005 [0.0563062466681] [0.0563618950546]
0.0540098324418 [0.0550669133663] [0.0529527515173]
0.05319820903245 [0.0567317605019] [0.049664657563]
0.05382774583995 [0.0604207664728] [0.0472347252071]
0.05559117347 [0.0652108415961] [0.0459715053439]
0.056880846619599995 [0.0681300014257] [0.0456316918135]
0.057067453861250006 [0.0681092813611] [0.0460256263614]
0.056678229942950006 [0.0664869397879] [0.046869520098]
0.056675940752 [0.0648209825158] [0.0485308989882]
0.05795216187835 [0.0642126500607] [0.051691673696]
0.06146575510505 [0.0661239102483] [0.0568075999618]
0.0680796764791 [0.0704345405102] [0.065724812448]
0.075885809958 [0.0759402140975] [0.0758314058185]
0.08203768357635 [0.0808020159602] [0.0832733511925]
0.0853866636753 [0.0838124677539] [0.0869608595967]
0.08706487715245 [0.0839904174209] [0.090139336884]
0.08821192383765 [0.0804938152432] [0.0959300324321]
0.08848934993140001 [0.0736555233598] [0.103323176503]
0.0869793035092 [0.0653386712074] [0.108619935811]
0.08478167653075 [0.0582554116845] [0.111307941377]
0.0832117721438 [0.0538511797786] [0.112572364509]
0.0851082801817 [0.0527115762234] [0.11750498414]
0.0906901843847 [0.0548591539264] [0.126521214843]
0.09743897803115 [0.0594922937453] [0.135385662317]
0.1040022335947 [0.0641163513064] [0.143888115883]
0.1081958673897 [0.0667054727674] [0.149686262012]
0.10969340428715 [0.0665714219213] [0.152815386653]
0.1101085692643 [0.0656131505966] [0.154603987932]
0.1104507260022 [0.0651818439364] [0.155719608068]
0.11115093529205 [0.0662154555321] [0.156086415052]
0.1122781187296 [0.0692351013422] [0.155321136117]
0.11450928822175001 [0.0746977850795] [0.154320791364]
0.1186437644063 [0.0833375677466] [0.153949961066]
0.1246219575403 [0.0961616933346] [0.153082221746]
0.1346645057205 [0.113584056497] [0.155744954944]
0.14706940203899999 [0.134204745293] [0.159934058785]
0.1588757038115 [0.155282527208] [0.162468880415]
0.16557617485550002 [0.168453842402] [0.162698507309]
0.1689075902105 [0.176142349839] [0.161672830582]
0.1721726283435 [0.182500675321] [0.161844581366]
0.1774667054415 [0.190487235785] [0.164446175098]
0.1865617483855 [0.203617781401] [0.16950571537]
0.20046171546 [0.224839344621] [0.176084086299]
0.2177515551445 [0.251864403486] [0.183638706803]
0.2325436621905 [0.27251291275] [0.192574411631]
0.241858258843 [0.280585467815] [0.203131049871]
0.247885197401 [0.281177461147] [0.214592933655]
0.25197019428 [0.278894037008] [0.225046351552]
0.254135914147 [0.275023192167] [0.233248636127]
0.2573006749155 [0.269890755415] [0.244710594416]
0.2642782479525 [0.26512670517] [0.263429790735]
0.2807403206825 [0.264122605324] [0.297358036041]
0.2980172485115 [0.265081137419] [0.330953359604]
0.3075951188805 [0.266385227442] [0.348805010319]
0.306992456317 [0.267057865858] [0.346927046776]
0.297632738948 [0.266053438187] [0.329212039709]
0.2837889194485 [0.268558055162] [0.299019783735]
0.272198677063 [0.275211960077] [0.269185394049]
0.265890829265 [0.289426118135] [0.242355540395]
0.2602929845455 [0.298108547926] [0.222477421165]
0.244108237326 [0.282205224037] [0.206011250615]
0.2151344045995 [0.243965536356] [0.186303272843]
0.182259708643 [0.203665062785] [0.160854354501]
0.1557252407075 [0.173597216606] [0.137853264809]
0.13738367334 [0.154241874814] [0.120525471866]
0.1267404071985 [0.142556399107] [0.11092441529]
0.1222323700785 [0.136258214712] [0.108206525445]
0.121468711644 [0.13350354135] [0.109433881938]
0.123144958168 [0.133675739169] [0.112614177167]
0.126239206642 [0.136039942503] [0.116438470781]
0.12949125096199998 [0.138833120465] [0.120149381459]
0.131484378129 [0.139481127262] [0.123487628996]
0.130597181618 [0.135861352086] [0.12533301115]
0.1284639015795 [0.130161970854] [0.126765832305]
0.12748800963149998 [0.126673594117] [0.128302425146]
0.12887314707050002 [0.126057103276] [0.131689190865]
0.132410980761 [0.128138959408] [0.136683002114]
0.1385217532515 [0.133003026247] [0.144040480256]
0.1485343649985 [0.140941768885] [0.156126961112]
0.162168927491 [0.151959896088] [0.172377958894]
0.17467533797 [0.162583187222] [0.186767488718]
0.184770978987 [0.17081156373] [0.198730394244]
0.187804326415 [0.175335094333] [0.200273558497]
0.184320285916 [0.176261439919] [0.192379131913]
0.1784573569895 [0.173673436046] [0.183241277933]
0.173422500491 [0.169789761305] [0.177055239677]
0.17122656852 [0.166981205344] [0.175471931696]
0.17160769552 [0.165391013026] [0.177824378014]
0.1739053726195 [0.164555758238] [0.183254987001]
0.178184695542 [0.16751255095] [0.188856840134]
0.17979171872150002 [0.170156210661] [0.189427226782]
0.1725228875875 [0.167950212955] [0.17709556222]
0.1568582504985 [0.164977878332] [0.148738622665]
0.1377273499965 [0.161405861378] [0.114048838615]
