0.06640391238035001 [0.0885209813714] [0.0442868433893]
0.06819417141375 [0.0908231064677] [0.0455652363598]
0.06994756869970001 [0.0948853045702] [0.0450098328292]
0.07242139801389999 [0.100924126804] [0.0439186692238]
0.0771763268856 [0.111448064446] [0.0429045893252]
0.08365207351735 [0.125411108136] [0.0418930388987]
0.09180833771829999 [0.142743960023] [0.0408727154136]
0.100408837199 [0.160750418901] [0.040067255497]
0.10825440660135 [0.176647037268] [0.0398617759347]
0.11570999585094999 [0.190487831831] [0.0409321598709]
0.1226224508135 [0.202103257179] [0.043141644448]
0.1263736579569 [0.206964656711] [0.0457826592028]
0.12253358587625 [0.197618931532] [0.0474482402205]
0.11217937432205 [0.177340149879] [0.0470185987651]
0.10255241394020001 [0.159777835011] [0.0453269928694]
0.0961300022901 [0.148109316826] [0.0441506877542]
0.09200025536125 [0.139786630869] [0.0442138798535]
0.08900354057570001 [0.133068621159] [0.0449384599924]
0.08540626615295 [0.125600486994] [0.0452120453119]
0.08004323393085 [0.115768268704] [0.0443181991577]
0.07224843651035 [0.101868152618] [0.0426287204027]
0.06189077533785 [0.082929648459] [0.0408519022167]
0.05098876543345 [0.0624939762056] [0.0394835546613]
0.0422790218145 [0.0463790558279] [0.0381789878011]
0.0363378096372 [0.0364429019392] [0.0362327173352]
0.03260834515095 [0.0311770476401] [0.0340396426618]
0.030460847541650002 [0.0288383364677] [0.0320833586156]
0.02963355462995 [0.0283545516431] [0.0309125576168]
0.029608987271800002 [0.0290493872017] [0.0301685873419]
0.030122580938050002 [0.0306176990271] [0.029627462849]
0.03116760216655 [0.0329066850245] [0.0294285193086]
0.032346194610000004 [0.0355093106627] [0.0291830785573]
0.033464293927000004 [0.0383287519217] [0.0285998359323]
0.034534879960100004 [0.0413679294288] [0.0277018304914]
0.0359324244782 [0.044786658138] [0.0270781908184]
0.037890415638650005 [0.0484271161258] [0.0273537151515]
0.04059910867365 [0.0526503361762] [0.0285478811711]
0.044613558799 [0.0591370798647] [0.0300900377333]
0.05130358226595 [0.0709371939301] [0.0316699706018]
0.06342902593315 [0.0931039750576] [0.0337540768087]
0.08437187969665 [0.132709652185] [0.0360341072083]
0.11488029919565 [0.191136687994] [0.0386239103973]
0.142186595127 [0.24336142838] [0.041011761874]
0.15369912795735 [0.264087289572] [0.0433109663427]
0.15546002238985 [0.264997601509] [0.0459224432707]
0.15586606971935002 [0.263503134251] [0.0482290051877]
0.15413099713635 [0.257648944855] [0.0506130494177]
0.15166935324645 [0.249098911881] [0.0542397946119]
0.1502006854863 [0.23986338079] [0.0605379901826]
0.1522882096471 [0.234270140529] [0.0703062787652]
0.1581839099525 [0.233505144715] [0.08286267519]
0.1662794537842 [0.238227173686] [0.0943317338824]
0.1727948188785 [0.242097333074] [0.103492304683]
0.181453052908 [0.246480807662] [0.116425298154]
0.195717804134 [0.250524222851] [0.140911385417]
0.2062165811655 [0.253459513187] [0.158973649144]
0.20906664431099997 [0.252966970205] [0.165166318417]
0.20858124643550002 [0.250044733286] [0.167117759585]
0.2062819823625 [0.243943139911] [0.168620824814]
0.2023734748365 [0.234843030572] [0.169903919101]
0.1962708905335 [0.225806638598] [0.166735142469]
0.18646115064649998 [0.213770821691] [0.159151479602]
0.17563392967 [0.202922418714] [0.148345440626]
0.16725077480099998 [0.197669580579] [0.136831969023]
0.160926103592 [0.19440074265] [0.127451464534]
0.15478434786200002 [0.187257066369] [0.122311629355]
0.1500958390535 [0.178224921227] [0.12196675688]
0.1474316567185 [0.170787930489] [0.124075382948]
0.145680446178 [0.16637891531] [0.124981977046]
0.1430739201605 [0.164458781481] [0.12168905884]
0.1380956321955 [0.163407459855] [0.112783804536]
0.1324572898445 [0.162411391735] [0.102503187954]
0.12777166813590002 [0.160794794559] [0.0947485417128]
0.12420004606245 [0.157379001379] [0.0910210907459]
0.1216101795435 [0.151835039258] [0.091385319829]
0.12047031149255 [0.145617842674] [0.0953227803111]
0.12158767133949999 [0.14078257978] [0.102392762899]
0.124761965126 [0.137670174241] [0.111853756011]
0.1296341903505 [0.138479813933] [0.120788566768]
0.1347993463275 [0.142588332295] [0.12701036036]
0.138146542013 [0.147916927934] [0.128376156092]
0.139970704913 [0.154278501868] [0.125662907958]
0.140692770481 [0.160422667861] [0.120962873101]
0.140623241663 [0.165456786752] [0.115789696574]
0.140716586262 [0.169133469462] [0.112299703062]
0.14174346998350001 [0.171682879329] [0.111804060638]
0.144156534225 [0.173723474145] [0.114589594305]
0.1468183547255 [0.177835538983] [0.115801170468]
0.1503610163925 [0.187501221895] [0.11322081089]
0.1492791473865 [0.19992955029] [0.098628744483]
0.1354918479917 [0.196242332458] [0.0747413635254]
0.1118202693758 [0.169558063149] [0.0540824756026]
0.092419181019 [0.143630042672] [0.041208319366]
0.07935474440439999 [0.125167071819] [0.0335424169898]
0.07088051643245 [0.112372681499] [0.0293883513659]
0.0661517707632 [0.104045212269] [0.0282583292574]
