0.0206262981519 [0.0180882662535] [0.0231643300503]
0.022692651487849998 [0.0223462209105] [0.0230390820652]
0.027513787150400003 [0.0314610898495] [0.0235664844513]
0.03937203623355 [0.0543012432754] [0.0244428291917]
0.04251236468555 [0.0600219406188] [0.0250027887523]
0.044770998880250004 [0.0648070052266] [0.0247349925339]
0.04434273857625 [0.0648070052266] [0.0238784719259]
0.044196484610450004 [0.0648070052266] [0.0235859639943]
0.04489647597075 [0.0648070052266] [0.0249859467149]
0.04687034524975 [0.0648070052266] [0.0289336852729]
0.04687034524975 [0.0648070052266] [0.0289336852729]
0.0637926738709 [0.0986516624689] [0.0289336852729]
0.09083235822595 [0.152731031179] [0.0289336852729]
0.11552811972795 [0.202122554183] [0.0289336852729]
0.12817653827345 [0.227419391274] [0.0289336852729]
0.13274516724045002 [0.236556649208] [0.0289336852729]
0.13372362963845 [0.238513574004] [0.0289336852729]
0.13372362963845 [0.238513574004] [0.0289336852729]
0.13372362963845 [0.238513574004] [0.0289336852729]
0.13372362963845 [0.238513574004] [0.0289336852729]
0.13372362963845 [0.238513574004] [0.0289336852729]
0.13372362963845 [0.238513574004] [0.0289336852729]
0.13372362963845 [0.238513574004] [0.0289336852729]
0.13372362963845 [0.238513574004] [0.0289336852729]
0.13372362963845 [0.238513574004] [0.0289336852729]
0.13372362963845 [0.238513574004] [0.0289336852729]
0.13372362963845 [0.238513574004] [0.0289336852729]
0.13372362963845 [0.238513574004] [0.0289336852729]
0.13372362963845 [0.238513574004] [0.0289336852729]
0.2091989591715 [0.238513574004] [0.179884344339]
0.203288093209 [0.238513574004] [0.168062612414]
0.197587676346 [0.238513574004] [0.156661778688]
0.192603185773 [0.238513574004] [0.146692797542]
0.186691313982 [0.238513574004] [0.13486905396]
0.1808979287745 [0.238513574004] [0.123282283545]
0.1808979287745 [0.238513574004] [0.123282283545]
0.1808979287745 [0.238513574004] [0.123282283545]
0.1808979287745 [0.238513574004] [0.123282283545]
0.1808979287745 [0.238513574004] [0.123282283545]
0.1808979287745 [0.238513574004] [0.123282283545]
0.1808979287745 [0.238513574004] [0.123282283545]
0.11465889215450001 [0.114163145423] [0.115154638886]
0.114165641367 [0.12144678086] [0.106884501874]
0.1139293015005 [0.126590251923] [0.101268351078]
0.11374082416299999 [0.130482017994] [0.096999630332]
0.1129618138076 [0.134299233556] [0.0916243940592]
0.1146479099991 [0.137671425939] [0.0916243940592]
0.1152970492841 [0.138969704509] [0.0916243940592]
0.1138293147086 [0.136034235358] [0.0916243940592]
0.1067193076016 [0.121814221144] [0.0916243940592]
0.0989410988986 [0.106257803738] [0.0916243940592]
0.0925792567432 [0.0935341194272] [0.0916243940592]
0.08763399347665 [0.0836435928941] [0.0916243940592]
0.08499781414865 [0.0783712342381] [0.0916243940592]
0.08225463330745 [0.0728848725557] [0.0916243940592]
0.0605899114162 [0.0677813217044] [0.053398501128]
0.0644966363907 [0.0633101835847] [0.0656830891967]
0.0674603488296 [0.0594016201794] [0.0755190774798]
0.06706067733465 [0.055317055434] [0.0788042992353]
0.0651883799583 [0.051048245281] [0.0793285146356]
0.06269586272540001 [0.0460990034044] [0.0792927220464]
0.060397259891000005 [0.040326885879] [0.080467633903]
0.05835765227675 [0.0350586622953] [0.0816566422582]
0.0562938414514 [0.0316319018602] [0.0809557810426]
0.054891997948300006 [0.0300813578069] [0.0797026380897]
0.054832640104000005 [0.0307343583554] [0.0789309218526]
0.0560560338199 [0.0334203019738] [0.078691765666]
0.0622916035354 [0.037425763905] [0.0871574431658]
0.0682891551405 [0.0424344576895] [0.0941438525915]
0.0721181575209 [0.0474551506341] [0.0967811644077]
0.07294245809319999 [0.052533864975] [0.0933510512114]
0.07179425656795 [0.0571507140994] [0.0864377990365]
0.070280700922 [0.0612288713455] [0.0793325304985]
0.06972112506625 [0.0643204078078] [0.0751218423247]
0.071609094739 [0.0686212703586] [0.0745969191194]
0.074589215219 [0.0733593031764] [0.0758191272616]
0.08021004125475001 [0.0819046795368] [0.0785154029727]
0.0866483524442 [0.0918080285192] [0.0814886763692]
0.0908505655825 [0.0981553271413] [0.0835458040237]
0.09284153208115001 [0.100128754973] [0.0855543091893]
0.09481453150515 [0.102589480579] [0.0870395824313]
0.09756883606315 [0.107710249722] [0.0874274224043]
0.0994214974342 [0.114142939448] [0.0847000554204]
0.09998362138885 [0.119401931763] [0.0805653110147]
0.1005968935789 [0.123929999769] [0.0772637873888]
0.0990118123591 [0.123177729547] [0.0748458951712]
0.09257308393705 [0.112133271992] [0.0730128958821]
0.0807597376406 [0.0913923308253] [0.0701271444559]
0.0638429373503 [0.0631785169244] [0.0645073577762]
0.0582012347877 [0.0617663934827] [0.0546360760927]
0.0516335777938 [0.0603931508958] [0.0428740046918]
0.04561839438975 [0.058657232672] [0.0325795561075]
0.0408813506365 [0.0564567893744] [0.0253059118986]
0.03708749450745 [0.0540455542505] [0.0201294347644]
0.03435979876665 [0.0518329553306] [0.0168866422027]
0.03227825788785 [0.049636092037] [0.0149204237387]
0.03048031730575 [0.0469660423696] [0.0139945922419]
0.028506931383149997 [0.0432275272906] [0.0137863354757]
0.025858733337349997 [0.0381047800183] [0.0136126866564]
0.024098313413550003 [0.0346105955541] [0.013586031273]
0.02223546244205 [0.030772363767] [0.0136985611171]
0.02078719669955 [0.0276013799012] [0.0139730134979]
0.0216235499829 [0.0288814269006] [0.0143656730652]
0.0373343313113 [0.0598237812519] [0.0148448813707]
0.03877711016685 [0.0621663480997] [0.015387872234]
0.040762336924650006 [0.065175704658] [0.0163489691913]
0.0434162709862 [0.069081954658] [0.0177505873144]
0.046593545936049995 [0.0734272822738] [0.0197598095983]
0.05029309820385 [0.0781145691872] [0.0224716272205]
0.05409088078885 [0.0827307328582] [0.0254510287195]
0.05839003808795 [0.0875722244382] [0.0292078517377]
0.06369861401615 [0.0929996296763] [0.034397598356]
0.0708198081702 [0.0987113118172] [0.0429283045232]
0.08076816424735 [0.103841930628] [0.0576943978667]
0.1006673648955 [0.120266452432] [0.081068277359]
0.1235690936445 [0.138510212302] [0.108627974987]
0.14116247743350002 [0.15154980123] [0.130775153637]
0.14884528517700002 [0.156226366758] [0.141464203596]
0.1523535251615 [0.160721823573] [0.14398522675]
0.1559587419035 [0.165895432234] [0.146022051573]
0.159862726927 [0.169086351991] [0.150639101863]
0.16443846374749999 [0.16965956986] [0.159217357635]
0.170169442892 [0.167127370834] [0.17321151495]
0.17978993803249999 [0.165495187044] [0.194084689021]
0.1920113265515 [0.164081946015] [0.219940707088]
0.20190653949999998 [0.161227837205] [0.242585241795]
0.20383410155799997 [0.155258983374] [0.252409219742]
0.2017930299045 [0.149329960346] [0.254256099463]
0.2018472254275 [0.146418124437] [0.257276326418]
0.204972550273 [0.147578775883] [0.262366324663]
0.2087365537885 [0.152674585581] [0.264798521996]
0.208187945187 [0.155203774571] [0.261172115803]
0.205506838858 [0.15751029551] [0.253503382206]
0.198918327689 [0.154472157359] [0.243364498019]
0.191492550075 [0.152785524726] [0.230199575424]
0.1838614195585 [0.15278172493] [0.214941114187]
0.177302442491 [0.152267843485] [0.202337041497]
0.17253370583049998 [0.15135961771] [0.193707793951]
0.1717719510195 [0.152510896325] [0.191033005714]
0.1712998226285 [0.153666526079] [0.188933119178]
0.1718588098885 [0.159455507994] [0.184262111783]
0.172164440155 [0.168811947107] [0.175516933203]
0.1726307049395 [0.177757874131] [0.167503535748]
0.170464336872 [0.180624321103] [0.160304352641]
0.16412127018 [0.174222558737] [0.154019981623]
0.155433639884 [0.162832722068] [0.1480345577]
0.1483216807245 [0.154661089182] [0.141982272267]
0.145236365497 [0.152581363916] [0.137891367078]
0.14075327664600001 [0.146541625261] [0.134964928031]
0.133861757815 [0.135175794363] [0.132547721267]
0.121246509254 [0.113333150744] [0.129159867764]
0.10154027864340001 [0.0817232131958] [0.121357344091]
0.07947301678375 [0.0537355951965] [0.105210438371]
0.05816753022375 [0.0343632735312] [0.0819717869163]
0.0403475817293 [0.0225911214948] [0.0581040419638]
0.02766128396615 [0.0154426274821] [0.0398799404502]
