0.07439269684255 [0.0889166817069] [0.0598687119782]
0.07439269684255 [0.0889166817069] [0.0598687119782]
0.07439269684255 [0.0889166817069] [0.0598687119782]
0.07439269684255 [0.0889166817069] [0.0598687119782]
0.07439269684255 [0.0889166817069] [0.0598687119782]
0.07439269684255 [0.0889166817069] [0.0598687119782]
0.0618633721024 [0.0889166817069] [0.0348100624979]
0.06155224703249999 [0.0889166817069] [0.0341878123581]
0.06108688376844999 [0.0889166817069] [0.03325708583]
0.060842091217649996 [0.0889166817069] [0.0327675007284]
0.060835372656599995 [0.0889166817069] [0.0327540636063]
0.0609494987875 [0.0889166817069] [0.0329823158681]
0.06105415709315 [0.0889166817069] [0.0331916324794]
0.06081858836115 [0.0889166817069] [0.0327204950154]
0.061754247173649995 [0.0889166817069] [0.0345918126404]
0.06164532899855 [0.0889166817069] [0.0343739762902]
0.0624308884144 [0.0889166817069] [0.0359450951219]
0.06389627605675 [0.0889166817069] [0.0388758704066]
0.0656363070011 [0.0889166817069] [0.0423559322953]
0.06694716587659999 [0.0889166817069] [0.0449776500463]
0.06822226196525 [0.0889166817069] [0.0475278422236]
0.0698439069092 [0.0889166817069] [0.0507711321115]
0.0717159230262 [0.0889166817069] [0.0545151643455]
0.07388377562165 [0.0889166817069] [0.0588508695364]
0.06901577115054999 [0.07430190593] [0.0637296363711]
0.07811731845139999 [0.0876854285598] [0.068549208343]
0.0842968299985 [0.0955746844411] [0.0730189755559]
0.08655807748435 [0.0963711366057] [0.076745018363]
0.08753234520555 [0.0938666686416] [0.0811980217695]
0.0873478204012 [0.088115118444] [0.0865805223584]
0.08881523460150001 [0.0843419134617] [0.0932885557413]
0.09027210623025 [0.0829422101378] [0.0976020023227]
0.08980130031705 [0.0820426642895] [0.0975599363446]
0.0869906246662 [0.0812537893653] [0.0927274599671]
0.08276570960874999 [0.0803429856896] [0.0851884335279]
0.07936518266795001 [0.0792521983385] [0.0794781669974]
0.07975070178509999 [0.0817287191749] [0.0777726843953]
0.08265258744359999 [0.0864434018731] [0.0788617730141]
0.08822989463805 [0.0928123369813] [0.0836474522948]
0.09262044727805 [0.0950939655304] [0.0901469290257]
0.09426936507225 [0.0905630812049] [0.0979756489396]
0.09360022470335 [0.0846317261457] [0.102568723261]
0.09296031296269999 [0.0818566158414] [0.104064010084]
0.09854268655189999 [0.0838545709848] [0.113230802119]
0.10872321948385 [0.0915102288127] [0.125936210155]
0.1229204535485 [0.107525750995] [0.138315156102]
0.1319126188755 [0.118228316307] [0.145596921444]
0.14255329221500002 [0.133555844426] [0.151550740004]
0.150906465948 [0.148718848825] [0.153094083071]
0.14937473833550002 [0.154984906316] [0.143764570355]
0.1445874869825 [0.159269705415] [0.12990526855]
0.13978722319 [0.163075983524] [0.116498462856]
0.136393811554 [0.167001605034] [0.105786018074]
0.1341385543347 [0.170365959406] [0.0979111492634]
0.13247670233275 [0.173690989614] [0.0912624150515]
0.1320759840311 [0.178791433573] [0.0853605344892]
0.13429566100235 [0.188069730997] [0.0805215910077]
0.1410786882045 [0.205503970385] [0.076653406024]
0.14993305876840002 [0.226114079356] [0.0737520381808]
0.15378817915925 [0.234907180071] [0.0726691782475]
0.1514926180245 [0.230641499162] [0.072343736887]
0.144573483616 [0.214770004153] [0.074376963079]
0.13617532700285 [0.194017499685] [0.0783331543207]
0.1293047405777 [0.174012869596] [0.0845966115594]
0.12465963512639999 [0.158036395907] [0.0912828743458]
0.12192466482514999 [0.146740078926] [0.0971092507243]
0.11789337545655 [0.137311175466] [0.0984755754471]
0.11168463155635 [0.12782651186] [0.0955427512527]
0.10530057921995001 [0.120110362768] [0.0904907956719]
0.09329169243565 [0.103008545935] [0.0835748389363]
0.0765699110925 [0.0775555744767] [0.0755842477083]
0.06313579902055 [0.058060079813] [0.0682115182281]
0.05455165170135 [0.0455951429904] [0.0635081604123]
0.04998119920495 [0.0387993268669] [0.061163071543]
0.047429623082300004 [0.0358173809946] [0.05904186517]
0.04567776247855 [0.0351875685155] [0.0561679564416]
0.04395267926155 [0.0355283394456] [0.0523770190775]
0.04164244234565 [0.0355167165399] [0.0477681681514]
0.03938194178045 [0.034879386425] [0.0438844971359]
0.03771428577605 [0.0341411493719] [0.0412874221802]
0.03708787821235 [0.0337094292045] [0.0404663272202]
0.0374167859554 [0.0336328409612] [0.0412007309496]
0.03867658227685 [0.0340057872236] [0.0433473773301]
0.040247457101950004 [0.0345915555954] [0.0459033586085]
0.04275700077415 [0.035822506994] [0.0496914945543]
0.04709084890785 [0.0387423820794] [0.0554393157363]
0.05297799408435 [0.0430314838886] [0.0629245042801]
0.05935383960605 [0.0485883131623] [0.0701193660498]
0.06465579755605 [0.054298941046] [0.0750126540661]
0.0677366089076 [0.0583091042936] [0.0771641135216]
0.0694006215781 [0.0602243505418] [0.0785768926144]
0.0723147429526 [0.0626814737916] [0.0819480121136]
0.0778131633997 [0.0678127259016] [0.0878136008978]
0.08596828579900001 [0.0779234692454] [0.0940131023526]
0.09646041318775 [0.0935585424304] [0.0993622839451]
0.1067002378405 [0.110495842993] [0.102904632688]
0.113592624664 [0.12046533823] [0.106719911098]
0.117186203599 [0.123730234802] [0.110642172396]
0.1196553967895 [0.125915810466] [0.113394983113]
0.1223364248875 [0.131174772978] [0.113498076797]
0.121065538377 [0.130413025618] [0.111718051136]
0.1192257590595 [0.129885360599] [0.10856615752]
0.1181799322365 [0.132209867239] [0.104149997234]
0.11731425300225 [0.135310232639] [0.0993182733655]
0.11595297232295 [0.13617181778] [0.0957341268659]
0.11157063022235 [0.129806399345] [0.0933348610997]
0.10670766606925 [0.120825342834] [0.0925899893045]
0.10339293628935001 [0.112791478634] [0.0939943939447]
0.10168642178189999 [0.106329225004] [0.0970436185598]
0.10134345293 [0.101105690002] [0.101581215858]
0.10068727657175 [0.0959333106875] [0.105441242456]
0.09883276000645 [0.0905783772469] [0.107087142766]
0.09593327343444999 [0.0852412134409] [0.106625333428]
0.09269688650985 [0.0807782560587] [0.104615516961]
0.0903737246992 [0.0786361023784] [0.10211134702]
0.0900144651533 [0.0795979872346] [0.100430943072]
0.09094246476885001 [0.0837189480662] [0.0981659814715]
0.09348168969155 [0.0900723487139] [0.0968910306692]
0.09742307290435001 [0.0970933139324] [0.0977528318763]
0.1006338708101 [0.102832973003] [0.0984347686172]
0.1022973209619 [0.107345663011] [0.0972489789128]
0.1005302555861 [0.106839448214] [0.0942210629582]
0.0952432602643 [0.100420065224] [0.0900664553046]
0.0880682244897 [0.0910874679685] [0.0850489810109]
0.08009389415385 [0.0803771466017] [0.079810641706]
0.07472528889775 [0.0739737302065] [0.075476847589]
