M B1 B2
0.1595512926577 [0.0683990716934] [0.250703513622]
0.15696568414595 [0.0703166946769] [0.243614673615]
0.15913052111839998 [0.0720034390688] [0.246257603168]
0.16161931306139998 [0.0725780576468] [0.250660568476]
0.1607906557621 [0.0709207430482] [0.250660568476]
0.1585616692902 [0.0664627701044] [0.250660568476]
0.15535945445315 [0.0600583404303] [0.250660568476]
0.15181545168174998 [0.0529703348875] [0.250660568476]
0.14315209165205 [0.0468268021941] [0.23947738111]
0.13402258045979998 [0.0420849360526] [0.225960224867]
0.12629440054295 [0.0387376919389] [0.213851109147]
0.12137294188134999 [0.0363667085767] [0.206379175186]
0.1205140575768 [0.0352734327316] [0.205754682422]
0.12364800646900001 [0.034072034061] [0.213223978877]
0.131352312863 [0.032100006938] [0.230604618788]
0.1303178202362 [0.0300310216844] [0.230604618788]
0.12934154365225 [0.0280784685165] [0.230604618788]
0.1286237658934 [0.0266429129988] [0.230604618788]
0.12833895254890001 [0.0260732863098] [0.230604618788]
0.12855965364735 [0.0265146885067] [0.230604618788]
0.1293823439629 [0.0281600691378] [0.230604618788]
0.1310243345798 [0.0314440503716] [0.230604618788]
0.13388526625945002 [0.0371659137309] [0.230604618788]
0.13832944072795 [0.0460542626679] [0.230604618788]
0.1446199845524 [0.0586353503168] [0.230604618788]
0.15213326364765 [0.0736619085073] [0.230604618788]
0.1595045477153 [0.0884044766426] [0.230604618788]
0.1544830314816 [0.0783614441752] [0.230604618788]
0.1482537277044 [0.0659028366208] [0.230604618788]
0.1445264462383 [0.0584482736886] [0.230604618788]
0.14193635433925 [0.0532680898905] [0.230604618788]
0.1407612785698 [0.0509179383516] [0.230604618788]
0.14057076908660002 [0.0505369193852] [0.230604618788]
0.1406830996276 [0.0507615804672] [0.230604618788]
0.14056204259405 [0.0505194664001] [0.230604618788]
0.13999574631465 [0.0493868738413] [0.230604618788]
0.1391689050944 [0.0477331914008] [0.230604618788]
0.13814166747045 [0.0456787161529] [0.230604618788]
0.1371104437859 [0.0436162687838] [0.230604618788]
0.13604823313665002 [0.0414918474853] [0.230604618788]
0.1352004837246 [0.0397963486612] [0.230604618788]
0.12067875452335 [0.0393371917307] [0.202020317316]
0.1250941529872 [0.0411938875914] [0.208994418383]
0.1294007822872 [0.0464808642864] [0.212320700288]
0.1331432312726 [0.0540739744902] [0.212212488055]
0.13314193859700002 [0.055870719254] [0.21041315794]
0.1360520459713 [0.0660631135106] [0.206040978432]
0.1351238451897 [0.0718830004334] [0.198364689946]
0.13044842332595 [0.0718797594309] [0.189017087221]
0.12397085875265 [0.0687166899443] [0.179225027561]
0.11718917638080001 [0.0647587925196] [0.169619560242]
0.11150439828615 [0.0601222217083] [0.162886574864]
0.1073807645591 [0.0545419938862] [0.160219535232]
0.10597011074415 [0.0508186742663] [0.161121547222]
0.10684677958485 [0.0493938475847] [0.164299711585]
0.10909291729345 [0.0494956895709] [0.168690145016]
0.1121112685651 [0.0507789812982] [0.173443555832]
0.11685684323329999 [0.0541027635336] [0.179610922933]
0.1240994967521 [0.0629299208522] [0.185269072652]
0.1402002274991 [0.0894048511982] [0.1909956038]
0.232985287905 [0.265073299408] [0.200897276402]
0.2449205368755 [0.273966014385] [0.215875059366]
0.238223925233 [0.244257077575] [0.232190772891]
0.219767987728 [0.191810056567] [0.247725918889]
0.202796682715 [0.142887204885] [0.262706160545]
0.194231763482 [0.110517382622] [0.277946144342]
0.19217893108735 [0.0907767936587] [0.293581068516]
0.1948796473443 [0.0778804942966] [0.311878800392]
0.19924833253015 [0.0680089965463] [0.330487668514]
0.2022539228199 [0.0584980547428] [0.346009790897]
0.20135844498855 [0.0504882186651] [0.352228671312]
0.1994930822402 [0.0447836853564] [0.354202479124]
0.19773101434105 [0.0410944446921] [0.35436758399]
0.19534479081625 [0.0386399924755] [0.352049589157]
0.1929082050919 [0.0366564840078] [0.349159926176]
0.1903910115363 [0.0347202569246] [0.346061766148]
0.1880191396923 [0.0329485200346] [0.34308975935]
0.1882597971706 [0.0317486263812] [0.34477096796]
0.19181304797510002 [0.0316028222442] [0.352023273706]
0.19672758691025 [0.0328696630895] [0.360585510731]
0.20332238636895 [0.0358986668289] [0.370746105909]
0.21126074157665 [0.0408147983253] [0.381706684828]
0.21846173889955 [0.0475806035101] [0.389342874289]
0.22246251255289998 [0.0569827407598] [0.387942284346]
0.2252612747251 [0.0701737180352] [0.380348831415]
0.2269766107202 [0.0845499783754] [0.369403243065]
0.22568374499655 [0.0916097387671] [0.359757751226]
0.21833520755165 [0.0845737680793] [0.352096647024]
0.21528720110639998 [0.0916962772608] [0.338878124952]
0.20769669488095 [0.0933878496289] [0.322005540133]
0.19865756109365001 [0.0914626792073] [0.30585244298]
0.18982908129679998 [0.0879624187946] [0.291695743799]
0.18141106516115 [0.0840357989073] [0.278786331415]
0.1739774420855 [0.079902395606] [0.268052488565]
0.16802549362199998 [0.075334250927] [0.260716736317]
0.15865027718240002 [0.0600720904768] [0.257228463888]
0.1556401662529 [0.0539058372378] [0.257374495268]
0.15528246387855 [0.0508683845401] [0.259696543217]
0.15525254420945 [0.0490390919149] [0.261465996504]
0.1558691021054 [0.0480514280498] [0.263686776161]
0.1585498508068 [0.0491700582206] [0.267929643393]
0.165794795379 [0.055213432759] [0.276376157999]
0.189538169652 [0.088717199862] [0.290359139442]
0.20030372962335002 [0.0916317924857] [0.308975666761]
0.2097240276633 [0.0898981168866] [0.32954993844]
0.2177635096011 [0.0872403606772] [0.348286658525]
0.22578871995225003 [0.0870737582445] [0.36450368166]
0.2330724447964 [0.0882187783718] [0.377926111221]
0.2409011088312 [0.0903656706214] [0.391436547041]
0.24763634055855 [0.0929051786661] [0.402367502451]
0.2586450241505 [0.108101449907] [0.409188598394]
0.2654340416195 [0.117623001337] [0.413245081902]
0.269885275513 [0.121690787375] [0.418079763651]
0.2746892124415 [0.12394297123] [0.425435453653]
0.278495825827 [0.126381114125] [0.430610537529]
0.2814115285875 [0.129023730755] [0.43379932642]
0.2816587761045 [0.129809245467] [0.433508306742]
0.277604460716 [0.125817477703] [0.429391443729]
0.268658559769 [0.114161841571] [0.423155277967]
0.25747149810215 [0.0977789983153] [0.417163997889]
0.24863865971545002 [0.0846679806709] [0.41260933876]
0.24583048000925 [0.0848977044225] [0.406763255596]
0.2412036508321 [0.0839475095272] [0.398459792137]
