M B1 B2
0.190355993807 [0.139405161142] [0.241306826472]
0.1896887496115 [0.137545391917] [0.241832107306]
0.1874554827805 [0.135191917419] [0.239719048142]
0.1821242794395 [0.129798665643] [0.234449893236]
0.172496810555 [0.119087144732] [0.225906476378]
0.1583068296315 [0.101268395782] [0.215345263481]
0.1389265991745 [0.076617769897] [0.201235428452]
0.11683111079030001 [0.0525193847716] [0.181142836809]
0.09881687723094999 [0.0363298170269] [0.161303937435]
0.08456765022115 [0.0269495677203] [0.142185732722]
0.0727909561248 [0.0214476175606] [0.124134294689]
0.063652684912 [0.019910287112] [0.107395082712]
0.05528624821455 [0.0180921796709] [0.0924803167582]
0.053264782764 [0.016186254099] [0.090343311429]
0.051029830239749996 [0.0143355932087] [0.0877240672708]
0.0485898493789 [0.0126348240301] [0.0845448747277]
0.0459656296298 [0.0111513640732] [0.0807798951864]
0.043224073946500005 [0.0099745169282] [0.0764736309648]
0.040370380040245 [0.00905543100089] [0.0716853290796]
0.037633082363755 [0.00895007420331] [0.0663160905242]
0.03497327957305 [0.0093752052635] [0.0605713538826]
0.032685357146 [0.0105605963618] [0.0548101179302]
0.032722502481200004 [0.0126995174214] [0.052745487541]
0.03580117970705 [0.0162122137845] [0.0553901456296]
0.04198962077495 [0.0214800573885] [0.0624991841614]
0.052950226701799996 [0.030028777197] [0.0758716762066]
0.06761887483275 [0.0323500446975] [0.102887704968]
0.10414834134285 [0.0338174961507] [0.174479186535]
0.11162736080585 [0.0348110608757] [0.188443660736]
0.11717629618935001 [0.0358667112887] [0.19848588109]
0.12168662063755001 [0.0374301783741] [0.205943062901]
0.12555795721685 [0.0396319441497] [0.211483970284]
0.13012821413585002 [0.0423154123127] [0.217941015959]
0.1400033123792 [0.0543684735894] [0.225638151169]
0.15280078351515 [0.0715151131153] [0.234086453915]
0.1683361828326 [0.0947219580412] [0.241950407624]
0.1848173812035 [0.12219978869] [0.247434973717]
0.222800165415 [0.146244585514] [0.299355745316]
0.2388117685915 [0.154342278838] [0.323281258345]
0.23410300910499998 [0.149132996798] [0.319073021412]
0.21396959573000002 [0.131269559264] [0.296669632196]
0.18585554137850002 [0.104169942439] [0.267541140318]
0.15950607508415 [0.0782688707113] [0.240743279457]
0.1398906130343 [0.0623358525336] [0.217445373535]
0.12760933116075 [0.0538446977735] [0.201373964548]
0.12161051854470001 [0.0495257750154] [0.193695262074]
0.1190182827415 [0.047253601253] [0.19078296423]
0.1153671965003 [0.0453212857246] [0.185413107276]
0.1069836094976 [0.0426455885172] [0.171321630478]
0.09442487917850001 [0.03912557289] [0.149724185467]
0.08186836726959999 [0.0358921773732] [0.127844557166]
0.0724801812322 [0.0334545858204] [0.111505776644]
0.0667492412032 [0.0321513935924] [0.101347088814]
0.0646853316575 [0.0320901237428] [0.0972805395722]
0.06548201479015 [0.0331799648702] [0.0977840647101]
0.06851633265605 [0.0354684814811] [0.101564183831]
0.07357345893995 [0.0392709001899] [0.10787601769]
0.08060850575549999 [0.044993236661] [0.11622377485]
0.0887889992447 [0.0528812371194] [0.12469676137]
0.0953259970994 [0.0614688061178] [0.129183188081]
0.0986334793268 [0.0677830055356] [0.129483953118]
0.09665573388335 [0.0666735619307] [0.126637905836]
0.09236329607685 [0.0600042827427] [0.124722309411]
0.08971427008505001 [0.0537767186761] [0.125651821494]
0.091119116172 [0.050316657871] [0.131921574473]
0.09779722802325 [0.0498592965305] [0.145735159516]
0.10814054496565 [0.0505952574313] [0.1656858325]
0.11961895041175001 [0.0514616034925] [0.187776297331]
0.12764707580204998 [0.0514062121511] [0.203887939453]
