M B1 B2
0.07725565973660001 [0.0213148910552] [0.133196428418]
0.07725565973660001 [0.0213148910552] [0.133196428418]
0.07725565973660001 [0.0213148910552] [0.133196428418]
0.07725565973660001 [0.0213148910552] [0.133196428418]
0.07725565973660001 [0.0213148910552] [0.133196428418]
0.07725565973660001 [0.0213148910552] [0.133196428418]
0.07725565973660001 [0.0213148910552] [0.133196428418]
0.07725565973660001 [0.0213148910552] [0.133196428418]
0.07725565973660001 [0.0213148910552] [0.133196428418]
0.07725565973660001 [0.0213148910552] [0.133196428418]
0.07725565973660001 [0.0213148910552] [0.133196428418]
0.07725565973660001 [0.0213148910552] [0.133196428418]
0.07725565973660001 [0.0213148910552] [0.133196428418]
0.07725565973660001 [0.0213148910552] [0.133196428418]
0.09246349707240001 [0.0517305657268] [0.133196428418]
0.09210189245635 [0.0510073564947] [0.133196428418]
0.09098539315154999 [0.0487743578851] [0.133196428418]
0.08953079767515 [0.0458651669323] [0.133196428418]
0.08817986771485001 [0.0436528399587] [0.132706895471]
0.0849813036621 [0.0427044257522] [0.127258181572]
0.07926878705609999 [0.0427044257522] [0.11583314836]
0.0715296417476 [0.0427044257522] [0.100354857743]
0.06323275342585 [0.0427044257522] [0.0837610810995]
0.06323275342585 [0.0427044257522] [0.0837610810995]
0.06323275342585 [0.0427044257522] [0.0837610810995]
0.06323275342585 [0.0427044257522] [0.0837610810995]
0.064333261922 [0.0449054427445] [0.0837610810995]
0.06428949721155 [0.0448179133236] [0.0837610810995]
0.06319276057185 [0.0426244400442] [0.0837610810995]
0.061729000881300004 [0.0396969206631] [0.0837610810995]
0.057702131569399996 [0.0370748341084] [0.0783294290304]
0.053814806044149996 [0.0370748341084] [0.0705547779799]
0.0485999826342 [0.0370748341084] [0.06012513116]
0.04305743426085 [0.0370748341084] [0.0490400344133]
0.04305743426085 [0.0370748341084] [0.0490400344133]
0.03831414505835 [0.0275882557034] [0.0490400344133]
0.03846448287365 [0.027888931334] [0.0490400344133]
0.0390201266855 [0.0290002189577] [0.0490400344133]
0.0395788569003 [0.0301176793873] [0.0490400344133]
0.04007867816835 [0.0311173219234] [0.0490400344133]
0.0404493976384 [0.0318587608635] [0.0490400344133]
0.040698131546350005 [0.0323562286794] [0.0490400344133]
0.04093720577655 [0.0328343771398] [0.0490400344133]
0.04119315370915 [0.033346273005] [0.0490400344133]
0.0414714440703 [0.0339028537273] [0.0490400344133]
0.0417435225099 [0.0344470106065] [0.0490400344133]
0.041992675513 [0.0349453166127] [0.0490400344133]
0.05215700529515 [0.0370489098132] [0.0672651007771]
0.051720207557049994 [0.0390147231519] [0.0644256919622]
0.05300106480715 [0.0415764376521] [0.0644256919622]
0.054927678778749996 [0.0454296655953] [0.0644256919622]
0.05736535973845 [0.0503050275147] [0.0644256919622]
0.059716787189199996 [0.0550078824162] [0.0644256919622]
0.062492949888099995 [0.060560207814] [0.0644256919622]
0.06647266075014999 [0.0685196295381] [0.0644256919622]
0.06878419965505 [0.0771886110306] [0.0603797882795]
0.0720947831869 [0.0843393057585] [0.0598502606153]
0.0740947239101 [0.0887217670679] [0.0594676807523]
0.0748750213534 [0.0909027308226] [0.0588473118842]
0.07514005340635 [0.0922780036926] [0.0580021031201]
0.074504211545 [0.0936853140593] [0.0553231090307]
0.073636515066 [0.0950310155749] [0.0522420145571]
0.07352163642645 [0.0959523618221] [0.0510909110308]
0.0760861504823 [0.0966746285558] [0.0554976724088]
0.07934761792425 [0.0973593294621] [0.0613359063864]
0.08225442841645 [0.0968866795301] [0.0676221773028]
0.0827992670238 [0.093452103436] [0.0721464306116]
0.0799832418561 [0.0863520130515] [0.0736144706607]
0.0752562135458 [0.0773884952068] [0.0731239318848]
0.0705869868398 [0.0701268911362] [0.0710470825434]
