M B1 B2
0.02404299704358 [0.00999337341636] [0.0380926206708]
0.02432814240455 [0.0105636641383] [0.0380926206708]
0.02454083319755 [0.0109890457243] [0.0380926206708]
0.02469456009565 [0.0112964995205] [0.0380926206708]
0.02541885711255 [0.0116142295301] [0.039223484695]
0.0234072394669 [0.011828828603] [0.0349856503308]
0.0230382815935 [0.0120079228655] [0.0340686403215]
0.02358620474115 [0.0123563008383] [0.034816108644]
0.02470700629055 [0.013154566288] [0.0362594462931]
0.026113454718150002 [0.0147183621302] [0.0375085473061]
0.026963935233650003 [0.0173391904682] [0.0365886799991]
0.02821037638935 [0.0211764480919] [0.0352443046868]
0.0304243117571 [0.0259246528149] [0.0349239706993]
0.0340315606445 [0.0333230942488] [0.0347400270402]
0.0400673672557 [0.0443213284016] [0.0358134061098]
0.047262933105249996 [0.0573991760612] [0.0371266901493]
0.0524021424353 [0.0661265030503] [0.0386777818203]
0.05393484607335 [0.0677285790443] [0.0401411131024]
0.0538511425257 [0.0662622973323] [0.0414399877191]
0.053102398291250005 [0.0636880770326] [0.0425167195499]
0.05567698553205 [0.0613616667688] [0.0499923042953]
0.057468205690399995 [0.0587503537536] [0.0561860576272]
0.05707138031725 [0.0548398457468] [0.0593029148877]
0.05430078320205 [0.0492493510246] [0.0593522153795]
0.04619885236025 [0.0343344323337] [0.0580632723868]
0.04353254009035 [0.0290558841079] [0.0580091960728]
0.0425474541262 [0.0267043095082] [0.0583905987442]
0.04590384010225 [0.0309344623238] [0.0608732178807]
0.0465767700225 [0.0278805531561] [0.0652729868889]
0.047455634921799994 [0.0238882005215] [0.0710230693221]
0.04872359987345 [0.0203773733228] [0.0770698264241]
0.05073852837085 [0.0178743600845] [0.0836026966572]
0.05208350624885 [0.016280433163] [0.0878865793347]
0.05254035443065 [0.015440441668] [0.0896402671933]
0.050391281954950004 [0.0151272621006] [0.0856553018093]
0.047338008880600004 [0.0150854587555] [0.0795905590057]
0.04546566214415 [0.0150699745864] [0.0758613497019]
0.04461199278015 [0.0149470912293] [0.074276894331]
0.04454824933785 [0.014730011113] [0.0743664875627]
0.04514864133675 [0.0144980559126] [0.0757992267609]
0.045754045248050004 [0.0140359848738] [0.0774721056223]
0.04634573636575 [0.0135720884427] [0.0791193842888]
0.047055575065300004 [0.0133352484554] [0.0807759016752]
0.04804867412895 [0.0134210344404] [0.0826763138175]
0.049384946934900004 [0.0139843579382] [0.0847855359316]
0.0509482016787 [0.0149990003556] [0.0868974030018]
0.052542458288400005 [0.016594870016] [0.0884900465608]
0.0543125728145 [0.0187686178833] [0.0898565277457]
0.0562263214961 [0.0212169531733] [0.0912356898189]
0.05874593183395 [0.0237523913383] [0.0937394723296]
0.062405965290999996 [0.0264070015401] [0.0984049290419]
0.06809779256565 [0.0295963659883] [0.106599219143]
0.07692655734695 [0.0337724424899] [0.120080672204]
0.0874951407314 [0.0392437577248] [0.135746523738]
0.0974949263034 [0.0457553640008] [0.149234488606]
0.10508353076855001 [0.0538422428071] [0.15632481873]
0.10882585495710001 [0.0621001124382] [0.155551597476]
0.10959751904025 [0.0689601153135] [0.150234922767]
0.1071016043426 [0.0729683935642] [0.141234815121]
0.10334042459735 [0.0758068859577] [0.130873963237]
0.10007221624269999 [0.0794520005584] [0.120692431927]
0.0975394174458 [0.0818130001426] [0.113265834749]
0.09594087302665 [0.0821037068963] [0.109778039157]
0.09618199244119999 [0.0825662985444] [0.109797686338]
0.09745983779405 [0.0828840434551] [0.112035632133]
0.09836959466355 [0.0826446115971] [0.11409457773]
0.09779134020185 [0.0814505442977] [0.114132136106]
0.09584542736419999 [0.0796445161104] [0.112046338618]
0.09368154779075 [0.0780841857195] [0.109278909862]
0.0927406214179 [0.0779853910208] [0.107495851815]
0.09418541938085001 [0.0805956870317] [0.10777515173]
0.09860865026735 [0.0865433365107] [0.110673964024]
0.10546597465895 [0.0950700268149] [0.115861922503]
0.11227332055549999 [0.102811068296] [0.121735572815]
0.115739971399 [0.105306461453] [0.126173481345]
0.114220760763 [0.100841864944] [0.127599656582]
0.11048354208444999 [0.0939543843269] [0.127012699842]
0.1065306067466 [0.0872124880552] [0.125848725438]
0.10419839993105 [0.0834138765931] [0.124982923269]
0.1031460948291 [0.0808402821422] [0.125451907516]
0.1029865927993 [0.0794772580266] [0.126495927572]
0.10203230381004999 [0.0785295367241] [0.125535070896]
0.0987268015743 [0.0778811499476] [0.119572453201]
0.09369646385315 [0.0775924623013] [0.109800465405]
0.08827587217095001 [0.0775807872415] [0.0989709571004]
0.08430036902429999 [0.0774149373174] [0.0911858007312]
0.0813804976642 [0.0768156945705] [0.0859453007579]
0.0791872292757 [0.0758984684944] [0.082475990057]
0.0779181160033 [0.0754346176982] [0.0804016143084]
0.0782289206982 [0.0764299631119] [0.0800278782845]
0.080377664417 [0.0788867473602] [0.0818685814738]
0.08440217748285 [0.0834919810295] [0.0853123739362]
0.0886729322374 [0.0887902081013] [0.0885556563735]
0.089931987226 [0.0911114141345] [0.0887525603175]
0.08540400862690001 [0.0861443802714] [0.0846636369824]
