M B1 B2
0.2443672791125 [0.24074202776] [0.247992530465]
0.23683919012549998 [0.227235391736] [0.246442988515]
0.231069244444 [0.217904552817] [0.244233936071]
0.2274640873075 [0.21226324141] [0.242664933205]
0.22628742456450002 [0.209440633655] [0.243134215474]
0.22606745362300001 [0.206261008978] [0.245873898268]
0.22306304425 [0.198201060295] [0.247925028205]
0.21578965336099998 [0.182381346822] [0.2491979599]
0.192104153335 [0.1432929039] [0.24091540277]
0.158416837454 [0.093570753932] [0.223262920976]
0.12958002462965001 [0.0589243993163] [0.200235649943]
0.11044586822405 [0.0405414476991] [0.180350288749]
0.1079821828751 [0.0384891666472] [0.177475199103]
0.10547003895055 [0.0367926806211] [0.17414739728]
0.1031236182896 [0.0352562181652] [0.170991018414]
0.1011214219032 [0.0336868688464] [0.16855597496]
0.09936550445845 [0.0319240577519] [0.166806951165]
0.09767057374135 [0.0299285575747] [0.165412589908]
0.09574561100444999 [0.0276375319809] [0.163853690028]
0.09227413591015 [0.0233288686723] [0.161219403148]
0.0892573613675 [0.021772313863] [0.156742408872]
0.0855789119377 [0.0213534552604] [0.149804368615]
0.0806528721002 [0.0215447582304] [0.13976098597]
0.08095087297235 [0.0221407599747] [0.13976098597]
0.0817594574762 [0.0237579289824] [0.13976098597]
0.0839185165239 [0.0280760470778] [0.13976098597]
0.0901112146673 [0.0404614433646] [0.13976098597]
0.0911427661774 [0.0425245463848] [0.13976098597]
0.05699080601334999 [0.0434087440372] [0.0705728679895]
0.056549731642 [0.0436287000775] [0.0694707632065]
0.05669054575265 [0.0438230000436] [0.0695580914617]
0.05677611753344999 [0.0432953462005] [0.0702568888664]
0.0569807123393 [0.0421179421246] [0.071843482554]
0.05761837214229999 [0.0405355989933] [0.0747011452913]
0.06094251200555 [0.0430913418531] [0.078793682158]
0.0634403973818 [0.0433113500476] [0.083569444716]
0.0653710644692 [0.0423865877092] [0.0883555412292]
0.0669127199799 [0.0414616726339] [0.0923637673259]
0.0677922479808 [0.0406556949019] [0.0949288010597]
0.06701673753555 [0.0384738259017] [0.0955596491694]
0.0651643835008 [0.0341457724571] [0.0961829945445]
0.063050176017 [0.0290413107723] [0.0970590412617]
0.06179747544225 [0.0248897336423] [0.0987052172422]
0.06201080698505 [0.0223623905331] [0.101659223437]
0.06376896798615 [0.0213914066553] [0.106146529317]
0.0672189481558 [0.0215772911906] [0.112860605121]
0.07194280996925 [0.0223873108625] [0.121498309076]
0.07664945442255 [0.0233957115561] [0.129903197289]
0.0814536502583 [0.0245178919286] [0.138389408588]
0.08653033338485 [0.0257450453937] [0.147315621376]
0.0917000733318 [0.0270853862166] [0.156314760447]
0.0961179006843 [0.0282953865826] [0.163940414786]
0.10015951097015001 [0.0294962078333] [0.170822814107]
0.1046346677469 [0.0307340677828] [0.178535267711]
0.11225594580195 [0.0329116433859] [0.191600248218]
0.12561946362235 [0.0374501794577] [0.213788747787]
0.14861493743945 [0.0470008738339] [0.250229001045]
0.18522207438965 [0.0669671297073] [0.303477019072]
0.23477125540350002 [0.108942247927] [0.36060026288]
0.295686401427 [0.189826413989] [0.401546388865]
0.3566974252465 [0.295272648335] [0.418122202158]
0.3953230232 [0.36641946435] [0.42422658205]
0.4126857668165 [0.397458314896] [0.427913218737]
0.41998797655099995 [0.412205547094] [0.427770406008]
0.4100367724895 [0.400099039078] [0.419974505901]
0.37401306629200004 [0.347573697567] [0.400452435017]
0.320231422782 [0.270713835955] [0.369749009609]
0.265115313232 [0.198857322335] [0.331373304129]
0.2218245789405 [0.147144630551] [0.29650452733]
0.1902489624915 [0.112672589719] [0.267825335264]
0.1676851734518 [0.0902079343796] [0.245162412524]
0.1514159925282 [0.0754825249314] [0.227349460125]
0.13936926051955 [0.0657555982471] [0.212982922792]
0.13065012171845 [0.0587620362639] [0.202538207173]
0.12528571486485 [0.0535678118467] [0.197003617883]
0.12285650707795 [0.0497603751719] [0.195952638984]
0.12177187204345 [0.0448437482119] [0.198699995875]
0.12137043662375 [0.0403163172305] [0.202424556017]
0.12123879417790001 [0.0366041138768] [0.205873474479]
0.11929776892045 [0.0326104238629] [0.205985113978]
0.11615781486015 [0.0294403731823] [0.202875256538]
0.1141072530298 [0.0273823328316] [0.200832173228]
0.11563626769924999 [0.0265342164785] [0.20473831892]
0.12094965390884999 [0.0266253761947] [0.215273931623]
0.1294451318682 [0.0273693427444] [0.231520920992]
0.13948347605765 [0.0285121388733] [0.250454813242]
0.15072817169115 [0.0301098637283] [0.271346479654]
0.16306623630245 [0.0320725701749] [0.29405990243]
0.17455409467219998 [0.0341768562794] [0.314931333065]
0.18291773833320002 [0.0356564708054] [0.330179005861]
0.1874860320241 [0.0359665937722] [0.339005470276]
0.19070725329235 [0.0374022759497] [0.344012230635]
0.19397138617945 [0.0387828759849] [0.349159896374]
0.19845472089965002 [0.0401609502733] [0.356748491526]
0.2062761075797 [0.0434149578214] [0.369137257338]
0.21913227252644998 [0.0512634478509] [0.387001097202]
0.23911873996255 [0.0678698122501] [0.410367667675]
0.2681903168557 [0.0996386259794] [0.436742007732]
0.3051231205465 [0.151182681322] [0.459063559771]
0.337123021483 [0.204056948423] [0.470189094543]
0.350362837315 [0.233945757151] [0.466779917479]
0.3535373657945 [0.253790855408] [0.453283876181]
0.3525136709215 [0.262946069241] [0.442081272602]
0.3559518009425 [0.27177670598] [0.440126895905]
0.36449077725449996 [0.286424249411] [0.442557305098]
0.37401111424 [0.303285688162] [0.444736540318]
0.3793877363205 [0.313450992107] [0.445324480534]
0.37893837690349996 [0.320047467947] [0.43782928586]
0.3779574334625 [0.327598690987] [0.428316175938]
0.379067182541 [0.336934685707] [0.421199679375]
0.38368542492400004 [0.343625158072] [0.423745691776]
0.39269511401650004 [0.349874049425] [0.435516178608]
0.4068520665165 [0.358645200729] [0.455058932304]
0.41528545320050003 [0.363650798798] [0.466920107603]
0.421980589628 [0.368809252977] [0.475151926279]
0.42609743773950004 [0.373445928097] [0.478748947382]
0.4298616498705 [0.377930551767] [0.481792747974]
0.43577304482449997 [0.384137243032] [0.487408846617]
0.442622631788 [0.391125977039] [0.494119286537]
0.44557851553000005 [0.395489007235] [0.495668023825]
0.4369952082635 [0.386203914881] [0.487786501646]
0.3994472026825 [0.338213920593] [0.460680484772]
0.3315111100675 [0.261315613985] [0.40170660615]
0.259173937142 [0.189267799258] [0.329080075026]
0.20177076756950002 [0.143113523722] [0.260428011417]
