M B1 B2
0.07120868377384999 [0.0821233615279] [0.0602940060198]
0.0737709440291 [0.0848745033145] [0.0626673847437]
0.08219439163805001 [0.0888568684459] [0.0755319148302]
0.08910181373359999 [0.0954090431333] [0.0827945843339]
0.09446496143955 [0.105460815132] [0.0834691077471]
0.1002523750066 [0.11800378561] [0.0825009644032]
0.10612012818449999 [0.127947449684] [0.084292806685]
0.10474046692245001 [0.125514551997] [0.0839663818479]
0.0954732149838 [0.108078613877] [0.0828678160906]
0.08435055613515 [0.0867367237806] [0.0819643884897]
0.07540094852445 [0.0693658366799] [0.081436060369]
0.06972618214785001 [0.0583219118416] [0.0811304524541]
0.06627918034795 [0.0519339963794] [0.0806243643165]
0.06449373997749999 [0.0489281527698] [0.0800593271852]
0.06349985301495 [0.0475533828139] [0.079446323216]
0.06262924335895 [0.0470541976392] [0.0782042890787]
0.06145428307355 [0.0471120066941] [0.075796559453]
0.061571601778249996 [0.0473466441035] [0.075796559453]
0.0616232063621 [0.0474498532712] [0.075796559453]
0.0614365823567 [0.0470766052604] [0.075796559453]
0.06098229065535 [0.0461680218577] [0.075796559453]
0.0604275483638 [0.0450585372746] [0.075796559453]
0.06025891192255 [0.0447212643921] [0.075796559453]
0.061033040285099996 [0.0462695211172] [0.075796559453]
0.06318006664515 [0.0505635738373] [0.075796559453]
0.0669367928058 [0.0580770261586] [0.075796559453]
0.07214760035275 [0.0684986412525] [0.075796559453]
0.055339213460700004 [0.0807463005185] [0.0299321264029]
0.06262327730655 [0.0937296822667] [0.0315168723464]
0.0705241858959 [0.108267262578] [0.0327811092138]
0.08007482066775 [0.126917675138] [0.0332319661975]
0.09034700505435 [0.14903819561] [0.0316558144987]
0.09705820493385 [0.162460595369] [0.0316558144987]
0.08681763522335 [0.141979455948] [0.0316558144987]
0.06826200895035 [0.104868203402] [0.0316558144987]
0.053980672732 [0.0763055309653] [0.0316558144987]
0.045148469507700004 [0.0586411245167] [0.0316558144987]
0.03955216147005 [0.0474485084414] [0.0316558144987]
0.035943441093 [0.0402310676873] [0.0316558144987]
0.03562870621685 [0.0357278287411] [0.0355295836926]
0.03521739505235 [0.0330838672817] [0.037350922823]
0.0345450118184 [0.0315269604325] [0.0375630632043]
0.03347575291995 [0.0301765352488] [0.0367749705911]
0.0325774420053 [0.0283799134195] [0.0367749705911]
0.031396001577399996 [0.0260170325637] [0.0367749705911]
0.030156461522 [0.0235379524529] [0.0367749705911]
0.02915809303525 [0.0215412154794] [0.0367749705911]
0.0286699337885 [0.0205648969859] [0.0367749705911]
0.028810356743649998 [0.0208457428962] [0.0367749705911]
0.02975847013295 [0.0227419696748] [0.0367749705911]
0.03179106861355 [0.026807166636] [0.0367749705911]
0.0355952996761 [0.0344156287611] [0.0367749705911]
0.04257499054075 [0.0483750104904] [0.0367749705911]
0.054551120847499995 [0.0723272711039] [0.0367749705911]
0.07043845579005 [0.104101940989] [0.0367749705911]
0.08539308980105 [0.134011209011] [0.0367749705911]
0.09410862997154999 [0.151442289352] [0.0367749705911]
0.09398881718504999 [0.151202663779] [0.0367749705911]
0.08948748931304999 [0.142200008035] [0.0367749705911]
0.08298742398605 [0.129199877381] [0.0367749705911]
0.07595098391155 [0.115126997232] [0.0367749705911]
0.0599103188141 [0.102883569896] [0.0169370677322]
0.0556326042861 [0.093887321651] [0.0173778869212]
0.0533303087577 [0.08823312819] [0.0184274893254]
0.05236978828904999 [0.0850033313036] [0.0197362452745]
0.05241294112059999 [0.0837978795171] [0.0210280027241]
0.0534853041172 [0.0847048386931] [0.0222657695413]
0.0555451894179 [0.0879193544388] [0.023171024397]
0.0583924409002 [0.0931342169642] [0.0236506648362]
0.0602118195966 [0.0967564657331] [0.0236671734601]
0.060617582872500006 [0.097807995975] [0.02342716977]
0.05956510454415 [0.0960177853703] [0.023112423718]
0.0581436008215 [0.093562938273] [0.02272426337]
0.0568560389802 [0.0913802161813] [0.0223318617791]
0.05628845933825 [0.0900483503938] [0.0225285682827]
0.0562829049304 [0.0891280248761] [0.0234377849847]
0.0566525636241 [0.0888626128435] [0.0244425144047]
0.0566330645233 [0.0889604836702] [0.0243056453764]
0.0558335110545 [0.0876810476184] [0.0239859744906]
0.05374608747665 [0.0843609645963] [0.023131210357]
0.049831124022599996 [0.0775934308767] [0.0220688171685]
0.0450305873528 [0.069173797965] [0.0208873767406]
0.0398704074323 [0.0599141679704] [0.0198266468942]
0.035106333904 [0.0512849763036] [0.0189276915044]
0.03133205883205 [0.0444712415338] [0.0181928761303]
0.028868592344250002 [0.0401815026999] [0.0175556819886]
0.02770955022425 [0.0383029393852] [0.0171161610633]
0.027362360619 [0.0378401093185] [0.0168846119195]
0.0273337895051 [0.0378922298551] [0.0167753491551]
0.02753041591495 [0.0382854826748] [0.0167753491551]
0.0280235176906 [0.0392716862261] [0.0167753491551]
0.0288616353646 [0.0409479215741] [0.0167753491551]
0.029952255077700003 [0.0431291610003] [0.0167753491551]
0.04649156704545 [0.0457090735435] [0.0472740605474]
0.05205994471905 [0.0485578179359] [0.0555620715022]
