M B1 B2
0.0910838935523 [0.131110474467] [0.0510573126376]
0.0899960212407 [0.129882022738] [0.0501100197434]
0.0764798093587 [0.105899348855] [0.0470602698624]
0.06026212126015 [0.0777408108115] [0.0427834317088]
0.0484309755266 [0.0580202750862] [0.038841675967]
0.041202107444400005 [0.0462058112025] [0.0361984036863]
0.0373393595219 [0.0394389331341] [0.0352397859097]
0.035750156268500005 [0.03578453511] [0.035715777427]
0.035609183833000005 [0.0342282019556] [0.0369901657104]
0.036182405427099995 [0.0341049954295] [0.0382598154247]
0.03698613867165 [0.0350071005523] [0.038965176791]
0.03796909190715 [0.0367392376065] [0.0391989462078]
0.038543503731450005 [0.0386879816651] [0.0383990257978]
0.0380570925772 [0.0398192629218] [0.0362949222326]
0.03640078566965 [0.0397881940007] [0.0330133773386]
0.03421351034195 [0.0388338752091] [0.0295931454748]
0.03226119466125 [0.0376200787723] [0.0269023105502]
0.031054179184150002 [0.0367786772549] [0.0253296811134]
0.0307873329148 [0.0364657044411] [0.0251089613885]
0.03181696310635 [0.0370301418006] [0.0266037844121]
0.034467337653050004 [0.0387326031923] [0.0302020721138]
0.038519827649 [0.0418424755335] [0.0351971797645]
0.0428672246635 [0.0458659678698] [0.0398684814572]
0.044722193852099995 [0.0494951307774] [0.0399492569268]
0.0457913167775 [0.051781706512] [0.039800927043]
0.0459999423474 [0.0524832420051] [0.0395166426897]
0.04572406969965 [0.0521246567369] [0.0393234826624]
0.04542324692015 [0.0513479970396] [0.0394984968007]
0.045763509348 [0.0510931946337] [0.0404338240623]
0.0467423591763 [0.0509999357164] [0.0424847826362]
0.04802678525445 [0.050326757133] [0.0457268133759]
0.049036400392650004 [0.0483322292566] [0.0497405715287]
0.04961856268345 [0.0456036441028] [0.0536334812641]
0.0458287205547 [0.0430917032063] [0.0485657379031]
0.043172994628549996 [0.0412371754646] [0.0451088137925]
0.041154639795450004 [0.0400597713888] [0.0422495082021]
0.03777282498775 [0.038766823709] [0.0367788262665]
0.0293289143592 [0.0365804582834] [0.022077370435]
0.0286208819598 [0.0332919806242] [0.0239497832954]
0.02771424502135 [0.0296374429017] [0.025791047141]
0.02736801467835 [0.0269906353205] [0.0277453940362]
0.028069378808149997 [0.0261777341366] [0.0299610234797]
0.02958351466805 [0.0267824996263] [0.0323845297098]
0.03110469598325 [0.0273901615292] [0.0348192304373]
0.03236549627035 [0.0277129802853] [0.0370180122554]
0.033785740844900006 [0.0287311207503] [0.0388403609395]
0.036186397075649995 [0.0321249179542] [0.0402478761971]
0.041026571765549996 [0.0407393313944] [0.0413138121367]
0.05611361190675 [0.0585317760706] [0.0536954477429]
0.07729847356675 [0.0861925333738] [0.0684044137597]
0.09630665928144999 [0.112523183227] [0.0800901353359]
0.10679128021025 [0.125732660294] [0.0878499001265]
0.1119647845625 [0.126263424754] [0.097666144371]
0.1180015429855 [0.123464606702] [0.112538479269]
0.127764940262 [0.120992615819] [0.134537264705]
0.1371094584465 [0.11857201159] [0.155646905303]
0.1439273916185 [0.115903072059] [0.171951711178]
0.1460918784145 [0.113241553307] [0.178942203522]
0.145519800484 [0.111231058836] [0.179808542132]
0.13893665373300002 [0.109649658203] [0.168223649263]
0.131395094097 [0.107585370541] [0.155204817653]
0.12343348935250001 [0.104519687593] [0.142347291112]
0.11512346193199999 [0.100652612746] [0.129594311118]
0.10887680202705 [0.0968642607331] [0.120889343321]
0.1035963557662 [0.0941150039434] [0.113077707589]
0.0983284898104 [0.0949111059308] [0.10174587369]
0.09351643919925 [0.10189089179] [0.0851419866085]
0.0916245989504 [0.112296879292] [0.0709523186088]
0.0913174208256 [0.121645867825] [0.0609889738262]
0.0903765577825 [0.126376897097] [0.054376218468]
0.08952487260120001 [0.128466933966] [0.0505828112364]
0.08848903514454999 [0.128603577614] [0.0483744926751]
0.08721178770054999 [0.127737700939] [0.0466858744621]
0.0863173119724 [0.127498716116] [0.0451359078288]
0.08702370896959999 [0.13008697331] [0.0439604446292]
0.0908975042401 [0.138215884566] [0.0435791239142]
0.09917880222215 [0.154174178839] [0.0441834256053]
0.11384387128080001 [0.182355254889] [0.0453324876726]
0.13419692218315 [0.221735134721] [0.0466587096453]
0.1515642367303 [0.255358070135] [0.0477704033256]
0.16194001398995 [0.274976551533] [0.0489034764469]
0.16908250935379998 [0.28738373518] [0.0507812835276]
0.17426843568675 [0.293380320072] [0.0551565513015]
0.1807752326133 [0.298525243998] [0.0630252212286]
0.18853158503790002 [0.304530501366] [0.0725326687098]
0.19786281511194997 [0.314456254244] [0.0812693759799]
0.2061652764676 [0.324595123529] [0.0877354294062]
0.2140805311503 [0.335373014212] [0.0927880480886]
0.21773686632539999 [0.337103247643] [0.0983704850078]
0.218054827303 [0.331267565489] [0.104842089117]
0.2129011675715 [0.314316987991] [0.111485347152]
0.20017866790299998 [0.285272300243] [0.115085035563]
0.184461671859 [0.251369267702] [0.117554076016]
0.173018977046 [0.225385323167] [0.120652630925]
0.167406618595 [0.208926022053] [0.125887215137]
0.1656544581055 [0.196858271956] [0.134450644255]
0.16617708653250002 [0.187339112163] [0.145015060902]
0.16675067693 [0.178226545453] [0.155274808407]
0.1660498678685 [0.168665975332] [0.163433760405]
0.1635568514465 [0.158414945006] [0.168698757887]
0.162511356175 [0.14783488214] [0.17718783021]
0.1643323749305 [0.137989848852] [0.190674901009]
0.1650560721755 [0.130674108863] [0.199438035488]
0.1653770282865 [0.126495242119] [0.204258814454]
0.156589657068 [0.125798746943] [0.187380567193]
0.1446916088465 [0.129290699959] [0.160092517734]
0.1352936774495 [0.134706512094] [0.135880842805]
0.1253531873225 [0.129317805171] [0.121388569474]
0.1079802289605 [0.103795930743] [0.112164527178]
0.09138992428795001 [0.0759894326329] [0.106790415943]
0.08098385855565 [0.0574220195413] [0.10454569757]
0.07584872655555 [0.0471163578331] [0.104581095278]
0.07376891747095 [0.0420295670629] [0.105508267879]
0.07309219613655 [0.0398900508881] [0.106294341385]
0.07077978737675 [0.0392633117735] [0.10229626298]
0.07007051073 [0.03912159428] [0.10101942718]
0.0691365096718 [0.0386990495026] [0.099573969841]
0.06820916384459999 [0.0379470214248] [0.0984713062644]
0.0672443713993 [0.0370417870581] [0.0974469557405]
0.0663724523038 [0.0359554924071] [0.0967894122005]
0.06605279818175 [0.0345969125628] [0.0975086838007]
0.0672068446873 [0.0330551341176] [0.101358555257]
0.07176960259655 [0.0317496135831] [0.11178959161]
0.07996980845925 [0.0313950926065] [0.128544524312]
0.09137866459775 [0.0328174345195] [0.149939894676]
0.1011441182347 [0.0370239280164] [0.165264308453]
0.09752384573200001 [0.045562595129] [0.149485096335]
0.09426794759925 [0.0592777989805] [0.129258096218]
0.0952145904301 [0.0752134993672] [0.115215681493]
0.1130725070833 [0.0860774219036] [0.140067592263]
0.11963124945765 [0.0890579745173] [0.150204524398]
0.12402795627725 [0.0899520888925] [0.158103823662]
0.12375877797595 [0.0920568108559] [0.155460745096]
0.11771425604800001 [0.095823943615] [0.139604568481]
0.10854249075049999 [0.101987875998] [0.115097105503]
0.1023134626448 [0.111672848463] [0.0929540768266]
0.10012642294175 [0.122662767768] [0.0775900781155]
0.10105851292615 [0.133749768138] [0.0683672577143]
0.1021807268263 [0.140460059047] [0.0639013946056]
0.1023815050723 [0.142311304808] [0.0624517053366]
0.10447365790585 [0.147696703672] [0.0612506121397]
0.1094366461039 [0.160065740347] [0.0588075518608]
0.11505797505394999 [0.172493413091] [0.0576225370169]
0.11724362894895 [0.176774263382] [0.0577129945159]
0.1170769315214 [0.176493868232] [0.0576599948108]
0.1154373511672 [0.173434779048] [0.0574399232864]
0.1138510741296 [0.170322105289] [0.0573800429702]
0.11309907026565 [0.169735088944] [0.0564630515873]
0.1129348557443 [0.172516539693] [0.0533531717956]
