M B1 B2
0.026054196059699997 [0.0315212532878] [0.0205871388316]
0.02852330636235 [0.0370176918805] [0.0200289208442]
0.033049990423 [0.0455245710909] [0.0205754097551]
0.04159372206775 [0.0584001429379] [0.0247873011976]
0.05028276890515 [0.0766182914376] [0.0239472463727]
0.062023091129950005 [0.0990215539932] [0.0250246282667]
0.0736096603796 [0.120177038014] [0.0270422827452]
0.076445808634 [0.1241068542] [0.028784763068]
0.06990306545035 [0.111079663038] [0.0287264678627]
0.06351190991705 [0.100150935352] [0.0268728844821]
0.0603170003742 [0.0964968428016] [0.0241371579468]
0.0592685677111 [0.0968426764011] [0.0216944590211]
0.0597655288875 [0.0993392840028] [0.0201917737722]
0.06128285732105 [0.102979071438] [0.0195866432041]
0.06344626285145 [0.107292994857] [0.0195995308459]
0.0659988513217 [0.112376779318] [0.0196209233254]
0.0689462432637 [0.117944292724] [0.0199481938034]
0.07186696212755 [0.123363465071] [0.0203704591841]
0.0736847659573 [0.126755297184] [0.0206142347306]
0.0734082832933 [0.126500055194] [0.0203165113926]
0.07093597669165 [0.122513048351] [0.0193589050323]
0.06750734150395 [0.116996861994] [0.0180178210139]
0.0644332617519 [0.112210065126] [0.0166564583778]
0.06272066105179999 [0.109605789185] [0.0158355329186]
0.06239306740445 [0.109110511839] [0.0156756229699]
0.0633664950728 [0.110474333167] [0.0162586569786]
0.0647110575811 [0.111813619733] [0.0176084954292]
0.0653281705456 [0.111266151071] [0.0193901900202]
0.0639845738187 [0.107062280178] [0.0209068674594]
0.0607423288748 [0.0996399521828] [0.0218447055668]
0.05576146021485 [0.089469358325] [0.0220535621047]
0.049566125497249994 [0.0773015469313] [0.0218307040632]
0.04323497600855 [0.0647697746754] [0.0217001773417]
0.03751175291835 [0.0532852299511] [0.0217382758856]
0.0331202223897 [0.0441277958453] [0.0221126489341]
0.03057078644635 [0.0384599901736] [0.0226815827191]
0.0295448098332 [0.0358031690121] [0.0232864506543]
0.0290867164731 [0.0345476716757] [0.0236257612705]
0.0290703354403 [0.0340623296797] [0.0240783412009]
0.0293818414211 [0.0338377319276] [0.0249259509146]
0.029848951846350003 [0.0336207933724] [0.0260771103203]
0.03042159229515 [0.0334359258413] [0.027407258749]
0.03106675855815 [0.0333158522844] [0.0288176648319]
0.03163695707915 [0.0336008220911] [0.0296730920672]
0.0325804622844 [0.0346397794783] [0.0305211450905]
0.033841894939550005 [0.0363141074777] [0.0313696824014]
0.0355944689363 [0.0384568534791] [0.0327320843935]
0.038309084251549996 [0.0411709137261] [0.035447254777]
0.04249729774895 [0.0448889024556] [0.0401056930423]
0.0490365680307 [0.0504919961095] [0.0475811399519]
0.05869009904565 [0.0583814159036] [0.0589987821877]
0.07085288688540001 [0.0685226172209] [0.0731831565499]
0.08301874995229999 [0.0796381086111] [0.0863993912935]
0.089892257005 [0.0867595225573] [0.0930249914527]
0.0922338627279 [0.0915515944362] [0.0929161310196]
0.09250332042575 [0.0961762592196] [0.0888303816319]
0.0931411907078 [0.101156704128] [0.0851256772876]
0.09124249592405001 [0.102305822074] [0.0801791697741]
0.08324599266055 [0.0939958021045] [0.0724961832166]
0.07163530960680001 [0.0791269168258] [0.0641437023878]
0.06141192652285 [0.0649090260267] [0.057914827019]
0.05403995513915 [0.0552874654531] [0.0527924448252]
0.04945269972085 [0.0502052903175] [0.0487001091242]
0.04717220924795 [0.048509541899] [0.0458348765969]
0.046543247997800005 [0.0492321327329] [0.0438543632627]
0.0463033821434 [0.0516418889165] [0.0409648753703]
0.046702923253149994 [0.0553669929504] [0.0380388535559]
0.0475820209831 [0.0597662515938] [0.0353977903724]
0.048603489995 [0.0639485493302] [0.0332584306598]
0.0491269957274 [0.0665879771113] [0.0316660143435]
0.0489473519847 [0.0671801492572] [0.0307145547122]
0.048247394152 [0.0662625357509] [0.0302322525531]
0.04786108061675 [0.0657382383943] [0.0299839228392]
0.0492255836725 [0.068469107151] [0.029982060194]
0.05388605315235 [0.0770054236054] [0.0307666826993]
0.0628560278565 [0.0925886407495] [0.0331234149635]
0.07087452150875 [0.108625628054] [0.0331234149635]
0.07130684889875 [0.109490282834] [0.0331234149635]
0.06327197887005 [0.0934205427766] [0.0331234149635]
0.0539810154587 [0.0748386159539] [0.0331234149635]
0.04773105308415 [0.0623386912048] [0.0331234149635]
0.0445122998208 [0.0559011846781] [0.0331234149635]
0.0425524208695 [0.0519814267755] [0.0331234149635]
0.041318822652100004 [0.0495142303407] [0.0331234149635]
0.040361462160950004 [0.0475995093584] [0.0331234149635]
0.0396451279521 [0.0461668409407] [0.0331234149635]
0.03913266956805 [0.0451419241726] [0.0331234149635]
0.038684479892250004 [0.044245544821] [0.0331234149635]
0.0380873400718 [0.0430512651801] [0.0331234149635]
0.037321781739600005 [0.0415201485157] [0.0331234149635]
0.036698676645749995 [0.040273938328] [0.0331234149635]
0.03688064590095 [0.0406378768384] [0.0331234149635]
0.0388138499111 [0.0445042848587] [0.0331234149635]
0.043483771383749995 [0.053844127804] [0.0331234149635]
0.052063548937449994 [0.0710036829114] [0.0331234149635]
0.0647355709225 [0.0963477268815] [0.0331234149635]
0.07737914659075 [0.121634878218] [0.0331234149635]
0.08426660858075 [0.135409802198] [0.0331234149635]
0.08594965748475 [0.138775900006] [0.0331234149635]
0.08531593345124999 [0.137508451939] [0.0331234149635]
0.08306731097424999 [0.133011206985] [0.0331234149635]
0.08049878291774999 [0.127874150872] [0.0331234149635]
0.07859216444175 [0.12406091392] [0.0331234149635]
0.07796208001675 [0.12280074507] [0.0331234149635]
0.07700414024275 [0.120884865522] [0.0331234149635]
0.07504071108975 [0.116958007216] [0.0331234149635]
0.07367302663625 [0.114222638309] [0.0331234149635]
0.07271097786725 [0.112298540771] [0.0331234149635]
