M B1 B2
0.032494205981500004 [0.0318649969995] [0.0331234149635]
0.03199034556745 [0.0308572761714] [0.0331234149635]
0.03201482910665 [0.0309062432498] [0.0331234149635]
0.03301826119425 [0.032913107425] [0.0331234149635]
0.035562759265300004 [0.0380021035671] [0.0331234149635]
0.039933936670450004 [0.0467444583774] [0.0331234149635]
0.0449472758919 [0.0567711368203] [0.0331234149635]
0.046662891283650004 [0.0602023676038] [0.0331234149635]
0.0428024362773 [0.0524814575911] [0.0331234149635]
0.0372811742127 [0.0414389334619] [0.0331234149635]
0.033138331025849996 [0.0331532470882] [0.0331234149635]
0.03066597133875 [0.028208527714] [0.0331234149635]
0.029290943406550002 [0.0254584718496] [0.0331234149635]
0.028602803125999998 [0.0240821912885] [0.0331234149635]
0.0283099869266 [0.0234965588897] [0.0331234149635]
0.0281440280378 [0.0231646411121] [0.0331234149635]
0.02789644431325 [0.022669473663] [0.0331234149635]
0.027644789777699998 [0.0221661645919] [0.0331234149635]
0.027379804290849998 [0.0216361936182] [0.0331234149635]
0.0271966159344 [0.0212698169053] [0.0331234149635]
0.027163435705 [0.0212034564465] [0.0331234149635]
0.0272944914177 [0.0214655678719] [0.0331234149635]
0.02757107745855 [0.0220187399536] [0.0331234149635]
0.028008057735850002 [0.0228927005082] [0.0331234149635]
0.0286189634353 [0.0241145119071] [0.0331234149635]
0.02929465379565 [0.0254658926278] [0.0331234149635]
0.029736109077949997 [0.0263488031924] [0.0331234149635]
0.029750342480849998 [0.0263772699982] [0.0331234149635]
0.0294561656192 [0.0257889162749] [0.0331234149635]
0.029129689559349997 [0.0251359641552] [0.0331234149635]
0.02904500812295 [0.0249666012824] [0.0331234149635]
0.02937788609415 [0.0256323572248] [0.0331234149635]
0.03022750560195 [0.0273315962404] [0.0331234149635]
0.03162535559385 [0.0301272962242] [0.0331234149635]
0.0330858733505 [0.0330483317375] [0.0331234149635]
0.034020287916049996 [0.0349171608686] [0.0331234149635]
0.03412343002855 [0.0351234450936] [0.0331234149635]
0.03361012227835 [0.0340968295932] [0.0331234149635]
0.0329736918211 [0.0328239686787] [0.0331234149635]
0.032877372577800004 [0.0326313301921] [0.0331234149635]
0.03395650722085 [0.0347895994782] [0.0331234149635]
0.03702488541605 [0.0409263558686] [0.0331234149635]
0.04330791160465 [0.0534924082458] [0.0331234149635]
0.0534149352461 [0.0737064555287] [0.0331234149635]
0.06559215672315 [0.0980608984828] [0.0331234149635]
0.07271433435375 [0.112305253744] [0.0331234149635]
0.07193257473425 [0.110741734505] [0.0331234149635]
0.06915091536925 [0.105178415775] [0.0331234149635]
0.06683292053624999 [0.100542426109] [0.0331234149635]
0.06516367755829999 [0.0972039401531] [0.0331234149635]
0.06336463056505 [0.0936058461666] [0.0331234149635]
0.06158698908985 [0.0900505632162] [0.0331234149635]
0.0602322090417 [0.0873410031199] [0.0331234149635]
0.059455463662749994 [0.085787512362] [0.0331234149635]
0.059281354770050004 [0.0854392945766] [0.0331234149635]
0.05969388969245 [0.0862643644214] [0.0331234149635]
0.059625407680899994 [0.0861274003983] [0.0331234149635]
0.0583656001836 [0.0836077854037] [0.0331234149635]
0.0570499096066 [0.0809764042497] [0.0331234149635]
0.0571128781885 [0.0811023414135] [0.0331234149635]
0.05818157829345 [0.0832397416234] [0.0331234149635]
0.059311894699950005 [0.0855003744364] [0.0331234149635]
0.057811765000249996 [0.082500115037] [0.0331234149635]
0.0521882008761 [0.0712529867887] [0.0331234149635]
0.0445438735187 [0.0559643320739] [0.0331234149635]
0.03801335953175 [0.0429033041] [0.0331234149635]
0.0336142666638 [0.0341051183641] [0.0331234149635]
0.0309022702277 [0.0286811254919] [0.0331234149635]
0.029222069308150002 [0.0253207236528] [0.0331234149635]
0.0280657922849 [0.0230081696063] [0.0331234149635]
0.02713750489055 [0.0211515948176] [0.0331234149635]
0.026359513401999997 [0.0195956118405] [0.0331234149635]
0.02574194129555 [0.0183604676276] [0.0331234149635]
0.0253471089527 [0.0175708029419] [0.0331234149635]
0.02518373634665 [0.0172440577298] [0.0331234149635]
0.025220238603649997 [0.0173170622438] [0.0331234149635]
0.025450201705099998 [0.0177769884467] [0.0331234149635]
0.0258847968653 [0.0186461787671] [0.0331234149635]
0.02667240891605 [0.0202214028686] [0.0331234149635]
0.0280606932938 [0.0229979716241] [0.0331234149635]
0.03036509267985 [0.0276067703962] [0.0331234149635]
0.033878069371 [0.0346327237785] [0.0331234149635]
0.0389863625169 [0.0448493100703] [0.0331234149635]
0.045885792002099995 [0.0586481690407] [0.0331234149635]
0.054774889722449996 [0.0764263644814] [0.0331234149635]
0.0653343740851 [0.0975453332067] [0.0331234149635]
0.07750258408475 [0.121881753206] [0.0331234149635]
0.09028115682325 [0.147438898683] [0.0331234149635]
0.10187060199675 [0.17061778903] [0.0331234149635]
0.10944241844125 [0.185761421919] [0.0331234149635]
0.11507939361024999 [0.197035372257] [0.0331234149635]
0.12021942995474999 [0.207315444946] [0.0331234149635]
0.12371971271925 [0.214316010475] [0.0331234149635]
0.12095975689574999 [0.208796098828] [0.0331234149635]
0.11549489013875 [0.197866365314] [0.0331234149635]
