0.0462293503806 [0.03008778207] [0.0623709186912]
0.0480662761256 [0.030626675114] [0.0655058771372]
0.05268722027545 [0.0320489853621] [0.0733254551888]
0.0603429917246 [0.0339258424938] [0.0867601409554]
0.06969216838485 [0.0350929945707] [0.104291342199]
0.07773924060185 [0.0352483205497] [0.120230160654]
0.0804715901614 [0.0344537645578] [0.126489415765]
0.07827758416515 [0.0334404557943] [0.123114712536]
0.07482215762135 [0.0326905995607] [0.116953715682]
0.0728101544081 [0.0324286147952] [0.113191694021]
0.07338684611 [0.032770793885] [0.114002898335]
0.07526238821430001 [0.0339064635336] [0.116618312895]
0.0785352457317 [0.0352208800614] [0.121849611402]
0.08070050925005 [0.0349526107311] [0.126448407769]
0.08162356354305 [0.0331533737481] [0.130093753338]
0.08149095904065 [0.0311020370573] [0.131879881024]
0.08107443526385 [0.0294302925467] [0.132718577981]
0.08094227407115 [0.0281822700053] [0.133702278137]
0.08182398416105 [0.0274136252701] [0.136234343052]
0.08443141262995 [0.0272761788219] [0.141586646438]
0.08929470460885 [0.0280817057937] [0.150507703424]
0.0953425066544 [0.0299278590828] [0.160757154226]
0.1013958286495 [0.03255308792] [0.170238569379]
0.10564884729685001 [0.0355228222907] [0.175774872303]
0.1063777823001 [0.0383703745902] [0.17438519001]
0.10485849715755 [0.0408215709031] [0.168895423412]
0.102814551443 [0.042856566608] [0.162772536278]
0.1022482477126 [0.0458190962672] [0.158677399158]
0.1040771603584 [0.0499335378408] [0.158220782876]
0.10762197896850001 [0.054982803762] [0.160261154175]
0.1117455679921 [0.0609355904162] [0.162555545568]
0.11510566622025001 [0.0665256381035] [0.163685694337]
0.1175486259164 [0.0720371380448] [0.163060113788]
0.11840191856005 [0.0775931403041] [0.159210696816]
0.11768539622415 [0.0817551091313] [0.153615683317]
0.11243942007405 [0.0794025138021] [0.145476326346]
0.1031394638123 [0.0715154632926] [0.134763464332]
0.09289376065115 [0.0639567375183] [0.121830783784]
0.08548864908515 [0.0595401339233] [0.111437164247]
0.08046822994945001 [0.0579004660249] [0.103035993874]
0.07834558561445 [0.0581135824323] [0.0985775887966]
0.07964903861285 [0.059476941824] [0.0998211354017]
0.0823124740272 [0.0608897544444] [0.10373519361]
0.08554648049155 [0.0619438104331] [0.10914915055]
0.0886126458646 [0.0624683573842] [0.114756934345]
0.09063751623055 [0.0622587352991] [0.119016297162]
0.09146532975125 [0.0613949634135] [0.121535696089]
0.0913992263375 [0.06044126302] [0.122357189655]
0.09160349518050001 [0.060531578958] [0.122675411403]
0.093815885484 [0.063697591424] [0.123934179544]
0.09994353726505001 [0.0722192749381] [0.127667799592]
0.11177701130525 [0.0883304700255] [0.135223552585]
0.1311950236555 [0.11511413753] [0.147275909781]
0.1609611213205 [0.159619987011] [0.16230225563]
0.1966005042195 [0.219845503569] [0.17335550487]
0.2190290614965 [0.255018472672] [0.183039650321]
0.2257474809885 [0.250472962856] [0.201021999121]
0.2287671491505 [0.23821900785] [0.219315290451]
0.222197651863 [0.214670404792] [0.229724898934]
0.19851786643250002 [0.174408584833] [0.222627148032]
0.16611291468150002 [0.129177689552] [0.203048139811]
0.1374215409162 [0.0929923802614] [0.181850701571]
0.11893051490175001 [0.0720889642835] [0.16577206552]
0.1090893447401 [0.0625406950712] [0.155637994409]
0.1039706189186 [0.0587650425732] [0.149176195264]
0.09998242743295 [0.0568750239909] [0.143089830875]
0.0966054182499 [0.0554664246738] [0.137744411826]
0.0933538638056 [0.0538529977202] [0.132854729891]
0.09001669660225001 [0.0518875047565] [0.128145888448]
0.08641598559925 [0.0496365092695] [0.123195461929]
0.08270911686134999 [0.0476692579687] [0.117748975754]
0.07903168350459999 [0.0461512431502] [0.111912123859]
0.07611705921575 [0.0450857542455] [0.107148364186]
0.0729585867375 [0.043960954994] [0.101956218481]
0.07012006267905001 [0.0429544001818] [0.0972857251763]
0.06705855578185001 [0.0422003865242] [0.0919167250395]
0.06358996592465 [0.0414257757366] [0.0857541561127]
0.0602858699858 [0.0404123291373] [0.0801594108343]
0.05843786895275 [0.0398343652487] [0.0770413726568]
0.05890369974074999 [0.0399360395968] [0.0778713598847]
0.061268188059300004 [0.0408390909433] [0.0816972851753]
0.0638597737998 [0.0414808355272] [0.0862387120724]
0.06498653069135 [0.0411540418863] [0.0888190194964]
0.06601330451665 [0.041186992079] [0.0908396169543]
0.06791720353065 [0.0417635254562] [0.0940708816051]
0.07035388238725 [0.0426301769912] [0.0980775877833]
0.07257952727395 [0.0433522649109] [0.101806789637]
0.07355811819455 [0.0427456051111] [0.104370631278]
0.0724747255447 [0.0402217656374] [0.104727685452]
0.06952024623764999 [0.0355859026313] [0.103454589844]
0.06720762047920001 [0.0310557130724] [0.103359527886]
0.0677799098195 [0.028837159276] [0.106722660363]
0.0714124962688 [0.0286898612976] [0.11413513124]
0.07730589620795 [0.0301518850029] [0.124459907413]
0.08314935676730001 [0.0324519239366] [0.133846789598]
