0.1230568680912 [0.0611283518374] [0.184985384345]
0.1343796215952 [0.0673638507724] [0.201395392418]
0.14252598583675 [0.0713194310665] [0.213732540607]
0.14664886891835 [0.0718099474907] [0.221487790346]
0.1474156938493 [0.0700102224946] [0.224821165204]
0.14583469554805 [0.0684669390321] [0.223202452064]
0.14305172115575 [0.0694338828325] [0.216669559479]
0.14385075494625 [0.0743637904525] [0.21333771944]
0.150541950017 [0.083979062736] [0.217104837298]
0.16281649842855 [0.0976687893271] [0.22796420753]
0.1774920187895 [0.11269017309] [0.242293864489]
0.190730754286 [0.122669585049] [0.258791923523]
0.1966970972715 [0.124424986541] [0.268969208002]
0.1931453980505 [0.118352241814] [0.267938554287]
0.17237588763215 [0.0940404832363] [0.250711292028]
0.13553882762775 [0.0568392798305] [0.214238375425]
0.09843993280079999 [0.0306961704046] [0.166183695197]
0.07051836792395 [0.0177136678249] [0.123323068023]
0.052962718531499996 [0.0117637850344] [0.0941616520286]
0.043107838369899995 [0.0089303124696] [0.0772853642702]
0.03814706788397 [0.00751376571134] [0.0687803700566]
0.035902468021985 [0.00680349301547] [0.0650014430285]
0.034830011893075004 [0.00646027270705] [0.0631997510791]
0.033864017808795 [0.00628570886329] [0.0614423267543]
0.03215650143101 [0.00616518501192] [0.0581478178501]
0.03006861987522 [0.00605407496914] [0.0540831647813]
0.028183659771475 [0.00593552412465] [0.0504317954183]
0.026901221834125 [0.00578810833395] [0.0480143353343]
0.02645259653218 [0.00566889951006] [0.0472362935543]
0.026836165692665 [0.00559098180383] [0.0480813495815]
0.028193940874195 [0.00567705091089] [0.0507108308375]
0.031038261717200002 [0.0061095575802] [0.0559669658542]
0.036396993091345003 [0.00725162355229] [0.0655423626304]
0.045581866521375 [0.00990730617195] [0.0812564268708]
0.0589133482426 [0.0161590836942] [0.101667612791]
0.0750437444075 [0.031139684841] [0.118947803974]
0.0927980579434 [0.0610317662358] [0.124564349651]
0.1058027818801 [0.0926114544272] [0.118994109333]
0.1096444167195 [0.106164984405] [0.113123849034]
0.1089183725415 [0.106649965048] [0.111186780035]
0.107592817396 [0.1043824628] [0.110803171992]
0.10449385270455 [0.0989827588201] [0.110004946589]
0.09848849847925001 [0.0892623364925] [0.107714660466]
0.09034859016550001 [0.076797939837] [0.103899240494]
0.08197608217595 [0.0652538239956] [0.0986983403563]
0.07420941442255 [0.0557063892484] [0.0927124395967]
0.06938284076750001 [0.0498556084931] [0.0889100730419]
0.06669121049345 [0.0466754175723] [0.0867070034146]
0.0656740833074 [0.0451034195721] [0.0862447470427]
0.0647510960698 [0.0442468672991] [0.0852553248405]
0.0625850148499 [0.0434758663177] [0.0816941633821]
0.05753560550509999 [0.0410727895796] [0.0739984214306]
0.050251457840200006 [0.0370258018374] [0.063477113843]
0.04332244209945 [0.0333446972072] [0.0533001869917]
0.0380378095433 [0.0304422508925] [0.0456333681941]
0.0349199138582 [0.0287680923939] [0.0410717353225]
0.03385983314365 [0.0285672377795] [0.0391524285078]
0.03443218301985 [0.0297052469105] [0.0391591191292]
0.0359516907483 [0.0316119417548] [0.0402914397418]
0.0381526388228 [0.0340991355479] [0.0422061420977]
0.0407940167934 [0.0367355793715] [0.0448524542153]
0.04306988045575 [0.0382075533271] [0.0479322075844]
0.044194053858500004 [0.0377616509795] [0.0506264567375]
0.043766425922500005 [0.036042958498] [0.051489893347]
0.0428484156728 [0.0341321527958] [0.0515646785498]
0.0412001106888 [0.0325229205191] [0.0498773008585]
0.03915662132205 [0.0319286435843] [0.0463845990598]
0.03694761916995 [0.0323000848293] [0.0415951535106]
0.040001468732950005 [0.0348551608622] [0.0451477766037]
