0.0404738644138 [0.0158321578056] [0.065115571022]
0.04098154231905 [0.0162620320916] [0.0657010525465]
0.04197959322480001 [0.0169670823961] [0.0669921040535]
0.0431380737573 [0.0179393105209] [0.0683368369937]
0.04365618620065 [0.0189396832138] [0.0683726891875]
0.04286243766545 [0.0198310166597] [0.0658938586712]
0.041192621924 [0.0204267334193] [0.0619585104287]
0.039442672394200004 [0.0206913854927] [0.0581939592957]
0.0381540795788 [0.0207877252251] [0.0555204339325]
0.038151887245500005 [0.0212529804558] [0.0550507940352]
0.040007410571 [0.0227545537055] [0.0572602674365]
0.044361204840249996 [0.0263996105641] [0.0623227991164]
0.05196838267145 [0.0340734608471] [0.0698633044958]
0.061282230541100005 [0.0471854545176] [0.0753790065646]
0.06372184306385001 [0.0549451336265] [0.0724985525012]
0.0530383642763 [0.0423000119627] [0.0637767165899]
0.04081583488735 [0.0269594024867] [0.054672267288]
0.03354849573225 [0.0181071776897] [0.0489898137748]
0.0300124674104 [0.0136966919526] [0.0463282428682]
0.02931379713115 [0.0116508416831] [0.0469767525792]
0.030642553232599998 [0.0109204482287] [0.0503646582365]
0.03277225699275 [0.0110203269869] [0.0545241869986]
0.0348295145668 [0.0117323519662] [0.0579266771674]
0.0363450199366 [0.0128635168076] [0.0598265230656]
0.03740429645405 [0.0141905499622] [0.0606180429459]
0.03811506275085 [0.0153764169663] [0.0608537085354]
0.03866184223445 [0.0162805672735] [0.0610431171954]
0.03902846574785 [0.0168249830604] [0.0612319484353]
0.03948668576775 [0.0172498375177] [0.0617235340178]
0.0405160449445 [0.0178701356053] [0.0631619542837]
0.0426497422159 [0.0190323442221] [0.0662671402097]
0.0462445607409 [0.0210947673768] [0.071394354105]
0.0514150308445 [0.0245800856501] [0.0782499760389]
0.0572557160631 [0.0301534254104] [0.0843580067158]
0.06286705099045001 [0.0385500229895] [0.0871840789914]
0.06957583315675 [0.0499393306673] [0.0892123356462]
0.0772453099489 [0.0627459660172] [0.0917446538806]
0.0846300907433 [0.0721465796232] [0.0971136018634]
0.08896949514745 [0.0731552839279] [0.104783706367]
0.08597079664485 [0.0650175511837] [0.106924042106]
0.08012985438084999 [0.0556816011667] [0.104578107595]
0.07435830496265 [0.0484596528113] [0.100256957114]
0.07057036086915 [0.0440269857645] [0.0971137359738]
0.06835299730305 [0.0414333418012] [0.0952726528049]
0.06706341356039999 [0.0396498665214] [0.0944769605994]
0.06606718525290001 [0.0379728451371] [0.0941615253687]
0.06512247771025 [0.0361360087991] [0.0941089466214]
0.06478862836954999 [0.0342018455267] [0.0953754112124]
0.0647381786257 [0.0323132388294] [0.097163118422]
0.06341716460885 [0.0307058952749] [0.0961284339428]
0.0621448708698 [0.0295515116304] [0.0947382301092]
0.06174956820905 [0.0288763083518] [0.0946228280663]
0.0625496217981 [0.0287663135678] [0.0963329300284]
0.06482597812995 [0.0291608348489] [0.100491121411]
0.06844110135015 [0.0299170855433] [0.106965117157]
0.07354709878555 [0.0312728434801] [0.115821354091]
0.0782353170217 [0.0334061682224] [0.123064465821]
0.08157275430845 [0.0356847606599] [0.127460747957]
0.0849814768878 [0.0378647111356] [0.13209824264]
0.0878490228204 [0.0402980484068] [0.135399997234]
0.09108475595735 [0.0443123728037] [0.137857139111]
0.09500838257385 [0.0509879030287] [0.139028862119]
0.09939903579645001 [0.0606179796159] [0.138180091977]
0.10347790271044999 [0.0713224261999] [0.135633379221]
0.10625886172079999 [0.0792897343636] [0.133227989078]
0.10797224566329999 [0.0824246034026] [0.133519887924]
0.10929844155905 [0.0827944204211] [0.135802462697]
0.11006732285035 [0.0826025158167] [0.137532129884]
0.11029036715604999 [0.0829959437251] [0.137584790587]
0.11101552098994999 [0.0880901962519] [0.133940845728]
0.11258963867999999 [0.100080423057] [0.125098854303]
0.1186126619575 [0.120115801692] [0.117109522223]
0.1303495168685 [0.148483112454] [0.112215921283]
0.146100383252 [0.179318651557] [0.112882114947]
0.15969712659750002 [0.203318357468] [0.116075895727]
0.169888310134 [0.218746617436] [0.121030002832]
0.17539639770999998 [0.223042562604] [0.127750232816]
0.1819451898335 [0.22604341805] [0.137846961617]
0.1850866004825 [0.221209779382] [0.148963421583]
0.186621569097 [0.214545875788] [0.158697262406]
0.188754655421 [0.21117182076] [0.166337490082]
0.190950661898 [0.208526208997] [0.173375114799]
0.1937169656155 [0.204879656434] [0.182554274797]
0.1982671245935 [0.20198468864] [0.194549560547]
0.2047080621125 [0.201973319054] [0.207442805171]
0.2134988978505 [0.202954575419] [0.224043220282]
0.22270406782649999 [0.202625975013] [0.24278216064]
0.2254735603925 [0.195250883698] [0.255696237087]
0.21804259717449997 [0.181724131107] [0.254361063242]
0.20469897240399998 [0.158696129918] [0.25070181489]
0.19235076010250002 [0.138667866588] [0.246033653617]
0.1842503920195 [0.127209022641] [0.241291761398]
0.17885279655449998 [0.123169213533] [0.234536379576]
0.175584930927 [0.122946582735] [0.228223279119]
0.174886904657 [0.125782579184] [0.22399123013]
0.1755892261865 [0.13070820272] [0.220470249653]
0.176033742726 [0.136625856161] [0.215441629291]
0.17481492459800002 [0.141436323524] [0.208193525672]
0.171053595841 [0.144835844636] [0.197271347046]
0.1654544919725 [0.14401961863] [0.186889365315]
0.15554190427050002 [0.135636106133] [0.175447702408]
0.1475452706215 [0.126163706183] [0.16892683506]
0.141423076391 [0.119710355997] [0.163135796785]
0.1385772265495 [0.117807663977] [0.159346789122]
0.13733666017649998 [0.116967566311] [0.157705754042]
0.1338759437205 [0.111648619175] [0.156103268266]
0.12778667733095 [0.0979027375579] [0.157670617104]
0.1174581125377 [0.0810017585754] [0.1539144665]
0.11058116704224999 [0.0663758814335] [0.154786452651]
0.10970414429915001 [0.0570163428783] [0.16239194572]
0.11267110705395 [0.0520204305649] [0.173321783543]
0.11711133830225001 [0.0496082268655] [0.184614449739]
0.12099440023319999 [0.0486933365464] [0.19329546392]
0.1235255431385 [0.048513840884] [0.198537245393]
0.12492884695529999 [0.0487117916346] [0.201145902276]
0.1262051928787 [0.0489300079644] [0.203480377793]
0.128407044336 [0.048924934119] [0.207889154553]
0.1317092645913 [0.0484965629876] [0.214921966195]
0.1355630941689 [0.0481224432588] [0.223003745079]
0.1382988449188 [0.0477401576936] [0.228857532144]
0.13949854113170002 [0.0483907051384] [0.230606377125]
