0.04125935956835 [0.0542011633515] [0.0283175557852]
0.0400013038889 [0.0513195805252] [0.0286830272526]
0.0403421605006 [0.0515476949513] [0.0291366260499]
0.0411860207096 [0.0528875999153] [0.0294844415039]
0.047386258840550005 [0.0532798282802] [0.0414926894009]
0.05624185316265 [0.052206620574] [0.0602770857513]
0.062408776953799996 [0.0514321736991] [0.0733853802085]
0.06339668482540001 [0.0508762523532] [0.0759171172976]
0.06454397924245 [0.0511705838144] [0.0779173746705]
0.06575006805360001 [0.0517117492855] [0.0797883868217]
0.06666978448625 [0.0505890101194] [0.0827505588531]
0.0678312405944 [0.0494743585587] [0.0861881226301]
0.06890900433065 [0.0486603975296] [0.0891576111317]
0.07021722756325 [0.0486576743424] [0.0917767807841]
0.07161511853335 [0.0495664179325] [0.0936638191342]
0.0732613950968 [0.0510742813349] [0.0954485088587]
0.0750845782459 [0.0524864420295] [0.0976827144623]
0.0774012506006 [0.0533175691962] [0.101484932005]
0.08105860836815 [0.0534848310053] [0.108632385731]
0.0874404683708 [0.0534303337336] [0.121450603008]
0.0998841896652 [0.0541209578514] [0.145647421479]
0.11804455332445 [0.0563474111259] [0.179741695523]
0.13534232229005 [0.0595426857471] [0.211141958833]
0.142796318978 [0.062738545239] [0.222854092717]
0.1467581726612 [0.0664199218154] [0.227096423507]
0.15190815180525 [0.0721821039915] [0.231634199619]
0.15596037358019998 [0.0778098106384] [0.234110936522]
0.1451045535507 [0.0732305273414] [0.21697857976]
0.1198685709388 [0.0531064905226] [0.186630651355]
0.09583327733 [0.03390256688] [0.15776398778]
0.0786189138889 [0.0231071859598] [0.134130641818]
0.0681851785631 [0.0179403536022] [0.118430003524]
0.06277904380115 [0.0155071560293] [0.110050931573]
0.0608920641242 [0.0143384188414] [0.107445709407]
0.06116079865005 [0.0136911412701] [0.10863045603]
0.0624133748934 [0.0132043864578] [0.111622363329]
0.06377834174805 [0.0127224866301] [0.114834196866]
0.06478724395845 [0.0122027723119] [0.117371715605]
0.06514769652865 [0.0116252647713] [0.118670128286]
0.06477718101835 [0.0110593000427] [0.118495061994]
0.0639128508044 [0.0106755513698] [0.117150150239]
0.06255585933115 [0.0106132971123] [0.11449842155]
0.0620421459896 [0.0110897552222] [0.112994536757]
0.0633023362609 [0.0124173425138] [0.114187330008]
0.06636940035984999 [0.0152052734047] [0.117533527315]
0.0683728987349 [0.0204197335988] [0.116326063871]
0.0677200639619 [0.0289053041488] [0.106534823775]
0.067060444504 [0.0399650633335] [0.0941558256745]
0.066325770691 [0.0496595613658] [0.0829919800162]
0.0654570683837 [0.0555531084538] [0.0753610283136]
0.065397284925 [0.0590265616775] [0.0717680081725]
0.067028965801 [0.0628047510982] [0.0712531805038]
0.0688016079366 [0.0653819516301] [0.0722212642431]
0.070302862674 [0.0674254670739] [0.0731802582741]
0.07104913517835 [0.0689182132483] [0.0731800571084]
0.07117598503825 [0.070261105895] [0.0720908641815]
0.071191906929 [0.0719116926193] [0.0704721212387]
0.07126528024675 [0.0735916718841] [0.0689388886094]
0.0714330300689 [0.0747731998563] [0.0680928602815]
0.0721272602677 [0.0754155218601] [0.0688389986753]
0.0752621926367 [0.0774435549974] [0.073080830276]
0.0829280912876 [0.0829449817538] [0.0829112008214]
0.09949380904454999 [0.0959338694811] [0.103053748608]
0.1298202350735 [0.121894016862] [0.137746453285]
0.16731489449749998 [0.153541401029] [0.181088387966]
0.19152742624250002 [0.168564289808] [0.214490562677]
0.19214192777900002 [0.162668451667] [0.221615403891]
0.1762444078925 [0.13810454309] [0.214384272695]
0.1573757119475 [0.104679696262] [0.210071727633]
0.14417792856715 [0.0775060355663] [0.210849821568]
0.13830835931025 [0.0612842701375] [0.215332448483]
0.1357635594903 [0.0531155243516] [0.218411594629]
0.1358452886345 [0.050671979785] [0.221018597484]
0.1367416922003 [0.0516597665846] [0.221823617816]
0.13759803585705 [0.0540362708271] [0.221159800887]
0.1378831174225 [0.056329306215] [0.21943692863]
0.1374517828227 [0.0579994767904] [0.216904088855]
0.1359362099319 [0.0589436031878] [0.212928816676]
0.13277038559305 [0.0588002279401] [0.206740543246]
0.12904389575115 [0.0577862486243] [0.200301542878]
0.12426867522285 [0.0569448955357] [0.19159245491]
0.11987051554040001 [0.0566590763628] [0.183081954718]
0.1165188662709 [0.0580931976438] [0.174944534898]
0.11610130593160001 [0.0625295564532] [0.16967305541]
0.1172223165629 [0.0712400525808] [0.163204580545]
0.119720507413 [0.085489474237] [0.153951540589]
0.12545517832050002 [0.103495121002] [0.147415235639]
0.131169740111 [0.119644276798] [0.142695203424]
0.1344808265565 [0.129323855042] [0.139637798071]
0.135795712471 [0.133281871676] [0.138309553266]
0.1346008330585 [0.132031694055] [0.137169972062]
0.12453133612850001 [0.115797117352] [0.133265554905]
0.10871361568565 [0.0922709926963] [0.125156238675]
0.09569842368375 [0.0767829194665] [0.114613927901]
0.08642219007009999 [0.0675984546542] [0.105245925486]
0.0817827321588 [0.0628511086106] [0.100714355707]
0.0804905500263 [0.0613647289574] [0.0996163710952]
