M B1 B2
0.02998900227245 [0.0145449005067] [0.0454331040382]
0.03035386791455 [0.0154900951311] [0.045217640698]
0.03131931181995 [0.0170294996351] [0.0456091240048]
0.03252246882765 [0.0188799519092] [0.0461649857461]
0.0336662316695 [0.0209543053061] [0.0463781580329]
0.03446409944445 [0.0230783578008] [0.0458498410881]
0.0348993418738 [0.0251875091344] [0.0446111746132]
0.03483154438435 [0.0268395580351] [0.0428235307336]
0.0345415957272 [0.0280020162463] [0.0410811752081]
0.0350220920518 [0.029037469998] [0.0410067141056]
0.0377945182845 [0.0309892278165] [0.0445998087525]
0.04373344965275 [0.0347725488245] [0.052694350481]
0.052872342988850005 [0.0403675325215] [0.0653771534562]
0.06149417720735 [0.0458451546729] [0.0771431997418]
0.0648960955441 [0.0485772117972] [0.081214979291]
0.0640307441354 [0.0484874919057] [0.0795739963651]
0.060795938596099997 [0.0465528927743] [0.0750389844179]
0.056720992550249996 [0.044007923454] [0.0694340616465]
0.052608862519249996 [0.0412402078509] [0.0639775171876]
0.04966577887535 [0.0384904071689] [0.0608411505818]
0.04831831343475 [0.0365035273135] [0.060133099556]
0.048702616244549995 [0.0361570268869] [0.0612482056022]
0.05060587264595 [0.0374412946403] [0.0637704506516]
0.05270269140600001 [0.0397657603025] [0.0656396225095]
0.05278969183564999 [0.0423685312271] [0.0632108524442]
0.049671974033150004 [0.0433473736048] [0.0559965744615]
0.0467463247478 [0.0429802797735] [0.0505123697221]
0.04552787728605 [0.0422334782779] [0.0488222762942]
0.04590375348924999 [0.0420048572123] [0.0498026497662]
0.04750845208765 [0.0423156730831] [0.0527012310922]
0.0493806116283 [0.0425533205271] [0.0562079027295]
0.050657527521249995 [0.0420237071812] [0.0592913478613]
0.05123701132835 [0.0409910604358] [0.0614829622209]
0.05119927413765 [0.0398109816015] [0.0625875666738]
0.05063508078455 [0.0386641845107] [0.0626059770584]
0.0491703040898 [0.0370580330491] [0.0612825751305]
0.046726979315249995 [0.0345231518149] [0.0589308068156]
0.04404819384215 [0.0316660478711] [0.0564303398132]
0.0427123988047 [0.030144771561] [0.0552800260484]
0.04367301426825 [0.0304063297808] [0.0569396987557]
0.0469443462789 [0.0324440971017] [0.0614445954561]
0.05223413556815 [0.0358359664679] [0.0686323046684]
0.058720819652050005 [0.0394190996885] [0.0780225396156]
0.0635432433337 [0.0417980439961] [0.0852884426713]
0.06565041281285 [0.0433560945094] [0.0879447311163]
0.06566272117195 [0.0446604900062] [0.0866649523377]
0.0658235382289 [0.0461164452136] [0.0855306312442]
0.0665872134268 [0.0474835783243] [0.0856908485293]
0.06771529465915 [0.0484691858292] [0.0869614034891]
0.06922375410795001 [0.0492984354496] [0.0891490727663]
0.07206002995375001 [0.0509575456381] [0.0931625142694]
0.0778285097329 [0.0551600717008] [0.100496947765]
0.0886923708022 [0.0642883852124] [0.113096356392]
0.10894193127730001 [0.0823665484786] [0.135517314076]
0.143696911633 [0.114711001515] [0.172682821751]
0.186676055193 [0.158763051033] [0.214589059353]
0.2212686017155 [0.199990704656] [0.242546498775]
0.2294768989085 [0.215517297387] [0.24343650043]
0.21019282192 [0.196017622948] [0.224368020892]
0.169442385435 [0.148257240653] [0.190627530217]
0.12483092769995 [0.0985953137279] [0.151066541672]
0.09174101427180001 [0.0664831250906] [0.116998903453]
0.071230372414 [0.0491656847298] [0.0932950600982]
0.0597685854882 [0.0406239666045] [0.0789132043719]
0.05376954749230001 [0.0366699844599] [0.0708691105247]
0.05027188546955 [0.0346123762429] [0.0659313946962]
0.046354513615399995 [0.032386276871] [0.0603227503598]
0.040519154630600004 [0.0289674531668] [0.0520708560944]
0.034696992486699996 [0.0252604447305] [0.0441335402429]
0.030245998874299997 [0.0223271399736] [0.038164857775]
0.0274461852387 [0.0203655008227] [0.0345268696547]
0.025961838662599997 [0.0191649906337] [0.0327586866915]
0.02531130705025 [0.0185353402048] [0.0320872738957]
0.024541071616100002 [0.0180329494178] [0.0310491938144]
0.022894331254100002 [0.0171857401729] [0.0286029223353]
0.0206816205755 [0.0159815736115] [0.0253816675395]
0.01884195487945 [0.0150236561894] [0.0226602535695]
0.0177788939327 [0.0145302619785] [0.0210275258869]
0.017367747612299998 [0.0144106894732] [0.0203248057514]
0.01735267415645 [0.0144977476448] [0.0202076006681]
0.0174969090149 [0.0146512128413] [0.0203426051885]
0.0176693131216 [0.0148402741179] [0.0204983521253]
0.01800570357595 [0.0151844620705] [0.0208269450814]
0.0185903934762 [0.0156630724669] [0.0215177144855]
0.01950026862325 [0.0163376629353] [0.0226628743112]
0.020581720396899997 [0.0171917937696] [0.0239716470242]
0.0214779479429 [0.0179615020752] [0.0249943938106]
0.02199095208195 [0.0184669215232] [0.0255149826407]
0.022771487943849998 [0.0192415304482] [0.0263014454395]
0.024894069880250003 [0.0209571253508] [0.0288310144097]
0.0297013670206 [0.024405606091] [0.0349971279502]
0.0391424512491 [0.0309372004122] [0.047347702086]
0.056857345625750004 [0.0436463095248] [0.0700683817267]
0.08662958815710001 [0.0666561424732] [0.106603033841]
0.12267651036395 [0.0985674038529] [0.146785616875]
0.136171590537 [0.114413507283] [0.157929673791]
0.10384649783395 [0.0871561095119] [0.120536886156]
0.07017038576305 [0.0584385581315] [0.0819022133946]
0.05050190538165 [0.0422597788274] [0.0587440319359]
0.04020087420945 [0.0343739278615] [0.0460278205574]
0.03474130108955 [0.0304572694004] [0.0390253327787]
0.0319852028042 [0.0285788998008] [0.0353915058076]
0.0307167582214 [0.0276619754732] [0.0337715409696]
0.030100912787050002 [0.0270448867232] [0.0331569388509]
0.0295823784545 [0.0264166984707] [0.0327480584383]
0.028979985974750003 [0.0257895309478] [0.0321704410017]
0.028280232101699998 [0.0252778157592] [0.0312826484442]
0.027635271661 [0.0249228589237] [0.0303476843983]
0.027136852964749998 [0.0246045235544] [0.0296691823751]
0.0269250785932 [0.0242728795856] [0.0295772776008]
0.02694187220185 [0.0238622035831] [0.0300215408206]
0.0274587897584 [0.0236095841974] [0.0313079953194]
0.02922115195545 [0.0239842440933] [0.0344580598176]
0.0337276402861 [0.0257414951921] [0.0417137853801]
0.0444595795125 [0.0306863971055] [0.0582327619195]
0.06822671927509999 [0.0423304773867] [0.0941229611635]
0.11333640664809999 [0.0640159845352] [0.162656828761]
0.16922517865885 [0.0890445560217] [0.249405801296]
0.2004164904355 [0.104572892189] [0.296260088682]
0.21399404853600001 [0.114428088069] [0.313560009003]
0.2235146984455 [0.124944552779] [0.322084844112]
0.2288280501965 [0.136776670814] [0.320879429579]
0.2354448884725 [0.148842304945] [0.322047472]
0.243390157819 [0.159621924162] [0.327158391476]
0.2518841400745 [0.168885752559] [0.33488252759]
0.260017469525 [0.178570449352] [0.341464489698]
0.26527810096750004 [0.188190191984] [0.342366009951]
0.2714708298445 [0.194887816906] [0.348053842783]
0.280564598739 [0.201333388686] [0.359795808792]
0.29158271104100003 [0.210514292121] [0.372651129961]
0.30263297259800004 [0.224811285734] [0.380454659462]
0.31269025802600003 [0.239585012197] [0.385795503855]
0.31869740039149996 [0.248925402761] [0.388469398022]
0.320308044553 [0.252703756094] [0.387912333012]
0.3172945305705 [0.248506352305] [0.386082708836]
0.3111616447565 [0.238902106881] [0.383421182632]
0.3039326146245 [0.227891877294] [0.379973351955]
0.297302618623 [0.218201875687] [0.376403361559]
0.29114665090999997 [0.212068378925] [0.370224922895]
0.2866470888255 [0.209442332387] [0.363851845264]
0.277864947915 [0.202164083719] [0.353565812111]
0.265091955662 [0.195183902979] [0.335000008345]
0.2474498674275 [0.187531664968] [0.307368069887]
0.2178320512175 [0.177593424916] [0.258070677519]
0.1776330173015 [0.165921002626] [0.189345031977]
0.1406328305605 [0.152188241482] [0.129077419639]
0.11301819235069999 [0.136195644736] [0.0898407399654]
0.09539500623944999 [0.12334933877] [0.0674406737089]
