M B1 B2
0.10173984244445 [0.106667257845] [0.0968124270439]
0.10079897195105 [0.105988636613] [0.0956093072891]
0.10152297466985 [0.107095479965] [0.0959504693747]
0.10545317083610001 [0.112308084965] [0.0985982567072]
0.112505298108 [0.12170830369] [0.103302292526]
0.1185410879555 [0.127402722836] [0.109679453075]
0.11700133979300001 [0.116650663316] [0.11735201627]
0.10727801173905 [0.0869365334511] [0.127619490027]
0.09906874038300001 [0.057971123606] [0.14016635716]
0.0969856604933 [0.0396185964346] [0.154352724552]
0.09733740612854999 [0.0296517238021] [0.165023088455]
0.09867907129249999 [0.02460802719] [0.172750115395]
0.09421174880125 [0.0221855621785] [0.166237935424]
0.07890434004365 [0.0208105631173] [0.13699811697]
0.0600585620852 [0.0197284407914] [0.100388683379]
0.0461641792208 [0.0186176858842] [0.0737106725574]
0.0376557344571 [0.017554609105] [0.0577568598092]
0.03240479622035 [0.016833467409] [0.0479761250317]
0.02896162308755 [0.0164544731379] [0.0414687730372]
0.02645395416765 [0.0163907203823] [0.036517187953]
0.02457898575815 [0.0165610741824] [0.0325968973339]
0.0235136942938 [0.017188642174] [0.0298387464136]
0.02360684704035 [0.018594244495] [0.0286194495857]
0.025158511474749998 [0.0213566403836] [0.0289603825659]
0.028014508076 [0.0257989298552] [0.0302300862968]
0.0318592879921 [0.0318421497941] [0.0318764261901]
0.036018373444650004 [0.0384826622903] [0.033554084599]
0.0395241975784 [0.0439824275672] [0.0350659675896]
0.04225324466825 [0.0478122830391] [0.0366942062974]
0.0454416591674 [0.0519738644361] [0.0389094538987]
0.05073759704825 [0.0591661185026] [0.0423090755939]
0.0590245611966 [0.0709028989077] [0.0471462234855]
0.0694949608296 [0.0854987427592] [0.0534911789]
0.08079616539185 [0.100066676736] [0.0615256540477]
0.09162642061685 [0.110436931252] [0.0728159099817]
0.1026273183525 [0.116367943585] [0.08888669312]
0.1148300841455 [0.119079343975] [0.110580824316]
0.12606785446399998 [0.118219360709] [0.133916348219]
0.133604079485 [0.114081531763] [0.153126627207]
0.13872808963049998 [0.110875755548] [0.166580423713]
0.143470522016 [0.110819660127] [0.176121383905]
0.1509368419645 [0.113928437233] [0.187945246696]
0.157616883516 [0.118778735399] [0.196455031633]
0.16190593317149998 [0.12235558778] [0.201456278563]
0.159872863442 [0.113183550537] [0.206562176347]
0.1434383839368 [0.0794678777456] [0.207408890128]
0.1192759685218 [0.0431343242526] [0.195417612791]
0.09292439278215 [0.0229334961623] [0.162915289402]
0.0708550331184 [0.0134812528268] [0.12822881341]
0.055747136473694996 [0.00902260839939] [0.102471664548]
0.046820966526875 [0.00685461983085] [0.0867873132229]
0.040355616481975 [0.00585294747725] [0.0748582854867]
0.035042817238705 [0.00547047425061] [0.0646151602268]
0.03036221023648 [0.00541171617806] [0.0553127042949]
0.026714487699795002 [0.00551931327209] [0.0479096621275]
0.024282098282134998 [0.00566544104367] [0.0428987555206]
0.023037523264075002 [0.00579778896645] [0.0402772575617]
0.022629855200670002 [0.00595132634044] [0.0393083840609]
0.022634940454725 [0.00609372975305] [0.0391761511564]
0.02273154631255 [0.0062479712069] [0.0392151214182]
0.022801971994345 [0.00642743520439] [0.0391765087843]
0.022960318252465 [0.00673002004623] [0.0391906164587]
0.02343434770589 [0.00739219645038] [0.0394764989614]
0.02436832198872 [0.00871655810624] [0.0400200858712]
0.0259153312072 [0.0112605970353] [0.0405700653791]
0.02844874653965 [0.015961272642] [0.0409362204373]
0.0326712457463 [0.0239423494786] [0.041400142014]
0.039557838812499996 [0.0355651378632] [0.0435505397618]
0.0496699567884 [0.0496911779046] [0.0496487356722]
0.0658715814352 [0.0683807060122] [0.0633624568582]
0.09316727519035001 [0.0964168459177] [0.089917704463]
0.1348309218885 [0.142005696893] [0.127656146884]
0.177887506783 [0.189112365246] [0.16666264832]
0.20164758712050002 [0.213560983539] [0.189734190702]
0.206133954227 [0.214392438531] [0.197875469923]
0.20262888819 [0.205546304584] [0.199711471796]
0.1981192082165 [0.197321563959] [0.198916852474]
0.194300748408 [0.19190838933] [0.196693107486]
0.1933511644605 [0.191689357162] [0.195012971759]
0.19524150341750002 [0.195563852787] [0.194919154048]
0.1970326453445 [0.200003325939] [0.19406196475]
0.1999849006535 [0.204853489995] [0.195116311312]
0.204277418554 [0.210112988949] [0.198441848159]
0.2073243632915 [0.215876594186] [0.198772132397]
0.20324292033949998 [0.217682898045] [0.188802942634]
0.1898518055675 [0.213834017515] [0.16586959362]
0.16875492036349998 [0.200238585472] [0.137271255255]
0.1433973535895 [0.174961924553] [0.111832782626]
0.12338807433825 [0.153272643685] [0.0935035049915]
0.1076965145767 [0.135615631938] [0.0797773972154]
0.09253097325555 [0.117347113788] [0.0677148327231]
0.07664711587129999 [0.0974693894386] [0.055824842304]
0.06255690567194999 [0.0793492048979] [0.045764606446]
0.0522184576839 [0.0653544962406] [0.0390824191272]
