M B1 B2
0.11347819864730001 [0.0564197450876] [0.170536652207]
0.1258714012802 [0.0657301172614] [0.186012685299]
0.141117628664 [0.079262830317] [0.202972427011]
0.15004203841115 [0.0942273512483] [0.205856725574]
0.1500879377125 [0.106057241559] [0.194118633866]
0.1393528059125 [0.109675362706] [0.169030249119]
0.122329760343 [0.104466713965] [0.140192806721]
0.10217858105875 [0.0928604751825] [0.111496686935]
0.08563577383755 [0.0799311995506] [0.0913403481245]
0.07417545467615 [0.0694073289633] [0.078943580389]
0.0674156546593 [0.0621995404363] [0.0726317688823]
0.06407045573 [0.0578533187509] [0.0702875927091]
0.0630763899535 [0.0559403859079] [0.0702123939991]
0.06360444612800001 [0.0561790280044] [0.0710298642516]
0.0652849134058 [0.0587393604219] [0.0718304663897]
0.0673285238445 [0.0626180842519] [0.0720389634371]
0.0692936554551 [0.0670946165919] [0.0714926943183]
0.0706882365048 [0.0710783451796] [0.07029812783]
0.07078098505735 [0.0723425224423] [0.0692194476724]
0.06964840367434999 [0.0701759532094] [0.0691208541393]
0.06843918561935 [0.0657113865018] [0.0711669847369]
0.06869579106570001 [0.0618284270167] [0.0755631551147]
0.06962311640385 [0.0597509965301] [0.0794952362776]
0.0699733924121 [0.0591592676938] [0.0807875171304]
0.0690223556012 [0.0589013956487] [0.0791433155537]
0.06666777282955 [0.0591468513012] [0.0741886943579]
0.06261097453535 [0.0585238821805] [0.0666980668902]
0.05771895870565 [0.0566959232092] [0.0587419942021]
0.0534318685532 [0.0540492460132] [0.0528144910932]
0.050422474741949996 [0.0512400977314] [0.0496048517525]
0.0490301810205 [0.0493083298206] [0.0487520322204]
0.0488628409803 [0.0484553538263] [0.0492703281343]
0.049409871920950005 [0.0485880859196] [0.0502316579223]
0.050567733123900005 [0.0501113012433] [0.0510241650045]
0.051922794431449995 [0.0525005310774] [0.0513450577855]
0.05338431708515 [0.0555896833539] [0.0511789508164]
0.05464385449885 [0.0588084347546] [0.0504792742431]
0.0558515805751 [0.0623076334596] [0.0493955276906]
0.057519035413850006 [0.0662983730435] [0.0487396977842]
0.059932237491000004 [0.0705330446362] [0.0493314303458]
0.06373445689679999 [0.0754056796432] [0.0520632341504]
0.0706069711596 [0.0827289670706] [0.0584849752486]
0.08152750134465 [0.0930255129933] [0.070029489696]
0.0967260450125 [0.105395808816] [0.088056281209]
0.11621310934449999 [0.120266541839] [0.11215967685]
0.13601065427050002 [0.132911458611] [0.13910984993]
0.145326524973 [0.137585550547] [0.153067499399]
0.1395330131055 [0.133195772767] [0.145870253444]
0.127866104245 [0.122214466333] [0.133517742157]
0.111660178751 [0.104476556182] [0.11884380132]
0.09610123187280001 [0.0862118825316] [0.105990581214]
0.0819737687707 [0.0703721120954] [0.093575425446]
0.06689838692545 [0.0570866912603] [0.0767100825906]
0.053275231271949997 [0.0459519959986] [0.0605984665453]
0.0433505941182 [0.0371807478368] [0.0495204403996]
0.0370996054262 [0.0312087759376] [0.0429904349148]
0.033341055735950004 [0.0272298529744] [0.0394522584975]
0.030932922847549997 [0.0245756488293] [0.0372901968658]
0.02873683068905 [0.0221961345524] [0.0352775268257]
0.026267291978 [0.0199010036886] [0.0326335802674]
0.0238845925778 [0.0178584009409] [0.0299107842147]
0.0221492825076 [0.0164209064096] [0.0278776586056]
0.0213148351759 [0.0157051943243] [0.0269244760275]
0.021333619952199998 [0.0157241169363] [0.0269431229681]
0.021918086335049998 [0.0162953156978] [0.0275408569723]
0.02277150470765 [0.0172636117786] [0.0282793976367]
0.023731384426349998 [0.01851914078] [0.0289436280727]
0.0247589088976 [0.0199390687048] [0.0295787490904]
0.0260669393465 [0.0216019395739] [0.0305319391191]
0.02759371791035 [0.0233738850802] [0.0318135507405]
0.028594088740649996 [0.0244679432362] [0.0327202342451]
0.0276433918625 [0.0236768610775] [0.0316099226475]
0.0255828164518 [0.022258721292] [0.0289069116116]
0.0238567236811 [0.0212930887938] [0.0264203585684]
0.02327531110495 [0.0211404003203] [0.0254102218896]
0.0240434827283 [0.0218704920262] [0.0262164734304]
0.025661179795899998 [0.0230359975249] [0.0282863620669]
0.027260168455550002 [0.023969264701] [0.0305510722101]
0.0280303573236 [0.0242483969778] [0.0318123176694]
0.0280499365181 [0.0239907689393] [0.0321091040969]
0.027826088480649998 [0.0236607249826] [0.0319914519787]
0.027531969360999997 [0.0234146174043] [0.0316493213177]
0.02733317855745 [0.0233616810292] [0.0313046760857]
0.027283810079100003 [0.0234616547823] [0.0311059653759]
0.02784261386845 [0.0239813756198] [0.0317038521171]
0.030079785734400004 [0.025697350502] [0.0344622209668]
0.03570688515905 [0.0299408398569] [0.0414729304612]
0.047743044793600004 [0.0390622131526] [0.0564238764346]
0.0729352198541 [0.059625826776] [0.0862446129322]
0.120620124042 [0.103501915932] [0.137738332152]
0.18523745983849998 [0.169459760189] [0.201015159488]
0.223167024553 [0.205932989717] [0.240401059389]
0.2347873672845 [0.21169488132] [0.257879853249]
0.242096565664 [0.212953463197] [0.271239668131]
0.244767591357 [0.211057126522] [0.278478056192]
0.24697110801900002 [0.208241268992] [0.285700947046]
0.2476123273375 [0.204891353846] [0.290333300829]
0.2463511526585 [0.20134884119] [0.291353464127]
0.24432267993700002 [0.1980599612] [0.290585398674]
0.24092676490550002 [0.193831548095] [0.288021981716]
0.23297240585100001 [0.184834674001] [0.281110137701]
0.2190936505795 [0.169541358948] [0.268645942211]
0.1986397057775 [0.150028958917] [0.247250452638]
0.17730846256 [0.131552994251] [0.223063930869]
