0.0283614266664 [0.0274597089738] [0.029263144359]
0.028321182355299998 [0.0278659593314] [0.0287764053792]
0.02809859253465 [0.0279271863401] [0.0282699987292]
0.027735374867900002 [0.0276717841625] [0.0277989655733]
0.02739795669915 [0.0274693705142] [0.0273265428841]
0.02739593200385 [0.0278288703412] [0.0269629936665]
0.0277258204296 [0.0289956331253] [0.0264560077339]
0.0281621525064 [0.0306978430599] [0.0256264619529]
0.0290258806199 [0.0328585878015] [0.0251931734383]
0.030593785457300002 [0.0357294380665] [0.0254581328481]
0.03208963293585 [0.0382638536394] [0.0259154122323]
0.0336576802656 [0.0409917496145] [0.0263236109167]
0.03549755644055 [0.044382981956] [0.0266121309251]
0.03717466630045 [0.0484312139452] [0.0259181186557]
0.03825186844915 [0.0527092590928] [0.0237944778055]
0.0396021110937 [0.05777156353] [0.0214326586574]
0.04321664851155001 [0.0667342767119] [0.0196990203112]
0.04946987144645 [0.0800474286079] [0.018892314285]
0.057326810434449996 [0.0958884805441] [0.0187651403248]
0.06147129647445 [0.104234300554] [0.0187082923949]
0.0619825161993 [0.105218566954] [0.0187464654446]
0.062043644487800004 [0.105218566954] [0.0188687220216]
0.062136811204200004 [0.105218566954] [0.0190550554544]
0.06216339115045 [0.105218566954] [0.0191082153469]
0.0620012842118 [0.105218566954] [0.0187840014696]
0.061506664380350004 [0.105218566954] [0.0177947618067]
0.06069686356925 [0.105218566954] [0.0161751601845]
0.05985943228 [0.105218566954] [0.014500297606]
0.0593486176803 [0.105218566954] [0.0134786684066]
0.05935637652865 [0.105218566954] [0.0134941861033]
0.05935637652865 [0.105218566954] [0.0134941861033]
0.05935637652865 [0.105218566954] [0.0134941861033]
0.05935637652865 [0.105218566954] [0.0134941861033]
0.05935637652865 [0.105218566954] [0.0134941861033]
0.05935637652865 [0.105218566954] [0.0134941861033]
0.0828961860388 [0.105218566954] [0.0605738051236]
0.08183617331080001 [0.105218566954] [0.0584537796676]
0.07667401432985 [0.105218566954] [0.0481294617057]
0.0712675005197 [0.105218566954] [0.0373164340854]
0.0675255907699 [0.105218566954] [0.0298326145858]
0.06537987664335 [0.105218566954] [0.0255411863327]
0.06438463274385 [0.105218566954] [0.0235506985337]
0.06401428021485 [0.105218566954] [0.0228099934757]
0.0640506986528 [0.105218566954] [0.0228828303516]
0.0642556017264 [0.105218566954] [0.0232926364988]
0.0644830744713 [0.105218566954] [0.0237475819886]
0.0646419236436 [0.105218566954] [0.0240652803332]
0.06447413098060001 [0.105218566954] [0.0237296950072]
0.0639521349221 [0.105218566954] [0.0226857028902]
0.063289059326 [0.105218566954] [0.021359551698]
0.0622188849374 [0.105218566954] [0.0192192029208]
0.061287875287150004 [0.105218566954] [0.0173571836203]
0.0609593736007 [0.105218566954] [0.0167001802474]
0.06131708715105 [0.105218566954] [0.0174156073481]
0.06260512024155 [0.105218566954] [0.0199916735291]
0.06477654725305 [0.105218566954] [0.0243345275521]
0.0670705260708 [0.105218566954] [0.0289224851876]
0.06868837960060001 [0.105218566954] [0.0321581922472]
0.034134613349999995 [0.0353357866406] [0.0329334400594]
0.03508625738325 [0.0380693264306] [0.0321031883359]
0.03472183085975 [0.0384213812649] [0.0310222804546]
0.03329033218325 [0.0360796488822] [0.0305010154843]
0.032904200255900004 [0.0332907699049] [0.0325176306069]
0.0333485407755 [0.0310532767326] [0.0356438048184]
0.033761379309 [0.02952327393] [0.037999484688]
0.03400848247115 [0.0280055738986] [0.0400113910437]
0.03327262587845 [0.026085935533] [0.0404593162239]
0.0320590706542 [0.0240025985986] [0.0401155427098]
0.03061731159685 [0.0220175795257] [0.039217043668]
0.02935376483945 [0.0202655177563] [0.0384420119226]
0.028234826400849997 [0.0182070061564] [0.0382626466453]
0.027575446292749998 [0.0164300389588] [0.0387208536267]
0.02704549161715 [0.0149186728522] [0.0391723103821]
0.026482140179749997 [0.0137351145968] [0.0392291657627]
0.02613457711415 [0.0131212742999] [0.0391478799284]
0.026085687335600002 [0.013029887341] [0.0391414873302]
0.026724364608550003 [0.0133844278753] [0.0400643013418]
0.02736849198115 [0.0139895835891] [0.0407474003732]
0.0276412507519 [0.0145679246634] [0.0407145768404]
0.02764357393605 [0.0149004748091] [0.040386673063]
0.0275681563653 [0.0152547257021] [0.0398815870285]
0.02793565951285 [0.0159736536443] [0.0398976653814]
0.02879022061825 [0.0171129778028] [0.0404674634337]
0.0302058421075 [0.0187199376523] [0.0416917465627]
0.03192896861585 [0.0206037517637] [0.043254185468]
0.03328886441885 [0.0226060114801] [0.0439717173576]
0.0347068430856 [0.0248467605561] [0.0445669256151]
0.03655672818425 [0.027404550463] [0.0457089059055]
0.038661845028400005 [0.0299296341836] [0.0473940558732]
0.0402149967849 [0.0315827094018] [0.048847284168]
0.0408501084894 [0.031952559948] [0.0497476570308]
0.0407563280314 [0.0314745530486] [0.0500381030142]
0.0404439168051 [0.0308844987303] [0.0500033348799]
0.0398012353107 [0.0304475892335] [0.0491548813879]
0.038808377459650004 [0.0301201120019] [0.0474966429174]
0.0376552278176 [0.0300085749477] [0.0453018806875]
0.03679293394085 [0.0304772816598] [0.0431085862219]
0.03650548309085 [0.0315440520644] [0.0414669141173]
0.0369200352579 [0.0333972200751] [0.0404428504407]
0.03764665685595 [0.0354478210211] [0.0398454926908]
0.03817840851845 [0.0369519814849] [0.039404835552]
