0.0169310132042 [0.0182468183339] [0.0156152080745]
0.017190321348599998 [0.0179030299187] [0.0164776127785]
0.0179627100006 [0.0182820539922] [0.017643366009]
0.019046252593400002 [0.0192863158882] [0.0188061892986]
0.019818661734450002 [0.020576916635] [0.0190604068339]
0.020611298270499998 [0.0215354878455] [0.0196871086955]
0.0207081250846 [0.0217655189335] [0.0196507312357]
0.019762031734 [0.0205725952983] [0.0189514681697]
0.01811345573515 [0.0181620568037] [0.0180648546666]
0.017790267244 [0.0180088244379] [0.0175717100501]
0.017793033272 [0.017975596711] [0.017610469833]
0.0181072782725 [0.0182356927544] [0.0179788637906]
0.018722564913349997 [0.0189889203757] [0.018456209451]
0.0196797484532 [0.0204131528735] [0.0189463440329]
0.0208681365475 [0.0223111193627] [0.0194251537323]
0.021782151423400002 [0.0240141414106] [0.0195501614362]
0.0211586728692 [0.0227671843022] [0.0195501614362]
0.0198173793033 [0.0200845971704] [0.0195501614362]
0.0183886429295 [0.0172271244228] [0.0195501614362]
0.0171750294976 [0.014799897559] [0.0195501614362]
0.0164529220201 [0.013355682604] [0.0195501614362]
0.01594877056775 [0.0123473796993] [0.0195501614362]
0.01594483992085 [0.0123395184055] [0.0195501614362]
0.0173587310128 [0.0151673005894] [0.0195501614362]
0.0173587310128 [0.0151673005894] [0.0195501614362]
0.0173587310128 [0.0151673005894] [0.0195501614362]
0.0173587310128 [0.0151673005894] [0.0195501614362]
0.0173587310128 [0.0151673005894] [0.0195501614362]
0.01125067146496 [0.0151673005894] [0.00733404234052]
0.011713716667155 [0.0151673005894] [0.00826013274491]
0.01258455123755 [0.0151673005894] [0.0100018018857]
0.013374036177999999 [0.0157505609095] [0.0109975114465]
0.013374036177999999 [0.0157505609095] [0.0109975114465]
0.013374036177999999 [0.0157505609095] [0.0109975114465]
0.013374036177999999 [0.0157505609095] [0.0109975114465]
0.013374036177999999 [0.0157505609095] [0.0109975114465]
0.01844324171545 [0.0258889719844] [0.0109975114465]
0.01800352614375 [0.025009540841] [0.0109975114465]
0.01797632314265 [0.0249551348388] [0.0109975114465]
0.0182698266581 [0.0255421418697] [0.0109975114465]
0.01924697356295 [0.0266561489552] [0.0118377981707]
0.0211314265616 [0.0281922165304] [0.0140706365928]
0.024338138289749997 [0.0300752408803] [0.0186010356992]
0.032246053218850004 [0.0320458188653] [0.0324462875724]
0.03050731960685 [0.0337139889598] [0.0273006502539]
0.02498707687485 [0.035058811307] [0.0149153424427]
0.02225701091809 [0.0360777340829] [0.00843628775328]
0.021138318581499997 [0.036534845829] [0.005741791334]
0.020659208530575 [0.0368024632335] [0.00451595382765]
0.02098573441617 [0.0379274263978] [0.00404404243454]
0.022245484404284997 [0.0404552817345] [0.00403568707407]
0.024107548175384998 [0.0439639016986] [0.00425119465217]
0.025268918834645 [0.0460583083332] [0.00447952933609]
0.024589405860774998 [0.044559750706] [0.00461906101555]
0.02274081017824 [0.0407607480884] [0.00472087226808]
0.02104029757901 [0.0373816527426] [0.00469894241542]
0.020046905614445002 [0.0352990627289] [0.00479474849999]
0.01968471962025 [0.0344268456101] [0.0049425936304]
0.019373699091385 [0.033918928355] [0.00482846982777]
0.01907915854826 [0.0333798713982] [0.00477844569832]
0.019293660763635 [0.0337404310703] [0.00484689045697]
0.01979660661893 [0.0344093292952] [0.00518388394266]
0.02005917043425 [0.0342404320836] [0.0058779087849]
0.019889378454555 [0.0328820869327] [0.00689666997641]
0.019376376178095 [0.0306765902787] [0.00807616207749]
0.018631797749565 [0.0282836519182] [0.00897994358093]
0.018045843578885 [0.0265756454319] [0.00951604172587]
0.018054171931 [0.0259823575616] [0.0101259863004]
0.019110740162399997 [0.0268856976181] [0.0113357827067]
0.0215623555705 [0.0294936988503] [0.0136310122907]
0.025526260025799996 [0.0327164568007] [0.0183360632509]
0.0305963912979 [0.0351556129754] [0.0260371696204]
0.0366877373308 [0.0360662415624] [0.0373092330992]
0.042933968827150004 [0.0352552831173] [0.050612654537]
0.04763768054545 [0.0340242050588] [0.0612511560321]
0.0495976321399 [0.0318770930171] [0.0673181712627]
0.0492622312158 [0.0291504077613] [0.0693740546703]
0.0473090261221 [0.0268711000681] [0.0677469521761]
0.04524388629945 [0.0256357584149] [0.064852014184]
0.04454335663465 [0.025513889268] [0.0635728240013]
0.0463990010321 [0.026585817337] [0.0662121847272]
0.050996027886900004 [0.0285789743066] [0.0734130814672]
0.05639825947585 [0.0306835509837] [0.082112967968]
0.05897847376765 [0.0320239029825] [0.0859330445528]
0.05991208925845 [0.033056512475] [0.0867676660419]
0.0595363732427 [0.0334116183221] [0.0856611281633]
0.058454729616650006 [0.0333050340414] [0.0836044251919]
0.05722975358365 [0.0331344604492] [0.0813250467181]
0.0572220068425 [0.0336684621871] [0.0807755514979]
0.0588220190257 [0.0346873663366] [0.0829566717148]
0.0609746016562 [0.0359256193042] [0.0860235840082]
0.06262677907940001 [0.0375075191259] [0.0877460390329]
0.0609987396747 [0.0396480150521] [0.0823494642973]
0.0533085074276 [0.0417806170881] [0.0648363977671]
0.0427403412759 [0.0424677059054] [0.0430129766464]
0.0341306477785 [0.0405519157648] [0.0277093797922]
0.0275161676109 [0.0360563248396] [0.0189760103822]
0.02262289775535 [0.0306292399764] [0.0146165555343]
0.0192563910969 [0.0259037651122] [0.0126090170816]
0.01698497962205 [0.0222277082503] [0.0117422509938]
0.0154466941021 [0.0196375828236] [0.0112558053806]
0.014385387767100001 [0.0179676115513] [0.0108031639829]
0.0136267035268 [0.016909699887] [0.0103437071666]
0.013123185839525 [0.0162889901549] [0.00995738152415]
0.012808640021835 [0.0159452110529] [0.00967206899077]
0.012739599216710001 [0.0158840231597] [0.00959517527372]
0.012901303824050001 [0.015967797488] [0.0098348101601]
0.0133189042099 [0.0162555165589] [0.0103822918609]
0.0139208533801 [0.0166452229023] [0.0111964838579]
0.014829263556749999 [0.0171138998121] [0.0125446273014]
0.01600332558155 [0.0175088215619] [0.0144978296012]
0.017555608414099998 [0.0178597923368] [0.0172514244914]
0.01966457255185 [0.0183869339526] [0.0209422111511]
0.02282193116845 [0.0196866244078] [0.0259572379291]
0.028325491584850003 [0.0228158365935] [0.0338351465762]
0.0379827171564 [0.0294247381389] [0.0465406961739]
0.0533838104457 [0.0410441271961] [0.0657234936953]
0.07164259254935 [0.0560723990202] [0.0872127860785]
0.08638486638644999 [0.0699546486139] [0.102815084159]
0.09754831343869999 [0.0790350437164] [0.116061583161]
0.10689504444585 [0.0840277969837] [0.129762291908]
0.11446699872595001 [0.0875944718719] [0.14133952558]
0.12049915269004999 [0.0903604701161] [0.150637835264]
0.12287952750904999 [0.0929795056581] [0.15277954936]
0.12316704913955001 [0.0944414362311] [0.151892662048]
0.12197648733835 [0.0938203185797] [0.150132656097]
