0.03337291069325 [0.0265387818217] [0.0402070395648]
0.026235528290250002 [0.020810354501] [0.0316607020795]
0.0212849378586 [0.0173372719437] [0.0252326037735]
0.019161680713300003 [0.0169211942703] [0.0214021671563]
0.01805748138575 [0.0164024271071] [0.0197125356644]
0.0176588082686 [0.0157390069216] [0.0195786096156]
0.01754836551845 [0.0149247683585] [0.0201719626784]
0.017458527348950002 [0.0140396934003] [0.0208773612976]
0.017411388922449998 [0.0131976837292] [0.0216250941157]
0.01742543280125 [0.0125016048551] [0.0223492607474]
0.01752569293605 [0.012013473548] [0.0230379123241]
0.017623614985450002 [0.0115324677899] [0.023714762181]
0.0178505582735 [0.0112687945366] [0.0244323220104]
0.01799072977155 [0.0108872596174] [0.0250941999257]
0.01821638364345 [0.0105302035809] [0.025902563706]
0.01889631059025 [0.0105073563755] [0.027285264805]
0.0205797976814 [0.0114761861041] [0.0296834092587]
0.027128058485649996 [0.0212232302874] [0.0330328866839]
0.03019804228095 [0.0239742454141] [0.0364218391478]
0.0325301429257 [0.0267785545439] [0.0382817313075]
0.033583678305149994 [0.0292106196284] [0.0379567369819]
0.03376135230065 [0.0307841524482] [0.0367385521531]
0.0333229377866 [0.0307666137815] [0.0358792617917]
0.03167294245215 [0.0276884753257] [0.0356574095786]
0.029507158324100002 [0.0227177105844] [0.0362966060638]
0.027027592062950002 [0.0183221623302] [0.0357330217957]
0.0235731462017 [0.0155503470451] [0.0315959453583]
0.020307485014200002 [0.0140958223492] [0.0265191476792]
0.0175603637472 [0.0140958223492] [0.0210249051452]
0.0152652510442 [0.014154070057] [0.0163764320314]
0.0135317896493 [0.0139243490994] [0.0131392301992]
0.0123481503688 [0.0135378893465] [0.0111584113911]
0.01152455899865 [0.0129749095067] [0.0100742084906]
0.010989887174235 [0.0123781114817] [0.00960166286677]
0.01058538304644 [0.0117139583454] [0.00945680774748]
0.01024075970052 [0.0110573135316] [0.00942420586944]
0.009929615072915 [0.0104479910806] [0.00941123906523]
0.009633047971875 [0.00989869330078] [0.00936740264297]
0.00934186205268 [0.00940179359168] [0.00928193051368]
0.009255168493840001 [0.00940179359168] [0.009108543396]
0.009107465855780001 [0.00940179359168] [0.00881313811988]
0.008927958086135 [0.00940179359168] [0.00845412258059]
0.008831012062730001 [0.00940179359168] [0.00826023053378]
0.026593436021360002 [0.0447407886386] [0.00844608340412]
0.02571776416152 [0.0421265773475] [0.00930895097554]
0.0264063370414 [0.041809450835] [0.0110032232478]
0.028450077399599996 [0.0433476306498] [0.0135525241494]
0.0312611144036 [0.045719653368] [0.0168025754392]
0.03406174108385 [0.0478428378701] [0.0202806442976]
0.036358897574249996 [0.0490961410105] [0.023621654138]
0.0380979012698 [0.0493163093925] [0.0268794931471]
0.0393535988405 [0.0488681569695] [0.0298390407115]
0.04096784070135 [0.0486435517669] [0.0332921296358]
0.043535368517050005 [0.0495779365301] [0.037492800504]
0.047642899677150005 [0.0521176755428] [0.0431681238115]
0.0538824852556 [0.0572923198342] [0.050472650677]
0.06154610775409999 [0.0645380914211] [0.0585541240871]
0.07008767127995 [0.073811121285] [0.0663642212749]
0.0785915516317 [0.0831520557404] [0.074031047523]
0.0879166200757 [0.093887835741] [0.0819454044104]
0.09532061219214999 [0.0994694530964] [0.0911717712879]
0.0974887534976 [0.0958924815059] [0.0990850254893]
0.0904967449605 [0.0833084583282] [0.0976850315928]
0.07869528606529999 [0.0700137391686] [0.087376832962]
0.0683677326888 [0.0603192634881] [0.0764162018895]
0.0624658372253 [0.0549261011183] [0.0700055733323]
0.0597912129015 [0.0526107437909] [0.0669716820121]
0.05849711224435 [0.0514956265688] [0.0654985979199]
0.057332668453500005 [0.0504593700171] [0.0642059668899]
0.05572877265515 [0.048969142139] [0.0624884031713]
0.0537671279162 [0.0468700118363] [0.0606642439961]
0.0515526924282 [0.0443364009261] [0.0587689839303]
0.049442363902949996 [0.0419233515859] [0.05696137622]
0.0471509490162 [0.0399296954274] [0.054372202605]
0.044464619830250005 [0.0377192236483] [0.0512100160122]
0.04197839275005 [0.0356824845076] [0.0482743009925]
0.0398475322872 [0.0343829207122] [0.0453121438622]
0.03787405230105 [0.0343751460314] [0.0413729585707]
0.03604512661695 [0.0358567386866] [0.0362335145473]
0.03498380444945 [0.0389369688928] [0.0310306400061]
0.035168757662149996 [0.0432223603129] [0.0271151550114]
0.03643648326395 [0.0479839928448] [0.0248889736831]
0.0387509232387 [0.0532390549779] [0.0242627914995]
0.04180095810445 [0.0587618649006] [0.0248400513083]
0.04397753626105 [0.0618886314332] [0.0260664410889]
0.044675766490400004 [0.0618886314332] [0.0274629015476]
0.0452109519392 [0.0618886314332] [0.0285332724452]
0.0454370426014 [0.0618886314332] [0.0289854537696]
0.0453616194427 [0.0618886314332] [0.0288346074522]
0.0451142005622 [0.0618886314332] [0.0283397696912]
0.04158317949625 [0.0552260577679] [0.0279403012246]
0.04020770452915 [0.052170202136] [0.0282452069223]
0.0419381083921 [0.0538118258119] [0.0300643909723]
0.045737927779550006 [0.0571949966252] [0.0342808589339]
0.051203828305000004 [0.0600815378129] [0.0423261187971]
0.0585075896233 [0.0612641610205] [0.0557510182261]
