0.010804037097839999 [0.0133902747184] [0.00821779947728]
0.011435867287205 [0.0147447325289] [0.00812700204551]
0.01191414007915 [0.0156240528449] [0.0082042273134]
0.012455654796195 [0.0162879619747] [0.00862334761769]
0.013457789551450001 [0.0172461159527] [0.0096694631502]
0.01504044095055 [0.0182985402644] [0.0117823416367]
0.0174220087938 [0.0193929951638] [0.0154510224238]
0.0204842723906 [0.0205593295395] [0.0204092152417]
0.0234343800694 [0.021888718009] [0.0249800421298]
0.0256003784016 [0.0232297666371] [0.0279709901661]
0.0271954610944 [0.0243859421462] [0.0300049800426]
0.031231134198599998 [0.0310751888901] [0.0313870795071]
0.0351874642074 [0.0374769940972] [0.0328979343176]
0.039011195302 [0.0410032086074] [0.0370191819966]
0.0428471416235 [0.0420587956905] [0.0436354875565]
0.04620222561065 [0.0422978587449] [0.0501065924764]
0.0501182489097 [0.0454245097935] [0.0548119880259]
0.0530407410115 [0.0518736839294] [0.0542077980936]
0.05285381153225 [0.0582642555237] [0.0474433675408]
0.050937717780500005 [0.0626954585314] [0.0391799770296]
0.04944776371120001 [0.0657891854644] [0.033106341958]
0.049479983747 [0.0691640302539] [0.0297959372401]
0.050946476869300004 [0.0731241181493] [0.0287688355893]
0.052239965647449996 [0.0752110555768] [0.0292688757181]
0.052405741997050004 [0.0742412209511] [0.030570263043]
0.0513231419027 [0.0707528218627] [0.0318934619427]
0.050026103854200005 [0.0671193748713] [0.0329328328371]
0.05042101442815 [0.0671193748713] [0.033722653985]
0.050799056887650004 [0.0671193748713] [0.034478738904]
0.05122069455685 [0.0671193748713] [0.0353220142424]
0.051685132086300004 [0.0671193748713] [0.0362508893013]
0.0519717037678 [0.0671193748713] [0.0368240326643]
0.052181061357299996 [0.0671193748713] [0.0372427478433]
0.0525470785797 [0.0671193748713] [0.0379747822881]
0.05341479927305 [0.0671193748713] [0.0397102236748]
0.05497995205225 [0.0671193748713] [0.0428405292332]
0.0571824871004 [0.0671193748713] [0.0472455993295]
0.058662220835699996 [0.0671193748713] [0.0502050668001]
0.0584506876767 [0.0671193748713] [0.0497820004821]
0.056950211525 [0.0671193748713] [0.0467810481787]
0.055185804143549996 [0.0671193748713] [0.0432522334158]
0.0537444893271 [0.0671193748713] [0.0403696037829]
0.05254510045055 [0.0671193748713] [0.0379708260298]
0.051427450031049995 [0.0671193748713] [0.0357355251908]
0.05030292831365 [0.0671193748713] [0.033486481756]
0.0492057166994 [0.0671193748713] [0.0312920585275]
0.0482035437599 [0.0671193748713] [0.0292877126485]
0.04745468404145 [0.0671193748713] [0.0277899932116]
0.0469773318619 [0.0671193748713] [0.0268352888525]
0.0467957891524 [0.0671193748713] [0.0264722034335]
0.04689131397755 [0.0671193748713] [0.0266632530838]
0.03656289633365 [0.0457089878619] [0.0274168048054]
0.0385556863621 [0.0489936321974] [0.0281177405268]
0.040237430483099995 [0.0515719428658] [0.0289029181004]
0.0414928384125 [0.0535605177283] [0.0294251590967]
0.04238296765835 [0.0551143214107] [0.029651613906]
0.04282157029955 [0.0560509748757] [0.0295921657234]
0.0431401738897 [0.05625564605] [0.0300247017294]
0.043473450467 [0.055843912065] [0.031102988869]
0.04410664364695 [0.0552365332842] [0.0329767540097]
0.04528319463135 [0.0547928027809] [0.0357735864818]
0.04731372185050001 [0.0547076538205] [0.0399197898805]
0.0507906600833 [0.0550367310643] [0.0465445891023]
0.0601054299623 [0.0630105957389] [0.0572002641857]
0.0717607140541 [0.073010481894] [0.0705109462142]
0.08054446056485 [0.0815046802163] [0.0795842409134]
0.0881715863943 [0.0871725976467] [0.0891705751419]
0.0972704254091 [0.0923295468092] [0.102211304009]
0.10435641184475 [0.0972676202655] [0.111445203424]
0.107347719371 [0.101099774241] [0.113595664501]
0.108062040061 [0.104398801923] [0.111725278199]
0.1091890409585 [0.107987836003] [0.110390245914]
0.11080230399999999 [0.111267499626] [0.110337108374]
0.113114245236 [0.114013917744] [0.112214572728]
0.115950662643 [0.11623608321] [0.115665242076]
0.1199501119555 [0.119195535779] [0.120704688132]
0.1254089325665 [0.124094828963] [0.12672303617]
0.131630346179 [0.130172491074] [0.133088201284]
0.13865560293200002 [0.137831836939] [0.139479368925]
0.14551194012149998 [0.145798563957] [0.145225316286]
0.1508423909545 [0.151748105884] [0.149936676025]
0.15357311070000002 [0.153894454241] [0.153251767159]
0.15411318093499998 [0.152691453695] [0.155534908175]
0.15434868633749999 [0.14976502955] [0.158932343125]
0.1558697745205 [0.147597372532] [0.164142176509]
0.1592951864 [0.146756187081] [0.171834185719]
0.16358615458 [0.146915346384] [0.180256962776]
0.165241211653 [0.146958395839] [0.183524027467]
0.16332499682899998 [0.145850166678] [0.18079982698]
0.1588486284015 [0.142151534557] [0.175545722246]
0.1522781401875 [0.135280042887] [0.169276237488]
0.1460077390075 [0.127674281597] [0.164341196418]
0.139348868281 [0.119016952813] [0.159680783749]
0.1333732046185 [0.110041745007] [0.15670466423]
0.12896888330599998 [0.103300459683] [0.154637306929]
0.12619502097355 [0.0995901525021] [0.152799889445]
0.1253914460539 [0.0993648469448] [0.151418045163]
0.127840586007 [0.103354737163] [0.152326434851]
0.1328784674405 [0.110993146896] [0.154763787985]
0.1374403014775 [0.118855938315] [0.15602466464]
0.140453699976 [0.124279923737] [0.156627476215]
0.143319517374 [0.127959802747] [0.158679232001]
0.146308757365 [0.13111320138] [0.16150431335]
0.149231746793 [0.13529445231] [0.163169041276]
0.15157545357949997 [0.142284080386] [0.160866826773]
0.1530164778235 [0.153561487794] [0.152471467853]
0.154650121927 [0.170811742544] [0.13848850131]
0.1567346304655 [0.190220981836] [0.123248279095]
0.159944031388 [0.208889946342] [0.110998116434]
0.1626333743335 [0.222189337015] [0.103077411652]
0.16373734548684998 [0.227673113346] [0.0998015776277]
0.1635496579115 [0.226627081633] [0.10047223419]
0.16145802661800002 [0.221123695374] [0.101792357862]
0.158756393939 [0.215343907475] [0.102168880403]
0.155968893319 [0.210661306977] [0.101276479661]
0.1533903107047 [0.20785574615] [0.0989248752594]
0.14907559379925 [0.202892526984] [0.0952586606145]
0.14324251934895 [0.194228410721] [0.0922566279769]
0.13586441054940002 [0.180727943778] [0.0910008773208]
0.1277858838437 [0.163785949349] [0.0917858183384]
0.12195896357295 [0.148768261075] [0.0951496660709]
0.118640653789 [0.136408612132] [0.100872695446]
0.117360316217 [0.126729696989] [0.107990935445]
0.1159704625605 [0.117900148034] [0.114040777087]
0.1136999689045 [0.110262654722] [0.117137283087]
0.1106222048405 [0.104463770986] [0.116780638695]
0.1074534617365 [0.100211232901] [0.114695690572]
0.10531992465275 [0.0971895977855] [0.11345025152]
0.10405848920364999 [0.0950861498713] [0.113030828536]
0.1035689860581 [0.0931121185422] [0.114025853574]
0.10555312782510001 [0.0926346555352] [0.118471600115]
0.1105456799266 [0.0938459783792] [0.127245381474]
0.11631270870579999 [0.0959627106786] [0.136662706733]
0.12169096246385 [0.0995645597577] [0.14381736517]
0.1258086413145 [0.104976922274] [0.146640360355]
0.128368742764 [0.111029371619] [0.145708113909]
0.129841603339 [0.116463571787] [0.143219634891]
0.13133060187099999 [0.120918288827] [0.141742914915]
0.133078917861 [0.123210057616] [0.142947778106]
0.13510997220850002 [0.123685277998] [0.146534666419]
0.136767886579 [0.121705889702] [0.151829883456]
0.13712821900799999 [0.117308825254] [0.156947612762]
0.1362050957975 [0.111918725073] [0.160491466522]
0.135454993695 [0.107044689357] [0.163865298033]
0.135116957128 [0.103853449225] [0.166380465031]
0.1363178789615 [0.103487238288] [0.169148519635]
0.140081319958 [0.105381719768] [0.174780920148]
0.14522683993 [0.107674650848] [0.182779029012]
0.1489092446865 [0.109636463225] [0.188182026148]
0.15133235603599998 [0.109998390079] [0.192666321993]
