0.10308575630184999 [0.141752615571] [0.0644188970327]
0.09216265752925 [0.115380086005] [0.0689452290535]
0.07985930889845 [0.0946614295244] [0.0650571882725]
0.0707387793809 [0.0831412523985] [0.0583363063633]
0.06390137039125 [0.0760926529765] [0.051710087806]
0.0585420113057 [0.0703839734197] [0.0467000491917]
0.054581400007 [0.0657449066639] [0.0434178933501]
0.0513793397695 [0.0612081103027] [0.0415505692363]
0.04806558974085 [0.0570772923529] [0.0390538871288]
0.04459080845115 [0.0536672621965] [0.0355143547058]
0.0413408689201 [0.0512428879738] [0.0314388498664]
0.0385340405628 [0.0498147085309] [0.0272533725947]
0.03623174410315 [0.0489361733198] [0.0235273148865]
0.03429897595195 [0.0481988713145] [0.0203990805894]
0.032794761471449996 [0.0477373152971] [0.0178522076458]
0.03196362033485 [0.0479975007474] [0.0159297399223]
0.032050662674 [0.049400113523] [0.014701211825]
0.0318291047588 [0.049400113523] [0.0142580959946]
0.03189699631185 [0.049400113523] [0.0143938791007]
0.0320249744691 [0.049400113523] [0.0146498354152]
0.0319585544057 [0.049400113523] [0.0145169952884]
0.0315803247504 [0.049400113523] [0.0137605359778]
0.03106662398205 [0.049400113523] [0.0127331344411]
0.01253398088735 [0.0131553187966] [0.0119126429781]
0.012760288547700002 [0.0139957759529] [0.0115248011425]
0.012953420169649999 [0.0141791859642] [0.0117276543751]
0.01329326536505 [0.0140361757949] [0.0125503549352]
0.0138379158452 [0.0137998331338] [0.0138759985566]
0.0146620133892 [0.0137596931309] [0.0155643336475]
0.01568452687935 [0.0140079362318] [0.0173611175269]
0.01668991800395 [0.0142234973609] [0.019156338647]
0.0176131208427 [0.014403832145] [0.0208224095404]
0.01824137661605 [0.0145705863833] [0.0219121668488]
0.01871057692915 [0.0148334857076] [0.0225876681507]
0.0192075227387 [0.0151045108214] [0.023310534656]
0.020089605823150003 [0.015894157812] [0.0242850538343]
0.0212745014578 [0.016940055415] [0.0256089475006]
0.0222530225292 [0.0178458988667] [0.0266601461917]
0.0224424060434 [0.0186794884503] [0.0262053236365]
0.022194279357800002 [0.0201703105122] [0.0242182482034]
0.022198523394800003 [0.0227407626808] [0.0216562841088]
0.02334704156965 [0.0274157617241] [0.0192783214152]
0.0250268829986 [0.0325892604887] [0.0174645055085]
0.02638650126755 [0.0364681519568] [0.0163048505783]
0.02700885385275 [0.0383083969355] [0.01570931077]
0.0278468737379 [0.0400365442038] [0.015657203272]
0.029043328948350003 [0.0420445688069] [0.0160420890898]
0.03058778122065 [0.0442387908697] [0.0169367715716]
0.0321221742779 [0.045944146812] [0.0183002017438]
0.03380342852325 [0.0476232133806] [0.0199836436659]
0.0360505525023 [0.0502970144153] [0.0218040905893]
0.0385350259021 [0.05313488096] [0.0239351708442]
0.0413973862305 [0.0565846338868] [0.0262101385742]
0.045084320940099995 [0.0611477047205] [0.0290209371597]
0.0493023078889 [0.0657085105777] [0.0328961052001]
0.0544404797256 [0.0701629444957] [0.0387180149555]
0.06078090332445 [0.0740801542997] [0.0474816523492]
0.06792561523615 [0.0761465206742] [0.0597047097981]
0.07417989149689999 [0.0740465372801] [0.0743132457137]
0.0769385881722 [0.0660469904542] [0.0878301858902]
0.07449039816854999 [0.0532865747809] [0.0956942215562]
0.07027692347765 [0.0434750244021] [0.0970788225532]
0.06602116487920001 [0.0379460789263] [0.0940962508321]
0.06228859908875 [0.0351096950471] [0.0894675031304]
0.059454346075650005 [0.0337798334658] [0.0851288586855]
0.05690931901335 [0.032929956913] [0.0808886811137]
0.05513551644985 [0.0319369323552] [0.0783341005445]
0.05479425098745 [0.0311533715576] [0.0784351304173]
0.0545604135841 [0.0307773016393] [0.0783435255289]
0.049105145968500005 [0.0311220828444] [0.0670882090926]
0.04261450469495 [0.032059237361] [0.0531697720289]
0.0382160320878 [0.0334934592247] [0.0429386049509]
0.03597335517405 [0.0352856777608] [0.0366610325873]
0.035130061209199995 [0.0376050285995] [0.0326550938189]
0.03549232147635 [0.0410060994327] [0.02997854352]
0.03750772494825 [0.0457271151245] [0.029288334772]
0.03983708657325 [0.050966411829] [0.0287077613175]
0.04198607616125 [0.0557058826089] [0.0282662697136]
0.042442080564800005 [0.0576989799738] [0.0271851811558]
0.04170465189965 [0.0568977482617] [0.0265115555376]
0.0407375479117 [0.0554725751281] [0.0260025206953]
0.0400730976835 [0.0545956008136] [0.0255505945534]
0.0396453831345 [0.0540562272072] [0.0252345390618]
0.0394896781072 [0.0538420528173] [0.0251373033971]
0.039427055045949996 [0.0535058751702] [0.0253482349217]
0.03944144677375 [0.0530030690134] [0.0258798245341]
0.039424970746 [0.0518911145627] [0.0269588269293]
0.03985415864735 [0.0505798533559] [0.0291284639388]
0.0413531064987 [0.0491772852838] [0.0335289277136]
0.0458904244006 [0.0489089265466] [0.0428719222546]
0.04714629240335 [0.0509382523596] [0.0433543324471]
0.050891589373350005 [0.057928353548] [0.0438548251987]
0.05804923176765 [0.071629345417] [0.0444691181183]
0.07392350211734999 [0.095442533493] [0.0524044707417]
0.0961211137476 [0.128450095654] [0.0637921318412]
0.11508002132180001 [0.153126642108] [0.0770334005356]
0.12031189724784999 [0.157274201512] [0.0833495929837]
0.11381567269574999 [0.148654073477] [0.0789772719145]
0.10224301367975 [0.135951980948] [0.0685340464115]
0.09032374992985 [0.124249890447] [0.0563976094127]
0.0803731419145 [0.114828109741] [0.045918174088]
0.07171786762765 [0.10520748049] [0.0382282547653]
0.06376502104105 [0.093880020082] [0.0336500220001]
0.0573232509196 [0.0830023288727] [0.0316441729665]
0.053013127297150006 [0.0748256668448] [0.0312005877495]
0.050623459741499996 [0.0701277256012] [0.0311191938818]
0.0496580088511 [0.0683715119958] [0.0309445057064]
0.0493276594207 [0.0680224001408] [0.0306329187006]
0.0488774906844 [0.0676249265671] [0.0301300548017]
0.0483861146495 [0.067227229476] [0.029544999823]
0.048502413556 [0.0673629567027] [0.0296418704093]
0.0501085845754 [0.0690822154284] [0.0311349537224]
0.0541965663433 [0.0732182115316] [0.035174921155]
0.061761913821099995 [0.0788805484772] [0.044643279165]
0.0732621420175 [0.0849994495511] [0.0615248344839]
0.08676255866884999 [0.0903988108039] [0.0831263065338]
0.09983638674005 [0.0966384187341] [0.103034354746]
0.109906025231 [0.107100129128] [0.112711921334]
0.1183429174125 [0.121483922005] [0.11520191282]
0.1240777894855 [0.134370535612] [0.113785043359]
0.122327141464 [0.135143235326] [0.109511047602]
0.1136612184345 [0.123833112419] [0.10348932445]
