0.02311941701915 [0.0206738002598] [0.0255650337785]
0.02158101182435 [0.0202167797834] [0.0229452438653]
0.02002454921605 [0.019793568179] [0.0202555302531]
0.018445931375000002 [0.0191793069243] [0.0177125558257]
0.0168736497872 [0.0182569585741] [0.0154903410003]
0.01527849072595 [0.016948055476] [0.0136089259759]
0.01370202004905 [0.0153911504894] [0.0120128896087]
0.0121528590098 [0.0136115811765] [0.0106941368431]
0.011765429284415 [0.0136115811765] [0.00991927739233]
0.011889756657149999 [0.0136115811765] [0.0101679321378]
0.01279397774485 [0.0136115811765] [0.0119763743132]
0.0145744299516 [0.0136115811765] [0.0155372787267]
0.0169644812122 [0.0136115811765] [0.0203173812479]
0.01960587967185 [0.0136115811765] [0.0256001781672]
0.0220086723566 [0.0136115811765] [0.0304057635367]
0.02395627461375 [0.0136115811765] [0.034300968051]
0.026032339781499998 [0.0136115811765] [0.0384530983865]
0.02901222743095 [0.0136115811765] [0.0444128736854]
0.0332113113254 [0.0136115811765] [0.0528110414743]
0.037850292399499996 [0.0136115811765] [0.0620890036225]
0.0401166435331 [0.0136115811765] [0.0666217058897]
0.037322755903 [0.0136115811765] [0.0610339306295]
0.032027110457400004 [0.0136115811765] [0.0504426397383]
0.02766277641055 [0.0136115811765] [0.0417139716446]
0.0245809368789 [0.0136115811765] [0.0355502925813]
0.022284679114799998 [0.0136115811765] [0.0309577770531]
0.02051708567885 [0.0136115811765] [0.0274225901812]
0.01912178937345 [0.0136115811765] [0.0246319975704]
0.0180400237441 [0.0136115811765] [0.0224684663117]
0.01737772207705 [0.0136115811765] [0.0211438629776]
0.017109371721749998 [0.0136115811765] [0.020607162267]
0.01708727516235 [0.0136115811765] [0.0205629691482]
0.017124922946099998 [0.0136115811765] [0.0206382647157]
0.017114526592200002 [0.0136115811765] [0.0206174720079]
0.05105736479165 [0.0817334055901] [0.0203813239932]
0.04766757413745 [0.075379639864] [0.0199555084109]
0.043776048347349994 [0.0679052174091] [0.0196468792856]
0.04114060103895 [0.0622011497617] [0.0200800523162]
0.040375837124900005 [0.0585828945041] [0.0221687797457]
0.04203255195175 [0.0565821230412] [0.0274829808623]
0.04659515805545 [0.0560315921903] [0.0371587239206]
0.0527619794011 [0.0565703846514] [0.0489535741508]
0.056217065080999995 [0.0579581409693] [0.0544759891927]
0.057402590289750005 [0.0606161989272] [0.0541889816523]
0.057685539126399996 [0.0640127509832] [0.0513583272696]
0.0580501407385 [0.0675876438618] [0.0485126376152]
0.05882598273455 [0.0715316608548] [0.0461203046143]
0.05907470546665 [0.0737666785717] [0.0443827323616]
0.05896618030965 [0.0741083472967] [0.0438240133226]
0.059444664046199996 [0.0737465769053] [0.0451427511871]
0.061140943318600004 [0.0746318176389] [0.0476500689983]
0.0639621242881 [0.0770082548261] [0.0509159937501]
0.0667758285999 [0.0800854861736] [0.0534661710262]
0.0678317844868 [0.0809421464801] [0.0547214224935]
0.06603504344825 [0.0775689184666] [0.0545011684299]
0.0634682122618 [0.0731239318848] [0.0538124926388]
0.06193275563415 [0.0695991441607] [0.0542663671076]
0.0592770837247 [0.063545204699] [0.0550089627504]
0.0558888334781 [0.0559333115816] [0.0558443553746]
0.052706386894 [0.0492847710848] [0.0561280027032]
0.0501256287098 [0.0440611951053] [0.0561900623143]
0.0476800147444 [0.0401337780058] [0.055226251483]
0.045824484899650006 [0.0374938547611] [0.0541551150382]
0.0440066512674 [0.0356912538409] [0.0523220486939]
0.0412513911724 [0.0342647731304] [0.0482380092144]
0.03852806612845 [0.0330990105867] [0.0439571216702]
0.03667701408265 [0.0324076786637] [0.0409463495016]
0.03557803295555 [0.0323317945004] [0.0388242714107]
