0.0358490291983 [0.0284825563431] [0.0432155020535]
0.03309717122465 [0.0270303916186] [0.0391639508307]
0.031548834405850004 [0.0264257546514] [0.0366719141603]
0.030574868433200002 [0.0259752031416] [0.0351745337248]
0.029605624266 [0.0256363693625] [0.0335748791695]
0.02823323756455 [0.0253898575902] [0.0310766175389]
0.02651997562495 [0.0252389423549] [0.027801008895]
0.024790662340799997 [0.0250983200967] [0.0244830045849]
0.0233500013128 [0.024939224124] [0.0217607785016]
0.022129663266250002 [0.0245599318296] [0.0196993947029]
0.02110039256515 [0.0239877738059] [0.0182130113244]
0.020297529175850003 [0.023361755535] [0.0172333028167]
0.01988949626685 [0.0229726005346] [0.0168063919991]
0.020000539720099998 [0.0229726005346] [0.0170284789056]
0.020379983820049997 [0.0229726005346] [0.0177873671055]
0.020814403891599997 [0.0229726005346] [0.0186562072486]
0.0211661718786 [0.0229726005346] [0.0193597432226]
0.02135453745725 [0.0229726005346] [0.0197364743799]
0.02142761368305 [0.0229726005346] [0.0198826268315]
0.10798647440975 [0.195879906416] [0.0200930424035]
0.1089111678302 [0.197147026658] [0.0206753090024]
0.10798399709185 [0.194138631225] [0.0218293629587]
0.10665288101885 [0.189546301961] [0.0237594600767]
0.1060685403647 [0.185108751059] [0.0270283296704]
0.10803205519919999 [0.182952463627] [0.0331116467714]
0.11464724689705 [0.183654516935] [0.0456399768591]
0.128199059516 [0.187283352017] [0.069114767015]
0.1484462805095 [0.193687230349] [0.10320533067]
0.1664790809155 [0.201867461205] [0.131090700626]
0.173802398145 [0.208989039063] [0.138615757227]
0.171531394124 [0.210848256946] [0.132214531302]
0.164019152522 [0.201949983835] [0.126088321209]
0.1539872735735 [0.189841419458] [0.118133127689]
0.1462019905445 [0.179380342364] [0.113023638725]
0.140394873917 [0.171561703086] [0.109228044748]
0.1371584273875 [0.168133094907] [0.106183759868]
0.13572459295400002 [0.167500898242] [0.103948287666]
0.133500427008 [0.166697636247] [0.100303217769]
0.12959988042725 [0.164123669267] [0.0950760915875]
0.11904970556479999 [0.153075739741] [0.0850236713886]
0.10331417247675001 [0.135035142303] [0.0715932026505]
0.0884144697338 [0.118752785027] [0.0580761544406]
0.0768708158284 [0.104523167014] [0.0492184646428]
0.06916082836685 [0.0942196846008] [0.0441019721329]
0.06370418891310001 [0.0861958041787] [0.0412125736475]
0.06044086068865 [0.0811860710382] [0.0396956503391]
0.05903548002245 [0.0791253447533] [0.0389456152916]
0.059019763022649996 [0.0792810246348] [0.0387585014105]
0.05899432860315 [0.0787921324372] [0.0391965247691]
0.05689152516425 [0.0738740265369] [0.0399090237916]
0.0528269894421 [0.0658438056707] [0.0398101732135]
0.05046612396835 [0.0612854100764] [0.0396468378603]
0.0497332699597 [0.0595730096102] [0.0398935303092]
0.0496117323637 [0.0590515434742] [0.0401719212532]
0.050227496773 [0.059476390481] [0.040978603065]
0.05184954591095 [0.0606422051787] [0.0430568866432]
0.054849788546549996 [0.0624684616923] [0.0472311154008]
0.05976918525990001 [0.0650136992335] [0.0545246712863]
0.0662871673703 [0.0676047131419] [0.0649696215987]
0.07250555232165 [0.0694419443607] [0.0755691602826]
0.07620679959655 [0.0702480226755] [0.0821655765176]
0.07767482846975 [0.0703939497471] [0.0849557071924]
0.07788387686015 [0.0704259723425] [0.0853417813778]
0.07807622104885001 [0.0712215974927] [0.084930844605]
0.07888332381845001 [0.0733834207058] [0.0843832269311]
0.07847125083205 [0.0752149969339] [0.0817275047302]
0.07579539716245001 [0.0763105079532] [0.0752802863717]
0.07199648022655 [0.0757530331612] [0.0682399272919]
0.06713983230295 [0.0721752345562] [0.0621044300497]
