0.0417056325823 [0.0471853539348] [0.0362259112298]
0.0463473740965 [0.0545581951737] [0.0381365530193]
0.052762519568199995 [0.0640064552426] [0.0415185838938]
0.0586448125541 [0.0715553611517] [0.0457342639565]
0.0629897415638 [0.0776337757707] [0.0483457073569]
0.06460915319625 [0.080543845892] [0.0486744605005]
0.06317812018095 [0.0808173418045] [0.0455388985574]
0.0594169665128 [0.0798335000873] [0.0390004329383]
0.055855119600900005 [0.0799031928182] [0.0318070463836]
0.0534789953381 [0.0805890411139] [0.0263689495623]
0.0515405572951 [0.0799109041691] [0.0231702104211]
0.050575427710999994 [0.0793959200382] [0.0217549353838]
0.051628005690899995 [0.0815973579884] [0.0216586533934]
0.05436455458405 [0.0864323154092] [0.0222967937589]
0.0573248565197 [0.0915226340294] [0.02312707901]
0.057532319799050005 [0.0915226340294] [0.0235420055687]
0.05759196076545 [0.0915226340294] [0.0236612875015]
0.05743879824875 [0.0915226340294] [0.0233549624681]
0.05716049671175 [0.0915226340294] [0.0227983593941]
0.0567446164787 [0.0915226340294] [0.021966598928]
0.0560502205044 [0.0915226340294] [0.0205778069794]
0.05492096580565 [0.0915226340294] [0.0183192975819]
0.0536760361865 [0.0915226340294] [0.0158294383436]
0.052696290425950004 [0.0915226340294] [0.0138699468225]
0.052011594176300004 [0.0915226340294] [0.0125005543232]
0.05150062358005 [0.0915226340294] [0.0114786131307]
0.0510248770006 [0.0915226340294] [0.0105271199718]
0.05056923720986 [0.0915226340294] [0.00961584039032]
0.050174631178385 [0.0915226340294] [0.00882662832737]
0.04994598869235 [0.0915226340294] [0.0083693433553]
0.049867147579795004 [0.0915226340294] [0.00821166113019]
0.049795296043165 [0.0915226340294] [0.00806795805693]
0.00541196449194 [0.00296256900765] [0.00786135997623]
0.005631192703735 [0.00372691242956] [0.00753547297791]
0.005965540418405 [0.00473598716781] [0.007195093669]
0.006339939543979999 [0.00583240389824] [0.00684747518972]
0.00682129128836 [0.0070109074004] [0.00663167517632]
0.00740944663994 [0.00808050855994] [0.00673838471994]
0.007954551605505001 [0.00871100835502] [0.00719809485599]
0.008614419028165 [0.00920103583485] [0.00802780222148]
0.00937073165551 [0.00956477969885] [0.00917668361217]
0.01033232407646 [0.00986899528652] [0.0107956528664]
0.01151469536125 [0.0101350089535] [0.012894381769]
0.0128997368738 [0.0103652877733] [0.0154341859743]
0.014580674935100001 [0.0115188481286] [0.0176425017416]
0.0161986653693 [0.0136224264279] [0.0187749043107]
0.0187263330445 [0.0173129793257] [0.0201396867633]
0.023427444510149997 [0.0232154671103] [0.02363942191]
0.030806908384 [0.0306674651802] [0.0309463515878]
0.03966351225975 [0.0360532179475] [0.043273806572]
0.047694792971050004 [0.0364399813116] [0.0589496046305]
0.053543709218500005 [0.0334757044911] [0.0736117139459]
0.058138668537149996 [0.0299926325679] [0.0862847045064]
0.06083161477 [0.02890352346] [0.09275970608]
0.05680079292505 [0.0276076700538] [0.0859939157963]
0.0489810174331 [0.0265179183334] [0.0714441165328]
0.04199763108045 [0.0254815798253] [0.0585136823356]
0.0378964776173 [0.0248257871717] [0.0509671680629]
0.03614991158245 [0.0251235067844] [0.0471763163805]
0.03637867979705 [0.0261039212346] [0.0466534383595]
0.0379439853132 [0.0275065712631] [0.0483813993633]
0.04030879307535 [0.0293497163802] [0.0512678697705]
0.042963841929999996 [0.0320974141359] [0.0538302697241]
0.04582635127005 [0.0361768007278] [0.0554759018123]
0.048928152769800004 [0.0415871925652] [0.0562691129744]
0.0519122891128 [0.0475756563246] [0.056248921901]
0.05418640933935 [0.0526971034706] [0.0556757152081]
0.05483771301805 [0.0550830066204] [0.0545924194157]
0.0530576556921 [0.0535716190934] [0.0525436922908]
0.04688508249815 [0.0465834587812] [0.0471867062151]
0.036827687174099996 [0.0362286306918] [0.0374267436564]
0.02648352086545 [0.0265255086124] [0.0264415331185]
0.01899913046505 [0.0196402650326] [0.0183579958975]
0.014330300036800001 [0.0153606701642] [0.0132999299094]
0.011527986265749999 [0.012784014456] [0.0102719580755]
0.00987443840133 [0.0112098064274] [0.00853907037526]
0.008891055360445 [0.0102312108502] [0.00755089987069]
0.00832434068434 [0.00960537139326] [0.00704330997542]
0.00800728588365 [0.00916786678135] [0.00684670498595]
0.00781854102388 [0.00884787086397] [0.00678921118379]
0.00774108362384 [0.00864289421588] [0.0068392730318]
0.007748682051895 [0.00858926773071] [0.00690809637308]
0.007861619349565 [0.00871042720973] [0.0070128114894]
0.00802899291739 [0.00891149044037] [0.00714649539441]
0.008227047277615 [0.00914092455059] [0.00731317000464]
0.008531004656105 [0.00956373568624] [0.00749827362597]
0.009121319279065 [0.0104052275419] [0.00783741101623]
0.010232021100825 [0.0119967358187] [0.00846730638295]
0.012361059896625 [0.0150639917701] [0.00965812802315]
0.015800058376050002 [0.0200686752796] [0.0115314414725]
0.01870099594815 [0.0237275883555] [0.0136744035408]
0.019462191034099997 [0.0234799422324] [0.0154444398358]
0.01911421027035 [0.0217004995793] [0.0165279209614]
0.0187484845519 [0.02062051557] [0.0168764535338]
0.018510395661 [0.0204465165734] [0.0165742747486]
0.01831369195135 [0.0207461863756] [0.0158811975271]
0.0182848479599 [0.0211579333991] [0.0154117625207]
0.0184850799851 [0.0215161908418] [0.0154539691284]
0.018855354748700003 [0.021830951795] [0.0158797577024]
0.0193497184664 [0.0221981126815] [0.0165013242513]
0.019810124300400002 [0.0224376413971] [0.0171826072037]
0.02031533792615 [0.022668030113] [0.0179626457393]
0.0211087083444 [0.0230704508722] [0.0191469658166]
0.02237295825035 [0.0238719433546] [0.0208739731461]
0.0240678768605 [0.0250442549586] [0.0230914987624]
0.02637840248645 [0.0273943133652] [0.0253624916077]
0.0292010512203 [0.0312407184392] [0.0271613840014]
0.032671360299 [0.0370021723211] [0.0283405482769]
0.03733981307595 [0.0445414111018] [0.0301382150501]
0.04353211075065 [0.0526560619473] [0.034408159554]
0.05142326280475 [0.0612715408206] [0.0415749847889]
0.060255389660549996 [0.0698685124516] [0.0506422668695]
0.0689050294459 [0.0795053839684] [0.0583046749234]
0.07568479143080001 [0.0905817300081] [0.0607878528535]
0.07766808383165 [0.0960983708501] [0.0592377968132]
0.07716115750375 [0.09600956738] [0.0583127476275]
0.0756747294217 [0.090682066977] [0.0606673918664]
0.07429181411864999 [0.0815632492304] [0.0670203790069]
0.0741564668715 [0.0714761912823] [0.0768367424607]
0.07429718598724999 [0.0642819479108] [0.0843124240637]
0.07258466817435 [0.0602484606206] [0.0849208757281]
0.06867367774245 [0.0589791089296] [0.0783682465553]
0.06615326739845 [0.0588019378483] [0.0735045969486]
0.0662412829697 [0.0589858815074] [0.073496684432]
0.0673305299133 [0.0591309629381] [0.0755300968885]
