0.0227357400581 [0.0250176154077] [0.0204538647085]
0.0223849983886 [0.0253596324474] [0.0194103643298]
0.021996951662 [0.025944262743] [0.018049640581]
0.02173671126365 [0.0267637819052] [0.0167096406221]
0.0217222040519 [0.0277084056288] [0.015736002475]
0.022045845165850002 [0.0289641600102] [0.0151275303215]
0.022335103247300002 [0.0295608323067] [0.0151093741879]
0.023346501868250002 [0.0311440508813] [0.0155489528552]
0.023966796696149997 [0.0317775122821] [0.0161560811102]
0.0243337573484 [0.0319784469903] [0.0166890677065]
0.024141101166649998 [0.0315357446671] [0.0167464576662]
0.02366517391055 [0.0306539945304] [0.0166763532907]
0.022844503633650003 [0.0291878096759] [0.0165011975914]
0.0218657460064 [0.027463587001] [0.0162679050118]
0.02094657812265 [0.0257735364139] [0.0161196198314]
0.0201699165627 [0.0241734553128] [0.0161663778126]
0.0197336310521 [0.0229301694781] [0.0165370926261]
0.0196744482964 [0.0217582527548] [0.017590643838]
0.0204417267814 [0.0217582527548] [0.019125200808]
0.0212394045666 [0.0217582527548] [0.0207205563784]
0.022076302207999998 [0.0217582527548] [0.0223943516612]
0.02267370931805 [0.0217582527548] [0.0235891658813]
0.02267370931805 [0.0217582527548] [0.0235891658813]
0.02267370931805 [0.0217582527548] [0.0235891658813]
0.02267370931805 [0.0217582527548] [0.0235891658813]
0.02267370931805 [0.0217582527548] [0.0235891658813]
0.02267370931805 [0.0217582527548] [0.0235891658813]
0.02267370931805 [0.0217582527548] [0.0235891658813]
0.02267370931805 [0.0217582527548] [0.0235891658813]
0.06962980143729999 [0.0533443577588] [0.0859152451158]
0.07582926005125 [0.0587209910154] [0.0929375290871]
0.08068003877995 [0.0629393607378] [0.0984207168221]
0.08489105105389999 [0.0660336911678] [0.10374841094]
0.08894250169385 [0.0684700012207] [0.109415002167]
0.09263282641785 [0.0703690499067] [0.114896602929]
0.0957503058018 [0.0718396157026] [0.119660995901]
0.0966704562305 [0.071016035974] [0.122324876487]
0.0906565226613 [0.0669545829296] [0.114358462393]
0.07799122296275 [0.0572734735906] [0.0987089723349]
0.06250420585275 [0.0445578992367] [0.0804505124688]
0.0495720356703 [0.0333880335093] [0.0657560378313]
0.04162324778735 [0.0268079303205] [0.0564385652542]
0.03465756215155 [0.0218759849668] [0.0474391393363]
0.03073133621365 [0.0200494322926] [0.0414132401347]
0.02826871257275 [0.0190951433033] [0.0374422818422]
0.02577267680315 [0.0182223450392] [0.0333230085671]
0.022829157300300003 [0.0174112152308] [0.0282470993698]
0.019829398021100002 [0.016645533964] [0.0230132620782]
0.017290716990800002 [0.0158746074885] [0.0187068264931]
0.015368151478449998 [0.0151055604219] [0.015630742535]
0.014006252866200001 [0.0143123157322] [0.0137001900002]
0.0131198992021 [0.0136484596878] [0.0125913387164]
0.01254092296585 [0.013109350577] [0.0119724953547]
0.01221153046935 [0.012852682732] [0.0115703782067]
0.012194134294999999 [0.013086264953] [0.011302003637]
0.0121532282792 [0.013086264953] [0.0112201916054]
0.012298096902650001 [0.013086264953] [0.0115099288523]
0.01257714023815 [0.013086264953] [0.0120680155233]
0.01292734825985 [0.013086264953] [0.0127684315667]
0.032463558949499996 [0.0514820516109] [0.0134450662881]
0.032070199959 [0.0500042438507] [0.0141361560673]
0.03259534295645 [0.0500027798116] [0.0151879061013]
0.03415907453745 [0.051047835499] [0.0172703135759]
0.03719073813405 [0.0526705794036] [0.0217108968645]
0.04264514148235 [0.0542011149228] [0.0310891680419]
0.052726721391100004 [0.0556369200349] [0.0498165227473]
0.06918082386255 [0.056911021471] [0.0814506262541]
0.0871168263259 [0.0580141618848] [0.116219490767]
0.09823608957225 [0.0589350275695] [0.137537151575]
0.10171850584465 [0.0592945180833] [0.144142493606]
0.10022545978445 [0.0584291443229] [0.142021775246]
0.0925269033759 [0.0544277392328] [0.130626067519]
0.07729819417005 [0.0455201715231] [0.109076216817]
0.05948977172375 [0.0343126282096] [0.0846669152379]
0.04598807543515 [0.0256782248616] [0.0662979260087]
0.0379018401727 [0.0207407902926] [0.0550628900528]
0.03374474775045 [0.018801221624] [0.0486882738769]
0.031698001548650004 [0.0183672644198] [0.0450287386775]
0.03073700424285 [0.0186102483422] [0.0428637601435]
0.0301924338564 [0.0189304668456] [0.0414544008672]
0.02990256994965 [0.0192520953715] [0.0405530445278]
0.0296048773453 [0.0195922944695] [0.0396174602211]
0.0294943228364 [0.0200400874019] [0.0389485582709]
0.029418129473950002 [0.0204879678786] [0.0383482910693]
0.029496059753 [0.0209233481437] [0.0380687713623]
0.029765251092650002 [0.021510982886] [0.0380195192993]
0.03021568898115 [0.022356139496] [0.0380752384663]
0.0311100417748 [0.0239337477833] [0.0382863357663]
0.03291947208345 [0.0267713367939] [0.039067607373]
0.0357283623889 [0.0306831318885] [0.0407735928893]
0.039635522291049996 [0.0359618514776] [0.0433091931045]
0.044282907620099995 [0.0422856062651] [0.0462802089751]
0.04908387362955 [0.0489690452814] [0.0491987019777]
0.0530280787498 [0.0544060505927] [0.0516501069069]
0.05612228997054999 [0.0586378835142] [0.0536066964269]
0.05841001309455 [0.0616556219757] [0.0551644042134]
0.0600788034499 [0.063401773572] [0.0567558333278]
0.0614360813051 [0.0642762035131] [0.0585959590971]
0.06294362805785 [0.0649512782693] [0.0609359778464]
0.06483986228704999 [0.0661688819528] [0.0635108426213]
0.06730833277105 [0.0687623992562] [0.0658542662859]
0.07102884352205 [0.0735203325748] [0.0685373544693]
0.07640006393195001 [0.0805915743113] [0.0722085535526]
0.08459797129035 [0.0907822772861] [0.0784136652946]
0.0964532643559 [0.103904627264] [0.0890019014478]
0.114080104977 [0.124053820968] [0.104106388986]
0.135474279523 [0.14903126657] [0.121917292476]
0.154015392065 [0.169848412275] [0.138182371855]
0.163504563272 [0.17752301693] [0.149486109614]
0.1688857153055 [0.178685262799] [0.159086167812]
0.1728285998105 [0.178997248411] [0.16665995121]
0.1765688881275 [0.181626588106] [0.171511188149]
0.176224641502 [0.180986434221] [0.171462848783]
0.171534061432 [0.175507798791] [0.167560324073]
0.164181061089 [0.165358603001] [0.163003519177]
0.1585180088875 [0.156276464462] [0.160759553313]
0.156129308045 [0.150017499924] [0.162241116166]
0.156135313213 [0.146072372794] [0.166198253632]
0.157662160695 [0.145128294826] [0.170196026564]
0.1599263101815 [0.147036105394] [0.172816514969]
0.16122838854799998 [0.14739972353] [0.175057053566]
0.1594222262505 [0.144326552749] [0.174517899752]
0.15162069350500001 [0.138148069382] [0.165093317628]
0.13909252733 [0.129318088293] [0.148866966367]
0.123998358846 [0.116563752294] [0.131432965398]
0.10893867537365001 [0.0981031879783] [0.119774162769]
0.09824761748319999 [0.0841882005334] [0.112307034433]
0.0920762680473 [0.0774208307266] [0.106731705368]
0.0888836532832 [0.0753259286284] [0.102441377938]
0.08408404886725 [0.0738712400198] [0.0942968577147]
0.07841325178745 [0.0735142156482] [0.0833122879267]
0.07085801661015001 [0.0726613178849] [0.0690547153354]
0.06462989374995 [0.0708053484559] [0.058454439044]
0.0620635487139 [0.0706068500876] [0.0535202473402]
0.06222257204355 [0.071699410677] [0.0527457334101]
0.0636031925678 [0.0729122161865] [0.0542941689491]
