0.1137887351213 [0.0631489530206] [0.164428517222]
0.11038225144125 [0.0639380812645] [0.156826421618]
0.1067122034728 [0.0635571852326] [0.149867221713]
0.10285944119070001 [0.0610528066754] [0.144666075706]
0.09806187637139999 [0.0557076521218] [0.140416100621]
0.09366693533965 [0.0491443760693] [0.13818949461]
0.0905794426797 [0.0429608374834] [0.138198047876]
0.0881705470381 [0.0382595136762] [0.1380815804]
0.08564755879335001 [0.0353573076427] [0.135937809944]
0.0832357089969 [0.0335782580078] [0.132893159986]
0.08265108056365 [0.0322869308293] [0.133015230298]
0.0829984713348 [0.0311583317816] [0.134838610888]
0.08446856960665 [0.0302201732993] [0.138716965914]
0.0864838436244 [0.0293980836868] [0.143569603562]
0.0892704334111 [0.0283916257322] [0.15014924109]
0.0916607752442 [0.0269655138254] [0.156356036663]
0.09265582263449999 [0.025359839201] [0.159951806068]
0.08976781181980001 [0.0241955183446] [0.155340105295]
0.0841631609947 [0.0242507345974] [0.144075587392]
0.0768202114849 [0.0254527069628] [0.128187716007]
0.0682871965693 [0.0275935512036] [0.108980841935]
0.059961440041649994 [0.0302365384996] [0.0896863415837]
0.053641276434099994 [0.0333507470787] [0.0739318057895]
0.0498314220458 [0.0362126789987] [0.0634501650929]
0.04763348214325 [0.0381527021527] [0.0571142621338]
0.04633844085035 [0.0393013730645] [0.0533755086362]
0.045207157731049996 [0.0396304316819] [0.0507838837802]
0.043537501245749996 [0.0390951819718] [0.0479798205197]
0.0414462070912 [0.0377960540354] [0.045096360147]
0.03905315138400001 [0.0362307801843] [0.0418755225837]
0.037124512717150004 [0.0359957329929] [0.0382532924414]
0.035558544099299996 [0.0367280989885] [0.0343889892101]
0.0331131219864 [0.035846259445] [0.0303799845278]
0.030171387828899998 [0.0334411747754] [0.0269016008824]
0.02809435781095 [0.031430490315] [0.0247582253069]
0.0271651763469 [0.0301857572049] [0.0241445954889]
0.02687159273775 [0.0290091447532] [0.0247340407223]
0.0271262647584 [0.0282217171043] [0.0260308124125]
0.027874753810500003 [0.0279639642686] [0.0277855433524]
0.028981202281999997 [0.0280839484185] [0.0298784561455]
0.0301821930334 [0.0282566938549] [0.0321076922119]
0.0311644943431 [0.0282675568014] [0.0340614318848]
0.03200418036435 [0.0281660947949] [0.0358422659338]
0.0329236360267 [0.0281661693007] [0.0376811027527]
0.0340804466978 [0.028282487765] [0.0398784056306]
0.0354248480871 [0.0283212792128] [0.0425284169614]
0.03675957396625 [0.0278590507805] [0.045660097152]
0.0383641384542 [0.0268051624298] [0.0499231144786]
0.04022728465495 [0.0251737721264] [0.0552807971835]
0.042530010454349995 [0.0233089867979] [0.0617510341108]
0.04559062048795 [0.0219650268555] [0.0692162141204]
0.04889387078585 [0.0206331573427] [0.077154584229]
0.0521039031446 [0.0190857797861] [0.0851220265031]
0.054458825849000005 [0.0172388534993] [0.0916787981987]
0.055485699325800004 [0.0157806500793] [0.0951907485723]
0.05506206164135 [0.0148769142106] [0.0952472090721]
0.0547623638995 [0.0145624065772] [0.0949623212218]
0.05535149760545 [0.0147059001029] [0.095997095108]
0.0564039149322 [0.0150311114267] [0.0977767184377]
0.05757901165635 [0.0153436753899] [0.0998143479228]
0.0584383374081 [0.0154319163412] [0.101444758475]
0.058743377681699994 [0.0153381479904] [0.102148607373]
0.05874891066925 [0.0152144106105] [0.102283410728]
0.0597992804835 [0.01527170185] [0.104326859117]
0.0619708187878 [0.0157392695546] [0.108202368021]
0.06606910005235 [0.0170253813267] [0.115112818778]
0.0709664160386 [0.0196436215192] [0.122289210558]
0.07529942691345001 [0.0245367288589] [0.126062124968]
0.07783478312205 [0.0325694642961] [0.123100101948]
0.0801325943321 [0.0421569608152] [0.118108227849]
0.0810185372831 [0.0483017340302] [0.113735340536]
0.07807952538125 [0.0489538013935] [0.107205249369]
0.07541825808595 [0.0486502759159] [0.102186240256]
0.0747744422407 [0.0482524968684] [0.101296387613]
0.07562269270435 [0.0477549806237] [0.103490404785]
0.07780340313914999 [0.0477576702833] [0.107849135995]
0.08097384124995 [0.0476530790329] [0.114294603467]
0.0843987055125 [0.047293536365] [0.12150387466]
0.08677367493485 [0.0466499254107] [0.126897424459]
0.0874594338237 [0.0460220202804] [0.128896847367]
0.0863863807173 [0.0450647734106] [0.127707988024]
0.08435107395069999 [0.0437841266394] [0.124918021262]
0.08247274905445 [0.0426405668259] [0.122304931283]
0.0816075187177 [0.0422944389284] [0.120920598507]
0.08201536163670001 [0.0435621738434] [0.12046854943]
0.0835059005768 [0.0468611232936] [0.12015067786]
0.0872977413236 [0.0517142489552] [0.122881233692]
0.09271999448545 [0.0564740300179] [0.128965958953]
0.0995030738411 [0.0593616440892] [0.139644503593]
0.10333240777234999 [0.0600608736277] [0.146603941917]
0.1020606569946 [0.0607203617692] [0.14340095222]
0.09921984560805 [0.0623339600861] [0.13610573113]
0.09698142111295001 [0.0661420375109] [0.127820804715]
0.0962612852455 [0.071735419333] [0.120787151158]
0.0962518528105 [0.076672591269] [0.115831114352]
0.09495173022165 [0.0762696638703] [0.113633796573]
0.09387765079720001 [0.0750306621194] [0.112724639475]
0.0915996022521 [0.0722300037742] [0.11096920073]
0.086107548326 [0.06447147578] [0.107743620872]
0.07795018702755 [0.0526991635561] [0.103201210499]
0.0711977742612 [0.0418572574854] [0.100538291037]
0.067482581362 [0.034454818815] [0.100510343909]
0.06646285019825 [0.0299723781645] [0.102953322232]
0.06634426768849999 [0.027440270409] [0.105248264968]
0.06550791021445 [0.0260701682419] [0.104945652187]
0.06469224113985 [0.0251684952527] [0.104215987027]
0.0638129832222 [0.0243235398084] [0.103302426636]
