0.01880087982865 [0.0128032062203] [0.024798553437]
0.0186828561127 [0.0126158688217] [0.0247498434037]
0.01852634409445 [0.0121821938083] [0.0248704943806]
0.01830604625865 [0.0116653656587] [0.0249467268586]
0.018048399128 [0.0112726520747] [0.0248241461813]
0.01779881073165 [0.0110587468371] [0.0245388746262]
0.01771588623525 [0.0109662115574] [0.0244655609131]
0.01809747423975 [0.0109268501401] [0.0252680983394]
0.01935398438945 [0.0109379040077] [0.0277700647712]
0.0216447398998 [0.0111316749826] [0.032157804817]
0.024527417030199998 [0.0115422224626] [0.0375126115978]
0.02717687375845 [0.0122071914375] [0.0421465560794]
0.02907437551765 [0.0129388477653] [0.04520990327]
0.0302515239455 [0.0134863080457] [0.0470167398453]
0.03080466436225 [0.0136972339824] [0.0479120947421]
0.03096603741865 [0.013650923036] [0.0482811518013]
0.0308899632655 [0.0136899417266] [0.0480899848044]
0.03123747976495 [0.013991122134] [0.0484838373959]
0.03216871526095 [0.0146626699716] [0.0496747605503]
0.033933395054200004 [0.0155638596043] [0.0523029305041]
0.036568781361 [0.016495924443] [0.056641638279]
0.039976214990049996 [0.0178052671254] [0.0621471628547]
0.0441056769341 [0.0199858807027] [0.0682254731655]
0.0491304462776 [0.0236879717559] [0.0745729207993]
0.05528428405525 [0.0287535041571] [0.0818150639534]
0.06225237064065 [0.0345933400095] [0.0899114012718]
0.06991604343055 [0.0413992628455] [0.0984328240156]
0.0783238001166 [0.0501741543412] [0.106473445892]
0.08813251368725 [0.0606087855995] [0.115656241775]
0.09867947548645001 [0.0713817775249] [0.125977173448]
0.10783727467035001 [0.0808285474777] [0.134846001863]
0.1121908389032 [0.0868302062154] [0.137551471591]
0.11118053272365 [0.0890026912093] [0.133358374238]
0.1078364104033 [0.0896929353476] [0.125979885459]
0.1035529151561 [0.0890408158302] [0.118065014482]
0.1002320684494 [0.0876748934388] [0.11278924346]
0.09599846601505 [0.0817284137011] [0.110268518329]
0.0901779234412 [0.0694856345654] [0.110870212317]
0.083077305928 [0.055879149586] [0.11027546227]
0.07746727019525 [0.0456213876605] [0.10931315273]
0.0732737388462 [0.0390586815774] [0.107488796115]
0.06979875266555 [0.0351982265711] [0.10439927876]
0.0664979163557 [0.0330205224454] [0.099975310266]
0.06369676440955 [0.0318659469485] [0.0955275818706]
0.06164849363265 [0.0314067713916] [0.0918902158737]
0.061057690531 [0.0318298116326] [0.0902855694294]
0.06178971752525 [0.0329124778509] [0.0906669571996]
0.06252162344750001 [0.0344931222498] [0.0905501246452]
0.0610417854041 [0.0359074138105] [0.0861761569977]
0.05931778438390001 [0.0366322211921] [0.0820033475757]
0.058653689920900004 [0.0370114892721] [0.0802958905697]
0.05843886174264999 [0.0379544682801] [0.0789232552052]
0.0583915617317 [0.0407602451742] [0.0760228782892]
0.0600232258439 [0.0467565432191] [0.0732899084687]
0.06450737454 [0.0572757087648] [0.0717390403152]
0.07262559607624999 [0.0730775371194] [0.0721736550331]
0.08270723000165 [0.0911873877048] [0.0742270722985]
0.09202155098334999 [0.106860674918] [0.0771824270487]
0.09847803413885 [0.116952568293] [0.0800034999847]
0.10155176743870001 [0.120983824134] [0.0821197107434]
0.1022261232138 [0.120990484953] [0.0834617614746]
0.10072805359955 [0.11708753556] [0.0843685716391]
0.09619535133265 [0.10697760433] [0.0854130983353]
0.08972480893135 [0.0920139029622] [0.0874357149005]
0.08491424098610001 [0.0772248879075] [0.0926035940647]
0.0858977027238 [0.0660456866026] [0.105749718845]
0.09514394588774999 [0.0586547888815] [0.131633102894]
0.11095970496545 [0.0537798479199] [0.168139562011]
0.1231137216092 [0.0498004704714] [0.196426972747]
0.1264094971122 [0.0457311049104] [0.207087889314]
0.12271259725075001 [0.0414150208235] [0.204010173678]
0.11639803647975 [0.0375037789345] [0.195292294025]
0.11187137104575 [0.0344477929175] [0.189294949174]
0.10891622863725 [0.0322139672935] [0.185618489981]
0.1081967931242 [0.0302066616714] [0.186186924577]
0.1089584175495 [0.027786899358] [0.190129935741]
0.11028806772065 [0.0250158589333] [0.195560276508]
0.11168078891915 [0.0225900374353] [0.200771540403]
0.11259044334295 [0.0210736021399] [0.204107284546]
0.1121595995502 [0.0205945465714] [0.203724652529]
0.11170731205495 [0.0208962354809] [0.202518388629]
0.10606667026880001 [0.0214049741626] [0.190728366375]
0.09070156794044999 [0.0215497370809] [0.1598533988]
0.0772895636037 [0.0213196668774] [0.13325946033]
0.07028582785265 [0.0210053045303] [0.119566351175]
0.0653759930282 [0.0208046622574] [0.109947323799]
0.06255597062395 [0.0206707082689] [0.104441232979]
0.060133851133249996 [0.0204428415745] [0.099824860692]
0.056928530335400004 [0.0198031812906] [0.0940538793802]
0.05270106438545 [0.0190748963505] [0.0863272324204]
0.04823513235895 [0.0188020598143] [0.0776682049036]
0.0450397832319 [0.0196206625551] [0.0704589039087]
0.043585998937499995 [0.0219245143235] [0.0652474835515]
0.0434404760599 [0.0257059819996] [0.0611749701202]
0.043623413890599996 [0.030190911144] [0.0570559166372]
0.04191666468975 [0.0336824841797] [0.0501508451998]
0.0380363147706 [0.035081833601] [0.0409907959402]
0.03444675542415 [0.0350943468511] [0.0337991639972]
0.0320455329493 [0.0347696952522] [0.0293213706464]
0.0309592811391 [0.0345453023911] [0.0273732598871]
0.03094235621395 [0.0344314090908] [0.0274533033371]
0.0314560588449 [0.0343537740409] [0.0285583436489]
0.03205568436535 [0.0341821089387] [0.029929259792]
0.032223323360100004 [0.0338081046939] [0.0306385420263]
0.0317858858034 [0.0331954285502] [0.0303763430566]
0.03084297291935 [0.0323339514434] [0.0293519943953]
0.02973969560115 [0.0312855504453] [0.028193840757]
0.02865203563125 [0.0298935715109] [0.0274104997516]
0.0278611415997 [0.0285181943327] [0.0272040888667]
0.027655630372450002 [0.0276155602187] [0.0276957005262]
0.0281647760421 [0.0274893846363] [0.0288401674479]
0.0297047626227 [0.0282663553953] [0.0311431698501]
0.0324215395376 [0.0297356080264] [0.0351074710488]
0.03605359233915 [0.0316551551223] [0.040452029556]
0.03944323956965 [0.0333130098879] [0.0455734692514]
0.04064229130745 [0.0343079902232] [0.0469765923917]
0.039749784395100005 [0.0343668796122] [0.045132689178]
0.0383687466383 [0.034104436636] [0.0426330566406]
0.03815620578825 [0.0341357551515] [0.042176656425]
0.03941778838635 [0.0352034084499] [0.0436321683228]
0.04158279299735 [0.0378114543855] [0.0453541316092]
0.044104663655199994 [0.0415449291468] [0.0466643981636]
