0.14877463877215 [0.232108652592] [0.0654406249523]
0.1486710682513 [0.232108652592] [0.0652334839106]
0.14765523746625 [0.232108652592] [0.0632018223405]
0.14661717228605 [0.232108652592] [0.0611256919801]
0.14576901681735 [0.232108652592] [0.0594293810427]
0.14457870647325 [0.232108652592] [0.0570487603545]
0.1445091143252 [0.232108652592] [0.0569095760584]
0.14528694003835 [0.232108652592] [0.0584652274847]
0.14684470370425 [0.232108652592] [0.0615807548165]
0.149743191898 [0.232108652592] [0.067377731204]
0.1525162644686 [0.232108652592] [0.0729238763452]
0.15369250997915002 [0.232108652592] [0.0752763673663]
0.15380176529305 [0.232108652592] [0.0754948779941]
0.15367972850815 [0.232108652592] [0.0752508044243]
0.1426153779029 [0.209884315729] [0.0753464400768]
0.1438141725955 [0.211565688252] [0.076062656939]
0.1437233649195 [0.210190176964] [0.077256552875]
0.1425274312496 [0.206190302968] [0.0788645595312]
0.14119165763265 [0.201638698578] [0.0807446166873]
0.1408627294005 [0.198840275407] [0.082885183394]
0.1406251192092 [0.195668146014] [0.0855820924044]
0.1376976519821 [0.186775565147] [0.0886197388172]
0.1317197978495 [0.17142085731] [0.092018738389]
0.1211919859053 [0.149905368686] [0.0924786031246]
0.1110799387096 [0.129718661308] [0.0924412161112]
0.1046836301683 [0.11504419893] [0.0943230614066]
0.1033270582555 [0.104637801647] [0.102016314864]
0.1049686186014 [0.0981263965368] [0.111810840666]
0.10558799654265 [0.0939264521003] [0.117249540985]
0.1047357842328 [0.0908694043756] [0.11860216409]
0.10314943268905 [0.0887287631631] [0.117570102215]
0.10104148089875001 [0.0866811573505] [0.115401804447]
0.0983690284192 [0.0829866304994] [0.113751426339]
0.09566927701215 [0.0781751796603] [0.113163374364]
0.09365297481429999 [0.0731697678566] [0.114136181772]
0.0928887128829 [0.0689018592238] [0.116875566542]
0.0930583700536 [0.0662938132882] [0.119822926819]
0.09329451993125 [0.0653403922915] [0.121248647571]
0.09379620105005 [0.0657774657011] [0.121814936399]
0.09511084109529999 [0.0674217417836] [0.122799940407]
0.09641199558975 [0.0692821368575] [0.123541854322]
0.09644649550305 [0.0707919150591] [0.122101075947]
0.09528229385605 [0.0716247260571] [0.118939861655]
0.09396053478105 [0.0724403038621] [0.1154807657]
0.09366552159175 [0.0746927037835] [0.1126383394]
0.09091682732084999 [0.0776999667287] [0.104133687913]
0.083826251328 [0.0800935253501] [0.0875589773059]
0.0766580030322 [0.0821631774306] [0.0711528286338]
0.07104185223580001 [0.0831272825599] [0.0589564219117]
0.0666753333062 [0.0835673138499] [0.0497833527625]
0.06238180957735 [0.0823971405625] [0.0423664785922]
0.05746026709675 [0.0786550268531] [0.0362655073404]
0.0528503563255 [0.073975533247] [0.031725179404]
0.04985878244045 [0.0707425400615] [0.0289750248194]
0.0488375183195 [0.0695035681129] [0.0281714685261]
0.0495118014514 [0.0698730051517] [0.0291505977511]
0.05152607522905 [0.0716234967113] [0.0314286537468]
0.05430605262515 [0.0743336975574] [0.0342784076929]
0.0571844056249 [0.0774519592524] [0.0369168519974]
0.05954276397825 [0.0804810449481] [0.0386044830084]
0.06114893220365 [0.0826863497496] [0.0396115146577]
0.0625022239983 [0.0842875689268] [0.0407168790698]
0.06489317677915 [0.0871699005365] [0.0426164530218]
0.0694634448737 [0.0929150432348] [0.0460118465126]
0.07735379971565 [0.102776825428] [0.0519307740033]
0.08922166936090001 [0.117948874831] [0.0604944638908]
0.1058010049166 [0.138235881925] [0.0733661279082]
0.1267482042313 [0.16248126328] [0.0910151451826]
0.147396851331 [0.187080621719] [0.107713080943]
0.1648796200755 [0.209624141455] [0.120135098696]
0.1705098934475 [0.222113385797] [0.118906401098]
0.16640058904900001 [0.225845709443] [0.106955468655]
0.15920763090235002 [0.225349783897] [0.0930654779077]
0.15289532020695001 [0.222383439541] [0.0834072008729]
0.14737306535220002 [0.214015603065] [0.0807305276394]
0.14487996697445 [0.205276191235] [0.0844837427139]
0.14637868106375 [0.200705394149] [0.0920519679785]
0.1511025317015 [0.201785519719] [0.100419543684]
0.156160131097 [0.204974457622] [0.107345804572]
0.1574628688395 [0.204669743776] [0.110255993903]
0.155558694154 [0.199549213052] [0.111568175256]
0.1535270810125 [0.192341119051] [0.114713042974]
0.1502911187705 [0.184711411595] [0.115870825946]
0.148527190089 [0.17960190773] [0.117452472448]
0.14894047007 [0.178137391806] [0.119743548334]
0.15275238454349999 [0.181264102459] [0.124240666628]
0.160635866225 [0.188743814826] [0.132527917624]
0.171025797725 [0.199049174786] [0.143002420664]
0.1761722266675 [0.207245230675] [0.14509922266]
0.176427513361 [0.212391167879] [0.140463858843]
0.1736536026 [0.215476095676] [0.131831109524]
0.1679539121685 [0.218152374029] [0.117755450308]
0.15890862792755 [0.218032881618] [0.0997843742371]
0.1497353613376 [0.216459006071] [0.0830117166042]
0.140341605991 [0.209017217159] [0.071665994823]
0.13183779642 [0.198429077864] [0.065246514976]
0.1235067583622 [0.18402145803] [0.0629920586944]
0.11595253646355 [0.16838607192] [0.0635190010071]
0.11121190339340001 [0.156991273165] [0.0654325336218]
0.10807302594205001 [0.149440094829] [0.0667059570551]
0.1053165867926 [0.143610313535] [0.0670228600502]
0.1028722263871 [0.139024019241] [0.0667204335332]
0.10049375519175 [0.135395586491] [0.0655919238925]
0.098663315177 [0.132585823536] [0.064740806818]
0.09803087636815 [0.130846366286] [0.0652153864503]
0.09897254779955 [0.13019643724] [0.0677486583591]
0.10152438282955001 [0.130468547344] [0.0725802183151]
0.10603741556425 [0.131678193808] [0.0803966373205]
0.1128447130324 [0.134029850364] [0.0916595757008]
0.1216465830805 [0.137982770801] [0.10531039536]
0.129785493016 [0.144327610731] [0.115243375301]
0.134892005473 [0.154107391834] [0.115676619112]
0.139581065625 [0.168520927429] [0.110641203821]
0.1466076932845 [0.189146876335] [0.104068510234]
0.156832382083 [0.213851556182] [0.099813207984]
0.1681520491837 [0.237547934055] [0.0987561643124]
0.17800935357824998 [0.256765186787] [0.0992535203695]
0.18587082251905 [0.273585408926] [0.0981562361121]
0.19067121669645 [0.287374973297] [0.0939674600959]
0.18878069892535002 [0.289362639189] [0.0881987586617]
0.18347756192105003 [0.283336490393] [0.0836186334491]
0.17668325081480002 [0.273157835007] [0.0802086666226]
0.16914351284495 [0.261871576309] [0.0764154493809]
0.16139791533345 [0.251024365425] [0.0717714652419]
0.1536311954258 [0.241110950708] [0.0661514401436]
0.14655448496365 [0.231637552381] [0.0614714175463]
0.1405454501509 [0.222409069538] [0.0586818307638]
0.1360948048534 [0.214136347175] [0.0580532625318]
0.13235535658875 [0.206819415092] [0.0578912980855]
0.1291002798828 [0.200336426497] [0.0578641332686]
0.12593254446985 [0.194155484438] [0.0577096045017]
0.1217368524521 [0.185902416706] [0.0575712881982]
0.11723186261935 [0.176356270909] [0.0581074543297]
0.11410385183994999 [0.16883122921] [0.0593764744699]
0.11405902728465 [0.167123779655] [0.0609942749143]
0.11695169098665001 [0.171810030937] [0.0620933510363]
0.1215836741029 [0.180352553725] [0.0628147944808]
0.1277741789817 [0.190536290407] [0.0650120675564]
0.1360771432521 [0.200828045607] [0.0713262408972]
0.1472265236079 [0.210822880268] [0.0836301669478]
0.16041120141749998 [0.219791665673] [0.101030737162]
0.171897828579 [0.228620991111] [0.115174666047]
0.1798862591385 [0.238544151187] [0.12122836709]
0.18473023921249998 [0.248948529363] [0.120511949062]
0.1870298460125 [0.255223840475] [0.11883585155]
0.183374106884 [0.250820755959] [0.115927457809]
0.17461710795750002 [0.235352873802] [0.113881342113]
