0.0561762405559 [0.0145754050463] [0.0977770760655]
0.057663445361 [0.01486502029] [0.100461870432]
0.05873652640725 [0.0146048832685] [0.102868169546]
0.0589748844504 [0.0137145146728] [0.104235254228]
0.05762371234605 [0.0122689493001] [0.102978475392]
0.055385972838849995 [0.0109002431855] [0.0998717024922]
0.05279850354415 [0.0100181130692] [0.0955788940191]
0.049979801289735004 [0.00962845794857] [0.0903311446309]
0.04723414499311 [0.00960251875222] [0.084865771234]
0.044177798088655004 [0.00975892972201] [0.0785966664553]
0.041463984176495 [0.00993458554149] [0.0729933828115]
0.03886530641468 [0.00999628193676] [0.0677343308926]
0.036393761169149996 [0.009925394319] [0.0628621280193]
0.034043418709185 [0.00973031762987] [0.0583565197885]
0.031902404502029996 [0.00951251387596] [0.0542922951281]
0.029930942691864998 [0.00935326702893] [0.0505086183548]
0.028371790889625 [0.00937033537775] [0.0473732464015]
0.0270664622076 [0.0095037939027] [0.0446291305125]
0.025959230493780003 [0.00982691626996] [0.0420915447176]
0.024815746583000002 [0.0103526692837] [0.0392788238823]
0.0235988101922 [0.0112513070926] [0.0359463132918]
0.02264313958585 [0.0127021372318] [0.0325841419399]
0.0223967726342 [0.0150926476344] [0.029700897634]
0.023245219141250002 [0.0185395274311] [0.0279509108514]
0.0250281430781 [0.0225080624223] [0.0275482237339]
0.026894519105549998 [0.0258314143866] [0.0279576238245]
0.02816227357835 [0.0273813921958] [0.0289431549609]
0.02884754259135 [0.0275701358914] [0.0301249492913]
0.0287940884009 [0.0267731770873] [0.0308149997145]
0.02848762553185 [0.0262457244098] [0.0307295266539]
0.02801332063975 [0.0257359798998] [0.0302906613797]
0.027730983682 [0.0250074248761] [0.0304545424879]
0.02770574577155 [0.0243125203997] [0.0310989711434]
0.0275687482208 [0.0238600857556] [0.031277410686]
0.02790608350185 [0.0237396415323] [0.0320725254714]
0.029081717133549997 [0.0239596664906] [0.0342037677765]
0.03108861204235 [0.0243173856288] [0.0378598384559]
0.03380076494065 [0.0245118718594] [0.0430896580219]
0.03664425574245 [0.0241906568408] [0.0490978546441]
0.03920763917265 [0.0234256274998] [0.0549896508455]
0.0412182956934 [0.0227052234113] [0.0597313679755]
0.0426437854767 [0.0225182399154] [0.062769331038]
0.044155936688200004 [0.0230566337705] [0.0652552396059]
0.0462751369923 [0.0240129344165] [0.0685373395681]
0.04971021041275 [0.0252085775137] [0.0742118433118]
0.05548211652785 [0.026864843443] [0.0840993896127]
0.06390129216015 [0.0289626605809] [0.0988399237394]
0.07027885131525 [0.0311149172485] [0.109442785382]
0.06952211447085 [0.0330171249807] [0.106027103961]
0.06392949633299999 [0.0345936976373] [0.0932652950287]
0.05910707451405 [0.0359785668552] [0.0822355821729]
0.056378824636349995 [0.0376846678555] [0.0750729814172]
0.05481964722275 [0.0405423790216] [0.0690969154239]
0.05472796596585 [0.0456331260502] [0.0638228058815]
0.0558125395328 [0.052291598171] [0.0593334808946]
0.057351443916550005 [0.0588818415999] [0.0558210462332]
0.05720264837145 [0.0611460730433] [0.0532592236996]
0.053940784186150004 [0.0570113696158] [0.0508701987565]
0.04939399287105 [0.0502938516438] [0.0484941340983]
0.0456769429147 [0.0451008863747] [0.0462529994547]
0.043332897126650005 [0.0421109385788] [0.0445548556745]
0.0420983266085 [0.0404611676931] [0.0437354855239]
0.04137629270555 [0.0387991145253] [0.0439534708858]
0.04069371335205 [0.036052275449] [0.0453351512551]
0.04007779434325 [0.0322546362877] [0.0479009523988]
0.0404274761677 [0.0285152830184] [0.052339669317]
0.0406965566799 [0.0241521317512] [0.0572409816086]
0.0395913766697 [0.0188041795045] [0.0603785738349]
