0.0314833605662 [0.0473922453821] [0.0155744757503]
0.0315027595498 [0.0473922453821] [0.0156132737175]
0.0314164492302 [0.0473922453821] [0.0154406530783]
0.0313297775574 [0.0473922453821] [0.0152673097327]
0.03142667375505 [0.0473922453821] [0.015461102128]
0.0319773517549 [0.0473922453821] [0.0165624581277]
0.0334343528375 [0.0473922453821] [0.0194764602929]
0.03647184278815 [0.0473922453821] [0.0255514401942]
0.0418934300542 [0.0473922453821] [0.0363946147263]
0.049856454134 [0.0473922453821] [0.0523206628859]
0.05882057733835 [0.0473922453821] [0.0702489092946]
0.0668902229518 [0.0473922453821] [0.0863882005215]
0.07323982007805 [0.0473922453821] [0.099087394774]
0.07584784366205 [0.0473922453821] [0.104303441942]
0.07523866556605 [0.0473922453821] [0.10308508575]
0.07281622849404999 [0.0473922453821] [0.098240211606]
0.071222724393 [0.0473922453821] [0.0950532034039]
0.07146474905314999 [0.0473922453821] [0.0955372527242]
0.0732624847442 [0.0473922453821] [0.0991327241063]
0.07636522315455 [0.0473922453821] [0.105338200927]
0.07935789786305 [0.0473922453821] [0.111323550344]
0.08098168484854999 [0.0473922453821] [0.114571124315]
0.08008308522405 [0.0473922453821] [0.112773925066]
0.07500159926705 [0.0473922453821] [0.102610953152]
0.066216731444 [0.0473922453821] [0.0850412175059]
0.055197445675749995 [0.0473922453821] [0.0630026459694]
0.0450210850686 [0.0473922453821] [0.0426499247551]
0.037700765766199996 [0.0473922453821] [0.0280092861503]
0.0331499390304 [0.0473922453821] [0.0189076326787]
0.0305120833218 [0.0473922453821] [0.0136319212615]
0.029002900701049997 [0.0473922453821] [0.01061355602]
0.028080552350744997 [0.0473922453821] [0.00876885931939]
0.027471958193944997 [0.0473922453821] [0.00755167100579]
0.027090271236389997 [0.0473922453821] [0.00678829709068]
0.02692110673526 [0.0473922453821] [0.00644996808842]
0.026962168747574997 [0.0473922453821] [0.00653209211305]
0.02716336585583 [0.0473922453821] [0.00693448632956]
0.027471220586465 [0.0473922453821] [0.00755019579083]
0.027847531717284997 [0.0473922453821] [0.00830281805247]
0.028208423871559998 [0.0473922453821] [0.00902460236102]
0.028586301486955 [0.0473922453821] [0.00978035759181]
0.02900087228045 [0.0473922453821] [0.0106094991788]
0.029505581594999997 [0.0473922453821] [0.0116189178079]
0.03022374212745 [0.0473922453821] [0.0130552388728]
0.0312626711093 [0.0473922453821] [0.0151330968365]
0.032708887942149996 [0.0473922453821] [0.0180255305022]
0.03469926677645 [0.0473922453821] [0.0220062881708]
0.03747221361845 [0.0473922453821] [0.0275521818548]
0.041330492124 [0.0473922453821] [0.0352687388659]
0.0462177395821 [0.0473922453821] [0.0450432337821]
0.0511011630297 [0.0473922453821] [0.0548100806773]
0.0547616686672 [0.0473922453821] [0.0621310919523]
0.056424012407699994 [0.0473922453821] [0.0654557794333]
0.0562052484602 [0.0473922453821] [0.0650182515383]
0.054695362225199995 [0.0473922453821] [0.0619984790683]
0.05323873087765 [0.0473922453821] [0.0590852163732]
0.05233660899105 [0.0473922453821] [0.0572809726]
0.052541328594100004 [0.0473922453821] [0.0576904118061]
0.053791407495749996 [0.0473922453821] [0.0601905696094]
0.055721918121 [0.0473922453821] [0.0640515908599]
0.05763360299169999 [0.0473922453821] [0.0678749606013]
0.05922521091999999 [0.0473922453821] [0.0710581764579]
0.06007522158325 [0.0473922453821] [0.0727581977844]
0.060154056176549994 [0.0473922453821] [0.072915866971]
0.0600906442851 [0.0473922453821] [0.0727890431881]
0.061324359849099994 [0.0473922453821] [0.0752564743161]
0.06427423842254999 [0.0473922453821] [0.081156231463]
0.06306163594125 [0.0370016545057] [0.0891216173768]
0.06591370143 [0.0345766283572] [0.0972507745028]
0.0706498883667 [0.0353943258524] [0.105905450881]
0.0773647520693 [0.0381168462336] [0.116612657905]
0.08499241620295 [0.0412351638079] [0.128749668598]
0.09292571619145 [0.0426671430469] [0.143184289336]
0.1003867443651 [0.0414899848402] [0.15928350389]
0.1077003609389 [0.0388253889978] [0.17657533288]
0.11299428716305 [0.0361227914691] [0.189865782857]
0.12014122679805 [0.0361227914691] [0.204159662127]
0.12520847842105 [0.0361227914691] [0.214294165373]
0.12270873412505 [0.0361227914691] [0.209294676781]
0.11624515242875 [0.0348819978535] [0.197608307004]
0.10775692760935 [0.0342658162117] [0.181248039007]
0.09675329737390001 [0.0347953550518] [0.158711239696]
0.08440687693645 [0.0362654365599] [0.132548317313]
0.07423705421385 [0.0376609303057] [0.110813178122]
0.0683125201613 [0.0375293903053] [0.0990956500173]
0.06338226795195 [0.0352468788624] [0.0915176570415]
0.0586724355817 [0.0315729901195] [0.0857718810439]
0.055207143537699996 [0.0304849948734] [0.079929292202]
0.0512811681256 [0.0295952986926] [0.0729670375586]
0.04861840792 [0.0316244773567] [0.0656123384833]
0.049793096259250005 [0.0419532954693] [0.0576328970492]
0.049759654328199995 [0.0465087480843] [0.0530105605721]
0.0518291834742 [0.053356051445] [0.0503023155034]
0.05522859841585 [0.0614420138299] [0.0490151830018]
0.059250334277750005 [0.0698212310672] [0.0486794374883]
0.06312594003975 [0.0770261436701] [0.0492257364094]
0.0663456264883 [0.0818310603499] [0.0508601926267]
0.0682789776474 [0.0834988206625] [0.0530591346323]
0.06840526126325 [0.0816704183817] [0.0551401041448]
0.0675837043673 [0.0787803679705] [0.0563870407641]
0.0665645506233 [0.0771270617843] [0.0560020394623]
0.0656200442463 [0.0769923850894] [0.0542477034032]
0.06548120081425 [0.0794523879886] [0.0515100136399]
0.06584939546884999 [0.0834328532219] [0.0482659377158]
0.06645933538679999 [0.087633907795] [0.0452847629786]
0.06638252921405 [0.0895178988576] [0.0432471595705]
0.06593282707035 [0.0884563699365] [0.0434092842042]
0.0662769302726 [0.0874493420124] [0.0451045185328]
0.06658038310705 [0.0859937444329] [0.0471670217812]
0.06628110446035 [0.0838852599263] [0.0486769489944]
0.06618921644985 [0.0823713466525] [0.0500070862472]
0.06709082238375 [0.0823611840606] [0.0518204607069]
0.06922673620285 [0.0846177041531] [0.0538357682526]
0.07287197746335 [0.0899530798197] [0.055790875107]
0.0775970015675 [0.0979920476675] [0.0572019554675]
0.0826428253205 [0.107189498842] [0.058096151799]
0.087042270228 [0.114825777709] [0.059258762747]
0.09008264355359999 [0.119281604886] [0.0608836822212]
0.09265479445435 [0.122238926589] [0.0630706623197]
0.0963786691429 [0.127783223987] [0.0649741142988]
0.09999817982289999 [0.134824648499] [0.0651717111468]
