0.06674253568055 [0.0631794780493] [0.0703055933118]
0.0648684296757 [0.0621595568955] [0.0675773024559]
0.0645794868469 [0.0628432780504] [0.0663156956434]
0.066217135638 [0.0652236789465] [0.0672105923295]
0.06907949969175001 [0.0684432089329] [0.0697157904506]
0.07238344103095 [0.0710044726729] [0.073762409389]
0.07313089072705001 [0.0699602216482] [0.0763015598059]
0.07116835191845 [0.0651508048177] [0.0771858990192]
0.06774004735055 [0.0591864772141] [0.076293617487]
0.0640356503427 [0.0534320473671] [0.0746392533183]
0.05969635024665 [0.0468473434448] [0.0725453570485]
0.05380267836155 [0.0376084931195] [0.0699968636036]
0.047850394621499995 [0.0282514356077] [0.0674493536353]
0.043668359518049996 [0.0217415392399] [0.0655951797962]
0.0416313055903 [0.0177883245051] [0.0654742866755]
0.040860184468300004 [0.015499362722] [0.0662210062146]
0.04061605688185 [0.0143030043691] [0.0669291093946]
0.0405752034858 [0.0138014946133] [0.0673489123583]
0.04018330108375 [0.0135951768607] [0.0667714253068]
0.03946787305175 [0.0134586878121] [0.0654770582914]
0.0386698450893 [0.0134336315095] [0.0639060586691]
0.03779241070155 [0.0135404542089] [0.0620443671942]
0.036921371240150005 [0.0138917015865] [0.0599510408938]
0.0359797240235 [0.0140196280554] [0.0579398199916]
0.03512834059075 [0.0139135727659] [0.0563431084156]
0.0335658271797 [0.0131922857836] [0.0539393685758]
0.031455780379500003 [0.0122125502676] [0.0506990104914]
0.028784265276050002 [0.0112831396982] [0.0462853908539]
0.02636172762145 [0.0106476163492] [0.0420758388937]
0.024947674944999998 [0.0109946988523] [0.0389006510377]
0.02400989085435 [0.0112717300653] [0.0367480516434]
0.0232935240492 [0.0113746989518] [0.0352123491466]
0.022665615193550002 [0.011294381693] [0.0340368486941]
0.02184546552595 [0.011103734374] [0.0325871966779]
0.0208537713625 [0.0108626140282] [0.0308449286968]
0.0198764265515 [0.0105817550793] [0.0291710980237]
0.01901944959535 [0.0102156130597] [0.027823286131]
0.01831674249842 [0.00975721050054] [0.0268762744963]
0.017747532576315 [0.00931379385293] [0.0261812712997]
0.017235923092824998 [0.00874377880245] [0.0257280673832]
0.016920241992925 [0.00874377880245] [0.0250967051834]
0.016586155164974997 [0.00874377880245] [0.0244285315275]
0.016125681344425 [0.00874377880245] [0.0235075838864]
0.015464666765175 [0.00874377880245] [0.0221855547279]
0.014647141564625 [0.00874377880245] [0.0205505043268]
0.013784246984875 [0.00874377880245] [0.0188247151673]
0.013104336801925 [0.00874377880245] [0.0174648948014]
0.012759877834475 [0.00874377880245] [0.0167759768665]
0.012741348240525 [0.00874377880245] [0.0167389176786]
0.012943095993225 [0.00874377880245] [0.017142413184]
0.013218649197374999 [0.00874377880245] [0.0176935195923]
0.013540829066175 [0.00874377880245] [0.0183378793299]
0.013928283471624999 [0.00874377880245] [0.0191127881408]
0.014289167243975 [0.00874377880245] [0.0198345556855]
0.014578265603624999 [0.00874377880245] [0.0204127524048]
0.014780045021325 [0.00874377880245] [0.0208163112402]
0.014891796279674999 [0.00874377880245] [0.0210398137569]
0.015061288606375 [0.00874377880245] [0.0213787984103]
0.015552455093725 [0.00874377880245] [0.022361131385]
0.016862354706975 [0.00874377880245] [0.0249809306115]
0.019662651699025 [0.00874377880245] [0.0305815245956]
0.024452044162874997 [0.00874377880245] [0.0401603095233]
0.030101027805375 [0.00874377880245] [0.0514582768083]
0.033781338948775 [0.00874377880245] [0.0588188990951]
0.033184303436425 [0.00874377880245] [0.0576248280704]
0.029573355335725 [0.00874377880245] [0.050402931869]
0.025119537953274998 [0.00874377880245] [0.0414952971041]
0.021473730448625 [0.00874377880245] [0.0342036820948]
0.018855888862175 [0.00874377880245] [0.0289679989219]
0.016912688035525 [0.00874377880245] [0.0250815972686]
0.015395155642175 [0.00874377880245] [0.0220465324819]
0.014205214101825 [0.00874377880245] [0.0196666494012]
0.013446874450875 [0.00874377880245] [0.0181499700993]
0.013079578522575 [0.00874377880245] [0.0174153782427]
0.013032214250425 [0.00874377880245] [0.0173206496984]
0.013253758195775 [0.00874377880245] [0.0177637375891]
0.013562402222325 [0.00874377880245] [0.0183810256422]
0.013923275750125 [0.00874377880245] [0.0191027726978]
0.014214660506675 [0.00874377880245] [0.0196855422109]
0.014546229969724999 [0.00874377880245] [0.020348681137]
0.014850222039975 [0.00874377880245] [0.0209566652775]
0.015051396097975 [0.00874377880245] [0.0213590133935]
0.015275272075075 [0.00874377880245] [0.0218067653477]
0.015594559255974999 [0.00874377880245] [0.0224453397095]
0.016125469934174998 [0.00874377880245] [0.0235071610659]
0.045450228266399995 [0.0657328292727] [0.0251676272601]
0.04382696840915 [0.0601612478495] [0.0274926889688]
0.0425064684823 [0.0548020005226] [0.030210936442]
0.0414610970765 [0.0502361617982] [0.0326860323548]
0.0404118001461 [0.0462884865701] [0.0345351137221]
0.03964463993905 [0.0432376600802] [0.0360516197979]
0.03896762244405 [0.0402988828719] [0.0376363620162]
0.038344400003549994 [0.0373963452876] [0.0392924547195]
0.037864658981600005 [0.0347266606987] [0.0410026572645]
0.0380736570805 [0.0329409614205] [0.0432063527405]
0.0394544173032 [0.0323323123157] [0.0465765222907]
0.04274039529265 [0.0325760766864] [0.0529047138989]
0.047725334763549995 [0.0326210483909] [0.0628296211362]
0.05319850333035 [0.0325661338866] [0.0738308727741]
0.058982441201800004 [0.0327290035784] [0.0852358788252]
0.0640533901751 [0.0331213474274] [0.0949854329228]
0.06917984224845 [0.0335330627859] [0.104826621711]
0.0736500024796 [0.0339165180922] [0.113383486867]
0.07686789333805 [0.0342859551311] [0.119449831545]
0.07829967513705 [0.0346836894751] [0.121915660799]
0.07836458086945 [0.0353331714869] [0.121395990252]
0.07841393165265001 [0.0371308736503] [0.119696989655]
0.07815419509985 [0.0385340750217] [0.117774315178]
0.07872251793755 [0.0411867871881] [0.116258248687]
0.08023499883725 [0.0454415641725] [0.115028433502]
0.0833145603538 [0.0523099824786] [0.114319138229]
0.08955171331759999 [0.0610568970442] [0.118046529591]
0.09816549345875 [0.0707607492805] [0.125570237637]
0.10703655704865 [0.0800108984113] [0.134062215686]
0.11276526749125 [0.0849606096745] [0.140569925308]
0.11544367670995 [0.0852435231209] [0.145643830299]
0.1161352619531 [0.0817624479532] [0.150508075953]
0.1159155592324 [0.0765269249678] [0.155304193497]
0.1174545511604 [0.0765269249678] [0.158382177353]
0.1174160689114 [0.0765269249678] [0.158305212855]
0.1175853386524 [0.0765269249678] [0.158643752337]
0.1177709102629 [0.0765269249678] [0.159014895558]
0.090646647848 [0.021307008341] [0.159986287355]
0.09344208054269999 [0.0227972082794] [0.164086952806]
0.09527052473290001 [0.0239579435438] [0.166583105922]
0.09797770995649999 [0.024747395888] [0.171208024025]
0.10016529355215 [0.0254700947553] [0.174860492349]
0.1013237657025 [0.026084298268] [0.176563233137]
0.10154169518485 [0.0266399476677] [0.176443442702]
0.10107236914340001 [0.0272001884878] [0.174944549799]
0.1009107194842 [0.0278216674924] [0.173999771476]
0.0998776936904 [0.0284136999398] [0.171341687441]
0.09847749955975 [0.0290972180665] [0.167857781053]
0.09720345865945 [0.0302045699209] [0.164202347398]
0.09836522117235 [0.0356220826507] [0.161108359694]
0.10150183178505001 [0.0430541522801] [0.15994951129]
0.1050923131404 [0.0484630987048] [0.161721527576]
0.1080127637831 [0.0512485913932] [0.164776936173]
0.1085212863983 [0.0532880201936] [0.163754552603]
0.10630407184339999 [0.0535944402218] [0.159013703465]
0.10365547426065 [0.0532498396933] [0.154061108828]
0.10086197964845 [0.0528195314109] [0.148904427886]
0.09703860059405 [0.0525705292821] [0.141506671906]
0.0915642473848 [0.0524666942656] [0.130661800504]
0.08542297407975 [0.0524183139205] [0.118427634239]
0.0796978753062 [0.0525210760534] [0.106874674559]
0.0741894114763 [0.0528422556818] [0.0955365672708]
0.0688002742827 [0.0532805398107] [0.0843200087547]
0.06396255828439999 [0.0534947551787] [0.0744303613901]
0.05939142592255 [0.0528770424426] [0.0659058094025]
0.0546766053885 [0.0507641509175] [0.0585890598595]
0.049794247373949996 [0.0468108765781] [0.0527776181698]
0.04510806500915 [0.0416245274246] [0.0485916025937]
0.04172678664325 [0.0376125387847] [0.0458410345018]
0.03967562690375 [0.0359385460615] [0.043412707746]
0.038070760667350004 [0.0363934412599] [0.0397480800748]
0.0344831366092 [0.0346624553204] [0.034303817898]
0.02885006554425 [0.0301796551794] [0.0275204759091]
0.02288320846855 [0.0245202407241] [0.021246176213]
0.018002619035549998 [0.0194934755564] [0.0165117625147]
0.0144894020632 [0.0155534576625] [0.0134253464639]
0.01226752623915 [0.0129151213914] [0.0116199310869]
0.0109454300255 [0.0112682403997] [0.0106226196513]
0.01022839546205 [0.0102438349277] [0.0102129559964]
0.00990888662638 [0.00967484526336] [0.0101429279894]
0.009850767441115 [0.00946947932243] [0.0102320555598]
0.009987500030545 [0.00962464697659] [0.0103503530845]
0.01026813313365 [0.0100594945252] [0.0104767717421]
0.01063654152675 [0.0106843160465] [0.010588767007]
0.0109452009201 [0.0112326899543] [0.0106577118859]
0.0112147363834 [0.0116071216762] [0.0108223510906]
0.011506331153250001 [0.0118584185839] [0.0111542437226]
0.012063193600649998 [0.0122375926003] [0.011888794601]
0.0130500695668 [0.0128877069801] [0.0132124321535]
0.0146234515123 [0.0139117473736] [0.015335155651]
0.0171090653166 [0.0156428795308] [0.0185752511024]
0.02058185450735 [0.0180832780898] [0.0230804309249]
0.025346638634800002 [0.0213946215808] [0.0292986556888]
0.0313853388652 [0.0257651079446] [0.0370055697858]
0.03748841863125 [0.0300213936716] [0.0449554435909]
0.0411450508982 [0.0326786264777] [0.0496114753187]
0.040634028613550005 [0.0328044183552] [0.0484636388719]
0.0375917870551 [0.0309976637363] [0.0441859103739]
0.03440462145955 [0.0285139288753] [0.0402953140438]
0.0327442716807 [0.026989325881] [0.0384992174804]
0.03234682790935 [0.0262051224709] [0.0384885333478]
0.03255034331235 [0.0256296079606] [0.0394710786641]
0.03278459794815 [0.0250817649066] [0.0404874309897]
0.0332217104733 [0.0250402130187] [0.0414032079279]
0.03451974038035 [0.0262153241783] [0.0428241565824]
0.0363161545247 [0.0280661098659] [0.0445661991835]
