0.13883044570705 [0.195086166263] [0.0825747251511]
0.1504656337201 [0.20373365283] [0.0971976146102]
0.16869277879550001 [0.217902809381] [0.11948274821]
0.18918424844749998 [0.230253830552] [0.148114666343]
0.2074490711095 [0.239722594619] [0.1751755476]
0.2166638448835 [0.241473257542] [0.191854432225]
0.217302374542 [0.235893547535] [0.198711201549]
0.214431874454 [0.226379811764] [0.202483937144]
0.21379476785649998 [0.22020304203] [0.207386493683]
0.21333733201049998 [0.217301666737] [0.209372997284]
0.214139349759 [0.218926623464] [0.209352076054]
0.21710100770000001 [0.223043724895] [0.211158290505]
0.219758100808 [0.225015088916] [0.2145011127]
0.21648778021350001 [0.219085305929] [0.213890254498]
0.2056664973495 [0.204275086522] [0.207057908177]
0.188418313861 [0.185740619898] [0.191096007824]
0.1736220270395 [0.168772906065] [0.178471148014]
0.1607732847335 [0.152241781354] [0.169304788113]
0.1507411152125 [0.138058692217] [0.163423538208]
0.142806559801 [0.125627145171] [0.159985974431]
0.1357138864695 [0.114863701165] [0.156564071774]
0.1300577521325 [0.106816634536] [0.153298869729]
0.126909479499 [0.101343244314] [0.152475714684]
0.12676750868535 [0.0982606112957] [0.155274406075]
0.1264162845908 [0.0948917642236] [0.157940804958]
0.1240262761712 [0.0895404815674] [0.158512070775]
0.12034509331 [0.081973940134] [0.158716246486]
0.11646111309535 [0.0740876346827] [0.158834591508]
0.11426558718075 [0.0673926100135] [0.161138564348]
0.11317364498990001 [0.0629732385278] [0.163374051452]
0.11357232742015 [0.0611659251153] [0.165978729725]
0.11377206072195 [0.0603943839669] [0.167149737477]
0.11398011073475 [0.0602738931775] [0.167686328292]
0.11471903510385 [0.0613012500107] [0.168136820197]
0.11489263921995 [0.0633893758059] [0.166395902634]
0.1156249642371 [0.0658557713032] [0.165394157171]
0.11607005074634999 [0.0680428668857] [0.164097234607]
0.11570134013885 [0.0692851543427] [0.162117525935]
0.11300541088005 [0.0690383240581] [0.156972497702]
0.1088459827004 [0.0684445425868] [0.149247422814]
0.10517501458535 [0.0691899880767] [0.141160041094]
0.10315933078504999 [0.0725508183241] [0.133767843246]
0.1036071144044 [0.0792905464768] [0.127923682332]
0.1066764853893 [0.0891555696726] [0.124197401106]
0.111146416515 [0.100402839482] [0.121889993548]
0.1155958734455 [0.110711231828] [0.120480515063]
0.1189791597425 [0.118541434407] [0.119416885078]
0.1212084181605 [0.122946947813] [0.119469888508]
0.124312389642 [0.125434800982] [0.123189978302]
0.126138199121 [0.124927647412] [0.12734875083]
0.125904273242 [0.120994843543] [0.130813702941]
0.123473964632 [0.115127563477] [0.131820365787]
0.11985670030100001 [0.108457520604] [0.131255879998]
0.1174103841185 [0.104381009936] [0.130439758301]
0.1167612113055 [0.10240843147] [0.131113991141]
0.11845817044349999 [0.102922685444] [0.133993655443]
0.1217627562585 [0.104923836887] [0.13860167563]
0.1249952465295 [0.107045158744] [0.142945334315]
0.126986756921 [0.108699142933] [0.145274370909]
0.127292137593 [0.109618999064] [0.144965276122]
0.1254102177915 [0.109750591218] [0.141069844365]
0.11975373327700001 [0.109197542071] [0.130309924483]
0.11061121150850001 [0.108134187758] [0.113088235259]
0.1018370166421 [0.106637172401] [0.0970368608832]
0.09530482068655 [0.105555832386] [0.0850538089871]
0.09087683632965 [0.104930050671] [0.0768236219883]
0.08819501847024999 [0.105357825756] [0.0710322111845]
0.08766536042074999 [0.107751190662] [0.0675795301795]
0.08965979889035 [0.112640812993] [0.0666787847877]
0.0913501493634 [0.116534598172] [0.0661657005548]
0.0942381434144 [0.122401878238] [0.0660744085908]
0.09628430753925 [0.126483649015] [0.0660849660635]
0.0965791828932 [0.127319350839] [0.0658390149474]
0.09353784471724999 [0.121076740324] [0.0659989491105]
0.09062382206325001 [0.11433134228] [0.0669163018465]
0.08814287185674999 [0.108058333397] [0.0682274103165]
0.08695358410485 [0.104150414467] [0.0697567537427]
0.08740982040765 [0.103564195335] [0.0712554454803]
0.08972151950015 [0.106272928417] [0.0731701105833]
0.0937951132657 [0.111520878971] [0.0760693475604]
0.09807427227509999 [0.117290593684] [0.0788579508662]
0.10127832368035 [0.121187821031] [0.0813688263297]
0.10324780270445 [0.12501758337] [0.0814780220389]
0.10470066592115 [0.129053205252] [0.0803481265903]
0.10395591333515 [0.12921962142] [0.0786922052503]
0.10185787826760001 [0.12736646831] [0.0763492882252]
0.09919400513155 [0.124212928116] [0.0741750821471]
0.09676342457515 [0.12208199501] [0.0714448541403]
0.09599168598655 [0.123071461916] [0.0689119100571]
0.09914013743399999 [0.129844635725] [0.068435639143]
0.1050817780196 [0.140197560191] [0.0699659958482]
0.1132738254965 [0.152565598488] [0.073982052505]
0.12186593189825001 [0.162969753146] [0.0807621106505]
0.1301794275641 [0.170794725418] [0.0895641297102]
0.138902105391 [0.177707895637] [0.100096315145]
0.14670585095900002 [0.183429896832] [0.109981805086]
0.153635110706 [0.187574580312] [0.1196956411]
0.1599619314075 [0.189825445414] [0.130098417401]
0.165277600288 [0.189087003469] [0.141468197107]
0.1706677004695 [0.187613338232] [0.153722062707]
0.1770299002525 [0.18723526597] [0.166824534535]
0.1838874071835 [0.188797995448] [0.178976818919]
0.191671013832 [0.194023579359] [0.189318448305]
0.1993440315125 [0.201220348477] [0.197467714548]
0.207138903439 [0.209674909711] [0.204602897167]
0.209160067141 [0.21614857018] [0.202171564102]
0.20459221303449998 [0.215261027217] [0.193923398852]
0.198083050549 [0.211605727673] [0.184560373425]
0.1916947290305 [0.206454470754] [0.176934987307]
0.186228655279 [0.200502455235] [0.171954855323]
0.18101515620949998 [0.194523498416] [0.167506814003]
0.1755587682125 [0.186988994479] [0.164128541946]
0.171207308769 [0.17984585464] [0.162568762898]
0.16768316924549997 [0.17336705327] [0.161999285221]
0.1652419120075 [0.170343130827] [0.160140693188]
0.164184458554 [0.171427294612] [0.156941622496]
0.1633943244815 [0.172432005405] [0.154356643558]
0.16009309887849998 [0.169345706701] [0.150840491056]
0.152081899345 [0.159398555756] [0.144765242934]
0.142701238394 [0.14519494772] [0.140207529068]
0.13372074067599998 [0.130778998137] [0.136662483215]
0.1266545020045 [0.117419458926] [0.135889545083]
0.12253595888649998 [0.10747268796] [0.137599229813]
