0.09616072475910001 [0.0957701727748] [0.0965512767434]
0.0928407199681 [0.0956564471126] [0.0900249928236]
0.09013183787465001 [0.095503076911] [0.0847605988383]
0.08792563155295 [0.0955587923527] [0.0802924707532]
0.0863257199526 [0.0960173979402] [0.076634041965]
0.08574651181699999 [0.0969103947282] [0.0745826289058]
0.08605152368545 [0.0981297045946] [0.0739733427763]
0.08693868666884999 [0.0987439379096] [0.0751334354281]
0.0883353240788 [0.0994338095188] [0.0772368386388]
0.08990626782165001 [0.101370103657] [0.0784424319863]
0.09127390757199999 [0.105401366949] [0.077146448195]
0.0928069390355 [0.110802710056] [0.074811168015]
0.09381823986775001 [0.116049155593] [0.0715873241425]
0.09733645245450001 [0.124238468707] [0.070434436202]
0.10280562937235 [0.134396731853] [0.0712145268917]
0.1070487461985 [0.140257060528] [0.073840431869]
0.10943108052020001 [0.141084611416] [0.0777775496244]
0.11017595231545 [0.1397485286] [0.0806033760309]
0.10989933460935 [0.136651292443] [0.0831473767757]
0.1099998392163 [0.133993208408] [0.0860064700246]
0.1105635687709 [0.131818279624] [0.0893088579178]
0.11212600022559999 [0.132247939706] [0.0920040607452]
0.1140705570578 [0.134965956211] [0.0931751579046]
0.11666465550645 [0.139310956001] [0.0940183550119]
0.11850526183835 [0.141668781638] [0.0953417420387]
0.12027214467530001 [0.143245369196] [0.0972989201546]
0.121369421482 [0.141919538379] [0.100819304585]
0.1231726035475 [0.139470338821] [0.106874868274]
0.12567383423450001 [0.137864068151] [0.113483600318]
0.1288866326215 [0.137758821249] [0.120014443994]
0.13425368815650002 [0.140030786395] [0.128476589918]
0.14347933232799998 [0.147094637156] [0.1398640275]
0.1559777930375 [0.158191427588] [0.153764158487]
0.1700367107985 [0.170835897326] [0.169237524271]
0.18375703692450002 [0.184638172388] [0.182875901461]
0.1939370930195 [0.19572879374] [0.192145392299]
0.1991936564445 [0.201322197914] [0.197065114975]
0.20110831409649998 [0.201607406139] [0.200609222054]
0.20188960433 [0.199575975537] [0.204203233123]
0.20176500827100002 [0.19814696908] [0.205383047462]
0.19904737919600002 [0.1981921345] [0.199902623892]
0.1912352517245 [0.198429331183] [0.184041172266]
0.184675619006 [0.19794178009] [0.171409457922]
0.17983721941699998 [0.195602253079] [0.164072185755]
0.17296010255799998 [0.189236149192] [0.156684055924]
0.16081327944950002 [0.179334133863] [0.142292425036]
0.147816285491 [0.169738277793] [0.125894293189]
0.138446904719 [0.163413912058] [0.11347989738]
0.13317254185650002 [0.159384027123] [0.10696105659]
0.1310313604775 [0.156792789698] [0.105269931257]
0.130461972207 [0.157107740641] [0.103816203773]
0.13108758628349998 [0.160327464342] [0.101847708225]
0.13208873569975 [0.165016308427] [0.0991611629725]
0.13272291049355 [0.168838456273] [0.0966073647141]
0.13165437430155 [0.169858619571] [0.0934501290321]
0.1285692974925 [0.167298451066] [0.089840143919]
0.1229958459735 [0.160753428936] [0.085238263011]
0.11499657481895001 [0.15078279376] [0.0792103558779]
0.10553637892005 [0.138678997755] [0.0723937600851]
0.096062209457 [0.1266464293] [0.065477989614]
0.0881474036722 [0.116515651345] [0.0597791559994]
0.0830586049706 [0.110163897276] [0.0559533126652]
0.08027596957975 [0.107009872794] [0.0535420663655]
0.07829661294815 [0.105143263936] [0.0514499619603]
0.07477621547885 [0.100909009576] [0.0486434213817]
0.07035580091179999 [0.0957523584366] [0.044959243387]
0.06602640636265 [0.089856043458] [0.0421967692673]
0.0618407223374 [0.0833500027657] [0.0403314419091]
0.05827701836825 [0.0770345851779] [0.0395194515586]
0.055667644366599996 [0.0718301236629] [0.0395051650703]
0.0534477978945 [0.06758710742] [0.039308488369]
0.0516100693494 [0.0637035965919] [0.0395165421069]
0.050697606056900005 [0.0612566620111] [0.0401385501027]
0.05091676302255 [0.060965038836] [0.0408684872091]
0.05203975364565 [0.062400277704] [0.0416792295873]
0.05342523939905 [0.0643042847514] [0.0425461940467]
0.054798629134899995 [0.0662483274937] [0.0433489307761]
0.05592213198545 [0.0675192624331] [0.0443250015378]
0.05709459632635 [0.0684587433934] [0.0457304492593]
0.058808144182 [0.0700200274587] [0.0475962609053]
0.060649655759349996 [0.071813993156] [0.0494853183627]
0.0620699804276 [0.0732761994004] [0.0508637614548]
0.06261257641015 [0.0739105120301] [0.0513146407902]
0.062419148162 [0.0736271068454] [0.0512111894786]
0.06210588291285 [0.0726722627878] [0.0515395030379]
0.0618428774178 [0.0708609744906] [0.052824780345]
0.0608550403267 [0.0670748949051] [0.0546351857483]
0.05853421613575 [0.0607442036271] [0.0563242286444]
0.0539585240185 [0.0523958466947] [0.0555212013423]
0.0480125620961 [0.0436776727438] [0.0523474514484]
0.04233126714825 [0.0361946597695] [0.048467874527]
0.03788104187695 [0.0307974349707] [0.0449646487832]
0.03488510940225 [0.027406712994] [0.0423635058105]
0.033223239704949996 [0.0256115235388] [0.0408349558711]
0.032314391806699996 [0.0246798954904] [0.039948888123]
