0.0364811755717 [0.0461550578475] [0.0268072932959]
0.044485291466150004 [0.0489098131657] [0.0400607697666]
0.052703019231550005 [0.0517700724304] [0.0536359660327]
0.053087115287799996 [0.0543366596103] [0.0518375709653]
0.0431788060814 [0.0563115850091] [0.0300460271537]
0.0385807864368 [0.0573948808014] [0.0197666920722]
0.03613590588795 [0.0573380254209] [0.014933786355]
0.03471068339425 [0.0567732602358] [0.0126481065527]
0.034414863679550003 [0.0570676326752] [0.0117620946839]
0.035856694914399995 [0.0599896200001] [0.0117237698287]
0.03919821418825 [0.0661479532719] [0.0122484751046]
0.044591192156099996 [0.0760845243931] [0.0130978599191]
0.05059730215 [0.0870834365487] [0.0141111677513]
0.05369353992865 [0.0923298001289] [0.0150572797284]
0.05164444912225 [0.087507493794] [0.0157814044505]
0.04621837474405 [0.0775630027056] [0.0148737467825]
0.04120804835115 [0.0685683935881] [0.0138477031142]
0.0374395698309 [0.0618922449648] [0.012986894697]
0.0347594716586 [0.056950841099] [0.0125681022182]
0.03329421300445 [0.0537697412074] [0.0128186848015]
0.032861832063649996 [0.0518006794155] [0.0139229847118]
0.0332282828167 [0.0504410453141] [0.0160155203193]
0.0339249195531 [0.049098700285] [0.0187511388212]
0.03402331471445 [0.0472377240658] [0.0208089053631]
0.03288649674505 [0.044741589576] [0.0210314039141]
0.03091507870705 [0.0420081727207] [0.0198219846934]
0.0288868593052 [0.0395706929266] [0.0182030256838]
0.027258770540350002 [0.0377742759883] [0.0167432650924]
0.0262707453221 [0.03689648211] [0.0156450085342]
0.0261574005708 [0.0371960327029] [0.0151187684387]
0.0268968548626 [0.0385888963938] [0.0152048133314]
0.0287421438843 [0.041530970484] [0.0159533172846]
0.032113010063800004 [0.0469180606306] [0.017307959497]
0.0365234622732 [0.053875207901] [0.0191717166454]
0.0410629147664 [0.0609693899751] [0.0211564395577]
0.045296300202600004 [0.0677553266287] [0.0228372737765]
0.049712532199950005 [0.0752196237445] [0.0242054406554]
0.05522310640665 [0.0845763757825] [0.0258698370308]
0.063033118844 [0.0976763218641] [0.0283899158239]
0.07496978715085 [0.1172946468] [0.0326449275017]
0.09103095158915 [0.142804741859] [0.0392571613193]
0.1086666584016 [0.16873729229] [0.0485960245132]
0.12402144819489999 [0.1884970963] [0.0595458000898]
0.1346310377123 [0.199563890696] [0.0696981847286]
0.14084358140845 [0.203579232097] [0.0781079307199]
0.1456867977977 [0.205506131053] [0.0858674645424]
0.15077082440255002 [0.206735804677] [0.0948058441281]
0.154097583145 [0.205204203725] [0.102990962565]
0.150827690959 [0.199804186821] [0.101851195097]
0.1477149687705 [0.193945646286] [0.101484291255]
0.145413402468 [0.187123730779] [0.103703074157]
0.1472700871525 [0.185139685869] [0.109400488436]
0.1532073505225 [0.188093066216] [0.118321634829]
0.161294646561 [0.194122329354] [0.128466963768]
0.16601637005800002 [0.194762378931] [0.137270361185]
0.1683049350975 [0.19389526546] [0.142714604735]
0.16900070756649999 [0.191783890128] [0.146217525005]
0.168082647026 [0.189664959908] [0.146500334144]
0.165024228394 [0.185469865799] [0.144578590989]
0.1617742851375 [0.181161507964] [0.142387062311]
0.1584840491415 [0.176188603044] [0.140779495239]
0.1544576510785 [0.173445433378] [0.135469868779]
0.153527200222 [0.17315351963] [0.133900880814]
0.1550579220055 [0.173946082592] [0.136169761419]
0.1555372923615 [0.173231735826] [0.137842848897]
0.153525851667 [0.168222039938] [0.138829663396]
0.14730963856 [0.157531410456] [0.137087866664]
0.137547284365 [0.143085971475] [0.132008597255]
0.1272807717325 [0.129190787673] [0.125370755792]
0.1197462268175 [0.120069637895] [0.11942281574]
0.117022290826 [0.118338599801] [0.115705981851]
0.117772836238 [0.121308274567] [0.114237397909]
0.1209080554545 [0.127652615309] [0.1141634956]
0.1250130161645 [0.135019540787] [0.115006491542]
0.130428362638 [0.142849862576] [0.1180068627]
0.137123160064 [0.151300951838] [0.12294536829]
0.14379809796850002 [0.159493684769] [0.128102511168]
0.1474885717035 [0.164596006274] [0.130381137133]
0.1524252742525 [0.169503703713] [0.135346844792]
0.15678416937599998 [0.173569172621] [0.139999166131]
0.158069327474 [0.175362363458] [0.14077629149]
0.15774144232249998 [0.17478659749] [0.140696287155]
0.15888525545600002 [0.176232948899] [0.141537562013]
0.15999113768349998 [0.178828790784] [0.141153484583]
0.15995301306249998 [0.180105254054] [0.139800772071]
0.16008900851000002 [0.181948080659] [0.138229936361]
0.160474218428 [0.184175565839] [0.136772871017]
0.1598920598625 [0.185392290354] [0.134391829371]
0.1568890437485 [0.18370090425] [0.130077183247]
0.15283098816899998 [0.181273505092] [0.124388471246]
0.1480397358535 [0.179249733686] [0.116829738021]
0.144814066589 [0.181995257735] [0.107632875443]
0.14271455630675 [0.186828196049] [0.0986009165645]
0.14192438870645 [0.193325862288] [0.0905229151249]
0.14070681855065 [0.197819113731] [0.0835945233703]
0.1383303962647 [0.19900855422] [0.0776522383094]
0.1347551457583 [0.196927949786] [0.0725823417306]
0.13140776008375 [0.19427472353] [0.0685407966375]
0.1284090243279 [0.190892010927] [0.0659260377288]
0.1263065822425 [0.187919646502] [0.064693517983]
0.12397717311965 [0.183594793081] [0.0643595531583]
0.12089963257325 [0.177240341902] [0.0645589232445]
0.12081557139770001 [0.176413342357] [0.0652178004384]
0.1217142492533 [0.176184296608] [0.0672442018986]
0.12456941604605 [0.17627222836] [0.0728666037321]
0.12927209213355 [0.175764739513] [0.0827794447541]
0.13460909947755 [0.172641441226] [0.0965767577291]
0.140321157873 [0.169152542949] [0.111489772797]
0.14664130657899999 [0.16670127213] [0.126581341028]
0.1514879092575 [0.164208561182] [0.138767257333]
0.155923485756 [0.164388895035] [0.147458076477]
0.159009896219 [0.165417149663] [0.152602642775]
0.1595235690475 [0.16400359571] [0.155043542385]
0.15640752017499998 [0.157162338495] [0.155652701855]
0.151444159448 [0.148578763008] [0.154309555888]
0.14640621840950002 [0.14064027369] [0.152172163129]
0.14229871332650001 [0.133991748095] [0.150605678558]
0.1416826546195 [0.132294997573] [0.151070311666]
0.1425588205455 [0.134868696332] [0.150248944759]
0.1435566842555 [0.139368638396] [0.147744730115]
0.142168216407 [0.142366290092] [0.141970142722]
0.13729412853700002 [0.142935797572] [0.131652459502]
0.130897209048 [0.141991898417] [0.119802519679]
0.123952701688 [0.140338763595] [0.107566639781]
0.11700665950755 [0.1375503093] [0.0964630097151]
0.1115312427282 [0.134716823697] [0.0883456617594]
0.1078483909368 [0.13172622025] [0.0839705616236]
0.10620612278565 [0.12938965857] [0.0830225870013]
0.10466804727925 [0.125547975302] [0.0837881192565]
0.1033312007787 [0.121754303575] [0.0849080979824]
0.0999166853724 [0.114299215376] [0.0855341553688]
0.0989576801658 [0.112528435886] [0.0853869244456]
0.1009133532641 [0.117305450141] [0.0845212563872]
0.10301489010465001 [0.122393243015] [0.0836365371943]
0.10471739247459999 [0.125893056393] [0.0835417285562]
0.10465834662314999 [0.126429632306] [0.0828870609403]
0.1039487570523 [0.12435426563] [0.0835432484746]
0.102641928941 [0.121354483068] [0.083929374814]
0.10231649130605 [0.119544282556] [0.0850887000561]
0.1033656969669 [0.120293937624] [0.0864374563098]
0.10577758029125 [0.123893372715] [0.0876617878675]
0.10938527807615 [0.129544898868] [0.0892256572843]
0.11307911947374999 [0.135531961918] [0.0906262770295]
0.1161908693611 [0.140787899494] [0.0915938392282]
0.11901215836385001 [0.146136641502] [0.0918876752257]
0.12109061330535001 [0.150481909513] [0.0916993170977]
0.12348297983395001 [0.155860379338] [0.0911055803299]
0.1277934424578 [0.164792820811] [0.0907940641046]
0.13357210531820002 [0.175182893872] [0.0919613167644]
