0.1711595356465 [0.165195629001] [0.177123442292]
0.1882451474665 [0.178875893354] [0.197614401579]
0.20103058218949998 [0.188926964998] [0.213134199381]
0.20559196174150002 [0.190150097013] [0.22103382647]
0.201635397971 [0.182381168008] [0.220889627934]
0.191342256963 [0.16857714951] [0.214107364416]
0.181340932846 [0.157551050186] [0.205130815506]
0.1747117638585 [0.151596397161] [0.197827130556]
0.1708819046615 [0.148604258895] [0.193159550428]
0.1687489748 [0.146575525403] [0.190922424197]
0.16694290936 [0.143455922604] [0.190429896116]
0.1621817648415 [0.136827513576] [0.187536016107]
0.1542302519085 [0.127158075571] [0.181302428246]
0.14187967404750002 [0.116168610752] [0.167590737343]
0.1251504644755 [0.103536292911] [0.14676463604]
0.1063631176946 [0.0899506360292] [0.12277559936]
0.09062186256025001 [0.0786551609635] [0.102588564157]
0.0794009566307 [0.0705404803157] [0.0882614329457]
0.0722822919488 [0.0656909346581] [0.0788736492395]
0.06843720376495 [0.063613511622] [0.0732608959079]
0.0674863755703 [0.0633015483618] [0.0716712027788]
0.06927102804179999 [0.0642922595143] [0.0742497965693]
0.07165083661675001 [0.0653403550386] [0.0779613181949]
0.07021890208125 [0.0635586753488] [0.0768791288137]
0.0636186636984 [0.0588895231485] [0.0683478042483]
0.0554927755147 [0.053694024682] [0.0572915263474]
0.04860392585395 [0.0500617213547] [0.0471461303532]
0.04392009973525 [0.0478812865913] [0.0399589128792]
0.041557872667899995 [0.0472925789654] [0.0358231663704]
0.04135182127355 [0.0480880625546] [0.0346155799925]
0.0425821933895 [0.0496492758393] [0.0355151109397]
0.04452406056225 [0.0514171719551] [0.0376309491694]
0.046281391754750004 [0.0522987432778] [0.0402640402317]
0.04736931435765 [0.0519958138466] [0.0427428148687]
0.04784482717515 [0.0510332621634] [0.0446563921869]
0.048190858215099996 [0.050471778959] [0.0459099374712]
0.0489400383085 [0.0511111058295] [0.0467689707875]
0.05062536895275 [0.0534920468926] [0.0477586910129]
0.05389844998715 [0.0580957457423] [0.049701154232]
0.0596006978303 [0.0654708072543] [0.0537305884063]
0.06896809116005001 [0.0759423226118] [0.0619938597083]
0.08307456597685 [0.0900104120374] [0.0761387199163]
0.10078312456624999 [0.105324789882] [0.0962414592505]
0.1173023581505 [0.116386018693] [0.118218697608]
0.1254874132575 [0.118122152984] [0.132852673531]
0.1211847923695 [0.110571153462] [0.131798431277]
0.10234925523419999 [0.0954205170274] [0.109277993441]
0.08025336265565 [0.0796623080969] [0.0808444172144]
0.06387842446565001 [0.0677537545562] [0.0600030943751]
0.05404166132215 [0.0602933727205] [0.0477899499238]
0.04902381077409999 [0.0561692900956] [0.0418783314526]
0.046769566834 [0.0539707988501] [0.0395683348179]
0.04572656564415 [0.052729871124] [0.0387232601643]
0.04490355588495 [0.0516379363835] [0.0381691753864]
0.04421923682095 [0.050947342068] [0.0374911315739]
0.04373159632085 [0.0506448037922] [0.0368183888495]
0.0438770391047 [0.0514882355928] [0.0362658426166]
0.0442667026073 [0.0527824237943] [0.0357509814203]
0.04483427293595 [0.0544631592929] [0.035205386579]
0.0457358639687 [0.0565944947302] [0.0348772332072]
0.0475816000253 [0.059636041522] [0.0355271585286]
0.051325714215650006 [0.0644668862224] [0.0381845422089]
0.0579438731074 [0.0719206035137] [0.0439671427011]
0.0677477568388 [0.0822649002075] [0.0532306134701]
0.078852199018 [0.0945890024304] [0.0631153956056]
0.08811646699915 [0.106335245073] [0.0698976889253]
0.09395436570065 [0.115072153509] [0.0728365778923]
0.09661937505005 [0.120408385992] [0.0728303641081]
0.09801908209895 [0.124379754066] [0.0716584101319]
0.09983015432975 [0.128631100059] [0.0710292086005]
0.10396352782835 [0.136584728956] [0.0713423267007]
0.11123194172955 [0.150153830647] [0.0723100528121]
0.1201198510825 [0.166835412383] [0.073404289782]
0.1254922263322 [0.176498457789] [0.0744859948754]
0.1278036311268 [0.180002555251] [0.0756047070026]
0.13075839728125 [0.184677347541] [0.0768394470215]
0.1334691420196 [0.18875400722] [0.0781842768192]
0.13378292694695 [0.18825468421] [0.0793111696839]
0.1313973702489 [0.18267942965] [0.0801153108478]
0.12789654359235 [0.174955248833] [0.0808378383517]
0.12638115510365 [0.169955581427] [0.0828067287803]
0.12826785817734998 [0.169816598296] [0.0867191180587]
0.13433023169625 [0.173731639981] [0.0949288234115]
0.140077486634 [0.177932411432] [0.102222561836]
0.14472628012299998 [0.180990353227] [0.108462207019]
0.14717553556000001 [0.182605236769] [0.111745834351]
0.148071076721 [0.18416133523] [0.111980818212]
0.1477407701315 [0.183639973402] [0.111841566861]
0.147793486714 [0.183627143502] [0.111959829926]
0.1475357227025 [0.183200791478] [0.111870653927]
0.146822426468 [0.182318225503] [0.111326627433]
0.1483699828385 [0.184488907456] [0.112251058221]
0.152252141386 [0.187822818756] [0.116681464016]
0.1599253714085 [0.192901790142] [0.126948952675]
0.1694616749885 [0.195845857263] [0.143077492714]
0.1796941906215 [0.193580314517] [0.165808066726]
0.18971112370499998 [0.186687216163] [0.192735031247]
0.1977370753885 [0.175523042679] [0.219951108098]
0.2011399269105 [0.163612216711] [0.23866763711]
0.201725661755 [0.154982939363] [0.248468384147]
0.202611148357 [0.149586141109] [0.255636155605]
0.20235138386499998 [0.149256154895] [0.255446612835]
0.199791319668 [0.151599600911] [0.247983038425]
0.1973000615835 [0.154842630029] [0.239757493138]
0.1943018957975 [0.157876431942] [0.230727359653]
0.19051008671550002 [0.161456346512] [0.219563826919]
0.1867338195445 [0.166601315141] [0.206866323948]
0.180646792054 [0.168716549873] [0.192577034235]
0.1729967445135 [0.168378069997] [0.17761541903]
0.164857812226 [0.167488500476] [0.162227123976]
0.1572324931625 [0.168297827244] [0.146167159081]
0.1500393003225 [0.169109210372] [0.130969390273]
0.145920302719 [0.173672869802] [0.118167735636]
0.14581343159100002 [0.182796403766] [0.108830459416]
0.146378166974 [0.18950457871] [0.103251755238]
0.147256396711 [0.194167673588] [0.100345119834]
0.1467259936035 [0.194785386324] [0.098666600883]
0.1444055624307 [0.190699145198] [0.0981119796634]
0.1383619606497 [0.179143533111] [0.0975803881884]
0.1304948925972 [0.164601251483] [0.0963885337114]
0.1213167458774 [0.146604344249] [0.0960291475058]
