0.09127101302165 [0.101581834257] [0.0809601917863]
0.09127101302165 [0.101581834257] [0.0809601917863]
0.09127101302165 [0.101581834257] [0.0809601917863]
0.09127101302165 [0.101581834257] [0.0809601917863]
0.09127101302165 [0.101581834257] [0.0809601917863]
0.09127101302165 [0.101581834257] [0.0809601917863]
0.09127101302165 [0.101581834257] [0.0809601917863]
0.09127101302165 [0.101581834257] [0.0809601917863]
0.09127101302165 [0.101581834257] [0.0809601917863]
0.09127101302165 [0.101581834257] [0.0809601917863]
0.09127101302165 [0.101581834257] [0.0809601917863]
0.09127101302165 [0.101581834257] [0.0809601917863]
0.09127101302165 [0.101581834257] [0.0809601917863]
0.09127101302165 [0.101581834257] [0.0809601917863]
0.09127101302165 [0.101581834257] [0.0809601917863]
0.09127101302165 [0.101581834257] [0.0809601917863]
0.09127101302165 [0.101581834257] [0.0809601917863]
0.05559168197215 [0.030223172158] [0.0809601917863]
0.0584603101015 [0.0359604284167] [0.0809601917863]
0.06227159127595 [0.0435829907656] [0.0809601917863]
0.06691867113114999 [0.052877150476] [0.0809601917863]
0.07198319211605 [0.0630061924458] [0.0809601917863]
0.07700523734095 [0.0730502828956] [0.0809601917863]
0.0813817717135 [0.0818033516407] [0.0809601917863]
0.13610234484075 [0.0885932818055] [0.183611407876]
0.12663836032175 [0.0935082137585] [0.159768506885]
0.11764622107135 [0.0971654877067] [0.138126954436]
0.1111554540695 [0.100369744003] [0.121941164136]
0.1072309874 [0.103434510529] [0.111027464271]
0.11891157552600001 [0.133831530809] [0.103991620243]
0.1401493102312 [0.180467620492] [0.0998309999704]
0.16367055103165 [0.229736357927] [0.0976047441363]
0.17999372631315 [0.26299148798] [0.0969959646463]
0.18720902130015002 [0.276672422886] [0.0977456197143]
0.18859183788285 [0.277617126703] [0.0995665490627]
0.1878459751605 [0.273648381233] [0.102043569088]
0.1837708204985 [0.269152134657] [0.09838950634]
0.1803610436618 [0.265739172697] [0.0949829146266]
0.1756467856466 [0.259140908718] [0.0921526625752]
0.1713716797531 [0.251053839922] [0.0916895195842]
0.16886705532675 [0.243021786213] [0.0947123244405]
0.1685335189105 [0.235048219562] [0.102018818259]
0.167742520571 [0.22249686718] [0.112988173962]
0.166962891817 [0.206181123853] [0.127744659781]
0.167011089623 [0.189908400178] [0.144113779068]
0.169475227594 [0.177537232637] [0.161413222551]
0.17568320035899998 [0.17366027832] [0.177706122398]
0.18032758683 [0.175898998976] [0.184756174684]
0.18081382662099998 [0.180282324553] [0.181345328689]
0.174505352974 [0.183864414692] [0.165146291256]
0.164292909205 [0.184387937188] [0.144197881222]
0.1522042900325 [0.181789189577] [0.122619390488]
0.13786273449679998 [0.177271291614] [0.0984541773796]
0.12343727424755 [0.171657368541] [0.0752171799541]
0.11041757278164999 [0.164474204183] [0.0563609413803]
0.0996126309039 [0.155769824982] [0.0434554368258]
0.09078157134369999 [0.14583401382] [0.0357291288674]
0.0850960668176 [0.136241480708] [0.0339506529272]
0.08022839203490001 [0.127778798342] [0.0326779857278]
0.0746431555598 [0.117538794875] [0.0317475162446]
0.06502930633725 [0.0990421175957] [0.0310164950788]
0.05193459708245 [0.0735121443868] [0.0303570497781]
0.0397371938452 [0.0497130714357] [0.0297613162547]
0.03087579179555 [0.0325772538781] [0.029174329713]
0.0280135516077 [0.0272421855479] [0.0287849176675]
0.02589841466395 [0.0235650092363] [0.0282318200916]
0.0239168908447 [0.0212190635502] [0.0266147181392]
0.022070144303149998 [0.0194340981543] [0.024706190452]
0.021284434013099998 [0.0178626775742] [0.024706190452]
0.02060554455965 [0.0165048986673] [0.024706190452]
0.02009001839905 [0.0154738463461] [0.024706190452]
0.01973118027675 [0.0147561701015] [0.024706190452]
0.019394626375299998 [0.0140830622986] [0.024706190452]
0.0189753980376 [0.0132446056232] [0.024706190452]
0.018321857322 [0.011937524192] [0.024706190452]
0.018321857322 [0.011937524192] [0.024706190452]
0.018321857322 [0.011937524192] [0.024706190452]
0.018321857322 [0.011937524192] [0.024706190452]
0.018321857322 [0.011937524192] [0.024706190452]
0.018321857322 [0.011937524192] [0.024706190452]
0.018321857322 [0.011937524192] [0.024706190452]
0.018321857322 [0.011937524192] [0.024706190452]
0.018321857322 [0.011937524192] [0.024706190452]
0.018321857322 [0.011937524192] [0.024706190452]
0.018321857322 [0.011937524192] [0.024706190452]
0.018321857322 [0.011937524192] [0.024706190452]
0.018321857322 [0.011937524192] [0.024706190452]
0.018321857322 [0.011937524192] [0.024706190452]
0.018321857322 [0.011937524192] [0.024706190452]
0.018321857322 [0.011937524192] [0.024706190452]
0.018321857322 [0.011937524192] [0.024706190452]
0.018321857322 [0.011937524192] [0.024706190452]
0.018321857322 [0.011937524192] [0.024706190452]
0.018321857322 [0.011937524192] [0.024706190452]
0.018321857322 [0.011937524192] [0.024706190452]
0.018321857322 [0.011937524192] [0.024706190452]
0.018321857322 [0.011937524192] [0.024706190452]
0.018321857322 [0.011937524192] [0.024706190452]
0.018321857322 [0.011937524192] [0.024706190452]
0.018321857322 [0.011937524192] [0.024706190452]
0.018321857322 [0.011937524192] [0.024706190452]
0.018321857322 [0.011937524192] [0.024706190452]
0.018321857322 [0.011937524192] [0.024706190452]
0.018321857322 [0.011937524192] [0.024706190452]
0.018321857322 [0.011937524192] [0.024706190452]
0.018321857322 [0.011937524192] [0.024706190452]
0.018321857322 [0.011937524192] [0.024706190452]
0.018321857322 [0.011937524192] [0.024706190452]
0.018321857322 [0.011937524192] [0.024706190452]
0.018321857322 [0.011937524192] [0.024706190452]
0.018321857322 [0.011937524192] [0.024706190452]
0.018321857322 [0.011937524192] [0.024706190452]
0.018321857322 [0.011937524192] [0.024706190452]
0.018321857322 [0.011937524192] [0.024706190452]
0.018321857322 [0.011937524192] [0.024706190452]
0.018321857322 [0.011937524192] [0.024706190452]
0.018321857322 [0.011937524192] [0.024706190452]
0.018321857322 [0.011937524192] [0.024706190452]
0.018321857322 [0.011937524192] [0.024706190452]
0.018321857322 [0.011937524192] [0.024706190452]
0.018321857322 [0.011937524192] [0.024706190452]
0.018321857322 [0.011937524192] [0.024706190452]
0.018321857322 [0.011937524192] [0.024706190452]
0.018321857322 [0.011937524192] [0.024706190452]
0.018321857322 [0.011937524192] [0.024706190452]
0.018321857322 [0.011937524192] [0.024706190452]
0.018321857322 [0.011937524192] [0.024706190452]
0.018321857322 [0.011937524192] [0.024706190452]
0.018321857322 [0.011937524192] [0.024706190452]
0.018321857322 [0.011937524192] [0.024706190452]
0.018321857322 [0.011937524192] [0.024706190452]
0.018321857322 [0.011937524192] [0.024706190452]
0.018321857322 [0.011937524192] [0.024706190452]
0.018321857322 [0.011937524192] [0.024706190452]
0.018321857322 [0.011937524192] [0.024706190452]
0.018321857322 [0.011937524192] [0.024706190452]
0.018321857322 [0.011937524192] [0.024706190452]
0.018321857322 [0.011937524192] [0.024706190452]
0.0353777008131 [0.0460492111742] [0.024706190452]
0.0356794157997 [0.0466526411474] [0.024706190452]
0.03646518383175 [0.0482241772115] [0.024706190452]
0.03758893627675 [0.0504716821015] [0.024706190452]
0.0386911025271 [0.0526760146022] [0.024706190452]
0.03973573911935 [0.0547652877867] [0.024706190452]
0.04029540810735 [0.0558846257627] [0.024706190452]
0.0402909209952 [0.0558756515384] [0.024706190452]
0.03998911287635 [0.0552720353007] [0.024706190452]
0.0396588156 [0.054611440748] [0.024706190452]
