0.14548266679049998 [0.142586633563] [0.148378700018]
0.1434924677015 [0.142961651087] [0.144023284316]
0.142713628709 [0.144405663013] [0.141021594405]
0.143758699298 [0.146346136928] [0.141171261668]
0.143893644214 [0.143512889743] [0.144274398685]
0.1427008137105 [0.140456676483] [0.144944950938]
0.1370226070285 [0.137545362115] [0.136499851942]
0.129602562636 [0.134806752205] [0.124398373067]
0.122423760593 [0.131127491593] [0.113720029593]
0.116903230548 [0.127685159445] [0.106121301651]
0.11366508901149999 [0.124749608338] [0.102580569685]
0.11168628931050001 [0.122737132013] [0.100635446608]
0.1107726842163 [0.121858425438] [0.0996869429946]
0.1094626635311 [0.121109269559] [0.0978160575032]
0.10495726019144999 [0.115818798542] [0.0940957218409]
0.09610512852675 [0.104372136295] [0.0878381207585]
0.08394339680675 [0.087552189827] [0.0803346037865]
0.07346165552735 [0.0731932744384] [0.0737300366163]
0.06672497093675 [0.0642959848046] [0.0691539570689]
0.0632098019123 [0.0598355233669] [0.0665840804577]
0.06307004764675 [0.0594603866339] [0.0666797086596]
0.06553962640465 [0.0623687691987] [0.0687104836106]
0.06947524473069999 [0.0673287138343] [0.0716217756271]
0.07437118515374999 [0.0731541886926] [0.0755881816149]
0.0788032151759 [0.078289821744] [0.0793166086078]
0.0818985402584 [0.0818766206503] [0.0819204598665]
0.08369898423555 [0.0841419324279] [0.0832560360432]
0.08465894684195 [0.0853557884693] [0.0839621052146]
0.0858264863491 [0.0864432007074] [0.0852097719908]
0.08849678561089999 [0.0890621766448] [0.087931394577]
0.0941870547831 [0.0951892659068] [0.0931848436594]
0.104135222733 [0.106421418488] [0.101849026978]
0.1190588884055 [0.124209187925] [0.113908588886]
0.1369918957355 [0.14841555059] [0.125568240881]
0.152680039406 [0.172854602337] [0.132505476475]
0.15890523791299999 [0.185400739312] [0.132409736514]
0.15407603979099999 [0.180734172463] [0.127417907119]
0.1424998156725 [0.164773732424] [0.120225898921]
0.1310529075565 [0.147405162454] [0.114700652659]
0.12232458964 [0.133539944887] [0.111109234393]
0.116856738925 [0.125534728169] [0.108178749681]
0.11600361391899999 [0.124861165881] [0.107146061957]
0.1214718073605 [0.131298199296] [0.111645415425]
0.126852262765 [0.137859031558] [0.115845493972]
0.1283124201 [0.136693134904] [0.119931705296]
0.128012575209 [0.128411874175] [0.127613276243]
0.12906083464600002 [0.121100977063] [0.137020692229]
0.1292795650665 [0.114885501564] [0.143673628569]
0.1285984255375 [0.110507078469] [0.146689772606]
0.128258023411 [0.109407089651] [0.147108957171]
0.126881994307 [0.108293816447] [0.145470172167]
0.12484289705749999 [0.106981009245] [0.14270478487]
0.122714813799 [0.104931212962] [0.140498414636]
0.121288727969 [0.102339304984] [0.140238150954]
0.12086058408015 [0.0998348742723] [0.141886293888]
0.12096729874599998 [0.097560480237] [0.144374117255]
0.1209891028702 [0.0957494303584] [0.146228775382]
0.12035090848815 [0.0943889394403] [0.146312877536]
0.11897261068205 [0.0938737466931] [0.144071474671]
0.11698438227164999 [0.0942784249783] [0.139690339565]
0.11547612026315 [0.0954939052463] [0.13545833528]
0.1171404086054 [0.0987289771438] [0.135551840067]
0.12172197178 [0.10243742913] [0.14100651443]
0.127627637237 [0.106545977294] [0.14870929718]
0.1339290738105 [0.112114444375] [0.155743703246]
0.137946490198 [0.118038706481] [0.157854273915]
0.1434703171255 [0.125333681703] [0.161606952548]
