0.1776892617345 [0.182168602943] [0.173209920526]
0.170117802918 [0.178272843361] [0.161962762475]
0.16438743472099998 [0.173918098211] [0.154856771231]
0.1602044627075 [0.168673485518] [0.151735439897]
0.157644726336 [0.163355007768] [0.151934444904]
0.1548235714435 [0.159430757165] [0.150216385722]
0.15101502835750003 [0.155602708459] [0.146427348256]
0.146598942578 [0.150618776679] [0.142579108477]
0.14271582663100002 [0.146224200726] [0.139207452536]
0.14063617587049998 [0.144191652536] [0.137080699205]
0.13968720287050002 [0.144758328795] [0.134616076946]
0.138582162559 [0.146284997463] [0.130879327655]
0.136055596173 [0.145506381989] [0.126604810357]
0.13199206441650002 [0.140437632799] [0.123546496034]
0.125637561083 [0.131475791335] [0.119799330831]
0.118270367384 [0.12140634656] [0.115134388208]
0.110538151115 [0.112265251577] [0.108811050653]
0.10147165134565 [0.103168934584] [0.0997743681073]
0.09106327220794999 [0.0948190912604] [0.0873074531555]
0.08290154859425 [0.0884564444423] [0.0773466527462]
0.07714349776505 [0.0836699530482] [0.0706170424819]
0.07308139279485 [0.0798936635256] [0.0662691220641]
0.07030550017955 [0.076861910522] [0.0637490898371]
0.06878475658595 [0.0754782110453] [0.0620913021266]
0.0684338659048 [0.0757593512535] [0.0611083805561]
0.06878463551405 [0.0772116929293] [0.0603575780988]
0.06952023878695 [0.0795349106193] [0.0595055669546]
0.07048087380825 [0.082881167531] [0.0580805800855]
0.0718605816364 [0.0876757353544] [0.0560454279184]
0.0741971731186 [0.0944997891784] [0.0538945570588]
0.07757404632885001 [0.103148505092] [0.0519995875657]
0.08162968792005 [0.112398959696] [0.0508604161441]
0.0842748209835 [0.11850335449] [0.050046287477]
0.0866837874054 [0.123564340174] [0.0498032346368]
0.0900015775113 [0.129529610276] [0.0504735447466]
0.09646480344215 [0.140609785914] [0.0523198209703]
0.10598336160195 [0.157691523433] [0.0542751997709]
0.114962780848 [0.175018534064] [0.054907027632]
0.12251134589305 [0.189646348357] [0.0553763434291]
0.12537519261245 [0.195673018694] [0.0550773665309]
0.12436098232885 [0.194101557136] [0.0546204075217]
0.1217632200569 [0.189444988966] [0.0540814511478]
0.11808514036215 [0.181853935122] [0.0543163456023]
0.1157990079374 [0.175607994199] [0.0559900216758]
0.1150342617182 [0.170491173863] [0.0595773495734]
0.11303771287185 [0.160859584808] [0.0652158409357]
0.1102884784343 [0.147438615561] [0.0731383413076]
0.1097928993404 [0.136475160718] [0.0831106379628]
0.11190286278735001 [0.130311638117] [0.0934940874577]
0.11605568975200001 [0.129172027111] [0.102939352393]
0.12067253515099999 [0.13176330924] [0.109581761062]
0.123766228557 [0.135766655207] [0.111765801907]
0.125100173056 [0.138922467828] [0.111277878284]
0.1246213801205 [0.136620894074] [0.112621866167]
0.1246583089235 [0.133910208941] [0.115406408906]
0.126155357808 [0.130835264921] [0.121475450695]
0.128313019872 [0.127963513136] [0.128662526608]
0.13351263850950001 [0.130450665951] [0.136574611068]
0.1398454904555 [0.137793570757] [0.141897410154]
0.1419515088205 [0.144614130259] [0.139288887382]
0.140020214021 [0.150484099984] [0.129556328058]
0.136183671653 [0.15588119626] [0.116486147046]
0.131420560181 [0.157229706645] [0.105611413717]
0.12504059448835 [0.152948513627] [0.0971326753497]
0.11678394302720001 [0.142688602209] [0.0908792838454]
0.10842523723845 [0.13147854805] [0.0853719264269]
0.10061930492525001 [0.120514959097] [0.0807236507535]
0.0940719731153 [0.111422210932] [0.0767217352986]
