0.06252621673045 [0.0805481895804] [0.0445042438805]
0.06343554332855 [0.0826795548201] [0.044191531837]
0.0642925798893 [0.0855642780662] [0.0430208817124]
0.06551391631365 [0.089388653636] [0.0416391789913]
0.0673705935478 [0.0943147316575] [0.0404264554381]
0.0699662920087 [0.100566163659] [0.0393664203584]
0.07411726936675 [0.109779477119] [0.0384550616145]
0.08027378097165 [0.123288221657] [0.0372593402863]
0.08403804898285 [0.132812827826] [0.0352632701397]
0.08683582767855 [0.141286402941] [0.0323852524161]
0.08873402886115 [0.148159578443] [0.0293084792793]
0.08925317134715 [0.151789262891] [0.0267170798033]
0.08734518010174999 [0.149793803692] [0.0248965565115]
0.085029195994 [0.146302655339] [0.023755736649]
0.08339488320065 [0.143770515919] [0.0230192504823]
0.0827611293645 [0.142835184932] [0.022687073797]
0.0834624134003 [0.144395753741] [0.0225290730596]
0.0860211467368 [0.149352446198] [0.0226898472756]
0.0904028089717 [0.157489836216] [0.0233157817274]
0.0956468936058 [0.166903033853] [0.0243907533586]
0.10250057280045 [0.178617238998] [0.0263839066029]
0.10887297242895 [0.188310042024] [0.0294359028339]
0.11425580270579999 [0.194828301668] [0.0336833037436]
0.11853425391035 [0.197802960873] [0.0392655469477]
0.1233029775321 [0.198802396655] [0.0478035584092]
0.13093941472465 [0.200086519122] [0.0617923103273]
0.1434929966929 [0.205768719316] [0.0812172740698]
0.158420544118 [0.214558720589] [0.102282367647]
0.1708096675575 [0.223466068506] [0.118153266609]
0.179718464613 [0.232775896788] [0.126661032438]
0.18519166857 [0.239920914173] [0.130462422967]
0.184881672263 [0.237505227327] [0.132258117199]
0.1805395260455 [0.227718919516] [0.133360132575]
0.1734493523835 [0.21318782866] [0.133710876107]
0.165920101106 [0.198813989758] [0.133026212454]
0.158094637096 [0.184878051281] [0.131311222911]
0.150911167264 [0.173343136907] [0.128479197621]
0.1439448967575 [0.162733078003] [0.125156715512]
0.13811383768899999 [0.153836905956] [0.122390769422]
0.13521264866 [0.148139372468] [0.122285924852]
0.1359641887245 [0.147556617856] [0.124371759593]
0.138563543558 [0.151558950543] [0.125568136573]
0.141387116164 [0.158399343491] [0.124374888837]
0.1447201892735 [0.166062757373] [0.123377621174]
0.14876300469 [0.174985542893] [0.122540466487]
0.151129234582 [0.181254670024] [0.12100379914]
0.1479296237235 [0.184441402555] [0.111417844892]
0.1442061699925 [0.186025455594] [0.102386884391]
0.14119838923235 [0.187645465136] [0.0947513133287]
0.14024962112325 [0.191644623876] [0.0888546183705]
0.1417130753396 [0.198091730475] [0.0853344202042]
0.14472216740240001 [0.205389395356] [0.0840549394488]
0.14973126724385 [0.214973405004] [0.0844891294837]
0.1542572453619 [0.22344994545] [0.0850645452738]
0.15835701301670002 [0.231530219316] [0.0851838067174]
0.16180767118945 [0.238483399153] [0.0851319432259]
0.16318215057240001 [0.24187284708] [0.0844914540648]
0.1645070798697 [0.243615239859] [0.0853989198804]
0.16574213281255 [0.244250208139] [0.0872340574861]
0.1658839508893 [0.240846589208] [0.0909213125706]
0.16344783827685 [0.230658769608] [0.0962369069457]
0.16431425884349998 [0.226414725184] [0.102213792503]
0.1689013130965 [0.230459049344] [0.107343576849]
0.1751553975045 [0.239169701934] [0.111141093075]
0.18151133134949998 [0.24963901937] [0.113383643329]
0.187185116112 [0.260826259851] [0.113543972373]
0.191060561687 [0.27152094245] [0.110600180924]
0.191605154425 [0.278551757336] [0.104658551514]
0.18831969797595 [0.278925746679] [0.0977136492729]
0.1849666796627 [0.278210908175] [0.0917224511504]
0.1796622462573 [0.271459192038] [0.0878653004766]
0.17553046718260001 [0.264927297831] [0.0861336365342]
0.17239533364749998 [0.259936869144] [0.084853798151]
0.17065584659584998 [0.256413549185] [0.0848981440067]
0.16925660520795 [0.251542955637] [0.0869702547789]
0.164921734482 [0.239793807268] [0.090049661696]
0.15669131651525 [0.218531548977] [0.0948510840535]
0.151764176786 [0.202941611409] [0.100586742163]
0.15026571601650002 [0.193753227592] [0.106778204441]
0.1518936604265 [0.19085867703] [0.112928643823]
0.1522695720195 [0.186129629612] [0.118409514427]
0.1516458429395 [0.179670065641] [0.123621620238]
0.1509990617635 [0.172254547477] [0.12974357605]
0.1531549841165 [0.168010085821] [0.138299882412]
0.15717972815050002 [0.165023118258] [0.149336338043]
0.16193399578349998 [0.162367209792] [0.161500781775]
0.1661564037205 [0.160086527467] [0.172226279974]
0.16939046233900001 [0.157930836082] [0.180850088596]
0.1702475994825 [0.154576972127] [0.185918226838]
0.1694703176615 [0.148348614573] [0.19059202075]
0.165423795581 [0.138636291027] [0.192211300135]
0.1599429547785 [0.127746224403] [0.192139685154]
0.15610101819049998 [0.117401048541] [0.19480098784]
0.155142467469 [0.108582131565] [0.201702803373]
0.15900854021299998 [0.106942877173] [0.211074203253]
0.166419558227 [0.109083011746] [0.223756104708]
0.175540659577 [0.111220546067] [0.239860773087]
0.1793073713775 [0.110008090734] [0.248606652021]
0.18207967281350002 [0.110350728035] [0.253808617592]
0.183320689946 [0.112920261919] [0.253721117973]
0.1835030131045 [0.113951586187] [0.253054440022]
0.18278663978 [0.113688223064] [0.251885056496]
0.1766528002915 [0.111060939729] [0.242244660854]
0.168532349169 [0.107322692871] [0.229742005467]
0.161462649703 [0.104462087154] [0.218463212252]
0.15502112358800002 [0.102496355772] [0.207545891404]
0.151441462338 [0.102974027395] [0.199908897281]
0.1516963094475 [0.107370436192] [0.196022182703]
0.153833076358 [0.111970707774] [0.195695444942]
0.15651430189600002 [0.116353869438] [0.196674734354]
0.157916970551 [0.121322512627] [0.194511428475]
0.1586928293105 [0.126834467053] [0.190551191568]
0.159664735198 [0.133652180433] [0.185677289963]
0.16110170632600002 [0.14063718915] [0.181566223502]
0.1623501852155 [0.146116733551] [0.17858363688]
0.162786863744 [0.151427924633] [0.174145802855]
0.1628239676355 [0.157587841153] [0.168060094118]
0.1623543724415 [0.163644507527] [0.161064237356]
0.163055986166 [0.170136958361] [0.155975013971]
0.16300419718 [0.174214020371] [0.151794373989]
