0.164166323841 [0.158503711224] [0.169828936458]
0.162755891681 [0.157033905387] [0.168477877975]
0.160696811974 [0.158792674541] [0.162600949407]
0.159078039229 [0.163057669997] [0.155098408461]
0.15570884197950002 [0.166441768408] [0.144975915551]
0.1487624049185 [0.162931218743] [0.134593591094]
0.14176978915900001 [0.156002551317] [0.127537027001]
0.136872731149 [0.149064809084] [0.124680653214]
0.134506199509 [0.144226744771] [0.124785654247]
0.1333046928045 [0.1379083395] [0.128701046109]
0.13341107964499999 [0.131983578205] [0.134838581085]
0.13348431140150002 [0.127519279718] [0.139449343085]
0.133463434875 [0.123414903879] [0.143511965871]
0.131099227816 [0.118499778211] [0.143698677421]
0.12291152030250001 [0.107893779874] [0.137929260731]
0.1054260917009 [0.0910222306848] [0.119829952717]
0.08448922634125 [0.0720695778728] [0.0969088748097]
0.06761089153585 [0.0561623238027] [0.079059459269]
0.0580903664231 [0.0477246791124] [0.0684560537338]
0.054223364219049996 [0.0449079312384] [0.0635387971997]
0.053804641589500005 [0.0455106347799] [0.0620986483991]
0.05539489910005 [0.0485404282808] [0.0622493699193]
0.0570711288601 [0.0520734898746] [0.0620687678456]
0.057642119005350004 [0.0547584705055] [0.0605257675052]
0.0557721536607 [0.0551550239325] [0.0563892833889]
0.05296562984585 [0.0544315353036] [0.0514997243881]
0.050572818145199996 [0.0533472374082] [0.0477983988822]
0.049253838136799996 [0.052861135453] [0.0456465408206]
0.04902104474605 [0.053443454206] [0.0445986352861]
0.049662223085749996 [0.0547810830176] [0.0445433631539]
0.0512730553746 [0.0570104792714] [0.0455356314778]
0.0540345422924 [0.0603661499918] [0.047702934593]
0.05773543938995 [0.06442040205] [0.0510504767299]
0.06145269237460001 [0.0679988116026] [0.0549065731466]
0.0638053268194 [0.0695064291358] [0.058104224503]
0.06394252739845 [0.0683184638619] [0.059566590935]
0.062380362302050005 [0.0654176697135] [0.0593430548906]
0.06039111875 [0.062431819737] [0.058350417763]
0.05914754606785 [0.0606397949159] [0.0576552972198]
0.059511197730899995 [0.0608811639249] [0.0581412315369]
0.062096491456000005 [0.0640094950795] [0.0601834878325]
0.06754529848695 [0.0700101852417] [0.0650804117322]
0.0755631737411 [0.076041072607] [0.0750852748752]
0.0851746536791 [0.0818902403116] [0.0884590670466]
0.0939005613329 [0.0842948704958] [0.10350625217]
0.0989097990098 [0.0855497568846] [0.112269841135]
0.1022590957584 [0.0867724642158] [0.117745727301]
0.1048507057131 [0.0901073217392] [0.119594089687]
0.1071167066693 [0.0946729555726] [0.119560457766]
0.109870381653 [0.100015930831] [0.119724832475]
0.11354778707 [0.105765610933] [0.121329963207]
0.1175403259695 [0.112001568079] [0.12307908386]
0.1189652867615 [0.114615827799] [0.123314745724]
0.1192460767925 [0.112609855831] [0.125882297754]
0.120969768614 [0.11003985256] [0.131899684668]
0.123551353812 [0.106230586767] [0.140872120857]
0.1290470734235 [0.105964452028] [0.152129694819]
0.134251434356 [0.106814794242] [0.16168807447]
0.137785255909 [0.107794240117] [0.167776271701]
0.140289153904 [0.10870525986] [0.171873047948]
0.142040539533 [0.108922339976] [0.17515873909]
0.143383581191 [0.107621155679] [0.179146006703]
0.1407641209665 [0.103065542877] [0.178462699056]
0.1253174394371 [0.0894497781992] [0.161185100675]
0.10310155153285 [0.0703673809767] [0.135835722089]
0.07185045443475 [0.0484726168215] [0.095228292048]
0.0469822399318 [0.0334100909531] [0.0605543889105]
0.03303779568525 [0.0259949695319] [0.0400806218386]
0.0264235138893 [0.0230041593313] [0.0298428684473]
0.02337514329705 [0.0216718912125] [0.0250783953816]
0.021719433367249998 [0.0208179578185] [0.022620908916]
0.02081744838505 [0.0203033015132] [0.0213315952569]
0.020264429971600002 [0.01999431476] [0.0205345451832]
0.0194488018751 [0.0194429848343] [0.0194546189159]
0.0179529655725 [0.0182018261403] [0.0177041050047]
0.016052601859000003 [0.0165243148804] [0.0155808888376]
0.014285234734450002 [0.0147709762678] [0.0137994932011]
0.012916623614700001 [0.0132974917069] [0.0125357555225]
0.011871263850449999 [0.0120821986347] [0.0116603290662]
0.01106323488055 [0.011135796085] [0.0109906736761]
0.01028186734765 [0.0102270487696] [0.0103366859257]
0.009411131497469999 [0.009212478064] [0.00960978493094]
0.008532727137205001 [0.00813782960176] [0.00892762467265]
0.00780312018469 [0.00721153616905] [0.00839470420033]
0.0072706770151850005 [0.00655311252922] [0.00798824150115]
0.006845156895 [0.00603954261169] [0.00765077117831]
0.006566797848795 [0.00571364583448] [0.00741994986311]
0.00645177159458 [0.0056215012446] [0.00728204194456]
0.0064313255716100005 [0.00562813458964] [0.00723451655358]
0.0065943852532650005 [0.00581149663776] [0.00737727386877]
0.00687346002087 [0.00609409948811] [0.00765282055363]
0.007346089929345 [0.00655911769718] [0.00813306216151]
0.007896990980955 [0.00714780390263] [0.00864617805928]
0.00838763359934 [0.00767148472369] [0.00910378247499]
0.008716862648725 [0.00805877707899] [0.00937494821846]
0.008965865243224999 [0.00827326066792] [0.00965846981853]
0.009168786462394999 [0.00839454028755] [0.00994303263724]
0.009236811660239999 [0.00842542108148] [0.010048202239]
0.009147272445265 [0.00829596165568] [0.00999858323485]
0.008936803322285001 [0.008116572164] [0.00975703448057]
0.008722042199225 [0.00800963211805] [0.0094344522804]
0.008620316162705 [0.00802435353398] [0.00921627879143]
0.00863992841914 [0.00812377594411] [0.00915608089417]
0.008815124630925 [0.00836055912077] [0.00926969014108]
0.00903170648962 [0.00861071795225] [0.00945269502699]
0.009300502948465 [0.00888949632645] [0.00971150957048]
0.009514031466095 [0.00907122436911] [0.00995683856308]
0.009697915520545 [0.00917614810169] [0.0102196829394]
0.009929511696085 [0.00929688103497] [0.0105621423572]
0.010432589333489999 [0.00958617590368] [0.0112790027633]
0.01126274233685 [0.0101407039911] [0.0123847806826]
0.0127038746141 [0.0112154055387] [0.0141923436895]
0.015326772816499998 [0.0133272521198] [0.0173262935132]
0.02029613032935 [0.0174765419215] [0.0231157187372]
0.030429583042849997 [0.0259676352143] [0.0348915308714]
0.051555177196900004 [0.0430612713099] [0.0600490830839]
0.08832722529744999 [0.0706011429429] [0.106053307652]
0.1252392716704 [0.0976435169578] [0.152835026383]
0.137332700193 [0.109444230795] [0.165221169591]
0.136180281639 [0.10983069241] [0.162529870868]
0.133643981069 [0.108939386904] [0.158348575234]
0.1322616226975 [0.106426469982] [0.158096775413]
0.132161844522 [0.105163238943] [0.159160450101]
0.13230082765200002 [0.104880221188] [0.159721434116]
0.1308354623615 [0.102067388594] [0.159603536129]
0.1301691345868 [0.0990147963166] [0.161323472857]
0.13086412847065 [0.0972443521023] [0.164483904839]
0.1338777840136 [0.0960900187492] [0.171665549278]
0.1391783505679 [0.0952213853598] [0.183135315776]
0.1458549685776 [0.0952144488692] [0.196495488286]
0.1534905955195 [0.096012532711] [0.210968658328]
0.1612796112897 [0.0971442461014] [0.225414976478]
0.16811017692105001 [0.0979115813971] [0.238308772445]
0.1734095811845 [0.098817422986] [0.248001739383]
0.17663266509785 [0.0997541099787] [0.253511220217]
0.1791489981115 [0.100940100849] [0.257357895374]
0.18099441751849998 [0.101926140487] [0.26006269455]
0.174009039998 [0.102922216058] [0.245095863938]
0.14327418431619998 [0.0974883660674] [0.189060002565]
0.10291214659815001 [0.0916340202093] [0.114190272987]
0.0762206763029 [0.0881582647562] [0.0642830878496]
0.0641736835241 [0.0872807204723] [0.0410666465759]
0.059223263524449996 [0.088182516396] [0.0302640106529]
0.05756561364980001 [0.0904225856066] [0.024708641693]
0.05440863221885 [0.08729159832] [0.0215256661177]
0.0392865156755 [0.0591804273427] [0.0193926040083]
0.0245040245354 [0.031427629292] [0.0175804197788]
0.01663151569665 [0.0175767112523] [0.015686320141]
0.0127377086319 [0.0114398831502] [0.0140355341136]
0.010702649131405 [0.00862263888121] [0.0127826593816]
0.00965665490365 [0.0073704062961] [0.0119429035112]
0.00927537330425 [0.007008258719] [0.0115424878895]
0.0093428983819 [0.0072007724084] [0.0114850243554]
