0.1309038177135 [0.143286854029] [0.118520781398]
0.132765457034 [0.14650760591] [0.119023308158]
0.1327095031735 [0.147468626499] [0.117950379848]
0.1296321935955 [0.144453287125] [0.114811100066]
0.12420893088000001 [0.137492224574] [0.110925637186]
0.116588804871 [0.127176731825] [0.106000877917]
0.1092709489165 [0.116232417524] [0.102309480309]
0.1021591871979 [0.107306234539] [0.0970121398568]
0.0943930372596 [0.0993088707328] [0.0894772037864]
0.08417753130194999 [0.089922145009] [0.0784329175949]
0.07327554747465001 [0.0797597393394] [0.0667913556099]
0.06142704561355 [0.0684647932649] [0.0543892979622]
0.04947387427095 [0.0575433187187] [0.0414044298232]
0.03860122896735 [0.0479907356203] [0.0292117223144]
0.0304470192641 [0.0400453992188] [0.0208486393094]
0.0255803158507 [0.0348686948419] [0.0162919368595]
0.0227772803046 [0.0316015072167] [0.0139530533925]
0.02138345409185 [0.0299213193357] [0.012845588848]
0.0208941558376 [0.0293994247913] [0.0123888868839]
0.02080286154525 [0.0293699707836] [0.0122357523069]
0.020530303474499998 [0.0289879981428] [0.0120726088062]
0.01964492397385 [0.027567146346] [0.0117227016017]
0.01818250631915 [0.02521276474] [0.0111522478983]
0.01675081672145 [0.0229923222214] [0.0105093112215]
0.01574059994891 [0.0215470790863] [0.00993412081152]
0.015251130331304999 [0.0209271069616] [0.00957515370101]
0.015278605278559999 [0.0211465824395] [0.00941062811762]
0.01574876904489 [0.0220674145967] [0.00943012349308]
0.01660184515639 [0.0234675388783] [0.00973615143448]
0.01775711774825 [0.0251854807138] [0.0103287547827]
0.01921685319395 [0.0271438062191] [0.0112899001688]
0.0209857826121 [0.0292612425983] [0.0127103226259]
0.0228584194556 [0.0312066245824] [0.0145102143288]
0.024650910869200002 [0.0327619835734] [0.016539838165]
0.026338802650549997 [0.034108903259] [0.0185687020421]
0.0284456247464 [0.0359604544938] [0.020930794999]
0.0318290181458 [0.0393776409328] [0.0242803953588]
0.03805868979545 [0.0458485297859] [0.030268849805]
0.0498040765524 [0.0577625744045] [0.0418455787003]
0.0726089142263 [0.0806465521455] [0.0645712763071]
0.1121677309275 [0.121773861349] [0.102561600506]
0.160973623395 [0.176630586386] [0.145316660404]
0.18662036210299998 [0.207720413804] [0.165520310402]
0.187561817467 [0.211088865995] [0.164034768939]
0.182283885777 [0.209509536624] [0.15505823493]
0.179379478097 [0.210843145847] [0.147915810347]
0.1804594174025 [0.216423332691] [0.144495502114]
0.1818181350825 [0.220308214426] [0.143328055739]
0.1813943088055 [0.22032597661] [0.142462641001]
0.1772836595775 [0.215169385076] [0.139397934079]
0.1716587468985 [0.207478284836] [0.135839208961]
0.166093155742 [0.199404612184] [0.1327816993]
0.1569836139675 [0.184451475739] [0.129515752196]
0.148238833994 [0.171651899815] [0.124825768173]
0.140024743974 [0.161324948072] [0.118724539876]
0.13373708725 [0.153227552772] [0.114246621728]
0.1302164420485 [0.147595718503] [0.112837165594]
0.1287760399285 [0.144763335586] [0.112788744271]
0.12950494512900002 [0.143866404891] [0.115143485367]
0.130073595792 [0.14131693542] [0.118830256164]
0.1281828209755 [0.134598433971] [0.12176720798]
0.123483467847 [0.125382602215] [0.121584333479]
0.118047825992 [0.116508759558] [0.119586892426]
0.11414135992550001 [0.110404752195] [0.117877967656]
0.113181147724 [0.10812446475] [0.118237830698]
0.11532468721299999 [0.109383106232] [0.121266268194]
0.119066052139 [0.113060742617] [0.125071361661]
0.12391118332750001 [0.118356145918] [0.129466220737]
0.130009867251 [0.125063344836] [0.134956389666]
0.1385357677935 [0.135564431548] [0.141507104039]
0.14985319972049999 [0.149205431342] [0.150500968099]
0.16130670905099997 [0.162009209394] [0.160604208708]
0.1678703352805 [0.168324127793] [0.167416542768]
0.16042535007 [0.166020721197] [0.154829978943]
0.1388208791615 [0.153628215194] [0.124013543129]
0.12054740637545 [0.143113821745] [0.0979809910059]
0.110300526023 [0.138435482979] [0.082165569067]
0.10684971138825 [0.139150008559] [0.0745494142175]
0.10525997728115 [0.141422957182] [0.0690969973803]
0.10390045866365 [0.142826616764] [0.0649743005633]
0.1019826475529 [0.142696395516] [0.0612688995898]
0.0991319790484 [0.140775561333] [0.0574883967638]
0.09556818753455 [0.137124061584] [0.0540123134851]
0.09203518182045 [0.132564932108] [0.0515054315329]
0.08942902460669999 [0.128353670239] [0.0505043789744]
0.08805043064064999 [0.125274911523] [0.0508259497583]
0.08763420209275 [0.123483277857] [0.0517851263285]
0.08751253783705 [0.122336447239] [0.0526886284351]
0.08733526803565 [0.121204338968] [0.0534661971033]
0.0870971009136 [0.120027638972] [0.0541665628552]
0.08690742216985 [0.118414111435] [0.0554007329047]
0.08674708195030001 [0.115478746593] [0.0580154173076]
0.08689526468535 [0.110429681838] [0.0633608475327]
0.08558069914565 [0.102315843105] [0.0688455551863]
0.0825310833752 [0.0932292193174] [0.071832947433]
0.0793536566198 [0.0850837677717] [0.0736235454679]
0.07689429074525 [0.0783705115318] [0.0754180699587]
0.0757757276297 [0.073179922998] [0.0783715322614]
0.07527719065550001 [0.0689750686288] [0.0815793126822]
0.0744646191597 [0.0654920861125] [0.0834371522069]
0.07276384159924999 [0.0618535652757] [0.0836741179228]
0.0711589027196 [0.0591848529875] [0.0831329524517]
0.0706432759762 [0.0581645667553] [0.0831219851971]
0.0722570735961 [0.0589564926922] [0.0855576545]
0.07481781207025 [0.061037812382] [0.0885978117585]
0.0768793746829 [0.0630319416523] [0.0907268077135]
0.07819902524355 [0.0652438849211] [0.091154165566]
0.08018302172425 [0.0680364444852] [0.0923295989633]
0.0841636247933 [0.0727301388979] [0.0955971106887]
0.0898606628177 [0.0790189132094] [0.100702412426]
0.09694703668349999 [0.087054900825] [0.106839172542]
0.1047223731877 [0.0962029993534] [0.113241747022]
0.11188476532700001 [0.104199424386] [0.119570106268]
0.11844436079250001 [0.110801041126] [0.126087680459]
0.12496443837849999 [0.117032304406] [0.132896572351]
0.131627626717 [0.124223217368] [0.139032036066]
0.1380535662175 [0.133267521858] [0.142839610577]
0.143216870725 [0.143300041556] [0.143133699894]
