0.13138373568630002 [0.0973548963666] [0.165412575006]
0.12760071456400002 [0.100442111492] [0.154759317636]
0.127287816256 [0.104596890509] [0.149978742003]
0.1280208192765 [0.108153708279] [0.147887930274]
0.12785303220150002 [0.10971211642] [0.145993947983]
0.1258492209015 [0.109365530312] [0.142332911491]
0.12283053249100001 [0.108485743403] [0.137175321579]
0.1186555959285 [0.107348270714] [0.129962921143]
0.111541040242 [0.105589449406] [0.117492631078]
0.0969176478684 [0.0992723330855] [0.0945629626513]
0.0726588666439 [0.0866179168224] [0.0586998164654]
0.054512683302150006 [0.0725696235895] [0.0364557430148]
0.04282984044405 [0.060870192945] [0.0247894879431]
0.0362320775166 [0.0537441559136] [0.0187199991196]
0.0334174176678 [0.0512822009623] [0.0155526343733]
0.0329094543122 [0.0518630407751] [0.0139558678493]
0.033437155652800005 [0.0537286512554] [0.0131456600502]
0.0342660625465 [0.0558457300067] [0.0126863950863]
0.0352140669711 [0.0578886307776] [0.0125395031646]
0.036085659638 [0.059508241713] [0.012663077563]
0.0367996855639 [0.0605348907411] [0.0130644803867]
0.03718579467385 [0.060816206038] [0.0135553833097]
0.03739615669475 [0.0608067661524] [0.0139855472371]
0.03771861456335 [0.0610333830118] [0.0144038461149]
0.0386813487858 [0.062253151089] [0.0151095464826]
0.04108029883355 [0.0654632821679] [0.0166973154992]
0.0461512254551 [0.0723481923342] [0.019954258576]
0.0562553042546 [0.0858320295811] [0.0266785789281]
0.07479347102365 [0.108317278326] [0.0412696637213]
0.10822628811 [0.142935976386] [0.073516599834]
0.1597724482415 [0.183548301458] [0.135996595025]
0.20820304751399998 [0.219398826361] [0.197007268667]
0.2312605679035 [0.240288123488] [0.222233012319]
0.237066112459 [0.247639909387] [0.226492315531]
0.23830674588700002 [0.252690494061] [0.223922997713]
0.2385978251695 [0.255208879709] [0.22198677063]
0.2401121854785 [0.258541196585] [0.221683174372]
0.242980077863 [0.263307094574] [0.222653061152]
0.2456246465445 [0.267400503159] [0.22384878993]
0.246582403779 [0.26888486743] [0.224279940128]
0.24616559594850002 [0.269455462694] [0.222875729203]
0.244768463075 [0.270066022873] [0.219470903277]
0.2415950223805 [0.268802493811] [0.21438755095]
0.235792323947 [0.262905538082] [0.208679109812]
0.22686958313 [0.251026630402] [0.202712535858]
0.21704555302849998 [0.235898792744] [0.198192313313]
0.2109647244215 [0.224092260003] [0.19783718884]
0.21079540997750001 [0.21595607698] [0.205634742975]
0.2165817543865 [0.211611747742] [0.221551761031]
0.221004702151 [0.204461216927] [0.237548187375]
0.22332391887949998 [0.199773639441] [0.246874198318]
0.223339982331 [0.199943453074] [0.246736511588]
0.22107046097549998 [0.203190982342] [0.238949939609]
0.217173755169 [0.204544231296] [0.229803279042]
0.212326340377 [0.202771887183] [0.221880793571]
0.2033068388705 [0.191938400269] [0.214675277472]
0.19356976449500002 [0.180582135916] [0.206557393074]
0.184977211058 [0.172890782356] [0.19706363976]
0.17959776520749998 [0.168977066875] [0.19021846354]
0.17639860510799998 [0.167709454894] [0.185087755322]
0.1750427857045 [0.169191733003] [0.180893838406]
0.1749765500425 [0.17324642837] [0.176706671715]
0.17499847710150002 [0.178683280945] [0.171313673258]
0.1745099127295 [0.184213265777] [0.164806559682]
0.1738075986505 [0.189057856798] [0.158557340503]
0.17239327728749998 [0.19150133431] [0.153285220265]
0.17187067121299998 [0.194402188063] [0.149339154363]
0.17335824668400002 [0.198764488101] [0.147952005267]
0.1774056479335 [0.205978870392] [0.148832425475]
0.181127987802 [0.212525188923] [0.149730786681]
0.1843912899495 [0.215927138925] [0.152855440974]
0.1898034438495 [0.219123795629] [0.16048309207]
0.19617892056699998 [0.223133787513] [0.169224053621]
0.202402204275 [0.230278611183] [0.174525797367]
0.200909078121 [0.231917977333] [0.169900178909]
0.1812423691155 [0.208006322384] [0.154478415847]
0.1600852385165 [0.178807616234] [0.141362860799]
0.143557853997 [0.155165985227] [0.131949722767]
0.13264908641599998 [0.137404814363] [0.127893358469]
0.12841552495949998 [0.126950517297] [0.129880532622]
0.1283189840615 [0.121685989201] [0.134951978922]
0.1295500285925 [0.118487380445] [0.14061267674]
0.1291105411945 [0.114829070866] [0.143392011523]
0.125543087721 [0.109237611294] [0.141848564148]
0.117340952158 [0.100764513016] [0.1339173913]
0.106325317174 [0.091941088438] [0.12070954591]
0.09382969886084999 [0.0839096978307] [0.103749699891]
0.08196564763785 [0.0770771875978] [0.0868541076779]
0.0741344615817 [0.0723742768168] [0.0758946463466]
0.0700001530349 [0.0699974223971] [0.0700028836727]
0.06892601773145 [0.0700803548098] [0.0677716806531]
0.06962698698045 [0.0718821138144] [0.0673718601465]
0.0703435577452 [0.0737397074699] [0.0669474080205]
0.06858849152925 [0.0733982548118] [0.0637787282467]
0.06533923558890001 [0.0718418955803] [0.0588365755975]
0.062096893787350005 [0.0702704414725] [0.0539233461022]
0.05955373123285 [0.0692555531859] [0.0498519092798]
0.057588882744350006 [0.0682530999184] [0.0469246655703]
0.056053958833199996 [0.0674195811152] [0.0446883365512]
0.055232185870400005 [0.0671568065882] [0.0433075651526]
0.0556872561574 [0.0680389180779] [0.0433355942369]
0.0582268498838 [0.0713567510247] [0.0450969487429]
0.0628022570163 [0.0764607414603] [0.0491437725723]
0.0690011885017 [0.0826027616858] [0.0553996153176]
0.0751297529787 [0.0886653289199] [0.0615941770375]
0.07888321578499999 [0.0922207981348] [0.0655456334352]
0.08139429241415 [0.0955284684896] [0.0672601163387]
0.08465109392995 [0.100901134312] [0.0684010535479]
0.09010581672205001 [0.110463254154] [0.0697483792901]
0.09665584564195001 [0.122436366975] [0.0708753243089]
0.10137442871915 [0.130973011255] [0.0717758461833]
0.10303112491955 [0.135005161166] [0.0710570886731]
0.10248168185369999 [0.132678702474] [0.0722846612334]
0.10176279023314999 [0.127813443542] [0.0757121369243]
0.1037862524391 [0.125658541918] [0.0819139629602]
0.10822293907425 [0.127481117845] [0.0889647603035]
0.1118141375484 [0.129586964846] [0.0940413102508]
0.1125226169825 [0.130156800151] [0.094888433814]
0.1114220395686 [0.128998294473] [0.0938457846642]
0.1093711145222 [0.127138286829] [0.0916039422154]
0.107465837151 [0.125310018659] [0.089621655643]
0.10714426264150001 [0.125427946448] [0.088860578835]
0.10889196395885001 [0.127652987838] [0.0901309400797]
0.11222122237105 [0.131577894092] [0.0928645506501]
