0.13846060633649998 [0.148114070296] [0.128807142377]
0.139071576297 [0.145128920674] [0.13301423192]
0.1390088424085 [0.141654938459] [0.136362746358]
0.1398815512655 [0.138952940702] [0.140810161829]
0.14238691329949998 [0.139352798462] [0.145421028137]
0.1436715945605 [0.139162257314] [0.148180931807]
0.14429412782200002 [0.141872599721] [0.146715655923]
0.1447433829305 [0.144796207547] [0.144690558314]
0.1455794125795 [0.147610843182] [0.143547981977]
0.14416167885050002 [0.148692727089] [0.139630630612]
0.131787505001 [0.144022256136] [0.119552753866]
0.10480745509245 [0.128926903009] [0.0806880071759]
0.07747864723195 [0.105848662555] [0.0491086319089]
0.05912767909465 [0.0864371061325] [0.0318182520568]
0.0487322406843 [0.0740823075175] [0.0233821738511]
0.0434309113771 [0.0672422796488] [0.0196195431054]
0.0415614359081 [0.0645732060075] [0.0185496658087]
0.041445212438699995 [0.0637549087405] [0.0191355161369]
0.04178722761575 [0.0634207800031] [0.0201536752284]
0.04018553067 [0.0605635531247] [0.0198075082153]
0.0349538465962 [0.0529542863369] [0.0169534068555]
0.02703271899375 [0.0409910157323] [0.0130744222552]
0.01954922592265 [0.0292037017643] [0.009894750081]
0.01488113543019 [0.0218223631382] [0.00793990772218]
0.012379470514135 [0.0178436562419] [0.00691528478637]
0.0111162455287 [0.0157231781632] [0.0065093128942]
0.010554288513949999 [0.0146162137389] [0.006492363289]
0.010426484979685 [0.0141230225563] [0.00672994740307]
0.01056608278303 [0.0139754284173] [0.00715673714876]
0.01086098840461 [0.0140443807468] [0.00767759606242]
0.011234362144014999 [0.0142827965319] [0.00818592775613]
0.011537024751315 [0.014561210759] [0.00851283874363]
0.01173690194265 [0.0148992193863] [0.008574584499]
0.011882457416514999 [0.0152868172154] [0.00847809761763]
0.012089380063095 [0.0157672911882] [0.00841146893799]
0.01258124737069 [0.0164497513324] [0.00871274340898]
0.013680681120599999 [0.0175713058561] [0.0097900563851]
0.015927373431650002 [0.0195454657078] [0.0123092811555]
0.020325962454050002 [0.0229117274284] [0.0177401974797]
0.0291293524206 [0.0286602582783] [0.0295984465629]
0.04683462530375 [0.0377360396087] [0.0559332109988]
0.0775838829578 [0.0487109199166] [0.106456845999]
0.10836374573405 [0.0583817176521] [0.158345773816]
0.12364271283129999 [0.0648317337036] [0.182453691959]
0.12337407842305 [0.0659724697471] [0.180775687099]
0.12081467360249999 [0.065838932991] [0.175790414214]
0.11889267712820001 [0.0653115808964] [0.17247377336]
0.11602129787224999 [0.0642948150635] [0.167747780681]
0.11400695517675 [0.0638306215405] [0.164183288813]
0.1123239696027 [0.0654679983854] [0.15917994082]
0.11174811795365 [0.0701382234693] [0.153358012438]
0.1148302257062 [0.0802544504404] [0.149406000972]
0.11992906779025 [0.0956290364265] [0.144229099154]
0.12645345553749998 [0.112016879022] [0.140890032053]
0.1304670609535 [0.120899684727] [0.14003443718]
0.13013919442900002 [0.119231671095] [0.141046717763]
0.1283387877045 [0.114619530737] [0.142058044672]
0.1269330605865 [0.112252995372] [0.141613125801]
0.1263363622125 [0.113274492323] [0.139398232102]
0.125937934965 [0.115913040936] [0.135962828994]
0.1259392276405 [0.119279667735] [0.132598787546]
0.1266845427455 [0.122180841863] [0.131188243628]
0.128438748419 [0.123955339193] [0.132922157645]
0.13249254971750002 [0.126524493098] [0.138460606337]
0.1362458691 [0.12782818079] [0.14466355741]
0.14436603337499998 [0.133194506168] [0.155537560582]
0.15236941725050002 [0.138977095485] [0.165761739016]
0.15935315936799999 [0.143777415156] [0.17492890358]
0.161376588047 [0.14569413662] [0.177059039474]
0.1591552346945 [0.142175123096] [0.176135346293]
0.15371388942 [0.131682708859] [0.175745069981]
0.147343724966 [0.119333773851] [0.175353676081]
0.14206599444149998 [0.108550995588] [0.175580993295]
0.138147547841 [0.100513666868] [0.175781428814]
0.13508172705745 [0.0950320288539] [0.175131425261]
0.13156263530275 [0.0920182317495] [0.171107038856]
0.1269888170064 [0.0909499451518] [0.163027688861]
0.1205142438411 [0.0912450999022] [0.14978338778]
0.11418497562415 [0.0918247252703] [0.136545225978]
0.10908181965355 [0.0922754555941] [0.125888183713]
0.10587039217364999 [0.0914997011423] [0.120241083205]
0.10527967661615001 [0.0916228294373] [0.118936523795]
0.10602700337775 [0.0917573571205] [0.120296649635]
0.10726426914335 [0.0919652357697] [0.122563302517]
0.10977996885765 [0.0947174429893] [0.124842494726]
0.11304986476905 [0.0987546592951] [0.127345070243]
0.1175596415995 [0.105774998665] [0.129344284534]
0.1219274662435 [0.114377819002] [0.129477113485]
0.1254112944005 [0.122288137674] [0.128534451127]
0.1280075386165 [0.127844452858] [0.128170624375]
0.12982237339 [0.129695907235] [0.129948839545]
0.132125288248 [0.129023849964] [0.135226726532]
0.13623918592899997 [0.12770730257] [0.144771069288]
0.1429773494605 [0.127393111587] [0.158561587334]
0.15199369937149998 [0.12903432548] [0.174953073263]
0.162625387311 [0.132858231664] [0.192392542958]
0.170859158039 [0.138270780444] [0.203447535634]
0.1718732863665 [0.145662307739] [0.198084264994]
0.16919974237649998 [0.151398658752] [0.187000826001]
0.1656118184325 [0.156454518437] [0.174769118428]
0.161784052849 [0.162343516946] [0.161224588752]
0.16086993366500002 [0.172538638115] [0.149201229215]
0.16211543232199999 [0.181990459561] [0.142240405083]
0.16395682096449998 [0.188763454556] [0.139150187373]
0.16522023081749998 [0.192389130592] [0.138051331043]
0.1629512608055 [0.189463987947] [0.136438533664]
0.158059261739 [0.181953400373] [0.134165123105]
0.15425524860599998 [0.177165791392] [0.13134470582]
0.1524247527125 [0.175522774458] [0.129326730967]
0.1516052037475 [0.174497082829] [0.128713324666]
0.15145149826999998 [0.173069551587] [0.129833444953]
0.15165436267850002 [0.170649513602] [0.132659211755]
0.152079924941 [0.16712141037] [0.137038439512]
0.15235175192349998 [0.161577582359] [0.143125921488]
0.1511510908605 [0.151224374771] [0.15107780695]
0.15335535258049998 [0.142142266035] [0.164568439126]
0.1585459783675 [0.136473864317] [0.180618092418]
0.164075180888 [0.135382220149] [0.192768141627]
