0.14051280170699998 [0.132528945804] [0.14849665761]
0.1383001953365 [0.136616840959] [0.139983549714]
0.13671823590999999 [0.140380144119] [0.133056327701]
0.1366662159565 [0.143075913191] [0.130256518722]
0.13751004636300002 [0.145125627518] [0.129894465208]
0.1358769610525 [0.145070180297] [0.126683741808]
0.135297566652 [0.144992113113] [0.125603020191]
0.1357807293535 [0.14406144619] [0.127500012517]
0.1350837871435 [0.143894851208] [0.126272723079]
0.13558243215100002 [0.145069047809] [0.126095816493]
0.13731266558150002 [0.146747276187] [0.127878054976]
0.13837704062450001 [0.147951468825] [0.128802612424]
0.13645494356750001 [0.148514077067] [0.124395810068]
0.132834400982 [0.146819531918] [0.118849270046]
0.12827640771850002 [0.14216633141] [0.114386484027]
0.12479689717300001 [0.137412831187] [0.112180963159]
0.12402773648500001 [0.136010408401] [0.112045064569]
0.1249543353915 [0.136800676584] [0.113107994199]
0.125941820443 [0.138192623854] [0.113691017032]
0.12828405574 [0.14173437655] [0.11483373493]
0.13145900145199998 [0.149971097708] [0.112946905196]
0.13689576834449999 [0.162000924349] [0.11179061234]
0.1420582607385 [0.172945052385] [0.111171469092]
0.145197123289 [0.180120170116] [0.110274076462]
0.1457914747295 [0.18137858808] [0.110204361379]
0.145625859499 [0.177828758955] [0.113422960043]
0.1473990641535 [0.172346547246] [0.122451581061]
0.1524708122015 [0.167737573385] [0.137204051018]
0.1605593711135 [0.165695726871] [0.155423015356]
0.17041882872550002 [0.16697768867] [0.173859968781]
0.18106906116 [0.17137029767] [0.19076782465]
0.1892724186185 [0.17369286716] [0.204851970077]
0.1923726648095 [0.171145245433] [0.213600084186]
0.19167570769800002 [0.162010520697] [0.221340894699]
0.18695322424150002 [0.146019771695] [0.227886676788]
0.1800639778375 [0.128391250968] [0.231736704707]
0.172423131764 [0.113260433078] [0.23158583045]
0.16860472410900001 [0.101612985134] [0.235596463084]
0.16266098618525002 [0.0929754674435] [0.232346504927]
0.15732663124805002 [0.0867659747601] [0.227887287736]
0.1508415564894 [0.0827968418598] [0.218886271119]
0.1413355916741 [0.0790683925152] [0.203602790833]
0.12909714505054998 [0.0754027143121] [0.182791575789]
0.1156795807182 [0.0713191851974] [0.160039976239]
0.10391095280655001 [0.0672949999571] [0.140526905656]
0.09495356306450001 [0.063078276813] [0.126828849316]
0.0874117631466 [0.0588112138212] [0.116012312472]
0.0808093380184 [0.0556336082518] [0.105985067785]
0.07623587921265 [0.0541574507952] [0.0983143076301]
0.0741171818227 [0.0548615790904] [0.093372784555]
0.0745234787464 [0.0577372685075] [0.0913096889853]
0.07689598388970001 [0.0619840212166] [0.0918079465628]
0.0807834863663 [0.0677884742618] [0.0937784984708]
0.0846592076123 [0.0747942477465] [0.0945241674781]
0.08802261203525 [0.0816611051559] [0.0943841189146]
0.09110032767055001 [0.087285913527] [0.0949147418141]
0.09399620443580001 [0.0914705917239] [0.0965218171477]
0.09711497649545 [0.0940006971359] [0.100229255855]
0.1011091247201 [0.0966051965952] [0.105613052845]
0.1078017540275 [0.102683186531] [0.112920321524]
0.119210574776 [0.116108126938] [0.122313022614]
0.135982774198 [0.138894870877] [0.133070677519]
0.15566377341749998 [0.167569413781] [0.143758133054]
0.1730738058685 [0.193795263767] [0.15235234797]
0.18234975636 [0.207268953323] [0.157430559397]
0.1883970052005 [0.21822373569] [0.158570274711]
0.19422860443599999 [0.23089453578] [0.157562673092]
0.1999399885535 [0.241737917066] [0.158142060041]
0.20515884459 [0.24913598597] [0.16118170321]
0.20987770706449999 [0.25275143981] [0.167003974319]
0.21287041902499998 [0.254379957914] [0.171360880136]
0.21455855667600002 [0.25605943799] [0.173057675362]
0.2151626199485 [0.257493853569] [0.172831386328]
0.2147841453555 [0.258265078068] [0.171303212643]
0.2111728936435 [0.254227846861] [0.168117940426]
0.204028517008 [0.244017958641] [0.164039075375]
0.19541285187000001 [0.229714184999] [0.161111518741]
0.1893518269065 [0.219263851643] [0.15943980217]
0.1865925863385 [0.212517678738] [0.160667493939]
0.18802254647 [0.209240466356] [0.166804626584]
0.18849857896549999 [0.2065602988] [0.170436859131]
0.184574969113 [0.201051875949] [0.168098062277]
0.1748697683215 [0.187114045024] [0.162625491619]
0.162074200809 [0.169348955154] [0.154799446464]
0.1507617086175 [0.154107525945] [0.14741589129]
0.14283338934200002 [0.144121438265] [0.141545340419]
0.1375487819315 [0.139583975077] [0.135513588786]
0.13356077671049998 [0.135996311903] [0.131125241518]
0.1309081837535 [0.132874056697] [0.12894231081]
0.128958232701 [0.12975910306] [0.128157362342]
0.122507043183 [0.120178677142] [0.124835409224]
