0.0958919785915 [0.11765307188] [0.074130885303]
0.09627991914754999 [0.113545022905] [0.0790148153901]
0.09921275451764999 [0.11112242192] [0.0873030871153]
0.1024472862481 [0.108092844486] [0.0968017280102]
0.105944301933 [0.106655374169] [0.105233229697]
0.110117550939 [0.105177737772] [0.115057364106]
0.11638854816550001 [0.104254670441] [0.12852242589]
0.1243485473095 [0.103124760091] [0.145572334528]
0.132681615651 [0.101241335273] [0.164121896029]
0.13821673020725 [0.0989348217845] [0.17749863863]
0.14033810421845 [0.0952283814549] [0.185447826982]
0.14235726743910002 [0.0910778790712] [0.193636655807]
0.1398926489056 [0.0864753052592] [0.193309992552]
0.1269140020014 [0.0815062522888] [0.172321751714]
0.10505441576255001 [0.0753075480461] [0.134801283479]
0.08489739149805 [0.0687530040741] [0.101041778922]
0.0708237849176 [0.0621866285801] [0.0794609412551]
0.0626364853233 [0.057598862797] [0.0676741078496]
0.05866803228855 [0.055115301162] [0.0622207634151]
0.0573459416628 [0.0544892810285] [0.0602026022971]
0.057335313409550004 [0.0553711801767] [0.0592994466424]
0.05746126919985 [0.0568937212229] [0.0580288171768]
0.057097682729349994 [0.0582386031747] [0.055956762284]
0.0561686716974 [0.0589677244425] [0.0533696189523]
0.05490538850425 [0.0589691437781] [0.0508416332304]
0.0535303559154 [0.0585412457585] [0.0485194660723]
0.052399257197949994 [0.0582658462226] [0.0465326681733]
0.0515848416835 [0.0581736937165] [0.0449959896505]
0.050917597487549995 [0.0574854053557] [0.0443497896194]
0.050756443291950004 [0.0560838207603] [0.0454290658236]
0.051769604906449995 [0.0541121587157] [0.0494270510972]
0.055965729057750005 [0.0537801943719] [0.0581512637436]
0.0643330588937 [0.0542946532369] [0.0743714645505]
0.07800075598065 [0.0548683665693] [0.101133145392]
0.09408633597204999 [0.0548640526831] [0.133308619261]
0.10446710325755 [0.0538774169981] [0.155056789517]
0.10569182038325001 [0.0526131391525] [0.158770501614]
0.10403944365685 [0.0519370548427] [0.156141832471]
0.10335625894384999 [0.0523662157357] [0.154346302152]
0.1038386821746 [0.0542798489332] [0.153397515416]
0.10686062276345 [0.0571909248829] [0.156530320644]
0.11105710268044999 [0.0601537078619] [0.161960497499]
0.11546111479415 [0.0620942488313] [0.168827980757]
0.12002979591485 [0.0633310750127] [0.176728516817]
0.12542926147565 [0.0651265457273] [0.185731977224]
0.13116930797715 [0.0691153481603] [0.193223267794]
0.13815442472685 [0.0795141011477] [0.196794748306]
0.14562278240905002 [0.0989759713411] [0.192269593477]
0.153212554753 [0.123777151108] [0.182647958398]
0.1567685604095 [0.142296999693] [0.171240121126]
0.157832249999 [0.153634995222] [0.162029504776]
0.1573474034665 [0.159922838211] [0.154771968722]
0.1557862237095 [0.161311030388] [0.150261417031]
0.1542579084635 [0.159129276872] [0.149386540055]
0.1485476344825 [0.150071516633] [0.147023752332]
0.1360609456895 [0.135483726859] [0.13663816452]
0.1167985871435 [0.119901508093] [0.113695666194]
0.09601526334895 [0.105658464134] [0.0863720625639]
0.08017536997795 [0.0947449579835] [0.0656057819724]
0.07101557590065 [0.0885255113244] [0.0535056404769]
0.0665855668485 [0.0861153230071] [0.0470558106899]
0.06541334837675 [0.0866779014468] [0.0441487953067]
0.06621076352895 [0.0886423513293] [0.0437791757286]
0.06739253737035 [0.0888700783253] [0.0459149964154]
0.0678094737232 [0.0848262831569] [0.0507926642895]
