0.128762827255 [0.025210859254] [0.232314795256]
0.13034569378959998 [0.0283765923232] [0.232314795256]
0.13288759626465 [0.0334603972733] [0.232314795256]
0.1359630115332 [0.0396112278104] [0.232314795256]
0.13828679360465 [0.0442587919533] [0.232314795256]
0.1383825484665 [0.044450301677] [0.232314795256]
0.1367342639716 [0.0411537326872] [0.232314795256]
0.13470981828884998 [0.0371048413217] [0.232314795256]
0.13296789117175 [0.0336209870875] [0.232314795256]
0.1315901195632 [0.0308654438704] [0.232314795256]
0.13048032019305 [0.0286458451301] [0.232314795256]
0.12961715273575 [0.0269195102155] [0.232314795256]
0.12907248828575 [0.0258301813155] [0.232314795256]
0.128750709817 [0.025186624378] [0.232314795256]
0.1286180373283 [0.0249212794006] [0.232314795256]
0.1284751212226 [0.0246354471892] [0.232314795256]
0.1282149655746 [0.0241151358932] [0.232314795256]
0.12805365864204998 [0.0237925220281] [0.232314795256]
0.1284068021925 [0.024498809129] [0.232314795256]
0.12967071775365 [0.0270266402513] [0.232314795256]
0.13190286606565 [0.0314909368753] [0.232314795256]
0.13462676294165 [0.0369387306273] [0.232314795256]
0.1374625470491 [0.0426102988422] [0.232314795256]
0.13942896574754998 [0.0465431362391] [0.232314795256]
0.14048695378019999 [0.0486591123044] [0.232314795256]
0.1406929325314 [0.0490710698068] [0.232314795256]
0.13946744985895 [0.0466201044619] [0.232314795256]
0.1372826006265 [0.042250405997] [0.232314795256]
0.13520324230209999 [0.0380916893482] [0.232314795256]
0.13363770023005 [0.0349606052041] [0.232314795256]
0.132639616728 [0.0329644382] [0.232314795256]
0.1320967227222 [0.0318786501884] [0.232314795256]
0.1318381577732 [0.0313615202904] [0.232314795256]
0.13165840785965 [0.0310020204633] [0.232314795256]
0.13138945400729998 [0.0304641127586] [0.232314795256]
0.13122693076744998 [0.0301390662789] [0.232314795256]
0.13138177804665 [0.0304487608373] [0.232314795256]
0.13175760861504998 [0.0312004219741] [0.232314795256]
0.13206817395999998 [0.031821552664] [0.232314795256]
0.1321802306922 [0.0320456661284] [0.232314795256]
0.1322464589031 [0.0321781225502] [0.232314795256]
0.1325703989716 [0.0328260026872] [0.232314795256]
0.13342074304835 [0.0345266908407] [0.232314795256]
0.134967017919 [0.037619240582] [0.232314795256]
0.1370055377485 [0.041696280241] [0.232314795256]
0.13916711136715 [0.0460194274783] [0.232314795256]
0.1411696132274 [0.0500244311988] [0.232314795256]
0.1424763612451 [0.0526379272342] [0.232314795256]
0.14266626164335 [0.0530177280307] [0.232314795256]
0.14200470037774998 [0.0516946054995] [0.232314795256]
0.14100595936194998 [0.0496971234679] [0.232314795256]
0.14022717438655 [0.0481395535171] [0.232314795256]
0.14027437381465 [0.0482339523733] [0.232314795256]
0.14157672226445 [0.0508386492729] [0.232314795256]
0.1442043986173 [0.0560940019786] [0.232314795256]
0.14769181609169998 [0.0630688369274] [0.232314795256]
0.15097978711145 [0.0696447789669] [0.232314795256]
0.15313427150265 [0.0739537477493] [0.232314795256]
0.153772801161 [0.075230807066] [0.232314795256]
0.1522029377522 [0.0720910802484] [0.232314795256]
0.14898200705665 [0.0656492188573] [0.232314795256]
0.14481422677654998 [0.0573136582971] [0.232314795256]
0.14063754305259998 [0.0489602908492] [0.232314795256]
0.1374518629165 [0.042588930577] [0.232314795256]
0.13545224070564998 [0.0385896861553] [0.232314795256]
0.13452748581784998 [0.0367401763797] [0.232314795256]
0.1340761892499 [0.0358375832438] [0.232314795256]
0.13366214372235 [0.0350094921887] [0.232314795256]
0.13308886438625 [0.0338629335165] [0.232314795256]
0.1323677115144 [0.0324206277728] [0.232314795256]
0.13168342877195 [0.0310520622879] [0.232314795256]
0.13114220090224998 [0.0299696065485] [0.232314795256]
0.13072063308225 [0.0291264709085] [0.232314795256]
0.13023678120245 [0.0281587671489] [0.232314795256]
0.12976689264195 [0.0272189900279] [0.232314795256]
0.12951749097575 [0.0267201866955] [0.232314795256]
0.1295799100773 [0.0268450248986] [0.232314795256]
0.1298143425958 [0.0273138899356] [0.232314795256]
0.1300714416431 [0.0278280880302] [0.232314795256]
0.13012098986669998 [0.0279271844774] [0.232314795256]
0.1299003027381 [0.0274858102202] [0.232314795256]
0.1294658137487 [0.0266168322414] [0.232314795256]
0.12897396087665 [0.0256331264973] [0.232314795256]
0.1284810947256 [0.0246473941952] [0.232314795256]
0.12795468326675 [0.0235945712775] [0.232314795256]
0.1273992601784 [0.0224837251008] [0.232314795256]
0.12692459113915 [0.0215343870223] [0.232314795256]
0.1266029765831 [0.0208911579102] [0.232314795256]
0.1265717698263 [0.0208287443966] [0.232314795256]
0.12678351067024998 [0.0212522260845] [0.232314795256]
0.1272416207941 [0.0221684463322] [0.232314795256]
0.1277155783029 [0.0231163613498] [0.232314795256]
0.12820460833625 [0.0240944214165] [0.232314795256]
0.1289663389327 [0.0256178826094] [0.232314795256]
0.13002127409 [0.027727752924] [0.232314795256]
0.13122588116695 [0.0301369670779] [0.232314795256]
0.1322761084886 [0.0322374217212] [0.232314795256]
0.13279915228505 [0.0332835093141] [0.232314795256]
0.13264595717209998 [0.0329771190882] [0.232314795256]
0.1317041609438 [0.0310935266316] [0.232314795256]
0.13006467837854999 [0.0278145615011] [0.232314795256]
0.12828900478795 [0.0242632143199] [0.232314795256]
0.12688025087135 [0.0214457064867] [0.232314795256]
0.1264984924348 [0.0206821896136] [0.232314795256]
0.1258853273468 [0.0194558594376] [0.232314795256]
0.1257297871636 [0.0191447790712] [0.232314795256]
0.12570238392815 [0.0190899726003] [0.232314795256]
0.12569152750089999 [0.0190682597458] [0.232314795256]
0.12557542789745 [0.0188360605389] [0.232314795256]
0.1254498865457 [0.0185849778354] [0.232314795256]
0.12540220562385 [0.0184896159917] [0.232314795256]
0.1254572095351 [0.0185996238142] [0.232314795256]
0.1256940299647 [0.0190732646734] [0.232314795256]
0.1262168381365 [0.020118881017] [0.232314795256]
0.1273349858822 [0.0223551765084] [0.232314795256]
0.12952145654725 [0.0267281178385] [0.232314795256]
0.1336761321874 [0.0350374691188] [0.232314795256]
0.14272125624135 [0.0531277172267] [0.232314795256]
0.1438094489278 [0.0553041025996] [0.232314795256]
0.14414856582895 [0.0559823364019] [0.232314795256]
0.14567539654689998 [0.0590359978378] [0.232314795256]
0.14595890231445 [0.0596030093729] [0.232314795256]
0.1461903713645 [0.060065947473] [0.232314795256]
0.147154485807 [0.061994176358] [0.232314795256]
0.14849296212215 [0.0646711289883] [0.232314795256]
0.15026080235855 [0.0682068094611] [0.232314795256]
0.1514851413669 [0.0706554874778] [0.232314795256]
0.15106772258895 [0.0698206499219] [0.232314795256]
0.14805151149645 [0.0637882277369] [0.232314795256]
0.14376110397295 [0.0552074126899] [0.232314795256]
0.1399944014849 [0.0476740077138] [0.232314795256]
0.13707816042025 [0.0418415255845] [0.232314795256]
0.13499655202049998 [0.037678308785] [0.232314795256]
0.1333868615331 [0.0344589278102] [0.232314795256]
0.13200805895044998 [0.0317013226449] [0.232314795256]
0.1308704083787 [0.0294260215014] [0.232314795256]
0.1300397161396 [0.0277646370232] [0.232314795256]
0.12935844529435 [0.0264020953327] [0.232314795256]
0.12861684244145 [0.0249188896269] [0.232314795256]
0.12773496937025 [0.0231551434845] [0.232314795256]
0.12676455453055 [0.0212143138051] [0.232314795256]
0.1258276151495 [0.019340435043] [0.232314795256]
0.12504313234255 [0.0177714694291] [0.232314795256]
0.12447304092365 [0.0166312865913] [0.232314795256]
0.12414541933699999 [0.015976043418] [0.232314795256]
0.1240809811281 [0.0158471670002] [0.232314795256]
0.12419536896064999 [0.0160759426653] [0.232314795256]
0.1244611199947 [0.0166074447334] [0.232314795256]
0.12491274345685 [0.0175106916577] [0.232314795256]
0.12556355819125 [0.0188123211265] [0.232314795256]
