0.12375022750365 [0.0151856597513] [0.232314795256]
0.12295943312365 [0.0136040709913] [0.232314795256]
0.12295943312365 [0.0136040709913] [0.232314795256]
0.12295943312365 [0.0136040709913] [0.232314795256]
0.12295943312365 [0.0136040709913] [0.232314795256]
0.12295943312365 [0.0136040709913] [0.232314795256]
0.12295943312365 [0.0136040709913] [0.232314795256]
0.12295943312365 [0.0136040709913] [0.232314795256]
0.12295943312365 [0.0136040709913] [0.232314795256]
0.12295943312365 [0.0136040709913] [0.232314795256]
0.12295943312365 [0.0136040709913] [0.232314795256]
0.12295943312365 [0.0136040709913] [0.232314795256]
0.12295943312365 [0.0136040709913] [0.232314795256]
0.12295943312365 [0.0136040709913] [0.232314795256]
0.12295943312365 [0.0136040709913] [0.232314795256]
0.12295943312365 [0.0136040709913] [0.232314795256]
0.128038197756 [0.023761600256] [0.232314795256]
0.12829396780594998 [0.0242731403559] [0.232314795256]
0.12859621550904998 [0.0248776357621] [0.232314795256]
0.1288064671682 [0.0252981390804] [0.232314795256]
0.1289623165505 [0.025609837845] [0.232314795256]
0.12919038720445 [0.0260659791529] [0.232314795256]
0.1296255961062 [0.0269363969564] [0.232314795256]
0.13033689185994998 [0.0283589884639] [0.232314795256]
0.13208808004875 [0.0318613648415] [0.232314795256]
0.13334265910105 [0.0343705229461] [0.232314795256]
0.134395549074 [0.036476302892] [0.232314795256]
0.13512285612539998 [0.0379309169948] [0.232314795256]
0.1355272773655 [0.038739759475] [0.232314795256]
0.13741368055359998 [0.0425125658512] [0.232314795256]
0.1403858438136 [0.0484568923712] [0.232314795256]
0.1432558428498 [0.0541968904436] [0.232314795256]
0.1455747224392 [0.0588346496224] [0.232314795256]
0.146722007543 [0.06112921983] [0.232314795256]
0.1462121941151 [0.0601095929742] [0.232314795256]
0.147621586919 [0.062928378582] [0.232314795256]
0.14873098954574998 [0.0651471838355] [0.232314795256]
0.14914866164345 [0.0659825280309] [0.232314795256]
0.1486642360689 [0.0650136768818] [0.232314795256]
0.14722351171095 [0.0621322281659] [0.232314795256]
0.14529347419755 [0.0582721531391] [0.232314795256]
0.14342040009815 [0.0545260049403] [0.232314795256]
0.14207229204495 [0.0518297888339] [0.232314795256]
0.14113948494215 [0.0499641746283] [0.232314795256]
0.1404123343529 [0.0485098734498] [0.232314795256]
0.14080821909025 [0.0493016429245] [0.232314795256]
0.1406032890083 [0.0488917827606] [0.232314795256]
0.14074428565815 [0.0491737760603] [0.232314795256]
0.14237345755115 [0.0524321198463] [0.232314795256]
0.14510932751015 [0.0579038597643] [0.232314795256]
0.1444773264231 [0.0566398575902] [0.232314795256]
0.1441352739932 [0.0559557527304] [0.232314795256]
0.14409733377415 [0.0558798722923] [0.232314795256]
0.14410980232075 [0.0559048093855] [0.232314795256]
0.14385980367675 [0.0554048120975] [0.232314795256]
0.1433012746276 [0.0542877539992] [0.232314795256]
0.14259517937915 [0.0528755635023] [0.232314795256]
0.14196001738324998 [0.0516052395105] [0.232314795256]
0.141314096749 [0.050313398242] [0.232314795256]
0.14071983657795 [0.0491248778999] [0.232314795256]
0.13986074551955 [0.0474066957831] [0.232314795256]
0.13879383355395 [0.0452728718519] [0.232314795256]
0.13762168772535 [0.0429285801947] [0.232314795256]
0.13654463551954998 [0.0407744757831] [0.232314795256]
0.1355665605517 [0.0388183258474] [0.232314795256]
0.13474751636405 [0.0371802374721] [0.232314795256]
0.13402022421374998 [0.0357256531715] [0.232314795256]
0.13341785967365 [0.0345209240913] [0.232314795256]
0.13301072642224998 [0.0337066575885] [0.232314795256]
0.13290566578524998 [0.0334965363145] [0.232314795256]
0.1330938916655 [0.033872988075] [0.232314795256]
0.133512908593 [0.03471102193] [0.232314795256]
0.13403797522205 [0.0357611551881] [0.232314795256]
0.134645689279 [0.036976583302] [0.232314795256]
0.13554725982264998 [0.0387797243893] [0.232314795256]
0.13682837598045 [0.0413419567049] [0.232314795256]
0.13792195729929999 [0.0435291193426] [0.232314795256]
0.13848420046284998 [0.0446536056697] [0.232314795256]
0.1382466368379 [0.0441784784198] [0.232314795256]
0.1376795787366 [0.0430443622172] [0.232314795256]
0.13730277679879999 [0.0422907583416] [0.232314795256]
0.13738292269425 [0.0424510501325] [0.232314795256]
0.13779213652029998 [0.0432694777846] [0.232314795256]
0.13834494538619999 [0.0443750955164] [0.232314795256]
0.13875916041449998 [0.045203525573] [0.232314795256]
0.13898243196325 [0.0456500686705] [0.232314795256]
0.13897079788165 [0.0456268005073] [0.232314795256]
0.1386429145934 [0.0449710339308] [0.232314795256]
0.1378194093706 [0.0433240234852] [0.232314795256]
0.13646736368554999 [0.0406199321151] [0.232314795256]
0.13514193519965 [0.0379690751433] [0.232314795256]
0.13433649390955 [0.0363581925631] [0.232314795256]
0.1342826467009 [0.0362504981458] [0.232314795256]
0.1349010132255 [0.037487231195] [0.232314795256]
0.13595317862945 [0.0395915620029] [0.232314795256]
0.1371239107104 [0.0419330261648] [0.232314795256]
0.13800495676715 [0.0436951182783] [0.232314795256]
0.13843485713019998 [0.0445549190044] [0.232314795256]
0.13850373588519999 [0.0446926765144] [0.232314795256]
0.13838093727845 [0.0444470793009] [0.232314795256]
0.1382029522212 [0.0440911091864] [0.232314795256]
0.13808820024149998 [0.043861605227] [0.232314795256]
0.13813291676359998 [0.0439510382712] [0.232314795256]
0.13849789649264999 [0.0446809977293] [0.232314795256]
0.13929776661115 [0.0462807379663] [0.232314795256]
0.1406938526781 [0.0490729101002] [0.232314795256]
0.1426650881769 [0.0530153810978] [0.232314795256]
0.1452605798842 [0.0582063645124] [0.232314795256]
0.1479976996781 [0.0636806041002] [0.232314795256]
0.1503202691676 [0.0683257430792] [0.232314795256]
0.1514554582538 [0.0705961212516] [0.232314795256]
0.15196978300824998 [0.0716247707605] [0.232314795256]
0.1522430218758 [0.0721712484956] [0.232314795256]
0.1524295993151 [0.0725444033742] [0.232314795256]
0.1525566987695 [0.072798602283] [0.232314795256]
0.1525081694128 [0.0727015435696] [0.232314795256]
0.15244375169295 [0.0725727081299] [0.232314795256]
0.15250597521679998 [0.0726971551776] [0.232314795256]
0.15281946584599998 [0.073324136436] [0.232314795256]
0.15317574888485 [0.0740367025137] [0.232314795256]
0.1528797186913 [0.0734446421266] [0.232314795256]
0.1509024798872 [0.0694901645184] [0.232314795256]
0.1485340930523 [0.0647533908486] [0.232314795256]
0.1464976072313 [0.0606804192066] [0.232314795256]
0.14473637565984998 [0.0571579560637] [0.232314795256]
