0.12247519195095 [0.0126355886459] [0.232314795256]
0.12247519195095 [0.0126355886459] [0.232314795256]
0.12247519195095 [0.0126355886459] [0.232314795256]
0.12247519195095 [0.0126355886459] [0.232314795256]
0.12247519195095 [0.0126355886459] [0.232314795256]
0.12247519195095 [0.0126355886459] [0.232314795256]
0.12247519195095 [0.0126355886459] [0.232314795256]
0.12247519195095 [0.0126355886459] [0.232314795256]
0.12247519195095 [0.0126355886459] [0.232314795256]
0.12247519195095 [0.0126355886459] [0.232314795256]
0.12247519195095 [0.0126355886459] [0.232314795256]
0.12247519195095 [0.0126355886459] [0.232314795256]
0.12247519195095 [0.0126355886459] [0.232314795256]
0.12247519195095 [0.0126355886459] [0.232314795256]
0.1466094665231 [0.0609041377902] [0.232314795256]
0.1413991078736 [0.0504834204912] [0.232314795256]
0.1370467934759 [0.0417787916958] [0.232314795256]
0.1338666286321 [0.0354184620082] [0.232314795256]
0.1318823471667 [0.0314498990774] [0.232314795256]
0.1309801805766 [0.0296455658972] [0.232314795256]
0.1308694137262 [0.0294240321964] [0.232314795256]
0.13128364272435 [0.0302524901927] [0.232314795256]
0.1319415848704 [0.0315683744848] [0.232314795256]
0.13245765492335 [0.0326005145907] [0.232314795256]
0.13241964392379998 [0.0325244925916] [0.232314795256]
0.13212736323495 [0.0319399312139] [0.232314795256]
0.13093616347775 [0.0295575316995] [0.232314795256]
0.130104952492 [0.027895109728] [0.232314795256]
0.12990792840735 [0.0275010615587] [0.232314795256]
0.1303317379208 [0.0283486805856] [0.232314795256]
0.1312150964515 [0.030115397647] [0.232314795256]
0.13254804909245 [0.0327813029289] [0.232314795256]
0.13421334326285 [0.0361118912697] [0.232314795256]
0.13614614121635 [0.0399774871767] [0.232314795256]
0.1379439625891 [0.0435731299222] [0.232314795256]
0.13918706588465 [0.0460593365133] [0.232314795256]
0.13931560516375 [0.0463164150715] [0.232314795256]
0.13862483203429998 [0.0449348688126] [0.232314795256]
0.13755663298085 [0.0427984707057] [0.232314795256]
0.13657017983515 [0.0408255644143] [0.232314795256]
0.1358268987389 [0.0393390022218] [0.232314795256]
0.13527336902935 [0.0382319428027] [0.232314795256]
0.13474734872594998 [0.0371799021959] [0.232314795256]
0.13441651128249998 [0.036518227309] [0.232314795256]
0.1341105327012 [0.0359062701464] [0.232314795256]
0.13394343480485 [0.0355720743537] [0.232314795256]
0.1336876302959 [0.0350604653358] [0.232314795256]
0.13336258940415 [0.0344103835523] [0.232314795256]
0.13310923054829998 [0.0339036658406] [0.232314795256]
0.1329248100521 [0.0335348248482] [0.232314795256]
0.13302733749169998 [0.0337398797274] [0.232314795256]
0.13346813246625 [0.0346214696765] [0.232314795256]
0.13429979048684998 [0.0362847857177] [0.232314795256]
0.1356739848854 [0.0390331745148] [0.232314795256]
0.13785191997905 [0.0433890447021] [0.232314795256]
0.14117169380205 [0.0500285923481] [0.232314795256]
0.14599905908125 [0.0596833229065] [0.232314795256]
0.1526758037509 [0.0730368122458] [0.232314795256]
0.1615288406612 [0.0907428860664] [0.232314795256]
0.17375699430699998 [0.115199193358] [0.232314795256]
0.1843951493505 [0.136475503445] [0.232314795256]
0.181358113885 [0.130401432514] [0.232314795256]
0.175969697535 [0.119624599814] [0.232314795256]
0.172395218164 [0.112475641072] [0.232314795256]
0.1687263660135 [0.105137936771] [0.232314795256]
0.1640631109478 [0.0958114266396] [0.232314795256]
0.15894093364495 [0.0855670720339] [0.232314795256]
0.154087431729 [0.075860068202] [0.232314795256]
0.15032239258305 [0.0683299899101] [0.232314795256]
0.14758889377134998 [0.0628629922867] [0.232314795256]
0.14523788727835 [0.0581609793007] [0.232314795256]
0.14253605529684998 [0.0527573153377] [0.232314795256]
0.1396184824409 [0.0469221696258] [0.232314795256]
0.13705531507745 [0.0417958348989] [0.232314795256]
0.13517409749345 [0.0380333997309] [0.232314795256]
0.1338550187649 [0.0353952422738] [0.232314795256]
0.13291962444799998 [0.03352445364] [0.232314795256]
0.1321812383832 [0.0320476815104] [0.232314795256]
0.13181923143585 [0.0313236676157] [0.232314795256]
0.1316883899273 [0.0310619845986] [0.232314795256]
0.131723592058 [0.03113238886] [0.232314795256]
0.13209175318495 [0.0318687111139] [0.232314795256]
0.13282972015455 [0.0333446450531] [0.232314795256]
0.1337438859047 [0.0351729765534] [0.232314795256]
0.1345595642926 [0.0368043333292] [0.232314795256]
0.1352112405004 [0.0381076857448] [0.232314795256]
0.13601743057385 [0.0397200658917] [0.232314795256]
0.13735548406855 [0.0423961728811] [0.232314795256]
0.13950672000665 [0.0466986447573] [0.232314795256]
0.14236418530359998 [0.0524135753512] [0.232314795256]
0.14531383849695 [0.0583128817379] [0.232314795256]
0.14823068305865 [0.0641465708613] [0.232314795256]
0.15038313716665 [0.0684514790773] [0.232314795256]
0.15276844054475 [0.0732220858335] [0.232314795256]
0.15472977608459998 [0.0771447569132] [0.232314795256]
0.1557970643045 [0.079279333353] [0.232314795256]
0.15501539781704998 [0.0777160003781] [0.232314795256]
