0.0837603621184 0.08069663867365 0.08000748977055 0.08013761974865 0.08091254718615 0.0821613427253 0.08308682963265 0.08284855447719999 0.0808781050148 0.07863390445725 0.07588049769395 0.07326467521475 0.06863292306665 0.0627944543958 0.0575678553432 
0.05344370566305 0.0508876685053 0.04975383915005 0.0494654793292 0.049508539959799994 0.04970513656735 0.050004661083249996 0.05061065778135 0.0517075322568 0.053342446684799996 0.05558561347425 0.05865934677425 0.0628462545574 0.06789095140990001 0.0722701475024 
0.07307800650595 0.06768249347805 0.06117527000605 0.056141454726450005 0.05309129320085 0.0512363910675 0.0497615225613 0.04805899970235 0.0459356401116 0.043398741632699994 0.0410281252116 0.0391011592001 0.037809787318150004 0.03669238463045 0.03531259018925 
0.0337504632771 0.032464761287 0.0318074366078 0.03168277908115 0.03178793378175 0.03202287387105 0.0325121032074 0.0332221817225 0.03408960904925 0.03501281701025 0.03573079314085 0.03607380855825 0.03592577856035 0.03559509944175 0.0362646179274 
0.03895225003365 0.04492478631435 0.0546020176262 0.0662087500095 0.0747278109193 0.0785019658506 0.0790835246444 0.07866261154410001 0.0777832083404 0.0761590860784 0.07345608994365 0.0707727596164 0.06896348297595001 0.0685258470476 0.06928369030355 
0.0700073782355 0.068892236799 0.06567367352545 0.0619066040963 0.0579869877547 0.0541635230184 0.05080095119775 0.0482074804604 0.04665097780525 0.0459510870278 0.045952595770350005 0.046336364001 0.0467441305518 0.04668451286855 0.04612147063015 
0.0457643289119 0.046761944890000004 0.0494851693511 0.05245340801775 0.05122931674125 0.043500727042599996 0.0339071955532 0.02662489004435 0.022088362835349998 0.019714766182049998 0.0186498211697 0.01825822284445 0.018139959778650003 0.018164627254 0.01833771448585 
0.0186972366646 0.019224976189450002 0.0198831828311 0.02067907201125 0.021949751302599997 0.02455454599115 0.0301155410707 0.0415517836809 0.0631022211164 0.08649216033505 0.08826240617765 0.0808396125214 0.069487322122 0.06106165237725 0.05674050841485 
0.0539563586935 0.0517361750826 0.049468837678400004 0.0474857520312 0.0455405302346 0.0441080485471 0.04310366604475 0.04212688375265 0.041738051455449995 0.043409419246 0.05709645710885 0.06128950230775 0.06624735333025 0.07091202959420001 0.07433561608195 
0.07585323229435 0.07508685067295 0.07291599735615 0.07072404399515 0.069821305573 0.07446290180090001 0.08063925057650001 0.08575247600675 0.0903269015253 0.0939700640738 0.09666121378539999 0.09869004785999999 0.10015226528025001 0.10128252953305 0.10216391831624999 
0.1032499000432 0.10545346140875 0.11045479029405 0.12275734543800002 0.1410860195755 0.1602253615855 0.1706869900225 0.16889717429849999 0 0 0 0 0 0 0 
