M B1 B2
0.0665514543655 [0.032533146441] [0.10056976229]
0.0655387714505 [0.0316536426544] [0.0994239002466]
0.06551351211985 [0.0308990366757] [0.100127987564]
0.0669037308546 [0.0306430198252] [0.103164441884]
0.0701431203633 [0.0311335511506] [0.109152689576]
0.07294736430035 [0.0311283171177] [0.114766411483]
0.07282797619695 [0.0281750336289] [0.117480918765]
0.0685823336241 [0.0219513699412] [0.115213297307]
0.06291978992515 [0.0156961865723] [0.110143393278]
0.06024691136575 [0.0151822650805] [0.105311557651]
0.05906215123815 [0.0146155767143] [0.103508725762]
0.059990041423549995 [0.0140568772331] [0.105923205614]
0.06235585920505 [0.0135384164751] [0.111173301935]
0.06513955164725001 [0.0130034107715] [0.117275692523]
0.06670766323825 [0.0123205035925] [0.121094822884]
0.06614372041095 [0.0113370101899] [0.120950430632]
0.064484414179 [0.010452629067] [0.118516199291]
0.062086910475074995 [0.00938946101815] [0.114784359932]
0.057615353725905004 [0.00807174853981] [0.107158958912]
0.051242706831564996 [0.00650315266103] [0.0959822610021]
0.045454677427184995 [0.00516028003767] [0.0857490748167]
0.041584634920585 [0.00423278240487] [0.0789364874363]
0.040309558273299996 [0.0037639637012] [0.0768551528454]
0.04136478353758 [0.00379461445846] [0.0789349526167]
0.04396539751904 [0.00382712879218] [0.0841036662459]
0.04739743540995 [0.0040806545876] [0.0907142162323]
0.05089304456489 [0.00448927748948] [0.0972968116403]
0.05429033888519 [0.00498798396438] [0.103592693806]
0.057454524096075 [0.00548292230815] [0.109426125884]
0.060237143188785 [0.00594632327557] [0.114527963102]
0.06280547496872 [0.00636680657044] [0.119244143367]
0.06504701287475 [0.0065462780185] [0.123547747731]
0.06758194207208 [0.00677391467616] [0.128389969468]
0.071634032763455 [0.00720323808491] [0.136064827442]
0.078181814402245 [0.00819077342749] [0.148172855377]
0.08908993657695 [0.0103895645589] [0.167790308595]
0.1046265843324 [0.0154129927978] [0.193840175867]
0.11981237027815 [0.0259439516813] [0.213680788875]
0.12878621369605 [0.0442536175251] [0.213318809867]
0.12904911860805 [0.0624681636691] [0.195630073547]
0.11995901539925 [0.0678626820445] [0.172055348754]
0.10751351714145 [0.0636809468269] [0.151346087456]
0.0955263134094 [0.0566552393138] [0.134397387505]
0.08621764183065 [0.0508424267173] [0.121592856944]
0.07995591685165 [0.0472197011113] [0.112692132592]
0.07625390961765 [0.0456961989403] [0.106811620295]
0.0743536874654 [0.0454784110188] [0.103228963912]
0.073570964858 [0.04587553069] [0.101266399026]
0.07327476702645 [0.0462438128889] [0.100305721164]
0.0732137691232 [0.0462329499424] [0.100194588304]
0.0734191332011 [0.0458180047572] [0.101020261645]
0.07407407276309999 [0.0451353229582] [0.103012822568]
0.075358806178 [0.044434633106] [0.10628297925]
0.07790212892015 [0.0440356321633] [0.111768625677]
0.08271559141599999 [0.04427581653] [0.121155366302]
0.08904155157485 [0.0456443093717] [0.132438793778]
0.09896557778105 [0.0487975329161] [0.149133622646]
0.114773483947 [0.055098194629] [0.174448773265]
0.13904251530779999 [0.0666395798326] [0.211445450783]
0.17012849822625 [0.0848368778825] [0.25542011857]
0.17528677359244998 [0.0925982072949] [0.25797533989]
0.1300916075704 [0.0650648027658] [0.195118412375]
0.08543193899115001 [0.0414116047323] [0.12945227325]
0.05983196943995 [0.0298778042197] [0.0897861346602]
0.0467303255573 [0.02446369268] [0.0689969584346]
0.04014361649755 [0.0217698477209] [0.0585173852742]
0.03711209539325 [0.0205905791372] [0.0536336116493]
0.03605173900725 [0.0202971622348] [0.0518063157797]
0.0359148681164 [0.0203557237983] [0.0514740124345]
0.03605407848955 [0.0203931033611] [0.051715053618]
0.03612649906425 [0.0203229840845] [0.051930014044]
0.03583873622115 [0.0200654789805] [0.0516119934618]
0.0352707374841 [0.0197999961674] [0.0507414788008]
0.03432560898365 [0.0194676220417] [0.0491835959256]
0.03342276532205 [0.0188540425152] [0.0479914881289]
0.0332288807258 [0.0180744025856] [0.048383358866]
0.0346481706947 [0.0176176726818] [0.0516786687076]
0.038376293145149995 [0.0177356358618] [0.0590169504285]
0.0460210107267 [0.018961943686] [0.0730800777674]
0.05941630434245 [0.0219139512628] [0.0969186574221]
0.07835314236589999 [0.0266300104558] [0.130076274276]
0.095887200907 [0.031476456672] [0.160297945142]
0.10493957623845 [0.0342627391219] [0.175616413355]
0.10634232871249999 [0.035132329911] [0.177552327514]
0.1045447960494 [0.0352551490068] [0.173834443092]
0.1011906024071 [0.0350097678602] [0.167371436954]
0.0933756921439 [0.0328984893858] [0.153852894902]
0.075838792138 [0.028432553634] [0.123245030642]
0.05798158980905001 [0.0248386748135] [0.0911245048046]
0.04651375953105 [0.0226261038333] [0.0704014152288]
0.0395796746016 [0.0212914384902] [0.057867910713]
0.03532163146885 [0.0206592846662] [0.0499839782715]
0.0328429508954 [0.0203479863703] [0.0453379154205]
0.0315055297688 [0.020327558741] [0.0426835007966]
0.030837049707750003 [0.020398132503] [0.0412759669125]
0.0305942958221 [0.0204268861562] [0.040761705488]
0.030774335376899997 [0.0204331856221] [0.0411154851317]
0.03130932338535 [0.0204705148935] [0.0421481318772]
0.03204268589615 [0.0205221697688] [0.0435632020235]
0.0326835708693 [0.0205750036985] [0.0447921380401]
0.032841639593250004 [0.0203535705805] [0.045329708606]
0.03210827708245 [0.0196051411331] [0.0446114130318]
0.03035215102135 [0.0181660018861] [0.0425383001566]
0.02791563421485 [0.0161959379911] [0.0396353304386]
0.0259120250121 [0.0142576042563] [0.0375664457679]
0.024587106891 [0.0125918928534] [0.0365823209286]
0.02390582021325 [0.011321881786] [0.0364897586405]
0.02366929035635 [0.0104647148401] [0.0368738658726]
0.02351637883114 [0.00991668459028] [0.037116073072]
0.023231277707945 [0.00959172938019] [0.0368708260357]
0.022831572219735002 [0.00945087894797] [0.0362122654915]
0.022375714033835002 [0.00943440571427] [0.0353170223534]
0.02203230652956 [0.00956481136382] [0.0344998016953]
0.021748908795419998 [0.00989737547934] [0.0336004421115]
0.021445651538699997 [0.0103679876775] [0.0325233153999]
0.0210629706271 [0.0108855916187] [0.0312403496355]
0.0208998946473 [0.0113771669567] [0.0304226223379]
0.021466431208 [0.0120204277337] [0.0309124346823]
0.0233025406487 [0.0131035344675] [0.0335015468299]
0.0273857675493 [0.0153126753867] [0.0394588597119]
0.033948247320950004 [0.0190814565867] [0.0488150380552]
0.0413793437183 [0.0232755690813] [0.0594831183553]
0.04648624453695 [0.0261001084] [0.0668723806739]
0.04901382513345 [0.0269685201347] [0.0710591301322]
0.05002208519725 [0.0267471615225] [0.073297008872]
0.0507057607174 [0.0262292847037] [0.0751822367311]
0.05133239459245 [0.0257326941937] [0.0769320949912]
0.051850017160149996 [0.0253517478704] [0.0783482864499]
0.0523190796375 [0.0251945927739] [0.0794435665011]
0.05293425731365001 [0.0255749560893] [0.080293558538]
0.0522819105536 [0.0268014036119] [0.0777624174953]
0.05232091620565 [0.0290548577905] [0.0755869746208]
0.05469558015465 [0.0332244411111] [0.0761667191982]
0.05785554088655 [0.0381002314389] [0.0776108503342]
0.0597363822162 [0.0417135283351] [0.0777592360973]
0.06005952879785 [0.0435939505696] [0.0765251070261]
0.05963240005075 [0.0442900247872] [0.0749747753143]
0.059193886816499994 [0.0445808917284] [0.0738068819046]
0.05875068716705 [0.0445910654962] [0.0729103088379]
0.058279292658 [0.0444568805397] [0.0721017047763]
0.057335766032349994 [0.0437473393977] [0.070924192667]
0.055560402572200004 [0.0421231836081] [0.0689976215363]
0.053059542551650005 [0.0395835004747] [0.0665355846286]
0.050543818622799996 [0.0367365032434] [0.0643511340022]
0.04868613928555 [0.0339700132608] [0.0634022653103]
0.04798441194 [0.0314436145127] [0.0645252093673]
0.049071488902 [0.0293920822442] [0.0687508955598]
0.05438422132285 [0.0291290674359] [0.0796393752098]
0.0663570091129 [0.0314816385508] [0.101232379675]
0.0823171455414 [0.0353631861508] [0.129271104932]
