M B1 B2
0.045768301934 [0.0539131984115] [0.0376234054565]
0.0443079136312 [0.0513303391635] [0.0372854880989]
0.0433977600187 [0.0495051890612] [0.0372903309762]
0.04263789020475 [0.0476699955761] [0.0376057848334]
0.042098158970499996 [0.0460596382618] [0.0381366796792]
0.043235944584 [0.047519069165] [0.038952820003]
0.08368799090399999 [0.127130955458] [0.04024502635]
0.0709023475647 [0.0995583385229] [0.0422463566065]
0.0603274423629 [0.075318865478] [0.0453360192478]
0.05509166046975 [0.060129057616] [0.0500542633235]
0.055018404498700005 [0.0529888421297] [0.0570479668677]
0.0585657674819 [0.0503270663321] [0.0668044686317]
0.0647155568004 [0.0505480617285] [0.0788830518723]
0.0716701503843 [0.0520491190255] [0.0912911817431]
0.077907403931 [0.053766798228] [0.102048009634]
0.0827424358576 [0.0551936216652] [0.11029125005]
0.0859710499643 [0.0555144548416] [0.116427645087]
0.08828831836585 [0.0553627610207] [0.121213875711]
0.09025052562354999 [0.0548639371991] [0.125637114048]
0.09200799651425001 [0.0542509146035] [0.129765078425]
0.09407564811415 [0.0541168116033] [0.134034484625]
0.09642225876445001 [0.0546698793769] [0.138174638152]
0.09999777935425 [0.0566279403865] [0.143367618322]
0.10640664212420001 [0.0606882832944] [0.152125000954]
0.11715268343695 [0.0676726996899] [0.166632667184]
0.1321093253793 [0.0778944566846] [0.186324194074]
0.14300972223289998 [0.0865502804518] [0.199469164014]
0.14027316495800002 [0.082765288651] [0.197781041265]
0.1281609088181 [0.0726924538612] [0.183629363775]
0.11535646766435001 [0.0623556673527] [0.168357267976]
0.1031330600381 [0.0542145818472] [0.152051538229]
0.09403617121300001 [0.048347402364] [0.139724940062]
0.08863431587830001 [0.0445677414536] [0.132700890303]
0.0860992725937 [0.0424591712654] [0.129739373922]
0.0849346779285 [0.041292347014] [0.128577008843]
0.08321707136935 [0.0401291437447] [0.126304998994]
0.0795832760634 [0.0380178317428] [0.121148720384]
0.07439138740315 [0.0351346954703] [0.113648079336]
0.06933740526455 [0.0323961600661] [0.106278650463]
0.0659031784164 [0.0304190274328] [0.1013873294]
0.06443664617835 [0.0291618518531] [0.0997114405036]
0.0641178842634 [0.0282867066562] [0.0999490618706]
0.06406868807965 [0.0275478698313] [0.100589506328]
0.06409701984375 [0.0271667372435] [0.101027302444]
0.06502192094905 [0.0275841578841] [0.102459684014]
0.06640488933785 [0.0286838244647] [0.104125954211]
0.06556663196555 [0.0291048940271] [0.102028369904]
0.0588644221425 [0.0271659642458] [0.0905628800392]
0.048625799827300004 [0.0231850575656] [0.074066542089]
0.039474354125550004 [0.0192892011255] [0.0596595071256]
0.033425477333349995 [0.016646804288] [0.0502041503787]
0.030342700891200003 [0.0152032431215] [0.0454821586609]
0.029370397795 [0.0146314771846] [0.0441093184054]
0.0295323743485 [0.0145579865202] [0.0445067621768]
0.0298462570645 [0.0146375494078] [0.0450549647212]
0.02967397728935 [0.0146621102467] [0.044685844332]
0.0287731764838 [0.0145211350173] [0.0430252179503]
0.02743064519015 [0.0144188236445] [0.0404424667358]
0.026104453485499998 [0.0143117597327] [0.0378971472383]
0.02522105677055 [0.0141790052876] [0.0362631082535]
0.0249531748705 [0.0139675168321] [0.0359388329089]
0.02537814201785 [0.0137775810435] [0.0369787029922]
0.02697433298455 [0.0139472177252] [0.0400014482439]
0.0306179774925 [0.0149493198842] [0.0462866351008]
0.0374151663855 [0.0174942966551] [0.0573360361159]
0.0483065340668 [0.0224091820419] [0.0742038860917]
0.0619729077443 [0.0298300068825] [0.0941158086061]
0.0706122070553 [0.0343583896756] [0.106866024435]
0.0670038647948 [0.0319019556046] [0.102105773985]
0.059882825240499996 [0.0281726978719] [0.0915929526091]
0.05532018840315 [0.0259666591883] [0.084673717618]
0.0531949372962 [0.0250605139881] [0.0813293606043]
0.05333601124585 [0.025017503649] [0.0816545188427]
0.054947739467 [0.0254402719438] [0.0844552069902]
0.057377167046100006 [0.0258633643389] [0.0888909697533]
0.0600867383182 [0.0262344926596] [0.0939389839768]
0.06263617426160001 [0.0266828835011] [0.0985894650221]
0.06423876248285 [0.0271327905357] [0.10134473443]
0.06445328239375 [0.0277310255915] [0.101175539196]
0.06248026248065 [0.0280203875154] [0.0969401374459]
0.0580488927662 [0.0275206789374] [0.088577106595]
0.053243130445449996 [0.0264407470822] [0.0800455138087]
0.05012525245545 [0.0255771502852] [0.0746733546257]
0.049479728564600006 [0.0256902016699] [0.0732692554593]
0.0511320577934 [0.0273836869746] [0.0748804286122]
0.05522955115885 [0.0306286346167] [0.079830467701]
0.05913933739065 [0.0337741374969] [0.0845045372844]
0.061103310436 [0.0357042402029] [0.0865023806691]
0.06135453283785 [0.0363376289606] [0.0863714367151]
0.059475760906950004 [0.0356928408146] [0.0832586809993]
0.054958695545800004 [0.033194553107] [0.0767228379846]
0.04998326674105 [0.030209697783] [0.0697568356991]
0.045426831580699996 [0.0276983547956] [0.0631553083658]
0.0422039758414 [0.0259139277041] [0.0584940239787]
0.04023085255175 [0.0247831773013] [0.0556785278022]
0.03952291421595 [0.0244006700814] [0.0546451583505]
