M B1 B2
0.0631180936469 [0.0213996190578] [0.104836568236]
0.06673914100995 [0.0231949295849] [0.110283352435]
0.06899155490100001 [0.023697104305] [0.114286005497]
0.06820268183955 [0.0216878503561] [0.114717513323]
0.06644089054334999 [0.0206918474287] [0.112189933658]
0.0641416711735 [0.01961469464] [0.108668647707]
0.0616359142587 [0.0186686273664] [0.104603201151]
0.0586196370423 [0.0179000347853] [0.0993392392993]
0.055122861638700005 [0.017419975251] [0.0928257480264]
0.05179499369115 [0.0171238537878] [0.0864661335945]
0.0497319763526 [0.0169746857136] [0.0824892669916]
0.050599744543449995 [0.016949493438] [0.0842499956489]
0.0544116329402 [0.0171463750303] [0.0916768908501]
0.05807672906665 [0.017618605867] [0.0985348522663]
0.0611275266857 [0.0179339535534] [0.104321099818]
0.0627448279412 [0.0179339535534] [0.107555702329]
0.0631310697647 [0.0179339535534] [0.108328185976]
0.062445050105199996 [0.0179339535534] [0.106956146657]
0.0606304239482 [0.0179339535534] [0.103326894343]
0.057631528004999995 [0.0179339535534] [0.0973291024566]
0.0567953772843 [0.0235729664564] [0.0900177881122]
0.053017050027849996 [0.0223199725151] [0.0837141275406]
0.051726959645750005 [0.0228108465672] [0.0806430727243]
0.05320687964555 [0.0244522988796] [0.0819614604115]
0.05747314915065 [0.0266614183784] [0.0882848799229]
0.0629635518417 [0.028810961172] [0.0971161425114]
0.0658923173325 [0.03067711927] [0.101107515395]
0.0649950094521 [0.032072365284] [0.0979176536202]
0.06182367354635 [0.0330875217915] [0.0905598253012]
0.058124627917999994 [0.0337745398283] [0.0824747160077]
0.055136786773799996 [0.0342800505459] [0.0759935230017]
0.053305547684450005 [0.0346524640918] [0.0719586312771]
0.0525286179036 [0.0341513492167] [0.0709058865905]
0.05317417904735 [0.0330939516425] [0.0732544064522]
0.055153962224750004 [0.0309403240681] [0.0793676003814]
0.0579766854644 [0.0275728404522] [0.0883805304766]
0.0610997574404 [0.0238669309765] [0.0983325839043]
0.0635455073791 [0.0206123683602] [0.106478646398]
0.06463363580385001 [0.0182186998427] [0.111048571765]
0.06506127864145 [0.0166693553329] [0.11345320195]
0.06598911900065 [0.0157475490123] [0.116230688989]
0.0679654362613 [0.0151166981086] [0.120814174414]
0.07061951141815 [0.0146065112203] [0.126632511616]
0.07524289935805 [0.0141803175211] [0.136305481195]
0.0818209769204 [0.0139911416918] [0.149650812149]
0.0871950881554 [0.0141313765198] [0.160258799791]
0.08962000859904999 [0.0146342357621] [0.164605781436]
0.08836886659245 [0.0154749080539] [0.161262825131]
0.08363464381535 [0.0168919544667] [0.150377333164]
0.07773298397674999 [0.0194706991315] [0.135995268822]
0.07450375333430001 [0.0237824097276] [0.125225096941]
0.07332620397225 [0.0302916914225] [0.116360716522]
0.07337731309234999 [0.0380996651947] [0.10865496099]
0.07267843000565 [0.0442177020013] [0.10113915801]
0.0698079559952 [0.0460525415838] [0.0935633704066]
0.0660622473806 [0.0452616177499] [0.0868628770113]
0.06318084150555 [0.0443696603179] [0.0819920226932]
0.06187757477165 [0.044465534389] [0.0792896151543]
0.062061710283149996 [0.0454660616815] [0.0786573588848]
0.06335026584565001 [0.0467780418694] [0.0799224898219]
0.0650494825095 [0.0479635708034] [0.0821353942156]
0.0670280214399 [0.0488551296294] [0.0852009132504]
0.06989890523255 [0.0498557798564] [0.0899420306087]
0.0741862412542 [0.05145772174] [0.0969147607684]
0.0804073847832 [0.0544072538614] [0.106407515705]
0.08783659711465 [0.0585683584213] [0.117104835808]
0.09668609872475001 [0.0642599239945] [0.129112273455]
0.10817763954404999 [0.0721319615841] [0.144223317504]
0.1247873567045 [0.083296187222] [0.166278526187]
0.13652673736205 [0.0914047881961] [0.181648686528]
0.11216873303075 [0.0739725753665] [0.150364890695]
0.07957700081175001 [0.0523951761425] [0.106758825481]
0.05910816974935 [0.038930285722] [0.0792860537767]
0.049075961113 [0.0321410670877] [0.0660108551383]
0.04436312243345 [0.0286480523646] [0.0600781925023]
0.04237143695355 [0.0267099291086] [0.0580329447985]
0.04099971894175 [0.0250130463392] [0.0569863915443]
0.03910500276835 [0.0230481978506] [0.0551618076861]
0.036876228638 [0.0211963113397] [0.0525561459363]
0.034718320705 [0.0196208488196] [0.0498157925904]
0.03316188789905 [0.0185281522572] [0.0477956235409]
0.03238361515105 [0.0178351327777] [0.0469320975244]
0.03228630498055 [0.0173936337233] [0.0471789762378]
0.032755734398999994 [0.0172784328461] [0.0482330359519]
0.03393001109365 [0.0177216790617] [0.0501383431256]
0.03622894827275 [0.0189559403807] [0.0535019561648]
0.04037723876535 [0.0213511735201] [0.0594033040106]
0.046635506674649996 [0.0248777680099] [0.0683932453394]
0.053708772175 [0.0286089684814] [0.0788085758686]
0.0560884801671 [0.0294091906399] [0.0827677696943]
0.05229054018855 [0.027501322329] [0.0770797580481]
0.0469382731244 [0.0255103018135] [0.0683662444353]
0.04287882614885 [0.0246737506241] [0.0610839016736]
0.041107166558500004 [0.025194324553] [0.057020008564]
0.04115158319475 [0.0265528634191] [0.0557503029704]
0.041827003471549995 [0.0276890750974] [0.0559649318457]
0.042356362566349996 [0.0283372625709] [0.0563754625618]
0.04242904670535 [0.0285287424922] [0.0563293509185]
0.0421142410487 [0.0283131748438] [0.0559153072536]
0.04162870068105 [0.02762289159] [0.0556345097721]
0.04127596504985 [0.0264957696199] [0.0560561604798]
0.04115488007665 [0.0250916928053] [0.057218067348]
0.041233696043499996 [0.0238359831274] [0.0586314089596]
0.04179377947 [0.0232401844114] [0.0603473745286]
0.04296188615265 [0.0234814807773] [0.062442291528]
0.044910000637150005 [0.0244885571301] [0.0653314441442]
0.04783074744045 [0.0261435471475] [0.0695179477334]
0.0510623827577 [0.0281392410398] [0.0739855244756]
0.0545214591548 [0.0303622316569] [0.0786806866527]
0.057861186564 [0.0329759642482] [0.0827464088798]
0.06016967818145 [0.0351510792971] [0.0851882770658]
0.0607332661748 [0.0369619801641] [0.0845045521855]
0.060425171628600005 [0.03867809847] [0.0821722447872]
0.0595970544964 [0.0403022803366] [0.0788918286562]
0.058505512774 [0.0420417934656] [0.0749692320824]
0.0570406652987 [0.0441167205572] [0.0699646100402]
0.054020008072250006 [0.0461796298623] [0.0618603862822]
0.0499612297863 [0.0472591929138] [0.0526632666588]
0.04680705443025 [0.0474181957543] [0.0461959131062]
0.04568770341575 [0.0473496131599] [0.0440257936716]
0.0461219418794 [0.0479173399508] [0.044326543808]
0.048303257673949995 [0.0502479858696] [0.0463585294783]
0.052577665075649996 [0.0554900020361] [0.0496653281152]
0.0572281051427 [0.0612410195172] [0.0532151907682]
0.0586315393448 [0.0618009567261] [0.0554621219635]
0.057945944368800004 [0.0591198764741] [0.0567720122635]
0.0566718429327 [0.0557045564055] [0.0576391294599]
0.05568087287245 [0.0528006106615] [0.0585611350834]
0.0548585485667 [0.0502610467374] [0.059456050396]
0.053814304992549994 [0.0477209873497] [0.0599076226354]
0.052540944889149996 [0.0451301783323] [0.059951711446]
0.05147352255885 [0.0428502261639] [0.0600968189538]
0.051067940890799995 [0.0412904508412] [0.0608454309404]
0.05194843187925 [0.0408703535795] [0.063026510179]
0.05522694066165 [0.0417807996273] [0.068673081696]
0.05976529791955 [0.0429285615683] [0.0766020342708]
0.06377114355565 [0.044125624001] [0.0834166631103]
0.0653719510883 [0.0451353676617] [0.0856085345149]
0.06650246493515 [0.0461579225957] [0.0868470072746]
0.0685881022364 [0.0476458929479] [0.0895303115249]
0.0724303275347 [0.0502265170217] [0.0946341380477]
0.07825517281895 [0.0542695149779] [0.10224083066]
0.0827955435961 [0.0580190308392] [0.107572056353]
0.08108383044590001 [0.0595339685678] [0.102633692324]
0.0723396241665 [0.0569314956665] [0.0877477526665]
0.06286148540675 [0.0526612587273] [0.0730617120862]
0.05705530196425 [0.0499605387449] [0.0641500651836]
0.05408088676635 [0.0489765517414] [0.0591852217913]
0.053205566480750005 [0.0493324548006] [0.0570786781609]
0.05339731276035 [0.0503865070641] [0.0564081184566]
0.053576081991199995 [0.0513150431216] [0.0558371208608]
