0.1287016794086 [0.0337993055582] [0.223604053259]
0.11741103418149999 [0.032384801656] [0.202437266707]
0.10198601521549999 [0.032384801656] [0.171587228775]
0.082118721679 [0.032384801656] [0.131852641702]
0.0624775905162 [0.032384801656] [0.0925703793764]
0.04768188484015 [0.032384801656] [0.0629789680243]
0.037669328972700006 [0.032384801656] [0.0429538562894]
0.031148679554450002 [0.032384801656] [0.0299125574529]
0.02695872541515 [0.032384801656] [0.0215326491743]
0.0237782858312 [0.031069740653] [0.0164868310094]
0.02217234764245 [0.0304757878184] [0.0138689074665]
0.021625368390249998 [0.030328694731] [0.0129220420495]
0.0292620025575 [0.0455592535436] [0.0129647515714]
0.038639445789150004 [0.0638371407986] [0.0134417507797]
0.04497591219845 [0.0758415013552] [0.0141103230417]
0.05074492515995 [0.0866002291441] [0.0148896211758]
0.07711157482125 [0.138349145651] [0.0158740039915]
0.07458929251885 [0.132035508752] [0.0171430762857]
0.07302694767694999 [0.127215787768] [0.0188381075859]
0.0724945086986 [0.123745135963] [0.0212438814342]
0.07332448195664999 [0.121780835092] [0.0248681288213]
0.07588331121940001 [0.121245793998] [0.0305208284408]
0.08048180304445 [0.121393948793] [0.0395696572959]
0.08728970401005 [0.120975390077] [0.0536040179431]
0.09661839157355 [0.119089253247] [0.0741475299001]
0.1090342253445 [0.115701943636] [0.102366507053]
0.12054543942200001 [0.11020308733] [0.130887791514]
0.12122058868405 [0.0986792296171] [0.143761947751]
0.10760034993280002 [0.0824173018336] [0.132783398032]
0.0909797921777 [0.0725017115474] [0.109457872808]
0.07959270849825001 [0.0695887506008] [0.0895966663957]
0.0714592821896 [0.066867634654] [0.0760509297252]
0.0659976042807 [0.064168035984] [0.0678271725774]
0.06238643638790001 [0.062081631273] [0.0626912415028]
0.0599478855729 [0.0609535127878] [0.058942258358]
0.05852022767065 [0.060458406806] [0.0565820485353]
0.05792794376615 [0.0601709261537] [0.0556849613786]
0.0580332800746 [0.0599300004542] [0.056136559695]
0.0587617903948 [0.0600744113326] [0.057449169457]
0.06008048541845 [0.060785420239] [0.0593755505979]
0.0617748424411 [0.0619787871838] [0.0615708976984]
0.063572563231 [0.0631533563137] [0.0639917701483]
0.0655011236668 [0.0635537579656] [0.067448489368]
0.0680066756904 [0.0628715008497] [0.0731418505311]
0.07139232195915 [0.0615556873381] [0.0812289565802]
0.07649341970685 [0.0637914463878] [0.0891953930259]
0.07748654112219999 [0.06409791857] [0.0908751636744]
0.0680367648602 [0.0550900548697] [0.0809834748507]
0.0568271446973 [0.0442778505385] [0.0693764388561]
0.0494171138853 [0.0372879430652] [0.0615462847054]
0.04666624218225 [0.0337861999869] [0.0595462843776]
0.045705646276500006 [0.0325777605176] [0.0588335320354]
0.044951179996150004 [0.0327087529004] [0.0571936070919]
0.043954951688650004 [0.0335024446249] [0.0544074587524]
0.0433387365192 [0.0345448553562] [0.0521326176822]
0.04363315366205 [0.0361418947577] [0.0511244125664]
0.04466001689435 [0.0388806350529] [0.0504393987358]
0.0457528922707 [0.042724840343] [0.0487809441984]
0.0461476929486 [0.0466248840094] [0.0456705018878]
0.0456828661263 [0.0491337142885] [0.0422320179641]
0.0454968940467 [0.0502095371485] [0.0407842509449]
0.04691338539125 [0.0513672307134] [0.0424595400691]
0.050895927473899996 [0.0544994957745] [0.0472923591733]
0.0578632205725 [0.0615785121918] [0.0541479289532]
0.06738222949205 [0.0733235552907] [0.0614409036934]
0.07850290089845 [0.0890707224607] [0.0679350793362]
0.0898427367208 [0.106450900435] [0.0732345730066]
0.10038224607724999 [0.122974134982] [0.0777903571725]
0.1096075922252 [0.137070566416] [0.0821446180344]
0.117040745914 [0.147993683815] [0.086087808013]
0.1223910935223 [0.155521184206] [0.0892610028386]
0.12591798231 [0.159729912877] [0.092106051743]
0.1290440037849 [0.162203624845] [0.0958843827248]
0.134451355785 [0.166160196066] [0.102742515504]
0.145456995815 [0.175984591246] [0.114929400384]
0.164852172136 [0.195825204253] [0.133879140019]
0.1925337314605 [0.226233571768] [0.158833891153]
0.22411377727999998 [0.262698322535] [0.185529232025]
0.248673066497 [0.291739463806] [0.205606669188]
0.256872668862 [0.302414655685] [0.211330682039]
0.2491972222925 [0.294253885746] [0.204140558839]
0.2331022024155 [0.272599041462] [0.193605363369]
0.213760301471 [0.24268232286] [0.184838280082]
0.1932868286965 [0.208651706576] [0.177921950817]
0.1755781918765 [0.176171094179] [0.174985289574]
0.16391912102700001 [0.151766300201] [0.176071941853]
0.1603764891625 [0.14070288837] [0.180050089955]
0.1657782942055 [0.144847139716] [0.186709448695]
0.1786972656845 [0.162811979651] [0.194582551718]
0.1961185485125 [0.189540416002] [0.202696681023]
0.2104415297505 [0.210553258657] [0.210329800844]
0.2157568112015 [0.215325966477] [0.216187655926]
0.215021893382 [0.211627811193] [0.218415975571]
0.208822593093 [0.200890824199] [0.216754361987]
0.2018293887375 [0.191426590085] [0.21223218739]
0.198769912124 [0.1814596802] [0.216080144048]
0.1985706314445 [0.166909739375] [0.230231523514]
0.19971367716799998 [0.152322500944] [0.247104853392]
0.19788590818649998 [0.139674976468] [0.256096839905]
0.19153711199749998 [0.129653811455] [0.25342041254]
0.186465140432 [0.123397372663] [0.249532908201]
0.1827715821565 [0.12013874203] [0.245404422283]
0.18252534791799999 [0.119332961738] [0.245717734098]
0.183738131076 [0.119024403393] [0.248451858759]
0.1859558187425 [0.118372194469] [0.253539443016]
0.187129441649 [0.118016816676] [0.256242066622]
0.1849187873305 [0.115534476936] [0.254303097725]
0.1792518645525 [0.110620006919] [0.247883722186]
0.1708852760495 [0.104149453342] [0.237621098757]
0.16278680041415 [0.0991835668683] [0.22639003396]
0.15769082307835 [0.0972141623497] [0.218167483807]
0.1567826271057 [0.0993445664644] [0.214220687747]
0.1593806780875 [0.103332214057] [0.215429142118]
0.1637414246795 [0.107031598687] [0.220451250672]
0.16766349971299999 [0.107416421175] [0.227910578251]
0.170449677855 [0.106549330056] [0.234350025654]
0.1705761253835 [0.105468660593] [0.235683590174]
0.16932066157450001 [0.105214335024] [0.233426988125]
0.16773309558650001 [0.105623319745] [0.229842871428]
0.165061324835 [0.1056253016] [0.22449734807]
0.162129431963 [0.103683754802] [0.220575109124]
0.15941984206415 [0.0992467552423] [0.219592928886]
0.15633254498255 [0.0937938243151] [0.21887126565]
0.15378714725370002 [0.0895600393414] [0.218014255166]
0.15173316746965 [0.0869567096233] [0.216509625316]
0.150607381016 [0.086443297565] [0.214771464467]
0.14997365698195 [0.0874617323279] [0.212485581636]
0.1499341949819 [0.0899876654148] [0.209880724549]
0.14975890144695 [0.0922447070479] [0.207273095846]
0.1493377797305 [0.093898974359] [0.204776585102]
0.1497305519877 [0.0958537980914] [0.203607305884]
0.15035672858335 [0.0971299037337] [0.203583553433]
0.1514230147004 [0.0976236909628] [0.205222338438]
0.15305972099295 [0.0976438522339] [0.208475589752]
0.15392876043905002 [0.0968285724521] [0.211028948426]
0.15453647077104998 [0.0971940457821] [0.21187889576]
0.15456774458279998 [0.0997285470366] [0.209406942129]
0.155234206468 [0.105095423758] [0.205372989178]
0.153729263693 [0.113270364702] [0.194188162684]
0.150421757251 [0.122688315809] [0.178155198693]
0.145957775414 [0.131333246827] [0.160582304001]
0.143114477396 [0.13734601438] [0.148882940412]
0.141269445419 [0.140901625156] [0.141637265682]
0.1382715702055 [0.140295386314] [0.136247754097]
0.12895325571299998 [0.129721626639] [0.128184884787]
0.117510177195 [0.116939730942] [0.118080623448]
0.1051774658265 [0.104417912662] [0.105937018991]
0.09477031230925 [0.0929884538054] [0.0965521708131]
0.08631547167895001 [0.0835630968213] [0.0890678465366]
0.07960145920515 [0.0763167962432] [0.0828861221671]
0.07467907667160001 [0.0721893683076] [0.0771687850356]
0.07135919108989999 [0.0707637742162] [0.0719546079636]
0.0696298442781 [0.0711873322725] [0.0680723562837]
0.0694297812879 [0.0723807737231] [0.0664787888527]
0.07042221724985001 [0.0734607949853] [0.0673836395144]
0.0718227215111 [0.0739018395543] [0.0697436034679]
0.0730857178569 [0.0738678649068] [0.072303570807]
0.0737031288445 [0.0729574486613] [0.0744488090277]
0.0740015171468 [0.0710352435708] [0.0769677907228]
0.07474749162790001 [0.0687789097428] [0.080716073513]
0.0769218467176 [0.066745556891] [0.0870981365442]
0.0811579413712 [0.0659677758813] [0.0963481068611]
0.08719712123295001 [0.0666005089879] [0.107793733478]
0.09419165179155001 [0.0685461163521] [0.119837187231]
0.10190110653635001 [0.0715184807777] [0.132283732295]
0.10987390205264999 [0.0747191235423] [0.145028680563]
0.1172064654531 [0.0764233842492] [0.157989546657]
0.12354350835065 [0.0757064521313] [0.17138056457]
0.1275327280164 [0.0722261369228] [0.18283931911]
0.12905636429775 [0.0679050683975] [0.190207660198]
0.12957254797235002 [0.0644363611937] [0.194708734751]
0.13009664043805 [0.0612516179681] [0.198941662908]
0.13150037266335 [0.0584958977997] [0.204504847527]
0.13471673242725 [0.0580110661685] [0.211422398686]
0.13947167806315 [0.0600243471563] [0.21891900897]
0.145502060652 [0.064082249999] [0.226921871305]
0.1536196917297 [0.0695988833904] [0.237640500069]
0.1666842140257 [0.0756813660264] [0.257687062025]
0.1854141578079 [0.0809602886438] [0.289868026972]
0.20248367637374998 [0.0834416896105] [0.321525663137]
0.2171706072987 [0.0861008390784] [0.348240375519]
0.2218141295014 [0.0886533930898] [0.354974865913]
0.22533279284809998 [0.0912128910422] [0.359452694654]
0.2265724092723 [0.0938072800636] [0.359337538481]
0.22308516874915 [0.0961185470223] [0.350051790476]
0.21324263140535 [0.0967479273677] [0.329737335443]
0.19407862052335 [0.0892939195037] [0.298863321543]
0.1717507205905 [0.079544685781] [0.2639567554]
0.15678304061275 [0.0763486251235] [0.237217456102]
