0.0664746873081 [0.109927661717] [0.0230217128992]
0.0665838122366 [0.110145911574] [0.0230217128992]
0.0687966533006 [0.114571593702] [0.0230217128992]
0.0734766758976 [0.123931638896] [0.0230217128992]
0.0796592459081 [0.136296778917] [0.0230217128992]
0.0843455642461 [0.145669415593] [0.0230217128992]
0.08385639637709999 [0.144691079855] [0.0230217128992]
0.0770192444326 [0.131016775966] [0.0230217128992]
0.0659245252611 [0.108827337623] [0.0230217128992]
0.054009396582850006 [0.0849970802665] [0.0230217128992]
0.054009396582850006 [0.0849970802665] [0.0230217128992]
0.054009396582850006 [0.0849970802665] [0.0230217128992]
0.054009396582850006 [0.0849970802665] [0.0230217128992]
0.054009396582850006 [0.0849970802665] [0.0230217128992]
0.054009396582850006 [0.0849970802665] [0.0230217128992]
0.054009396582850006 [0.0849970802665] [0.0230217128992]
0.02200574893505 [0.0209897849709] [0.0230217128992]
0.0303168725222 [0.0181823223829] [0.0424514226615]
0.0271260519512 [0.0155527265742] [0.0386993773282]
0.02494235662745 [0.0134659325704] [0.0364187806845]
0.024105255026349998 [0.0120707536116] [0.0361397564411]
0.0244528958574 [0.0113169346005] [0.0375888571143]
0.0255924677476 [0.0110533814877] [0.0401315540075]
0.02696360554545 [0.0111685376614] [0.0427586734295]
0.02813853276895 [0.0115949800238] [0.0446820855141]
0.028992658480999998 [0.0122811719775] [0.0457041449845]
0.029412867035750002 [0.0130761554465] [0.045749578625]
0.02920476719735 [0.0138005763292] [0.0446089580655]
0.02804762497545 [0.013687890023] [0.0424073599279]
0.02648939890785 [0.0137235028669] [0.0392552949488]
0.0251038298011 [0.0138722844422] [0.03633537516]
0.0245244973339 [0.0144721427932] [0.0345768518746]
0.02530555333945 [0.0158648658544] [0.0347462408245]
0.02786056976765 [0.018367620185] [0.0373535193503]
0.03150458913295 [0.0219043325633] [0.0411048457026]
0.0346280876547 [0.0261101387441] [0.0431460365653]
0.0363129666075 [0.0300128441304] [0.0426130890846]
0.036324912682150004 [0.0327953994274] [0.0398544259369]
0.0354495253414 [0.0342036746442] [0.0366953760386]
0.0345436222851 [0.0345862396061] [0.0345010049641]
0.033968359231950004 [0.0343242697418] [0.0336124487221]
0.033792680129399996 [0.0338182300329] [0.0337671302259]
0.03403538651765 [0.0333995297551] [0.0346712432802]
0.03451972827315 [0.0331155098975] [0.0359239466488]
0.0351393464953 [0.0328297093511] [0.0374489836395]
0.03574287332595 [0.0324725098908] [0.0390132367611]
0.03592305071655 [0.0317711681128] [0.0400749333203]
0.03544936235995 [0.0307510290295] [0.0401476956904]
0.0347288036719 [0.029881471768] [0.0395761355758]
0.0342903966084 [0.0295599084347] [0.0390208847821]
0.03426731657235 [0.0297214556485] [0.0388131774962]
0.035107054747649996 [0.0306705664843] [0.039543543011]
0.0370119586587 [0.0324951149523] [0.0415288023651]
0.03991422615945 [0.0351445674896] [0.0446838848293]
0.0427256319672 [0.0374642238021] [0.0479870401323]
0.04540210776035 [0.0395642742515] [0.0512399412692]
0.0484643951058 [0.0420437082648] [0.0548850819468]
0.0537905525416 [0.046656884253] [0.0609242208302]
0.0646052677184 [0.0564991496503] [0.0727113857865]
0.0845589749515 [0.0758710056543] [0.0932469442487]
0.1193513050675 [0.112068831921] [0.126633778214]
0.16288337111450002 [0.156795442104] [0.168971300125]
0.19269058853350002 [0.187093004584] [0.198288172483]
0.2026727572085 [0.200152292848] [0.205193221569]
0.1884332820775 [0.195782735944] [0.181083828211]
0.15076461434400001 [0.166622281075] [0.134906947613]
0.1094943881034 [0.119116745889] [0.0998720303178]
0.0825915597379 [0.0860767662525] [0.0791063532233]
0.0689759366214 [0.0682844445109] [0.0696674287319]
0.0625614169985 [0.0597813464701] [0.0653414875269]
