0.0408318266273 [0.0305116437376] [0.051152009517]
0.040017163381000004 [0.0333177037537] [0.0467166230083]
0.0388086400926 [0.0371148139238] [0.0405024662614]
0.0380333792418 [0.0420789979398] [0.0339877605438]
0.03825195785615 [0.0478238128126] [0.0286801028997]
0.03919046837835 [0.0532778613269] [0.0251030754298]
0.0404980843887 [0.0579922050238] [0.0230039637536]
0.0417768340558 [0.0615101605654] [0.0220435075462]
0.0429572351277 [0.0641168281436] [0.0217976421118]
0.044105720706300006 [0.0663815960288] [0.0218298453838]
0.045392131432899996 [0.0690015479922] [0.0217827148736]
0.04680786840620001 [0.0720079466701] [0.0216077901423]
0.0483091576025 [0.0751262232661] [0.0214920919389]
0.0497710602358 [0.0779411196709] [0.0216010008007]
0.05165549367665 [0.0812940225005] [0.0220169648528]
0.0533878458664 [0.0842179730535] [0.0225577186793]
0.0543107576668 [0.0854993537068] [0.0231221616268]
0.05386752914635 [0.0840744897723] [0.0236605685204]
0.0518823340535 [0.0793731436133] [0.0243915244937]
0.04886576812715 [0.0720747411251] [0.0256567951292]
0.04524599947035 [0.0627419799566] [0.0277500189841]
0.04164698626845 [0.0527635402977] [0.0305304322392]
0.03897481225435 [0.0446333214641] [0.0333163030446]
0.038029294461049995 [0.0407378263772] [0.0353207625449]
0.03865154832605 [0.0402126796544] [0.0370904169977]
0.0407357700169 [0.0412763096392] [0.0401952303946]
0.04459451325235 [0.0428651459515] [0.0463238805532]
0.05041875503955 [0.0440273247659] [0.0568101853132]
0.05667134188115 [0.0442317984998] [0.0691108852625]
0.060596799477900004 [0.0434135831892] [0.0777800157666]
0.06115854345265 [0.0419519878924] [0.0803650990129]
0.060840163379899996 [0.0408671945333] [0.0808131322265]
0.06148699484765 [0.0403973348439] [0.0825766548514]
0.064129833132 [0.0406274348497] [0.0876322314143]
0.06792775914075 [0.0418214648962] [0.0940340533853]
0.07296126522139999 [0.0443013124168] [0.101621218026]
0.0781191699207 [0.0474567338824] [0.108781605959]
0.08247976750125 [0.0505449175835] [0.114414617419]
0.0856731999665 [0.052626427263] [0.11871997267]
0.08835296891655 [0.0538501851261] [0.122855752707]
0.09109897911525 [0.0539850741625] [0.128212884068]
0.09363484941434999 [0.0537772141397] [0.133492484689]
0.09573284350335 [0.0532408617437] [0.138224825263]
0.0975018814207 [0.0523962527514] [0.14260751009]
0.09677105024445001 [0.0505657121539] [0.142976388335]
0.09508923813704999 [0.0478575304151] [0.142320945859]
0.09336318261945001 [0.0450804717839] [0.141645893455]
0.09137930534795001 [0.0426277481019] [0.140130862594]
0.0901045929639 [0.0406803451478] [0.13952884078]
0.09044088609494999 [0.0393708534539] [0.141510918736]
0.09185100533075 [0.0387801118195] [0.144921898842]
0.0945963691918 [0.0387442074716] [0.150448530912]
0.09849644824869999 [0.0390202477574] [0.15797264874]
0.1021240986885 [0.038999222219] [0.165248975158]
0.10259618796385 [0.0382087416947] [0.166983634233]
0.10104885697385001 [0.0367971658707] [0.165300548077]
0.09947886317945 [0.0356507152319] [0.163307011127]
0.0984966903926 [0.0352475047112] [0.161745876074]
0.0989746563136 [0.0358977988362] [0.162051513791]
0.10094597563165 [0.0379416123033] [0.16395033896]
0.1035458035767 [0.0415302440524] [0.165561363101]
0.10548611916625 [0.0465404726565] [0.164431765676]
0.10702595859755 [0.0528425425291] [0.161209374666]
0.10743805021055 [0.0591769814491] [0.155699118972]
0.10410768538695 [0.0632076412439] [0.14500772953]
0.0960344411432 [0.0622845068574] [0.129784375429]
0.08403747342545001 [0.0551270283759] [0.112947918475]
0.07191553898155 [0.0468780733645] [0.0969530045986]
0.06307642534374999 [0.0412673056126] [0.0848855450749]
0.058210322633399994 [0.0386139713228] [0.077806673944]
0.05640002712605 [0.0380153134465] [0.0747847408056]
0.0567666273564 [0.0387854166329] [0.0747478380799]
0.05800902470949999 [0.0400575101376] [0.0759605392814]
0.0594934839755 [0.0411881767213] [0.0777987912297]
0.060840560123300004 [0.0420500449836] [0.079631075263]
0.0619782898575 [0.0427172295749] [0.0812393501401]
0.06256408244375 [0.0433034524322] [0.0818247124553]
0.06278175301845 [0.04370887205] [0.0818546339869]
0.06324529089035 [0.0443112514913] [0.0821793302894]
0.06547001376745 [0.0458522364497] [0.0850877910852]
0.07086828164755 [0.0494326464832] [0.0923039168119]
0.08199959620819999 [0.0569493696094] [0.107049822807]
0.10017205402265 [0.0709825977683] [0.129361510277]
0.12291285395635 [0.0968959778547] [0.148929730058]
0.1532487347725 [0.142379358411] [0.164118111134]
0.191426426172 [0.211104482412] [0.171748369932]
0.225930072367 [0.277853697538] [0.174006447196]
0.2419010326265 [0.313568472862] [0.170233592391]
0.2417070642115 [0.316305577755] [0.167108550668]
0.2352632954715 [0.303190529346] [0.167336061597]
0.23308687657100002 [0.29669496417] [0.169478788972]
0.23634663969250003 [0.298052757978] [0.174640521407]
0.2401394024495 [0.296795189381] [0.183483615518]
0.2430528104305 [0.290721207857] [0.195384413004]
0.2448029965165 [0.279442161322] [0.210163831711]
0.24579028040150003 [0.266143709421] [0.225436851382]
0.24405452609099998 [0.254022687674] [0.234086364508]
0.2440109997985 [0.245299980044] [0.242722019553]
0.248151816428 [0.238820895553] [0.257482737303]
0.255710162222 [0.234501317143] [0.276919007301]
0.26165048033 [0.230284526944] [0.293016433716]
0.2645161524415 [0.219874337316] [0.309157967567]
0.2643875181675 [0.205707132816] [0.323067903519]
0.264453984797 [0.191527232528] [0.337380737066]
0.26760659366850004 [0.180326059461] [0.354887127876]
0.269141212106 [0.17305585742] [0.365226566792]
0.260270744562 [0.172139555216] [0.348401933908]
0.2450504004955 [0.173128277063] [0.316972523928]
0.2284095585345 [0.172836780548] [0.283982336521]
0.21487151086349998 [0.173442810774] [0.256300210953]
0.20521355420350001 [0.176638633013] [0.233788475394]
0.197593010962 [0.179718539119] [0.215467482805]
0.190493993461 [0.1801084131] [0.200879573822]
0.1822311505675 [0.177071377635] [0.1873909235]
0.1733786687255 [0.17219479382] [0.174562543631]
0.1640801131725 [0.167375326157] [0.160784900188]
0.15482403337950001 [0.162114068866] [0.147533997893]
0.14819833636250002 [0.159690737724] [0.136705935001]
0.141994521022 [0.155626654625] [0.128362387419]
0.1327820457515 [0.143951028585] [0.121613062918]
0.1179154068235 [0.120980739594] [0.114850074053]
0.09905963018530001 [0.0896949768066] [0.108424283564]
0.08178805559875 [0.0608800798655] [0.102696031332]
