0.037913633510450004 [0.0430924631655] [0.0327348038554]
0.0383238717914 [0.0441503748298] [0.032497368753]
0.039592768996949995 [0.0463130995631] [0.0328724384308]
0.0424285326153 [0.0505369603634] [0.0343201048672]
0.04755727946755 [0.0575087703764] [0.0376057885587]
0.0555972214788 [0.0672038942575] [0.0439905487001]
0.0670371782035 [0.0787382498384] [0.0553361065686]
0.0827960297465 [0.0898916199803] [0.0757004395127]
0.0874000824988 [0.0983997732401] [0.0764003917575]
0.08957141637815 [0.100404173136] [0.0787386596203]
0.08663516491654999 [0.0873097032309] [0.0859606266022]
0.0774389691651 [0.0654703229666] [0.0894076153636]
0.0685139782727 [0.0474551320076] [0.0895728245378]
0.062304027378549995 [0.0365851894021] [0.088022865355]
0.058553250506499996 [0.0307276211679] [0.0863788798451]
0.05643777921795 [0.0276347696781] [0.0852407887578]
0.0548045998439 [0.0259203221649] [0.0836888775229]
0.052167139016049996 [0.0245087575167] [0.0798255205154]
0.048586753196999996 [0.0228038970381] [0.0743696093559]
0.04488583747295 [0.0209909621626] [0.0687807127833]
0.0420490987599 [0.0195246115327] [0.0645735859871]
0.04040205292405 [0.0186973027885] [0.0621068030596]
0.03955651540305 [0.0184271316975] [0.0606858991086]
0.0388788357377 [0.0184430219233] [0.0593146495521]
0.03776782006025 [0.0185158774257] [0.0570197626948]
0.036298724822699996 [0.0186322759837] [0.0539651736617]
0.03504488151525 [0.0190193522722] [0.0510704107583]
0.03452361002565 [0.0199619568884] [0.0490852631629]
0.03505200427025 [0.0217401031405] [0.0483639054]
0.0364157557487 [0.0242992304265] [0.0485322810709]
0.038184344768499995 [0.0271246656775] [0.0492440238595]
0.0400901027024 [0.0294117443264] [0.0507684610784]
0.0427717734128 [0.0314033515751] [0.0541401952505]
0.04760392941535 [0.0340950712562] [0.0611127875745]
0.05631273053585 [0.0382214821875] [0.0744039788842]
0.07002179510895 [0.0434818454087] [0.0965617448092]
0.086968800053 [0.047838177532] [0.126099422574]
0.1023093238471 [0.0491615831852] [0.155457064509]
0.1135879438372 [0.0476126633584] [0.179563224316]
0.12326564639825 [0.0451483130455] [0.201382979751]
0.13384965807215 [0.0429865270853] [0.224712789059]
0.1429124418647 [0.0411876775324] [0.244637206197]
0.1464001554998 [0.0394057668746] [0.253394544125]
0.14445586875075 [0.0374001041055] [0.251511633396]
0.1403512023388 [0.0352686718106] [0.245433732867]
0.13798260688795 [0.0333834737539] [0.242581740022]
0.1351565495131 [0.0325299799442] [0.237783119082]
0.13235779665405 [0.0329339616001] [0.231781631708]
0.12892328202699999 [0.034499078989] [0.223347485065]
0.1254663541915 [0.036846652627] [0.214086055756]
0.12242336198675001 [0.0394276455045] [0.205419078469]
0.11958009190874999 [0.0423658676445] [0.196794316173]
0.1178759951146 [0.0463634170592] [0.18938857317]
0.1144156698138 [0.0523809976876] [0.17645034194]
0.1109103783965 [0.060555383563] [0.16126537323]
0.11128550767920001 [0.0707069933414] [0.151864022017]
0.11423617601415 [0.0822721868753] [0.146200165153]
0.11935628205525 [0.0932870954275] [0.145425468683]
0.1254830397665 [0.103128485382] [0.147837594151]
0.1311931721865 [0.110644124448] [0.151742219925]
0.13561303541050002 [0.1142931059] [0.156932964921]
0.140828348696 [0.115750595927] [0.165906101465]
0.1471618004145 [0.115625314415] [0.178698286414]
0.15407903865 [0.113438792527] [0.194719284773]
0.162081845105 [0.113585531712] [0.210578158498]
0.1697309277955 [0.115158028901] [0.22430382669]
0.1764339990915 [0.118412233889] [0.234455764294]
0.1833219975235 [0.123416647315] [0.243227347732]
0.191572248936 [0.131483614445] [0.251660883427]
0.20130580663699998 [0.139999240637] [0.262612372637]
0.21212098747449998 [0.147728696465] [0.276513278484]
0.221693404019 [0.154670611024] [0.288716197014]
0.2269909009335 [0.158461347222] [0.295520454645]
0.2295059561725 [0.158478826284] [0.300533086061]
0.2312114313245 [0.157279834151] [0.305143028498]
0.23342270404100002 [0.158197119832] [0.30864828825]
0.2339593321085 [0.160345047712] [0.307573616505]
0.2283163517715 [0.159117549658] [0.297515153885]
0.220101222396 [0.157745599747] [0.282456845045]
0.2128387019035 [0.158876791596] [0.266800612211]
0.2095143273475 [0.162942633033] [0.256086021662]
0.2082081958655 [0.168351605535] [0.248064786196]
0.2088366672395 [0.172955483198] [0.244717851281]
0.2115115523335 [0.175455898046] [0.247567206621]
0.2178220152855 [0.176387876272] [0.259256154299]
0.2278271988035 [0.17710994184] [0.278544455767]
0.23216314613800001 [0.177027404308] [0.287298887968]
0.2303553149105 [0.169929966331] [0.29078066349]
0.221830628812 [0.155025705695] [0.288635551929]
0.2111905515195 [0.141712427139] [0.2806686759]
0.1966241747145 [0.127534002066] [0.265714347363]
0.176715821028 [0.113824695349] [0.239606946707]
0.15796307101864998 [0.0965630039573] [0.21936313808]
0.14090315997595 [0.0787109881639] [0.203095331788]
0.1258959285914 [0.0638776049018] [0.187914252281]
0.11155512370195 [0.0530981011689] [0.170012146235]
