0.1257698982955 [0.141081482172] [0.110458314419]
0.1257698982955 [0.141081482172] [0.110458314419]
0.1257698982955 [0.141081482172] [0.110458314419]
0.1257698982955 [0.141081482172] [0.110458314419]
0.1257698982955 [0.141081482172] [0.110458314419]
0.1257698982955 [0.141081482172] [0.110458314419]
0.06237214803695 [0.053735293448] [0.0710090026259]
0.05755244754255 [0.0469443164766] [0.0681605786085]
0.05376406013965 [0.0425624251366] [0.0649656951427]
0.05138363316655 [0.0406243950129] [0.0621428713202]
0.0504596773535 [0.0408174842596] [0.0601018704474]
0.0503036528826 [0.0421527400613] [0.0584545657039]
0.0499494727701 [0.0432018972933] [0.0566970482469]
0.04868387058375 [0.0428928285837] [0.0544749125838]
0.046679286286249996 [0.0414117239416] [0.0519468486309]
0.04473187960685 [0.0398782007396] [0.0495855584741]
0.0436311904341 [0.0394979901612] [0.047764390707]
0.0436373036355 [0.0406686291099] [0.0466059781611]
0.04237042181195 [0.0413682870567] [0.0433725565672]
0.041287958622 [0.0429742522538] [0.0396016649902]
0.04117544740435 [0.0442168526351] [0.0381340421736]
0.04240138083695 [0.0445549301803] [0.0402478314936]
0.0445493981242 [0.0432949103415] [0.0458038859069]
0.046429367735999996 [0.0408677086234] [0.0519910268486]
0.04773684032265 [0.0384376831353] [0.05703599751]
0.04766233079135 [0.0372103601694] [0.0581143014133]
0.04752965457735 [0.0365230813622] [0.0585362277925]
0.0487669110298 [0.0367192700505] [0.0608145520091]
0.05193684622645 [0.0381543859839] [0.065719306469]
0.057346371933850004 [0.0409291647375] [0.0737635791302]
0.06447335146364999 [0.0443950779736] [0.0845516249537]
0.07197368703785 [0.0476240105927] [0.096323363483]
0.07771630212645 [0.0496866777539] [0.105745926499]
0.0810841508212 [0.0507818832994] [0.111386418343]
0.08222242817305 [0.0515886023641] [0.112856253982]
0.08147571422155 [0.0525988899171] [0.110352538526]
0.07854633219545 [0.0535893477499] [0.103503316641]
0.07305898144845 [0.0538037642837] [0.0923141986132]
0.067130593583 [0.0532473437488] [0.0810138434172]
0.062389852479100005 [0.0521833486855] [0.0725963562727]
0.057219829410350004 [0.0491257309914] [0.0653139278293]
0.0510292407125 [0.043362531811] [0.058695949614]
0.043684571981399994 [0.0357498079538] [0.051619336009]
0.0367522248998 [0.0290263164788] [0.0444781333208]
0.0315741850063 [0.0243047159165] [0.0388436540961]
0.028346798382700003 [0.021416367963] [0.0352772288024]
0.0264948653057 [0.0197301302105] [0.0332596004009]
0.025591741316 [0.0188117455691] [0.0323717370629]
0.0252012414858 [0.0182033274323] [0.0321991555393]
0.024989937432100002 [0.0176517199725] [0.0323281548917]
0.024698403663899998 [0.0170333590358] [0.032363448292]
0.02432459499685 [0.0164692606777] [0.032179929316]
0.02419910859315 [0.0160909499973] [0.032307267189]
0.02482516970485 [0.0161633845419] [0.0334869548678]
0.0264321276918 [0.0166911128908] [0.0361731424928]
0.029091845266550002 [0.0178202148527] [0.0403634756804]
0.032858634367600004 [0.0199802815914] [0.0457369871438]
0.03839879110455 [0.0239242017269] [0.0528733804822]
0.04622492939235 [0.0306876599789] [0.0617621988058]
0.0569717269391 [0.0413429550827] [0.0726004987955]
0.06902270764115001 [0.0547715201974] [0.0832738950849]
0.07840199023485 [0.0666649416089] [0.0901390388608]
0.08088249713185 [0.0727498009801] [0.0890151932836]
0.07650980353355 [0.0733049362898] [0.0797146707773]
0.06735840439794999 [0.0696682482958] [0.0650485605001]
0.0571723375469 [0.0641995966434] [0.0501450784504]
0.0490230564028 [0.0592125691473] [0.0388335436583]
0.043636554852099996 [0.0556509234011] [0.0316221863031]
0.04038685746495 [0.0533795319498] [0.0273941829801]
0.03838497027755 [0.0519547089934] [0.0248152315617]
0.03668902348725 [0.0501882359385] [0.023189811036]
0.03495297860355 [0.0479157529771] [0.02199020423]
