0.044725804589700005 [0.0244901832193] [0.0649614259601]
0.04428456444295 [0.0270133260638] [0.0615558028221]
0.0436946917325 [0.0304432995617] [0.0569460839033]
0.0430810749531 [0.0337895900011] [0.0523725599051]
0.0415566675365 [0.0358008556068] [0.0473124794662]
0.03910221531985 [0.0357773900032] [0.0424270406365]
0.0363930426538 [0.0343005843461] [0.0384855009615]
0.034385913983 [0.03267179057] [0.036100037396]
0.03330050222575 [0.0314342714846] [0.0351667329669]
0.03325626812875 [0.0310884788632] [0.0354240573943]
0.03381561674175 [0.031283352524] [0.0363478809595]
0.03482532314955 [0.0318846479058] [0.0377659983933]
0.03638345375655 [0.032745283097] [0.0400216244161]
0.03861795552075 [0.0336206965148] [0.0436152145267]
0.041870484128600005 [0.0343928486109] [0.0493481196463]
0.0466463640332 [0.0354780331254] [0.057814694941]
0.053867023438250006 [0.0381293073297] [0.0696047395468]
0.06364666856824999 [0.0424935109913] [0.0847998261452]
0.074092241004 [0.047061111778] [0.10112337023]
0.0826214868575 [0.050331313163] [0.114911660552]
0.0859643630681 [0.0513456314802] [0.120583094656]
0.08373339660455001 [0.0494266785681] [0.118040114641]
0.0772600863131 [0.0445650406182] [0.109955132008]
0.0691160801798 [0.0383405126631] [0.0998916476965]
0.061663620173949996 [0.032768920064] [0.0905583202839]
0.0560959205031 [0.0288917869329] [0.0833000540733]
0.052226529456700005 [0.0266311634332] [0.0778218954802]
0.049290670082 [0.0255781747401] [0.0730031654239]
0.04617119487375 [0.0249802675098] [0.0673621222377]
0.0418770527467 [0.0242276508361] [0.0595264546573]
0.036311023868599995 [0.0229087267071] [0.0497133210301]
0.0309262191877 [0.0212280992419] [0.0406243391335]
0.0269393362105 [0.0198209099472] [0.0340577624738]
0.02531552314755 [0.0192621424794] [0.0313689038157]
0.025485124439 [0.0197684392333] [0.0312018096447]
0.02669881656765 [0.0210618413985] [0.0323357917368]
0.028399611823300003 [0.0228049512953] [0.0339942723513]
0.0304935881868 [0.0250954981893] [0.0358916781843]
0.03340336494145 [0.0285194851458] [0.0382872447371]
0.037325901910699996 [0.0334891304374] [0.041162673384]
0.0418472047895 [0.039726216346] [0.043968193233]
0.046140022575849995 [0.0458434745669] [0.0464365705848]
0.049193475395450006 [0.05016958341] [0.0482173673809]
0.0509808063507 [0.0523160025477] [0.0496456101537]
0.05273716710505 [0.0534210465848] [0.0520532876253]
0.055508933961349996 [0.0547488816082] [0.0562689863145]
0.0604729000479 [0.0573212392628] [0.063624560833]
0.067934429273 [0.0610564537346] [0.0748124048114]
0.07609704881910001 [0.065184943378] [0.0870091542602]
0.08111701905725 [0.0679694265127] [0.0942646116018]
0.0793688297272 [0.0667946636677] [0.0919429957867]
0.07358988374475 [0.0641327351332] [0.0830470323563]
0.06672745756805 [0.0601464249194] [0.0733084902167]
0.059439102187750004 [0.0539960451424] [0.0648821592331]
0.052906982600699995 [0.046288356185] [0.0595256090164]
0.04742149449885 [0.0390763580799] [0.0557666309178]
0.0432780943811 [0.0335858762264] [0.0529703125358]
0.04054908454415 [0.0297936275601] [0.0513045415282]
0.0391381755471 [0.0273094438016] [0.0509669072926]
0.0388141423464 [0.0257551632822] [0.0518731214106]
0.03909280244265 [0.0247307699174] [0.0534548349679]
0.03946012817325 [0.0240379050374] [0.0548823513091]
0.0392535617575 [0.0232867915183] [0.0552203319967]
0.0382980089635 [0.0224364101887] [0.0541596077383]
0.036658219993100004 [0.0212368071079] [0.0520796328783]
0.03477740567175 [0.0199473593384] [0.0496074520051]
0.03312798123805 [0.0190244074911] [0.047231554985]
0.03194628097115 [0.0185899995267] [0.0453025624156]
0.03135945275425 [0.0184952057898] [0.0442236997187]
0.03117478918285 [0.0184532087296] [0.0438963696361]
0.0308345807716 [0.0182451922446] [0.0434239692986]
0.03039008099585 [0.0178884025663] [0.0428917594254]
0.0301921898499 [0.0177400652319] [0.0426443144679]
0.0303844474256 [0.0181876085699] [0.0425812862813]
0.03098064567895 [0.0193684268743] [0.0425928644836]
0.03171752300115 [0.0211024489254] [0.0423325970769]
0.03262604679915 [0.0230319555849] [0.0422201380134]
0.03413535747675 [0.0248032528907] [0.0434674620628]
0.0362632665783 [0.0263741761446] [0.046152357012]
0.03852203954015 [0.0276737418026] [0.0493703372777]
0.0410152170807 [0.0292688757181] [0.0527615584433]
0.044146969914399994 [0.0314972773194] [0.0567966625094]
0.047991616651400004 [0.034333281219] [0.0616499520838]
0.0528366025537 [0.0377607308328] [0.0679124742746]
0.05984390340745 [0.0424229241908] [0.0772648826241]
0.07064833678304999 [0.0498867370188] [0.0914099365473]
0.08651625551270001 [0.0613876096904] [0.111644901335]
0.1057911962271 [0.0753253996372] [0.136256992817]
0.12338919937599999 [0.087461784482] [0.15931661427]
0.1337067112328 [0.0918212383986] [0.175592184067]
0.13917675241815 [0.0907644554973] [0.187589049339]
0.1433993130921 [0.0883457362652] [0.198452889919]
0.14894704148165 [0.0892718806863] [0.208622202277]
0.15471114218255 [0.0935741811991] [0.215848103166]
0.1615519896149 [0.0999984443188] [0.223105534911]
0.1685808822515 [0.107423529029] [0.229738235474]
0.172691144049 [0.114493370056] [0.230888918042]
0.175400149077 [0.121941335499] [0.228858962655]
0.1764468848705 [0.128473624587] [0.224420145154]
0.17481140792400002 [0.133971989155] [0.215650826693]
0.169926777482 [0.137803792953] [0.202049762011]
0.1620574370025 [0.140629053116] [0.183485820889]
0.1562075316905 [0.144233688712] [0.168181374669]
0.1511915624145 [0.1446326226] [0.157750502229]
0.14789341390150001 [0.144012883306] [0.151773944497]
0.148414157331 [0.145323827863] [0.151504486799]
0.151259586215 [0.14546521008] [0.15705396235]
0.1538827642795 [0.143354386091] [0.164411142468]
0.154846727848 [0.140003606677] [0.169689849019]
0.154006190598 [0.136779814959] [0.171232566237]
0.15252508968099998 [0.133641541004] [0.171408638358]
0.15168722719 [0.133137390018] [0.170237064362]
0.1522290408615 [0.135393634439] [0.169064447284]
0.15389818698149998 [0.138930246234] [0.168866127729]
0.15473502874349998 [0.141405031085] [0.168065026402]
0.154571682215 [0.139306172729] [0.169837191701]
0.1540797948835 [0.13377687335] [0.174382716417]
0.15336860716349998 [0.125190481544] [0.181546732783]
0.1534114442765 [0.117404572666] [0.189418315887]
0.15200031921249998 [0.111570380628] [0.192430257797]
0.1488744840025 [0.107106596231] [0.190642371774]
0.145449832082 [0.105115041137] [0.185784623027]
0.1437946185465 [0.106010690331] [0.181578546762]
0.143872823566 [0.109343148768] [0.178402498364]
0.1452173218135 [0.113724201918] [0.176710441709]
0.1466082297265 [0.116033785045] [0.177182674408]
0.1465213000775 [0.115769460797] [0.177273139358]
0.14475364238 [0.112992927432] [0.176514357328]
0.141402449459 [0.108700297773] [0.174104601145]
0.1387285888195 [0.105305179954] [0.172151997685]
0.13759875670049998 [0.104263536632] [0.170933976769]
0.13804557547 [0.105352498591] [0.170738652349]
0.1403720527885 [0.108661994338] [0.172082111239]
0.143504448235 [0.114947900176] [0.172060996294]
0.14705745875850001 [0.123634517193] [0.170480400324]
0.1510943099855 [0.1355894804] [0.166599139571]
0.1551048904655 [0.149856626987] [0.160353153944]
0.1563434824345 [0.159199953079] [0.15348701179]
0.15437639504700001 [0.161267951131] [0.147484838963]
0.151744559407 [0.161168694496] [0.142320424318]
0.1487038582565 [0.159654796124] [0.137752920389]
0.146009422839 [0.156769499183] [0.135249346495]
0.143361456692 [0.151673957705] [0.135048955679]
0.1425782442095 [0.14816634357] [0.136990144849]
0.144522242248 [0.146379634738] [0.142664849758]
0.1458064839245 [0.144559189677] [0.147053778172]
0.145841486752 [0.142207115889] [0.149475857615]
0.1445958316325 [0.13815818727] [0.151033475995]
0.14274350553749998 [0.132242083549] [0.153244927526]
0.1410240083935 [0.124963924289] [0.157084092498]
0.139960668981 [0.117663577199] [0.162257760763]
0.14120156690500002 [0.112277425826] [0.170125707984]
0.137177072465 [0.104515343904] [0.169838801026]
0.11814393475665 [0.0867305472493] [0.149557322264]
