M B1 B2
0.158908009529 [0.128589257598] [0.18922676146]
0.1559749282895 [0.123706124723] [0.188243731856]
0.152856823057 [0.118091218174] [0.18762242794]
0.149472698569 [0.111535698175] [0.187409698963]
0.145851008594 [0.104059517384] [0.187642499804]
0.1413743086158 [0.0966736897826] [0.186074927449]
0.13459829986115002 [0.0906126201153] [0.178583979607]
0.1251822784542 [0.0868246108294] [0.163539946079]
0.1150327883662 [0.0856009051204] [0.144464671612]
0.1071491762995 [0.08719573915] [0.127102613449]
0.10364184156045 [0.0927959829569] [0.114487700164]
0.10004711896195001 [0.0927959829569] [0.107298254967]
0.09880570322295 [0.0927959829569] [0.104815423489]
0.09869165718545 [0.0927959829569] [0.104587331414]
0.09914800152195 [0.0927959829569] [0.105500020087]
0.10050019621845 [0.0927959829569] [0.10820440948]
0.10251313447945 [0.0927959829569] [0.112230286002]
0.10437655821445 [0.0927959829569] [0.115957133472]
0.10550443455595 [0.0927959829569] [0.118212886155]
0.10571983829145 [0.0927959829569] [0.118643693626]
0.10579358041295 [0.0927959829569] [0.118791177869]
0.10691811144345001 [0.0927959829569] [0.12104023993]
0.11031536757945 [0.0927959829569] [0.127834752202]
0.11670389026395 [0.0927959829569] [0.140611797571]
0.12539145350445 [0.0927959829569] [0.157986924052]
0.13440646231195 [0.0927959829569] [0.176016941667]
0.14150415360945 [0.0927959829569] [0.190212324262]
0.14618391543644998 [0.0927959829569] [0.199571847916]
0.14970472455045 [0.0927959829569] [0.206613466144]
0.15277697890995 [0.0927959829569] [0.212757974863]
0.4518046826125 [0.683583796024] [0.220025569201]
0.450099416077 [0.671995997429] [0.228202834725]
0.44709707796599996 [0.65816372633] [0.236030429602]
0.44495525956149995 [0.642976820469] [0.246933698654]
0.4395207464695 [0.617194414139] [0.2618470788]
0.4241312891245 [0.570972084999] [0.27729049325]
0.398231267929 [0.511291563511] [0.285170972347]
0.3710574507715 [0.45692384243] [0.285191059113]
0.347809463739 [0.416395694017] [0.279223233461]
0.3332534730435 [0.391875475645] [0.274631470442]
0.32539734244350005 [0.377745240927] [0.27304944396]
0.320557758212 [0.370547294617] [0.270568221807]
0.30740693211549996 [0.348538249731] [0.2662756145]
0.29014120996000003 [0.321363538504] [0.258918881416]
0.2694021463395 [0.289353489876] [0.249450802803]
0.2441602423785 [0.250858992338] [0.237461492419]
0.21369241178 [0.207805499434] [0.219579324126]
0.184551425278 [0.168220758438] [0.200882092118]
0.162537679076 [0.138220757246] [0.186854600906]
0.1550905928015 [0.130552873015] [0.179628312588]
0.15071772038950002 [0.123312339187] [0.178123101592]
0.148716505617 [0.116286583245] [0.181146427989]
0.146724313498 [0.108452379704] [0.184996247292]
0.1422385647892 [0.0986692756414] [0.185807853937]
0.13563503324995 [0.0867436826229] [0.184526383877]
0.1349179968236 [0.0880479812622] [0.181788012385]
0.13601724430935 [0.0942116752267] [0.177822813392]
0.13894950225949998 [0.10311999172] [0.174779012799]
0.144280217588 [0.114495113492] [0.174065321684]
0.15103513747500003 [0.127165332437] [0.174904942513]
0.1601967290045 [0.142985776067] [0.177407681942]
0.1749385893345 [0.167486414313] [0.182390764356]
0.201020568609 [0.212452083826] [0.189589053392]
0.2503353357315 [0.301065027714] [0.199605643749]
0.2594267353415 [0.306681215763] [0.21217225492]
0.26934943348199997 [0.314459830523] [0.224239036441]
0.2781432643535 [0.322966307402] [0.233320221305]
0.285503976047 [0.331605225801] [0.239402726293]
0.292193569243 [0.340336292982] [0.244050845504]
0.2976901829245 [0.348971396685] [0.246408969164]
0.321922160685 [0.39402705431] [0.24981726706]
0.3473570495845 [0.43972080946] [0.254993289709]
0.3693276941775 [0.475832611322] [0.262822777033]
0.386989682913 [0.500020027161] [0.273959338665]
0.400544986129 [0.514410018921] [0.286679953337]
0.410264894366 [0.520883262157] [0.299646526575]
0.417121365666 [0.525159835815] [0.309082895517]
0.42169247567650003 [0.52676397562] [0.316620975733]
0.4194862097505 [0.519431829453] [0.319540590048]
0.4130169004205 [0.505920529366] [0.320113271475]
0.40472961962200005 [0.490532875061] [0.318926364183]
0.3996051847935 [0.478840559721] [0.320369809866]
0.395868971944 [0.467408299446] [0.324329644442]
0.3968661129475 [0.459973543882] [0.333758682013]
0.40061163902249997 [0.454062759876] [0.347160518169]
0.4052184522155 [0.449109464884] [0.361327439547]
0.4080618470905 [0.445338666439] [0.370785027742]
0.40812665224050004 [0.442356407642] [0.373896896839]
0.405068099499 [0.439535737038] [0.37060046196]
0.399146810174 [0.436242997646] [0.362050622702]
0.3918435424565 [0.432793915272] [0.350893169641]
0.3840970396995 [0.428701043129] [0.33949303627]
0.3785675019025 [0.426954358816] [0.330180644989]
0.37735645473 [0.428427964449] [0.326284945011]
0.378660485148 [0.4283375144] [0.328983455896]
0.3840828984975 [0.429202616215] [0.33896318078]
0.3907278478145 [0.43257316947] [0.348882526159]
