M B1 B2
0.21753817796699998 [0.170953661203] [0.264122694731]
0.22096002846950002 [0.174556419253] [0.267363637686]
0.223592631519 [0.179225847125] [0.267959415913]
0.222695223987 [0.18207962811] [0.263310819864]
0.215400978923 [0.176998764277] [0.253803193569]
0.20531453937299998 [0.169087558985] [0.241541519761]
0.195247426629 [0.161251425743] [0.229243427515]
0.1870727166535 [0.155262872577] [0.21888256073]
0.182589545846 [0.15291506052] [0.212264031172]
0.1823788806795 [0.154506459832] [0.210251301527]
0.1860192269085 [0.15953220427] [0.212506249547]
0.1922344565395 [0.166894987226] [0.217573925853]
0.19974571466449997 [0.17552523315] [0.223966196179]
0.2069746777415 [0.183965086937] [0.229984268546]
0.21152962744249998 [0.188933491707] [0.234125763178]
0.213124103844 [0.188345313072] [0.237902894616]
0.2156443148855 [0.19107721746] [0.240211412311]
0.216323077679 [0.19107721746] [0.241568937898]
0.2150952368975 [0.19107721746] [0.239113256335]
0.217916548252 [0.19926507771] [0.236568018794]
0.22263974696400002 [0.211995556951] [0.233283936977]
0.229543246329 [0.228820383549] [0.230266109109]
0.2362356707455 [0.245975121856] [0.226496219635]
0.236863397062 [0.254976153374] [0.21875064075]
0.2270156219605 [0.248947247863] [0.205083996058]
0.20700304955249998 [0.228150293231] [0.185855805874]
0.182316288352 [0.20011626184] [0.164516314864]
0.1722399666905 [0.20011626184] [0.144363671541]
0.16364341974250002 [0.20011626184] [0.127170577645]
0.160841204226 [0.20011626184] [0.121566146612]
0.1581298559905 [0.20011626184] [0.116143450141]
0.155485700816 [0.20011626184] [0.110855139792]
0.15306834876550002 [0.20011626184] [0.106020435691]
0.1509777382015 [0.20011626184] [0.101839214563]
0.14908744394785 [0.20011626184] [0.0980586260557]
0.14726403728135 [0.20011626184] [0.0944118127227]
0.14518310874705 [0.20011626184] [0.0902499556541]
0.1427510157228 [0.20011626184] [0.0853857696056]
0.14005743339665 [0.20011626184] [0.0799986049533]
0.1374234370888 [0.20011626184] [0.0747306123376]
0.1374234370888 [0.20011626184] [0.0747306123376]
0.1374234370888 [0.20011626184] [0.0747306123376]
0.1374234370888 [0.20011626184] [0.0747306123376]
0.1374234370888 [0.20011626184] [0.0747306123376]
0.226442836225 [0.20011626184] [0.25276941061]
0.2327730581165 [0.20011626184] [0.265429854393]
0.2381719574335 [0.20011626184] [0.276227653027]
0.2427989169955 [0.20011626184] [0.285481572151]
0.283963114023 [0.275197416544] [0.292728811502]
0.2852795273065 [0.273910790682] [0.296648263931]
0.28587199747549996 [0.273298561573] [0.298445433378]
0.2866839915515 [0.273235440254] [0.300132542849]
0.288179576397 [0.273553311825] [0.302805840969]
0.2906276881695 [0.274960130453] [0.306295245886]
0.2945318222045 [0.279573857784] [0.309489786625]
0.299502298236 [0.286740422249] [0.312264174223]
0.31175076961500003 [0.294525563717] [0.328975975513]
0.321831613779 [0.301575958729] [0.342087268829]
0.331241875887 [0.30728083849] [0.355202913284]
0.34306347370150003 [0.310764312744] [0.375362634659]
0.35715143382549996 [0.318271934986] [0.396030932665]
0.366486594081 [0.323955267668] [0.409017920494]
0.374686643481 [0.332599341869] [0.416773945093]
0.38847784698 [0.349279105663] [0.427676588297]
0.408244714141 [0.376651078463] [0.439838349819]
0.4258856773375 [0.407102793455] [0.44466856122]
0.43897677958 [0.432112395763] [0.445841163397]
0.4467472434045 [0.451128959656] [0.442365527153]
0.4506317824125 [0.465352028608] [0.435911536217]
0.455343872309 [0.483488708735] [0.427199035883]
0.460605889559 [0.502605378628] [0.41860640049]
0.461851656437 [0.520089447498] [0.403613865376]
0.4557142555715 [0.522606134415] [0.388822376728]
0.44780907034899997 [0.524376869202] [0.371241271496]
0.438894808292 [0.530870199203] [0.346919417381]
0.43299725651700005 [0.544287025928] [0.321707487106]
0.427258744836 [0.554946124554] [0.299571365118]
0.42148724198349996 [0.558566570282] [0.284407913685]
0.4187978357075 [0.55990499258] [0.277690678835]
0.417475193739 [0.556286752224] [0.278663635254]
0.4177883565425 [0.55102455616] [0.284552156925]
0.42134568095200003 [0.547127664089] [0.295563697815]
0.429361641407 [0.54867464304] [0.310048639774]
0.43986231088649996 [0.553156018257] [0.326568603516]
0.45015096664449994 [0.557326972485] [0.342974960804]
0.45717887580399996 [0.559602379799] [0.354755371809]
0.46240504086 [0.558932960033] [0.365877121687]
0.464928969741 [0.553127229214] [0.376730710268]
0.4631212204695 [0.538172483444] [0.388069957495]
0.454920530319 [0.511404812336] [0.398436248302]
0.445297703147 [0.479148536921] [0.411446869373]
0.436947211623 [0.447245389223] [0.426649034023]
0.43313752114750004 [0.423044592142] [0.443230450153]
0.4334044009445 [0.409104377031] [0.457704424858]
