M B1 B2
0.246308796108 [0.35950049758] [0.133117094636]
0.25017747283 [0.35950049758] [0.14085444808]
0.25492694973950003 [0.35950049758] [0.150353401899]
0.2598773762585 [0.35950049758] [0.160254254937]
0.26539483666450003 [0.35950049758] [0.171289175749]
0.271992109716 [0.35950049758] [0.184483721852]
0.279497846961 [0.35950049758] [0.199495196342]
0.2873965874315 [0.35950049758] [0.215292677283]
0.2941553220155 [0.35950049758] [0.228810146451]
0.29755176603800004 [0.35950049758] [0.235603034496]
0.297447778285 [0.35950049758] [0.23539505899]
0.294319175184 [0.35950049758] [0.229137852788]
0.28825131058700004 [0.35950049758] [0.217002123594]
0.27976577729 [0.35950049758] [0.200031057]
0.27043239027300003 [0.35950049758] [0.181364282966]
0.26213529706 [0.35950049758] [0.16477009654]
0.255441531539 [0.35950049758] [0.151382565498]
0.2498809024695 [0.35950049758] [0.140261307359]
0.2448625937105 [0.35950049758] [0.130224689841]
0.2406650185585 [0.35950049758] [0.121829539537]
0.23941083252450002 [0.35950049758] [0.119321167469]
0.24173052609 [0.35950049758] [0.1239605546]
0.2476609125735 [0.35950049758] [0.135821327567]
0.2547793984415 [0.35950049758] [0.150058299303]
0.2599965259435 [0.35950049758] [0.160492554307]
0.262002743781 [0.35950049758] [0.164504989982]
0.2627594769005 [0.35950049758] [0.166018456221]
0.264393307269 [0.35950049758] [0.169286116958]
0.2674952298405 [0.35950049758] [0.175489962101]
0.251326352358 [0.35950049758] [0.143152207136]
0.24603841453800002 [0.35950049758] [0.132576331496]
0.244759254158 [0.35950049758] [0.130018010736]
0.245121486485 [0.35950049758] [0.13074247539]
0.24539582431350002 [0.35950049758] [0.131291151047]
0.245876081288 [0.35950049758] [0.132251664996]
0.24596237391250003 [0.35950049758] [0.132424250245]
0.24506563693300001 [0.35950049758] [0.130630776286]
0.243517547846 [0.35950049758] [0.127534598112]
0.24230709672 [0.35950049758] [0.12511369586]
0.24266483634750002 [0.35950049758] [0.125829175115]
0.24487701058400002 [0.35950049758] [0.130253523588]
0.246583670378 [0.35950049758] [0.133666843176]
0.24716347456 [0.35950049758] [0.13482645154]
0.232735261321 [0.330796420574] [0.134674102068]
0.23356273025250002 [0.330796420574] [0.136329039931]
0.234593875706 [0.330796420574] [0.138391330838]
0.2412548437715 [0.330796420574] [0.151713266969]
0.256630003452 [0.330796420574] [0.18246358633]
0.271728642285 [0.330796420574] [0.212660863996]
0.2869458794595 [0.330796420574] [0.243095338345]
0.2910519987345 [0.330796420574] [0.251307576895]
0.2911845743655 [0.330796420574] [0.251572728157]
0.2889127656815 [0.330796420574] [0.247029110789]
0.2840440943835 [0.330796420574] [0.237291768193]
0.2765876576305 [0.330796420574] [0.222378894687]
0.2678422033785 [0.330796420574] [0.204887986183]
0.2598442733285 [0.330796420574] [0.188892126083]
0.253628835082 [0.330796420574] [0.17646124959]
0.2487796396015 [0.330796420574] [0.166762858629]
0.243827961385 [0.330796420574] [0.156859502196]
0.243827961385 [0.330796420574] [0.156859502196]
0.243827961385 [0.330796420574] [0.156859502196]
0.243827961385 [0.330796420574] [0.156859502196]
0.243827961385 [0.330796420574] [0.156859502196]
0.243827961385 [0.330796420574] [0.156859502196]
0.243827961385 [0.330796420574] [0.156859502196]
0.21066923066965 [0.330796420574] [0.0905420407653]
0.2171621471645 [0.330796420574] [0.103527873755]
0.2235124893485 [0.330796420574] [0.116228558123]
0.22925100475549998 [0.330796420574] [0.127705588937]
0.2343672290445 [0.330796420574] [0.137938037515]
0.239139854908 [0.330796420574] [0.147483289242]
0.2438287883995 [0.330796420574] [0.156861156225]
0.2487697452305 [0.330796420574] [0.166743069887]
0.2607070356605 [0.34268155694] [0.178732514381]
0.262673936784 [0.334193497896] [0.191154375672]
0.265975743532 [0.330209136009] [0.201742351055]
0.2668991833925 [0.324798643589] [0.208999723196]
0.28216496855 [0.317997962236] [0.246331974864]
0.294658601284 [0.312090426683] [0.277226775885]
0.300921499729 [0.309724062681] [0.292118936777]
0.3039774447675 [0.311974138021] [0.295980751514]
0.3060972839595 [0.317659169436] [0.294535398483]
0.30839112401 [0.324393957853] [0.292388290167]
0.310671687126 [0.329919427633] [0.291423946619]
0.3121827095745 [0.332985758781] [0.291379660368]
0.3107012212275 [0.32970020175] [0.291702240705]
0.3101344406605 [0.328212231398] [0.292056649923]
0.3112920075655 [0.329746246338] [0.292837768793]
0.31550475955 [0.335163146257] [0.295846372843]
0.32230466604249997 [0.348546534777] [0.296062797308]
0.33461827039750003 [0.378453165293] [0.290783375502]
0.346394956112 [0.40854665637] [0.284243255854]
0.35258495807650003 [0.422495007515] [0.282674908638]
0.34979313611999996 [0.413987487555] [0.285598784685]
0.339910879731 [0.387452751398] [0.292369008064]
0.3309802263975 [0.357981145382] [0.303979307413]
0.32752597332 [0.334335714579] [0.320716232061]
0.32875913381550004 [0.318509072065] [0.339009195566]
0.33336848020550003 [0.312707960606] [0.354028999805]
0.342037111521 [0.314791172743] [0.369283050299]
0.351227760315 [0.318577259779] [0.383878260851]
0.356770068407 [0.32115355134] [0.392386585474]
0.356899753213 [0.320658773184] [0.393140733242]
0.35142444074150003 [0.316548675299] [0.386300206184]
0.3441722989085 [0.310577630997] [0.37776696682]
0.3384265303615 [0.30622497201] [0.370628088713]
0.3333458453415 [0.304242491722] [0.362449198961]
0.3333469480275 [0.305477172136] [0.361216723919]
0.334487244487 [0.308024913073] [0.360949575901]
0.33708162605750003 [0.316124528646] [0.358038723469]
0.33928288519350003 [0.329910367727] [0.34865540266]
0.342158511281 [0.348214477301] [0.336102545261]
0.34233191609400004 [0.363723635674] [0.320940196514]
0.336650982499 [0.369886666536] [0.303415298462]
0.32623142004 [0.367399424314] [0.285063415766]
0.3162144720555 [0.364464998245] [0.267963945866]
0.309296309948 [0.363444745541] [0.255147874355]
0.30606061965200004 [0.363378256559] [0.248742982745]
0.3050576820965 [0.361288696527] [0.248826667666]
0.30254404246800004 [0.351504981518] [0.253583103418]
0.301878511906 [0.343567579985] [0.260189443827]
0.3022250235085 [0.337573409081] [0.266876637936]
0.30560684204099997 [0.334720909595] [0.276492774487]
0.31258174777049996 [0.334220260382] [0.290943235159]
0.3253600150345 [0.338184267282] [0.312535762787]
0.341508343816 [0.344937860966] [0.338078826666]
0.3600083589555 [0.350285559893] [0.369731158018]
0.3761107176545 [0.353248715401] [0.398972719908]
0.3851668089625 [0.351936727762] [0.418396890163]
0.3828103989365 [0.341560035944] [0.424060761929]
0.3768286406995 [0.332238316536] [0.421418964863]
0.3704248815775 [0.324939101934] [0.415910661221]
0.3662860542535 [0.320670574903] [0.411901533604]
0.36579708755 [0.319907695055] [0.411686480045]
0.3682852089405 [0.321051031351] [0.41551938653]
0.3702052384615 [0.321855932474] [0.418554544449]
0.36782123148400003 [0.321138232946] [0.414504230022]
0.358554497361 [0.318339079618] [0.398769915104]
0.342272117734 [0.313238233328] [0.37130600214]
0.32071205973600003 [0.304800957441] [0.336623162031]
0.296563103795 [0.291946768761] [0.301179438829]
0.270969867706 [0.272921681404] [0.269018054008]
0.2488335445525 [0.252014368773] [0.245652720332]
0.233618721366 [0.235997572541] [0.231239870191]
0.2259030640125 [0.228357702494] [0.223448425531]
0.2266911938785 [0.23269739747] [0.220684990287]
0.233366936445 [0.246144905686] [0.220588967204]
0.2395739853385 [0.26235434413] [0.216793626547]
0.24132911860950002 [0.273317247629] [0.20934098959]
0.2419895753265 [0.285422474146] [0.198556676507]
0.243811376393 [0.299315363169] [0.188307389617]
0.24805223196749998 [0.313488721848] [0.182615742087]
0.256301246583 [0.328202605247] [0.184399887919]
0.2682463526725 [0.343764066696] [0.192728638649]
0.2825739979745 [0.361141085625] [0.204006910324]
0.298723652959 [0.381428718567] [0.216018587351]
0.315881818533 [0.404710382223] [0.227053254843]
0.3335200324655 [0.429953068495] [0.237086996436]
0.350783906877 [0.454315304756] [0.247252508998]
0.36672781407849997 [0.474666327238] [0.258789300919]
0.380499511957 [0.489248782396] [0.271750241518]
0.39117513597 [0.497054725885] [0.285295546055]
0.396740958095 [0.497948110104] [0.295533806086]
0.3950998187065 [0.490420550108] [0.299779087305]
0.3855983167885 [0.476388156414] [0.294808477163]
0.37140923738450005 [0.459552198648] [0.283266276121]
0.35407121479500003 [0.436505794525] [0.271636635065]
0.337445497513 [0.414146214724] [0.260744780302]
0.32406772673149997 [0.396899700165] [0.251235753298]
0.312351182103 [0.381469041109] [0.243233323097]
0.3034149631855 [0.368635565042] [0.238194361329]
0.2975060865285 [0.3589848876] [0.236027285457]
0.292433641851 [0.347850829363] [0.237016454339]
0.286486193538 [0.335571229458] [0.237401157618]
0.27878133952649997 [0.323480278254] [0.234082400799]
0.2705387696625 [0.312316000462] [0.228761538863]
0.26433914899800004 [0.302839249372] [0.225839048624]
0.263224512339 [0.296159356833] [0.230289667845]
0.2682789936665 [0.292358964682] [0.244199022651]
0.2764253914355 [0.287845492363] [0.265005290508]
0.28475800156599995 [0.283318579197] [0.286197423935]
0.290038019419 [0.278820604086] [0.301255434752]
0.289632022381 [0.273873627186] [0.305390417576]
0.286720007658 [0.270981788635] [0.302458226681]
0.28445824980699996 [0.272009938955] [0.296906560659]
0.283783271909 [0.275387853384] [0.292178690434]
0.28365963697450003 [0.278493821621] [0.288825452328]
0.283506914973 [0.280144333839] [0.286869496107]
