M B1 B2
0.252075538039 [0.275354117155] [0.228796958923]
0.2612422406675 [0.280180871487] [0.242303609848]
0.275148615241 [0.294121623039] [0.256175607443]
0.2858269512655 [0.307003259659] [0.264650642872]
0.28966639936 [0.311801671982] [0.267531126738]
0.28701671957999997 [0.306119412184] [0.267914026976]
0.28072965145100004 [0.294665336609] [0.266793966293]
0.276193574071 [0.283221125603] [0.269166022539]
0.2733795940875 [0.274144947529] [0.272614240646]
0.2692732661965 [0.264137744904] [0.274408787489]
0.2687367498875 [0.262905538082] [0.274567961693]
0.2672908604145 [0.260986506939] [0.27359521389]
0.264194905758 [0.258277863264] [0.270111948252]
0.257295921445 [0.253441900015] [0.261149942875]
0.2441151216625 [0.245022177696] [0.243208065629]
0.227516643703 [0.231009751558] [0.224023535848]
0.2118635177615 [0.214014992118] [0.209712043405]
0.201066978276 [0.199461936951] [0.202672019601]
0.196346245706 [0.189253181219] [0.203439310193]
0.19634388387200002 [0.182588383555] [0.210099384189]
0.1987887844445 [0.178300499916] [0.219277068973]
0.202801287174 [0.178300499916] [0.227302074432]
0.2056118398905 [0.178300499916] [0.232923179865]
0.207057483494 [0.178300499916] [0.235814467072]
0.20688385516399999 [0.178300499916] [0.235467210412]
0.204968728125 [0.178300499916] [0.231636956334]
0.2002697512505 [0.178300499916] [0.222239002585]
0.193983606994 [0.178300499916] [0.209666714072]
0.1893403977155 [0.178300499916] [0.200380295515]
0.1880807578565 [0.178300499916] [0.197861015797]
0.19015700370049998 [0.178300499916] [0.202013507485]
0.1941054165365 [0.178300499916] [0.209910333157]
0.19726243615150002 [0.178300499916] [0.216224372387]
0.197841897607 [0.178300499916] [0.217383295298]
0.1960965916515 [0.178300499916] [0.213892683387]
0.1937823295595 [0.178300499916] [0.209264159203]
0.276842266321 [0.347641319036] [0.206043213606]
0.2824318110945 [0.35653552413] [0.208328098059]
0.2864918485285 [0.358939796686] [0.214043900371]
0.319717086852 [0.418025940657] [0.221408233047]
0.33122368902 [0.431078374386] [0.231369003654]
0.3475208580495 [0.449698954821] [0.245342761278]
0.3652260750535 [0.465485811234] [0.264966338873]
0.383768901229 [0.475622594357] [0.291915208101]
0.4014621675015 [0.479697018862] [0.323227316141]
0.416502028704 [0.480533719063] [0.352470338345]
0.428106173873 [0.479946911335] [0.376265436411]
0.4385554939505 [0.479639470577] [0.397471517324]
0.447400569916 [0.476512551308] [0.418288588524]
0.44735725224 [0.46754142642] [0.42717307806]
0.4308821111915 [0.443899273872] [0.417864948511]
0.3912763148545 [0.393782258034] [0.388770371675]
0.3307159245015 [0.319813787937] [0.341618061066]
0.3020120710135 [0.318295300007] [0.28572884202]
0.294144317508 [0.314161092043] [0.274127542973]
0.28469575941549996 [0.305646300316] [0.263745218515]
0.27322141826150004 [0.291306644678] [0.255136191845]
0.259414553642 [0.271645516157] [0.247183591127]
0.24492456018949998 [0.249572068453] [0.240277051926]
0.22986653447150002 [0.226926371455] [0.232806697488]
0.2126396521925 [0.20376612246] [0.221513181925]
0.1907855048775 [0.178138792515] [0.20343221724]
0.164372600615 [0.150414019823] [0.178331181407]
0.135878805071 [0.122038193047] [0.149719417095]
0.1228546872735 [0.122038193047] [0.1236711815]
0.1228546872735 [0.122038193047] [0.1236711815]
0.1228546872735 [0.122038193047] [0.1236711815]
0.1228546872735 [0.122038193047] [0.1236711815]
0.1228546872735 [0.122038193047] [0.1236711815]
0.21568118408300002 [0.122038193047] [0.309324175119]
0.296487852931 [0.26621568203] [0.326760023832]
0.3114568591115 [0.280278533697] [0.342635184526]
0.317153170705 [0.284192234278] [0.350114107132]
0.3158143013715 [0.281401276588] [0.350227326155]
0.31286519765849996 [0.277245670557] [0.34848472476]
0.31178356707099997 [0.274647027254] [0.348920106888]
0.31402646005150003 [0.273525744677] [0.354527175426]
0.31855045259000003 [0.27250880003] [0.36459210515]
0.323495566845 [0.270985543728] [0.376005589962]
0.3270843327045 [0.269248247147] [0.384920418262]
0.3295461386445 [0.268263578415] [0.390828698874]
0.3342171013355 [0.268121391535] [0.400312811136]
0.3429384678605 [0.2753059268] [0.410571008921]
0.3488093316555 [0.278323680162] [0.419294983149]
0.349315479398 [0.274864882231] [0.423766076565]
0.3427917510275 [0.263496845961] [0.422086656094]
0.329937197268 [0.247749969363] [0.412124425173]
0.307520486414 [0.2276109308] [0.387430042028]
0.27758656442199997 [0.202326267958] [0.352846860886]
0.2431077733635 [0.170434102416] [0.315781444311]
0.2123443111775 [0.14252834022] [0.282160282135]
0.1887213550505 [0.123558811843] [0.253883898258]
0.1727667227385 [0.113768741488] [0.231764703989]
0.162686970085 [0.110454134643] [0.214919805527]
0.156469516456 [0.110564500093] [0.202374532819]
0.1529902666805 [0.112040042877] [0.193940490484]
0.15161242336 [0.114325612783] [0.188899233937]
0.1519442088905 [0.117948241532] [0.185940176249]
0.153163135052 [0.122759997845] [0.183566272259]
0.15413711965100002 [0.127851158381] [0.180423080921]
0.15414585173099998 [0.13202907145] [0.176262632012]
0.153410769999 [0.13436307013] [0.172458469868]
0.1543319374325 [0.138106927276] [0.170556947589]
0.1594214886425 [0.146677777171] [0.172165200114]
0.170747175813 [0.161918535829] [0.179575815797]
0.188512772322 [0.183160156012] [0.193865388632]
0.209933064878 [0.208093270659] [0.211772859097]
0.23232214152800001 [0.232383355498] [0.232260927558]
0.251979455352 [0.252006143332] [0.251952767372]
0.26694825291650004 [0.265936404467] [0.267960101366]
0.27753357589250005 [0.275388658047] [0.279678493738]
0.284515812993 [0.28139308095] [0.287638545036]
0.288289770484 [0.283155411482] [0.293424129486]
0.2908523976805 [0.281164199114] [0.300540596247]
0.295164257288 [0.277596443892] [0.312732070684]
0.303011521697 [0.2752571702] [0.330765873194]
0.3158138543365 [0.276235938072] [0.355391770601]
0.3355753421785 [0.281830608845] [0.389320075512]
0.3604827821255 [0.294209778309] [0.426755785942]
0.38642865419350003 [0.311878353357] [0.46097895503]
0.4053736180065 [0.32416921854] [0.486578017473]
0.4197148531675 [0.33339586854] [0.506033837795]
0.431337594986 [0.342772006989] [0.519903182983]
0.440600275993 [0.352338135242] [0.528862416744]
0.4472217857835 [0.360994517803] [0.533449053764]
0.451288223267 [0.367538094521] [0.535038352013]
0.4514173567295 [0.37216925621] [0.530665457249]
0.4451904147865 [0.370435267687] [0.519945561886]
0.433401241899 [0.363855272532] [0.502947211266]
0.4222555458545 [0.357170492411] [0.487340599298]
0.41412602365 [0.352123558521] [0.476128488779]
0.409533932805 [0.351852327585] [0.467215538025]
0.405750468373 [0.353054463863] [0.458446472883]
0.400226727128 [0.351713180542] [0.448740273714]
0.39198635518549996 [0.347515821457] [0.436456888914]
0.38100975751849997 [0.340500593185] [0.421518921852]
0.366817727685 [0.329436779022] [0.404198676348]
0.3509686142205 [0.314647108316] [0.387290120125]
0.3352572619915 [0.29742321372] [0.373091310263]
0.321384072304 [0.280812829733] [0.361955314875]
0.3110373318195 [0.266951620579] [0.35512304306]
0.307227447629 [0.260540187359] [0.353914707899]
0.311975583434 [0.264387607574] [0.359563559294]
0.3253370672465 [0.28006246686] [0.370611667633]
0.34556025266650003 [0.3064237535] [0.384696751833]
0.370520234108 [0.339851588011] [0.401188880205]
0.3954994529485 [0.37440392375] [0.416594982147]
0.4198022782805 [0.406462967396] [0.433141589165]
0.44177518785000003 [0.430373042822] [0.453177332878]
0.4603685438635 [0.445944905281] [0.474792182446]
0.47516591846949996 [0.454447835684] [0.495884001255]
0.48621401190749997 [0.459940433502] [0.512487590313]
0.49362815916549996 [0.466013580561] [0.52124273777]
0.49853806197649997 [0.472694426775] [0.524381697178]
0.5016712993385 [0.477738708258] [0.525603890419]
0.5023348629475 [0.478107273579] [0.526562452316]
0.499345570803 [0.473765254021] [0.524925887585]
0.4912655353545 [0.465271651745] [0.517259418964]
0.47758238017599997 [0.452333837748] [0.502830922604]
0.458239629865 [0.437767416239] [0.478711843491]
0.440320983529 [0.424486756325] [0.456155210733]
0.4248727858065 [0.413437396288] [0.436308175325]
0.4095172286035 [0.403839170933] [0.415195286274]
0.3953765928745 [0.396151870489] [0.39460131526]
0.383754685521 [0.392128705978] [0.375380665064]
0.3741092085835 [0.39176300168] [0.356455415487]
0.366045624018 [0.39296913147] [0.339122116566]
0.36283661425150004 [0.396806865931] [0.328866362572]
0.3620902001855 [0.400829553604] [0.323350846767]
0.3631708621975 [0.40482956171] [0.321512162685]
0.3663570433855 [0.409988582134] [0.322725504637]
0.371954917908 [0.417705833912] [0.326204001904]
0.379530966282 [0.427433758974] [0.33162817359]
0.390424400568 [0.440458327532] [0.340390473604]
0.4029772281645 [0.454315215349] [0.35163924098]
0.41647225618399997 [0.467840969563] [0.365103542805]
0.42726038396349997 [0.477673351765] [0.376847416162]
0.4346442818645 [0.482478410006] [0.386810153723]
0.440811917186 [0.488047510386] [0.393576323986]
0.44497306644900003 [0.491112858057] [0.398833274841]
0.4425985664125 [0.484446585178] [0.400750547647]
0.43387959897499995 [0.468156933784] [0.399602264166]
0.42517170309999996 [0.448796123266] [0.401547282934]
0.419547304511 [0.430311381817] [0.408783227205]
0.418091714382 [0.41710165143] [0.419081777334]
0.418639048934 [0.409790277481] [0.427487820387]
0.4198635518555 [0.404797047377] [0.434930056334]
