M B1 B2
0.10450170189135 [0.0769486427307] [0.132054761052]
0.09855617582785 [0.0730905532837] [0.124021798372]
0.0947964265941 [0.0704236328602] [0.119169220328]
0.0925948508086 [0.0683369338512] [0.116852767766]
0.091885369271 [0.067196637392] [0.11657410115]
0.0926763787864 [0.0674796700478] [0.117873087525]
0.0942538306118 [0.0685770362616] [0.119930624962]
0.09451161325 [0.067857824266] [0.121165402234]
0.0908524692057 [0.0623921602964] [0.119312778115]
0.09000496752539999 [0.0618591494858] [0.118150785565]
0.0905275214463 [0.0622680969536] [0.118786945939]
0.09297444298875 [0.0640816017985] [0.121867284179]
0.09832065924995 [0.0676010176539] [0.129040300846]
0.1080284118655 [0.072924181819] [0.143132641912]
0.1241294555367 [0.0795236453414] [0.168735265732]
0.14632117003185 [0.0850598216057] [0.207582518458]
0.16988459229455 [0.0869547426701] [0.252814441919]
0.18423648178555 [0.0853900611401] [0.283082902431]
0.1870254352688 [0.0821562856436] [0.291894584894]
0.1786784455178 [0.0771309286356] [0.2802259624]
0.1786784455178 [0.0771309286356] [0.2802259624]
0.1786784455178 [0.0771309286356] [0.2802259624]
0.1786784455178 [0.0771309286356] [0.2802259624]
0.1786784455178 [0.0771309286356] [0.2802259624]
0.21525808423749998 [0.150290206075] [0.2802259624]
0.21555005758999998 [0.15087415278] [0.2802259624]
0.216322802007 [0.152419641614] [0.2802259624]
0.217244684696 [0.154263406992] [0.2802259624]
0.2173418849705 [0.154457807541] [0.2802259624]
0.21552411466799998 [0.150822266936] [0.2802259624]
0.2112874016165 [0.142348840833] [0.2802259624]
0.2056817933915 [0.131137624383] [0.2802259624]
0.20045141503199998 [0.120676867664] [0.2802259624]
0.1967460550365 [0.113266147673] [0.2802259624]
0.19476880878199998 [0.109311655164] [0.2802259624]
0.1941903606055 [0.108154758811] [0.2802259624]
0.19267003238199998 [0.105114102364] [0.2802259624]
0.19441379979249998 [0.108601637185] [0.2802259624]
0.198177050799 [0.116128139198] [0.2802259624]
0.20298095792499998 [0.12573595345] [0.2802259624]
0.20629660040099998 [0.132367238402] [0.2802259624]
0.20782841741999997 [0.13543087244] [0.2802259624]
0.10133388265985001 [0.135055676103] [0.0676120892167]
0.1023082435132 [0.132407858968] [0.0722086280584]
0.1018707975745 [0.12999522686] [0.073746368289]
0.102698534727 [0.132247328758] [0.073149740696]
0.1066304259003 [0.140469223261] [0.0727916285396]
0.11427344381825 [0.153899624944] [0.0746472626925]
0.12314873188719999 [0.166899859905] [0.0793976038694]
0.13109310343845 [0.176015347242] [0.0861708596349]
0.1367815807462 [0.180211827159] [0.0933513343334]
0.14034374430795 [0.181158870459] [0.0995286181569]
0.14295784011499998 [0.181123107672] [0.104792572558]
0.145249657333 [0.180597513914] [0.109901800752]
0.15382212400450002 [0.179986253381] [0.127657994628]
0.16427065432100002 [0.180285662413] [0.148255646229]
0.174930922687 [0.182760819793] [0.167101025581]
0.1848882585765 [0.189031407237] [0.180745109916]
0.196828149259 [0.197687610984] [0.195968687534]
0.2109217718245 [0.207016348839] [0.21482719481]
0.226658433676 [0.215862333775] [0.237454533577]
0.23914785683150003 [0.223026931286] [0.255268782377]
0.24679183214900002 [0.234901890159] [0.258681774139]
0.2425349131225 [0.238782420754] [0.246287405491]
0.2288104370235 [0.231268182397] [0.22635269165]
0.2134682536125 [0.21909570694] [0.207840800285]
0.200846813619 [0.208073303103] [0.193620324135]
0.189591631293 [0.197420597076] [0.18176266551]
0.1774170100685 [0.183675691485] [0.171158328652]
0.16528634727000002 [0.170037388802] [0.160535305738]
0.15299156308200001 [0.156759604812] [0.149223521352]
0.1449008882045 [0.149857878685] [0.139943897724]
0.14150223881000001 [0.150209754705] [0.132794722915]
0.141904182732 [0.155706346035] [0.128102019429]
0.144291214645 [0.163552746177] [0.125029683113]
0.14667038247 [0.170757472515] [0.122583292425]
0.1488067880275 [0.175914078951] [0.121699497104]
0.1510348916055 [0.179037213326] [0.123032569885]
0.15480641275649998 [0.181516066194] [0.128096759319]
0.1614967882635 [0.185409650207] [0.13758392632]
0.1710954159495 [0.190995827317] [0.151195004582]
0.1823418661955 [0.198189750314] [0.166493982077]
0.1934271901845 [0.206399723887] [0.180454656482]
0.205105692148 [0.216204732656] [0.19400665164]
0.2205727994445 [0.230229839683] [0.210915759206]
0.234459325671 [0.245064973831] [0.223853677511]
0.24615643918500002 [0.248943686485] [0.243369191885]
0.24904723465450002 [0.233343034983] [0.264751434326]
0.2364170998335 [0.192371755838] [0.280462443829]
0.21697665751 [0.144471526146] [0.289481788874]
0.2016174793245 [0.109272450209] [0.29396250844]
0.1920111700891 [0.0878614336252] [0.296160906553]
0.18725479394195 [0.0756507664919] [0.298858821392]
0.18419783934965 [0.0690757855773] [0.299319893122]
0.18230998143569999 [0.0660025402904] [0.298617422581]
0.1804893575607 [0.0650947615504] [0.295883953571]
0.17703845724439998 [0.0651272460818] [0.288949668407]
0.1770619265733 [0.0651741847396] [0.288949668407]
0.1768575683234 [0.0647654682398] [0.288949668407]
0.1764169782398 [0.0638842880726] [0.288949668407]
0.17593909054975 [0.0629285126925] [0.288949668407]
0.1757502220569 [0.0625507757068] [0.288949668407]
0.17592070251679998 [0.0628917366266] [0.288949668407]
0.1763935163615 [0.063837364316] [0.288949668407]
0.17757533118104998 [0.0662009939551] [0.288949668407]
0.1800569631157 [0.0711642578244] [0.288949668407]
0.18474055826639998 [0.0805314481258] [0.288949668407]
0.09585404396055 [0.0954673886299] [0.0962406992912]
0.11098482459799999 [0.113692633808] [0.108277015388]
0.12532138079400001 [0.130322501063] [0.120320260525]
0.13528767973150002 [0.139706894755] [0.130868464708]
0.1425558552145 [0.144494459033] [0.140617251396]
0.1478863731025 [0.146649301052] [0.149123445153]
0.1508776396515 [0.147542536259] [0.154212743044]
0.15050765872 [0.146633446217] [0.154381871223]
0.1475495100025 [0.1449252069] [0.150173813105]
0.14424224197899999 [0.143985062838] [0.14449942112]
0.142396725714 [0.14543312788] [0.139360323548]
0.1432744711635 [0.150067850947] [0.13648109138]
0.152112923563 [0.157788291574] [0.146437555552]
0.16011175513249998 [0.161738634109] [0.158484876156]
0.165264815092 [0.163914680481] [0.166614949703]
0.1677550673485 [0.164720535278] [0.170789599419]
0.169043198228 [0.166195780039] [0.171890616417]
0.1706240102645 [0.169910818338] [0.171337202191]
0.1727728247645 [0.175287112594] [0.170258536935]
0.171203814447 [0.17590662837] [0.166501000524]
0.16404616832750002 [0.170448854566] [0.157643482089]
0.15192084759500002 [0.157638013363] [0.146203681827]
0.13852503150700002 [0.14288161695] [0.134168446064]
0.130098700523 [0.132959529757] [0.127237871289]
0.126735433936 [0.128514647484] [0.124956220388]
0.1275123134255 [0.128992766142] [0.126031860709]
0.13119553029550002 [0.132486045361] [0.12990501523]
0.13645787537100001 [0.137835368514] [0.135080382228]
0.142195560038 [0.143785789609] [0.140605330467]
0.1472947746515 [0.148634031415] [0.145955517888]
0.151779681444 [0.15242087841] [0.151138484478]
0.155428737402 [0.154531210661] [0.156326264143]
0.158068463206 [0.154868766665] [0.161268159747]
0.15965707600149998 [0.153545483947] [0.165768668056]
0.16144044697249998 [0.152578130364] [0.170302763581]
0.1654055938125 [0.154351487756] [0.176459699869]
0.17427078634499998 [0.161633566022] [0.186908006668]
0.190522044897 [0.176552891731] [0.204491198063]
0.2192523926495 [0.202097177505] [0.236407607794]
0.2642822787165 [0.240870669484] [0.287693887949]
0.3210327476265 [0.290286123753] [0.3517793715]
0.367469534278 [0.326009511948] [0.408929556608]
0.3697772324085 [0.322764635086] [0.416789829731]
0.3365342020985 [0.292648941278] [0.380419462919]
0.2971069067715 [0.259666830301] [0.334546983242]
0.2631372734905 [0.229942187667] [0.296332359314]
0.231621019542 [0.202852591872] [0.260389447212]
0.19988162070499998 [0.176727563143] [0.223035678267]
0.16877417266349998 [0.149711191654] [0.187837153673]
0.146931640804 [0.131941884756] [0.161921396852]
0.134667504579 [0.122497044504] [0.146837964654]
0.1288517042995 [0.118482038379] [0.13922137022]
0.1272173151375 [0.117947772145] [0.13648685813]
0.127344254404 [0.118433989584] [0.136254519224]
0.127378888428 [0.117828860879] [0.136928915977]
0.125282142311 [0.114019192755] [0.136545091867]
0.119570143521 [0.106700241566] [0.132440045476]
0.11069352924840001 [0.0973473787308] [0.124039679766]
0.1020418219267 [0.0883691459894] [0.115714497864]
0.09547705575845 [0.0814421549439] [0.109511956573]
0.09156731888655001 [0.0769754424691] [0.106159195304]
0.08966542035319999 [0.0743888393044] [0.104942001402]
0.0882377065718 [0.0725404173136] [0.10393499583]
0.08659355714934999 [0.0708884373307] [0.102298676968]
0.08401889353995 [0.0682214647532] [0.0998163223267]
0.0802661962807 [0.0657653957605] [0.0947669968009]
0.07546996325255 [0.0618213266134] [0.0891185998917]
0.07066348195074999 [0.0573857054114] [0.0839412584901]
0.06625674106179999 [0.0538415573537] [0.0786719247699]
