M B1 B2
0.2161291539665 [0.173337936401] [0.258920371532]
0.2415925338865 [0.190823242068] [0.292361825705]
0.2620400041345 [0.201452970505] [0.322627037764]
0.2750346809625 [0.202510803938] [0.347558557987]
0.2799964249135 [0.196070224047] [0.36392262578]
0.281223356724 [0.189606845379] [0.372839868069]
0.276150435209 [0.183891892433] [0.368408977985]
0.2556755468245 [0.173935577273] [0.337415516376]
0.248503535986 [0.156136035919] [0.340871036053]
0.2388303428885 [0.132275730371] [0.345384955406]
0.230281371623 [0.109748341143] [0.350814402103]
0.22623322531605 [0.0960262641311] [0.356440186501]
0.2253575399517 [0.0893275886774] [0.361387491226]
0.22502270340935002 [0.0868396162987] [0.36320579052]
0.2227176502348 [0.0862420648336] [0.359193235636]
0.2180736102163 [0.0874431207776] [0.348704099655]
0.2115005478265 [0.091264590621] [0.331736505032]
0.20444259792545 [0.0983813554049] [0.310503840446]
0.187339480966 [0.109781824052] [0.26489713788]
0.1948264241215 [0.125553756952] [0.264099091291]
0.20665502548200002 [0.144366174936] [0.268943876028]
0.221927240491 [0.162891030312] [0.28096345067]
0.244741268456 [0.178725197911] [0.310757339001]
0.2513857111335 [0.193128779531] [0.309642642736]
0.258802123368 [0.208002731204] [0.309601515532]
0.26792358607050004 [0.225475296378] [0.310371875763]
0.278402559459 [0.245657369494] [0.311147749424]
0.289470046759 [0.267761319876] [0.311178773642]
0.29930318891999996 [0.288445651531] [0.310160726309]
0.3073746412995 [0.306850463152] [0.307898819447]
0.3133016079665 [0.323334693909] [0.303268522024]
0.3124292641875 [0.332962721586] [0.291895806789]
0.2961738705635 [0.321277350187] [0.27107039094]
0.269515156746 [0.296303868294] [0.242726445198]
0.2437188625335 [0.265959620476] [0.221478104591]
0.2209349200125 [0.235339775681] [0.206530064344]
0.2049033492805 [0.206999525428] [0.202807173133]
0.18888803571450002 [0.185490235686] [0.192285835743]
0.17607820034049998 [0.171322628856] [0.180833771825]
0.167318895459 [0.16495744884] [0.169680342078]
0.16123063117300002 [0.163852795959] [0.158608466387]
0.157047241926 [0.166564449668] [0.147530034184]
0.15364724397649998 [0.170306459069] [0.136988028884]
0.1491562500595 [0.170786872506] [0.127525627613]
0.1417293176055 [0.164250507951] [0.11920812726]
0.1312748417255 [0.150448352098] [0.112101331353]
0.120861768723 [0.134531885386] [0.10719165206]
0.114469945431 [0.121748238802] [0.10719165206]
0.111517097801 [0.115842543542] [0.10719165206]
0.11230618506699999 [0.117420718074] [0.10719165206]
0.1158253997565 [0.124459147453] [0.10719165206]
0.1189263388515 [0.130661025643] [0.10719165206]
0.120975658298 [0.134759664536] [0.10719165206]
0.16082404553899998 [0.135472491384] [0.186175599694]
0.1517391726375 [0.132673338056] [0.170805007219]
0.145894147456 [0.126965120435] [0.164823174477]
0.1429159864785 [0.119817495346] [0.166014477611]
0.1430884078145 [0.112582623959] [0.17359419167]
0.14669734239600002 [0.108166575432] [0.18522810936]
0.1514727212485 [0.107391811907] [0.19555363059]
0.153811533004 [0.109057985246] [0.198565080762]
0.1529816500845 [0.111305214465] [0.194658085704]
0.150994647294 [0.113574750721] [0.188414543867]
0.149849966168 [0.116078868508] [0.183621063828]
0.148830685765 [0.117394395173] [0.180266976357]
0.1490210853515 [0.116965331137] [0.181076839566]
0.1497895978395 [0.116768293083] [0.182810902596]
0.15265417099 [0.118334472179] [0.186973869801]
0.1576204784215 [0.122410945594] [0.192830011249]
0.1636617705225 [0.128708869219] [0.198614671826]
0.169640429318 [0.13530318439] [0.203977674246]
0.17303764075 [0.140235766768] [0.205839514732]
0.17246119678 [0.142846524715] [0.202075868845]
0.16972938925 [0.14316560328] [0.19629317522]
0.1677903011445 [0.14411790669] [0.191462695599]
0.16969060897799998 [0.149221435189] [0.190159782767]
0.1780062541365 [0.160112962127] [0.195899546146]
0.1889049112795 [0.173109188676] [0.204700633883]
0.1946739777925 [0.180076405406] [0.209271550179]
0.2034459784625 [0.19219443202] [0.214697524905]
0.2076144367455 [0.199222281575] [0.216006591916]
0.2047972604635 [0.196840912104] [0.212753608823]
0.1982144862415 [0.189536422491] [0.206892549992]
0.190922424197 [0.181506514549] [0.200338333845]
0.18657193332900002 [0.175599232316] [0.197544634342]
0.1884843111035 [0.174705356359] [0.202263265848]
0.1950115710495 [0.179668843746] [0.210354298353]
0.20255355536949998 [0.188132405281] [0.216974705458]
0.204910352826 [0.195519283414] [0.214301422238]
0.19668645411699998 [0.193046852946] [0.200326055288]
0.19668645411699998 [0.193046852946] [0.200326055288]
0.19668645411699998 [0.193046852946] [0.200326055288]
0.19668645411699998 [0.193046852946] [0.200326055288]
0.19668645411699998 [0.193046852946] [0.200326055288]
0.1982840374115 [0.207640066743] [0.18892800808]
0.21464984864 [0.225356087089] [0.203943610191]
