M B1 B2
0.0642287489027 [0.0331894271076] [0.0952680706978]
0.07386309653535 [0.0349326506257] [0.112793542445]
0.0821345187725 [0.036466665566] [0.127802371979]
0.08818917348994999 [0.0379933491349] [0.138384997845]
0.09263282082995 [0.0405390076339] [0.144726634026]
0.0960290078072 [0.0437326170504] [0.148325398564]
0.09949958883225 [0.0482018999755] [0.150797277689]
0.1044133920224 [0.0557851232588] [0.153041660786]
0.11316618695865 [0.0711006447673] [0.15523172915]
0.129158835858 [0.100925512612] [0.157392159104]
0.1558112725615 [0.152064397931] [0.159558147192]
0.22305357456199998 [0.208567678928] [0.237539470196]
0.286127783358 [0.24480573833] [0.327449828386]
0.3060577809815 [0.253853797913] [0.35826176405]
0.3029478341345 [0.251969367266] [0.353926301003]
0.2964808940885 [0.252380311489] [0.340581476688]
0.28223279118550004 [0.251757711172] [0.312707871199]
0.2622842118145 [0.244147375226] [0.280421048403]
0.2378057092425 [0.228607624769] [0.247003793716]
0.21078620106 [0.208638638258] [0.212933763862]
0.187954947352 [0.186488434672] [0.189421460032]
0.17250540107450002 [0.169085860252] [0.175924941897]
0.162456840277 [0.155417084694] [0.16949659586]
0.153143376112 [0.140786796808] [0.165499955416]
0.14123664796399998 [0.125565797091] [0.156907498837]
0.127355970442 [0.110727548599] [0.143984392285]
0.11208119988420001 [0.0964403897524] [0.127722010016]
0.09620143845685 [0.0824958384037] [0.10990703851]
0.0824978798628 [0.0706622302532] [0.0943335294724]
0.07183871231975 [0.0618727095425] [0.081804715097]
0.0644627343863 [0.0563373453915] [0.0725881233811]
0.059735424816600005 [0.0529641211033] [0.0665067285299]
0.05728472955525 [0.0510287247598] [0.0635407343507]
0.055933494120799995 [0.049845919013] [0.0620210692286]
0.055350311100499996 [0.0491234250367] [0.0615771971643]
0.0550011061132 [0.0486108139157] [0.0613913983107]
0.054684521630399996 [0.0482063405216] [0.0611627027392]
0.0544898472726 [0.0480187349021] [0.0609609596431]
0.05486324615775 [0.0483697243035] [0.061356768012]
0.055986208841199994 [0.0494434051216] [0.0625290125608]
0.057883817702549994 [0.0511630624533] [0.0646045729518]
0.0605536699295 [0.0535076409578] [0.0675996989012]
0.06465867348019999 [0.0568378977478] [0.0724794492126]
0.0718554984778 [0.0618806965649] [0.0818303003907]
0.08381123095755 [0.0691014900804] [0.0985209718347]
0.10201789066205 [0.0799317061901] [0.124104075134]
0.12555215507745 [0.0935079753399] [0.157596334815]
0.132564485073 [0.10614143312] [0.158987537026]
0.143037002534 [0.112997733057] [0.173076272011]
0.1473694816235 [0.115551143885] [0.179187819362]
0.15183469280599998 [0.118257917464] [0.185411468148]
0.15710210055149998 [0.121894270182] [0.192309930921]
0.161880105734 [0.127236619592] [0.196523591876]
0.16501397639499998 [0.132843181491] [0.197184771299]
0.1660539358855 [0.138389647007] [0.193718224764]
0.164602711797 [0.142176613212] [0.187028810382]
0.1613955572245 [0.143822327256] [0.178968787193]
0.155504696071 [0.141171053052] [0.16983833909]
0.14375199377550002 [0.127616465092] [0.159887522459]
0.1290570646525 [0.110815778375] [0.14729835093]
0.1166166178884 [0.0962646529078] [0.136968582869]
0.10924001783125001 [0.0867947638035] [0.131685271859]
0.10606571659439999 [0.0818168148398] [0.130314618349]
0.1066501066088 [0.0809268057346] [0.132373407483]
0.10995756089695 [0.0829587131739] [0.13695640862]
0.1149176917969 [0.0869960859418] [0.142839297652]
0.12031465768810001 [0.0917695313692] [0.148859784007]
0.1245634779334 [0.0953904688358] [0.153736487031]
0.12642316147705002 [0.0966801121831] [0.156166210771]
0.1262795515356 [0.0954295620322] [0.157129541039]
0.12338417768490001 [0.0921396315098] [0.15462872386]
0.11759187653675 [0.0875154957175] [0.147668257356]
0.11031378805629999 [0.0829926133156] [0.137634962797]
0.10525437444454999 [0.0810579359531] [0.129450812936]
0.1046313531699 [0.0826699659228] [0.126592740417]
0.1081794500353 [0.0875596404076] [0.128799259663]
0.11555062606915001 [0.0964376553893] [0.134663596749]
0.123890928924 [0.107246264815] [0.140535593033]
0.1288594640795 [0.112748228014] [0.144970700145]
0.131621751934 [0.115306355059] [0.147937148809]
0.1326730549335 [0.11485889554] [0.150487214327]
0.133511915803 [0.11331525445] [0.153708577156]
0.13433491438599998 [0.111307889223] [0.157361939549]
0.136694125831 [0.112344801426] [0.161043450236]
0.14050859957950002 [0.115884259343] [0.165132939816]
0.1468799225985 [0.122656278312] [0.171103566885]
0.1573968455195 [0.133209824562] [0.181583866477]
0.173833064735 [0.148639678955] [0.199026450515]
0.19730084389449998 [0.169536709785] [0.225064978004]
0.22376247495399998 [0.193028345704] [0.254496604204]
0.22990246862199998 [0.195723548532] [0.264081388712]
0.210202381015 [0.176567837596] [0.243836924434]
0.183984644711 [0.157635062933] [0.210334226489]
0.165282614529 [0.147038847208] [0.18352638185]
0.15381462127 [0.141494214535] [0.166135028005]
0.14778090268400002 [0.139805302024] [0.155756503344]
0.1435670405625 [0.139281824231] [0.147852256894]
0.1373902410265 [0.137565374374] [0.137215107679]
0.12575844302800002 [0.130950689316] [0.12056619674]
0.11297544837000001 [0.122215777636] [0.103735119104]
0.1022980920969 [0.114350557327] [0.0902456268668]
0.0942070186137 [0.107564397156] [0.0808496400714]
0.08868416026235 [0.103166334331] [0.0742019861937]
0.08555078133960001 [0.100950405002] [0.0701511576772]
0.08461272344015 [0.100453332067] [0.0687721148133]
0.08591134473670001 [0.101577542722] [0.0702451467514]
0.08955711498835 [0.104587770998] [0.0745264589787]
0.09515078738325 [0.109545983374] [0.0807555913925]
0.0998469106851 [0.11395791918] [0.0857359021902]
0.09959075972455 [0.112974725664] [0.0862067937851]
0.09360313043005 [0.105445444584] [0.0817608162761]
0.08632892370225 [0.0963693782687] [0.0762884691358]
0.0807172805071 [0.0894102007151] [0.0720243602991]
0.0780046731234 [0.0859132856131] [0.0700960606337]
0.0778619945049 [0.0855372622609] [0.0701867267489]
0.08039877191184999 [0.0884748250246] [0.0723227187991]
0.08489436283705 [0.0930708199739] [0.0767179057002]
0.08837673068045 [0.0961358696222] [0.0806175917387]
0.08888562768700001 [0.0960858911276] [0.0816853642464]
0.0875379778445 [0.0939153581858] [0.0811605975032]
0.08514865487814999 [0.0902453288436] [0.0800519809127]
0.08283860981465 [0.0861456543207] [0.0795315653086]
0.08167268335815 [0.0830282643437] [0.0803171023726]
0.08284490928055 [0.0823325961828] [0.0833572223783]
0.0871091559529 [0.0850692912936] [0.0891490206122]
0.09333943575619999 [0.089811861515] [0.0968670099974]
0.09854867309345 [0.0923892408609] [0.104708105326]
0.0968119092284 [0.0878767892718] [0.105747029185]
0.0880387350917 [0.0788122415543] [0.0972652286291]
0.07779519632455001 [0.0696407705545] [0.0859496220946]
0.0698014944792 [0.0629227310419] [0.0766802579165]
0.0650987830013 [0.0589716918766] [0.071225874126]
0.0630747489631 [0.0575194209814] [0.0686300769448]
0.06296220608055 [0.0578706599772] [0.0680537521839]
0.06373320519924999 [0.05903673172] [0.0684296786785]
0.06432312168185 [0.0600230880082] [0.0686231553555]
0.06404577568175 [0.0603837296367] [0.0677078217268]
0.0627049189061 [0.059842210263] [0.0655676275492]
0.0607159975916 [0.0590531043708] [0.0623788908124]
0.058362063020499996 [0.0580905489624] [0.0586335770786]
0.0557980630547 [0.0571811795235] [0.0544149465859]
0.0530903097242 [0.0563846454024] [0.049795974046]
0.0507446043193 [0.0557065941393] [0.0457826144993]
0.0495990663767 [0.0556924752891] [0.0435056574643]
0.050399115309100004 [0.0569584108889] [0.0438398197293]
0.05280242487785 [0.0588283203542] [0.0467765294015]
0.056372337043249995 [0.061788264662] [0.0509564094245]
0.0600462611765 [0.0656137093902] [0.0544788129628]
0.06258116848765 [0.0694327279925] [0.0557296089828]
