M B1 B2
0.2923926338555 [0.339252382517] [0.245532885194]
0.3105081021785 [0.343005388975] [0.278010815382]
0.3399207443 [0.358894377947] [0.320947110653]
0.3750969171525 [0.383920073509] [0.366273760796]
0.40376384556300005 [0.405498087406] [0.40202960372]
0.4155075103045 [0.410060167313] [0.420954853296]
0.410675510764 [0.397752612829] [0.423598408699]
0.397703036666 [0.379764676094] [0.415641397238]
0.3815246671435 [0.363051086664] [0.399998247623]
0.36721643805500004 [0.351312369108] [0.383120507002]
0.356782078743 [0.347331315279] [0.366232842207]
0.349212512374 [0.345841109753] [0.352583914995]
0.3427446335555 [0.336980372667] [0.348508894444]
0.321856185794 [0.301572948694] [0.342139422894]
0.282010272145 [0.231160610914] [0.332859933376]
0.24622517824200002 [0.171378821135] [0.321071535349]
0.2206620946525 [0.133912488818] [0.307411700487]
0.20318479836 [0.114222943783] [0.292146652937]
0.1898048743605 [0.104610398412] [0.274999350309]
0.1777856387195 [0.100023217499] [0.25554805994]
0.1659875623884 [0.0976438000798] [0.234331324697]
0.1555132865908 [0.0962198376656] [0.214806735516]
0.14882201328875 [0.0952108725905] [0.202433153987]
0.14851948618889999 [0.0946058183908] [0.202433153987]
0.1483603790403 [0.0942876040936] [0.202433153987]
0.14828205108644998 [0.0941309481859] [0.202433153987]
0.1482544615865 [0.094075769186] [0.202433153987]
0.14833430573349998 [0.09423545748] [0.202433153987]
0.14855932816865 [0.0946855023503] [0.202433153987]
0.14913471043115 [0.0958362668753] [0.202433153987]
0.15032218024139998 [0.0982112064958] [0.202433153987]
0.152833171189 [0.103233188391] [0.202433153987]
0.15719955042 [0.111965946853] [0.202433153987]
0.16231572628 [0.122198298573] [0.202433153987]
0.1647309809925 [0.127028807998] [0.202433153987]
0.16150930523899998 [0.120585456491] [0.202433153987]
0.1553854458035 [0.10833773762] [0.202433153987]
0.15032088011505 [0.0982086062431] [0.202433153987]
0.14701815694575 [0.0916031599045] [0.202433153987]
0.14560676366095 [0.0887803733349] [0.202433153987]
0.1455887258053 [0.0887442976236] [0.202433153987]
0.145714789629 [0.088996425271] [0.202433153987]
0.1446574889124 [0.0868818238378] [0.202433153987]
0.14145310223105 [0.0804730504751] [0.202433153987]
0.13725011795765 [0.0720670819283] [0.202433153987]
0.1332215070725 [0.064009860158] [0.202433153987]
0.13006032817069998 [0.0576875023544] [0.202433153987]
0.12777923978869998 [0.0531253255904] [0.202433153987]
0.12619633786384998 [0.0499595217407] [0.202433153987]
0.12524944171315 [0.0480657294393] [0.202433153987]
0.1250250767917 [0.0476169995964] [0.202433153987]
0.1255351826549 [0.0486372113228] [0.202433153987]
0.12662972509865 [0.0508262962103] [0.202433153987]
0.1279112733901 [0.0533893927932] [0.202433153987]
0.12855130620305 [0.0546694584191] [0.202433153987]
0.1285370886326 [0.0546410232782] [0.202433153987]
0.1285454593599 [0.0546577647328] [0.202433153987]
0.12930489704015 [0.0561766400933] [0.202433153987]
0.18796897493294998 [0.0603180043399] [0.315619945526]
0.1647300235925 [0.067320458591] [0.262139588594]
0.14865401759765 [0.0768981799483] [0.220409855247]
0.1418540030717 [0.0888611227274] [0.194846883416]
0.142266996205 [0.102980390191] [0.181553602219]
0.147232271731 [0.118497401476] [0.175967141986]
0.15461911261099998 [0.132848694921] [0.176389530301]
0.1628357097505 [0.143671944737] [0.181999474764]
0.1707543581725 [0.152768328786] [0.188740387559]
0.1761870607735 [0.160082116723] [0.192292004824]
0.177704080939 [0.16428540647] [0.191122755408]
0.173623882234 [0.16564296186] [0.181604802608]
0.1686137616635 [0.163568034768] [0.173659488559]
0.1582237929105 [0.158200874925] [0.158246710896]
0.1482363417745 [0.151509910822] [0.144962772727]
0.140148058534 [0.145022913814] [0.135273203254]
0.13522266596549998 [0.141204372048] [0.129240959883]
0.1332969665525 [0.140650436282] [0.125943496823]
0.13343590498 [0.142304837704] [0.124566972256]
0.1344497278335 [0.144919663668] [0.123979791999]
0.134588766843 [0.146132841706] [0.12304469198]
0.133234743029 [0.146736904979] [0.119732581079]
0.129976991564 [0.145636513829] [0.114317469299]
0.12422148138300002 [0.140290156007] [0.108152806759]
0.1152648106215 [0.128283932805] [0.102245688438]
0.10568561032425 [0.114304110408] [0.0970671102405]
0.09790189936755 [0.102903522551] [0.0929002761841]
0.09250435978175 [0.09513335675] [0.0898753628135]
0.088966794312 [0.0900412276387] [0.0878923609853]
0.08667114749555 [0.0861197933555] [0.0872225016356]
0.08526232093569999 [0.0828765183687] [0.0876481235027]
0.0840847790241 [0.0805214345455] [0.0876481235027]
0.0828618593514 [0.0780755952001] [0.0876481235027]
0.08102102950215001 [0.0743939355016] [0.0876481235027]
0.07851730659605 [0.0693864896894] [0.0876481235027]
