M B1 B2
0.169532209635 [0.169684529305] [0.169379889965]
0.1745095402005 [0.176694720984] [0.172324359417]
0.1760939657685 [0.180260196328] [0.171927735209]
0.1747141107915 [0.180298388004] [0.169129833579]
0.1704711243515 [0.176402881742] [0.164539366961]
0.16748429834849998 [0.171969294548] [0.162999302149]
0.168613232672 [0.171807438135] [0.165419027209]
0.173164747655 [0.175167933106] [0.171161562204]
0.1755994036795 [0.172145545483] [0.179053261876]
0.1711117178205 [0.154407694936] [0.187815740705]
0.162359379232 [0.130398258567] [0.194320499897]
0.1537705957885 [0.112257674336] [0.195283517241]
0.145361479372 [0.101052172482] [0.189670786262]
0.1368420161308 [0.0945985391736] [0.179085493088]
0.12849538400775 [0.0903163179755] [0.16667445004]
0.1203445233403 [0.0870528295636] [0.153636217117]
0.11342581361535 [0.0842487365007] [0.14260289073]
0.1087611764669 [0.0819700360298] [0.135552316904]
0.10821869224305 [0.0808850675821] [0.135552316904]
0.1083766818046 [0.0812010467052] [0.135552316904]
0.10902088880534999 [0.0824894607067] [0.135552316904]
0.1099423654377 [0.0843324139714] [0.135552316904]
0.1108477041125 [0.086143091321] [0.135552316904]
0.11184079945084999 [0.0881292819977] [0.135552316904]
0.11320553347465 [0.0908587500453] [0.135552316904]
0.16227695718425 [0.0953902974725] [0.229163616896]
0.1610523723065 [0.102734170854] [0.219370573759]
0.1666978150605 [0.114025056362] [0.219370573759]
0.17341565340749998 [0.127460733056] [0.219370573759]
0.177156083286 [0.134941592813] [0.219370573759]
0.174035310745 [0.128700047731] [0.219370573759]
0.168161507696 [0.116952441633] [0.219370573759]
0.163358233869 [0.107345893979] [0.219370573759]
0.16054781898849999 [0.101725064218] [0.219370573759]
0.1599686592815 [0.100566744804] [0.219370573759]
0.16091432794899999 [0.102458082139] [0.219370573759]
0.16256108135 [0.105751588941] [0.219370573759]
0.1634379327295 [0.106742635369] [0.22013323009]
0.1622594334185 [0.104385636747] [0.22013323009]
0.16082072258 [0.10150821507] [0.22013323009]
0.1596535444259 [0.0991738587618] [0.22013323009]
0.15837616100899998 [0.096619091928] [0.22013323009]
0.1567461974918 [0.0933591648936] [0.22013323009]
0.1550788804888 [0.0900245308876] [0.22013323009]
0.15366286784405 [0.0871925055981] [0.22013323009]
0.15277312695974998 [0.0854130238295] [0.22013323009]
0.1526205800473 [0.0851079300046] [0.22013323009]
0.1532062776386 [0.0862793251872] [0.22013323009]
0.1540093943476 [0.0878855586052] [0.22013323009]
0.15443580225105 [0.0887383744121] [0.22013323009]
0.15371934697025 [0.0873054638505] [0.22013323009]
0.15186303481455 [0.0835928395391] [0.22013323009]
0.13357441872375 [0.0786796063185] [0.188469231129]
0.1231267973781 [0.0740027278662] [0.17225086689]
0.118189521134 [0.071392044425] [0.164986997843]
0.11776117607935 [0.0716223344207] [0.163900017738]
0.1189384423197 [0.0734486952424] [0.164428189397]
0.11864474043255 [0.0765004679561] [0.160789012909]
0.11550881341095001 [0.0796580091119] [0.15135961771]
0.11707843467590001 [0.0827972516418] [0.15135961771]
0.1183780767023 [0.0853965356946] [0.15135961771]
0.11853436753150001 [0.085709117353] [0.15135961771]
0.11627190932625 [0.0811842009425] [0.15135961771]
0.1116247400641 [0.0718898624182] [0.15135961771]
0.10556471906615 [0.0616997741163] [0.149429664016]
0.09950141608735 [0.0540648698807] [0.144937962294]
0.0956143010408 [0.0497084893286] [0.141520112753]
0.0938805844633 [0.0479978881776] [0.139763280749]
0.09476889669905 [0.0479621291161] [0.141575664282]
0.0956777241082 [0.0485420785844] [0.142813369632]
0.0958971567453 [0.0489809438586] [0.142813369632]
0.09593642503035 [0.0490594804287] [0.142813369632]
0.09589996747685 [0.0489865653217] [0.142813369632]
0.095975033939 [0.049136698246] [0.142813369632]
0.09631749615085 [0.0498216226697] [0.142813369632]
0.0967368129642 [0.0506602562964] [0.142813369632]
0.09730514325215 [0.0517969168723] [0.142813369632]
0.09826031140995001 [0.0537072531879] [0.142813369632]
0.0466550048441 [0.0571324191988] [0.0361775904894]
0.0507311876863 [0.0633007287979] [0.0381616465747]
0.056719209998849995 [0.0724391341209] [0.0409992858768]
0.06381069682535 [0.0828733295202] [0.0447480641305]
0.0702793970704 [0.0910207107663] [0.0495380833745]
0.07507093809545 [0.0950504466891] [0.0550914295018]
0.0784161016345 [0.0958926528692] [0.0609395503998]
0.08129609003665 [0.0959769636393] [0.066615216434]
0.08435903489589999 [0.0968521982431] [0.0718658715487]
0.08789737895130001 [0.0992511808872] [0.0765435770154]
0.09166094660759999 [0.102898016572] [0.0804238766432]
0.09542531892655 [0.107394516468] [0.0834561213851]
0.1020961925385 [0.11141256988] [0.092779815197]
