0.06979417055845 [0.0468195080757] [0.0927688330412]
0.069635393098 [0.0478060059249] [0.0914647802711]
0.06956431642175 [0.0493267402053] [0.0898018926382]
0.06855070777235 [0.0505530722439] [0.0865483433008]
0.066671365872 [0.0511831156909] [0.0821596160531]
0.06485417485235 [0.0519231036305] [0.0777852460742]
0.06392309255895 [0.0531364716589] [0.074709713459]
0.06418730877340001 [0.0549196861684] [0.0734549313784]
0.06546873785555 [0.0571506805718] [0.0737867951393]
0.0674681495875 [0.0598898567259] [0.0750464424491]
0.0702331624925 [0.0636024922132] [0.0768638327718]
0.07356169819835 [0.0684683993459] [0.0786549970508]
0.07695547118785001 [0.0740873962641] [0.0798235461116]
0.07953540608285 [0.0784032642841] [0.0806675478816]
0.08020861819389999 [0.0798962041736] [0.0805210322142]
0.07685505598785 [0.0781106725335] [0.0755994394422]
0.06803061440585 [0.0701652020216] [0.0658960267901]
0.05836049839855 [0.0612088441849] [0.0555121526122]
0.049479234963650004 [0.0531612113118] [0.0457972586155]
0.04234054125845 [0.0464964359999] [0.038184646517]
0.0377366822213 [0.0422103367746] [0.033263027668]
0.035121238790449996 [0.0399101525545] [0.0303323250264]
0.033699792809749995 [0.0388334728777] [0.0285661127418]
0.032804960385 [0.0382577888668] [0.0273521319032]
0.0320759313181 [0.0376144647598] [0.0265373978764]
0.0311896074563 [0.0364586152136] [0.025920599699]
0.0299546914175 [0.0345902442932] [0.0253191385418]
0.028266399167499998 [0.0320105776191] [0.0245222207159]
0.026431040838399998 [0.0293490942568] [0.02351298742]
0.025132672861200002 [0.0276035983115] [0.0226617474109]
0.02476800512525 [0.0273103117943] [0.0222256984562]
0.0255928942934 [0.0282939318568] [0.02289185673]
0.0281118489802 [0.0307825431228] [0.0254411548376]
0.03386843018235 [0.0364185385406] [0.0313183218241]
0.04370382241905 [0.0457594655454] [0.0416481792927]
0.05661156773565 [0.0572911426425] [0.0559319928288]
0.06984522938724999 [0.0684466063976] [0.0712438523769]
0.07976550608875 [0.0768909454346] [0.0826400667429]
0.08515727892515 [0.0818923562765] [0.0884222015738]
0.08676485344769999 [0.0841599106789] [0.0893697962165]
0.08588953316209999 [0.0842927992344] [0.0874862670898]
0.08513181284070001 [0.0851607248187] [0.0851029008627]
0.0856317318976 [0.0880000516772] [0.083263412118]
0.0882096849382 [0.0934705659747] [0.0829488039017]
0.09162234142425 [0.099978864193] [0.0832658186555]
0.09369796514515 [0.103957258165] [0.0834386721253]
0.0926111042499 [0.104496307671] [0.0807259008288]
0.08849882707000001 [0.101225681603] [0.075771972537]
0.08418849483135 [0.0974206849933] [0.0709563046694]
0.08070380613205 [0.093549542129] [0.0678580701351]
0.0776502862573 [0.0892433896661] [0.0660571828485]
0.07470124587415 [0.0844944864511] [0.0649080052972]
0.07193509489295 [0.0797686129808] [0.0641015768051]
0.06970575451855 [0.0760158002377] [0.0633957087994]
0.06803327426315 [0.0738639310002] [0.0622026175261]
0.06567292101685 [0.0726150348783] [0.0587308071554]
0.06141660176215 [0.0709074884653] [0.051925715059]
0.05589282885195 [0.0682333484292] [0.0435523092747]
0.05201295763255 [0.0661593228579] [0.0378665924072]
0.050490247085700005 [0.0659156441689] [0.0350648500025]
0.05216854438185 [0.0692088082433] [0.0351282805204]
0.0561774391681 [0.0749731063843] [0.0373817719519]
0.06067113392055 [0.0805910155177] [0.0407512523234]
0.06365407817065 [0.083587937057] [0.0437202192843]
0.0628285445273 [0.0804613009095] [0.0451957881451]
