0.0941812992098 [0.0870594382286] [0.101303160191]
0.06147237494585 [0.0654809325933] [0.0574638172984]
0.03993666917085 [0.0466889590025] [0.0331843793392]
0.028806774877 [0.0357459336519] [0.0218676161021]
0.023681416176249998 [0.0307345204055] [0.016628311947]
0.02137292269615 [0.0285819415003] [0.014163903892]
0.020517039112749998 [0.0279144700617] [0.0131196081638]
0.0204256232828 [0.0280152428895] [0.0128360036761]
0.02073534112425 [0.028542695567] [0.0129279866815]
0.02113267965615 [0.0290770046413] [0.013188354671]
0.02148276381195 [0.0294485036284] [0.0135170239955]
0.021741748321799998 [0.0295574869961] [0.0139260096475]
0.02182118408385 [0.0294153913856] [0.0142269767821]
0.02168840961535 [0.0291024204344] [0.0142743987963]
0.02117872936655 [0.0286227613688] [0.0137346973643]
0.0203489265405 [0.0281356517226] [0.0125622013584]
0.0195707031526 [0.0279813446105] [0.0111600616947]
0.019271869678050002 [0.0284998901188] [0.0100438492373]
0.019849581178295002 [0.0302094779909] [0.00948968436569]
0.021745403297225 [0.033948816359] [0.00954199023545]
0.0247332965955 [0.0394411757588] [0.0100254174322]
0.0276386975311 [0.0446488671005] [0.0106285279617]
0.029588509816699998 [0.0481179393828] [0.0110590802506]
0.03064950136465 [0.0500203557312] [0.0112786469981]
0.0313808931969 [0.0514209493995] [0.0113408369943]
0.03271610056985 [0.054051052779] [0.0113811483607]
0.03454200318085 [0.0577144138515] [0.0113695925102]
0.03673918405545 [0.0621051304042] [0.0113732377067]
0.0390964555554 [0.0667187646031] [0.0114741465077]
0.0422129253857 [0.072462297976] [0.0119635527954]
0.047089314088250005 [0.0807932019234] [0.0133854262531]
0.05441516451535 [0.092237457633] [0.0165928713977]
0.06492246501145 [0.106635145843] [0.0232097841799]
0.07927707023905001 [0.121929824352] [0.0366243161261]
0.0976675394922 [0.132856696844] [0.0624783821404]
0.118653830141 [0.13686850667] [0.100439153612]
0.134394928813 [0.137627959251] [0.131161898375]
0.1396056711675 [0.136745005846] [0.142466336489]
0.13934759050599999 [0.135464385152] [0.14323079586]
0.1387786865235 [0.134389624] [0.143167749047]
0.139403410256 [0.134341180325] [0.144465640187]
0.142921619117 [0.136595547199] [0.149247691035]
0.1500385552645 [0.141872659326] [0.158204451203]
0.1617588251825 [0.150966122746] [0.172551527619]
0.1744038015605 [0.15801307559] [0.190794527531]
0.182086996734 [0.157851219177] [0.206322774291]
0.1838653460145 [0.151150301099] [0.21658039093]
0.183359235525 [0.14195074141] [0.22476772964]
0.184985034168 [0.136516362429] [0.233453705907]
0.187148012221 [0.134527415037] [0.239768609405]
0.1873608082535 [0.132453322411] [0.242268294096]
0.1860981732605 [0.136736422777] [0.235459923744]
0.1875268369915 [0.14569182694] [0.229361847043]
0.1881214678285 [0.152286723256] [0.223956212401]
0.186416439712 [0.157131373882] [0.215701505542]
0.1827547624705 [0.158122420311] [0.20738710463]
0.1783441603185 [0.158566951752] [0.198121368885]
0.1723719611765 [0.158562228084] [0.186181694269]
0.1668591052295 [0.158670216799] [0.17504799366]
0.16194203495999998 [0.159342825413] [0.164541244507]
0.1574063524605 [0.161368653178] [0.153444051743]
0.154006630182 [0.164155617356] [0.143857643008]
0.149334706366 [0.16229493916] [0.136374473572]
0.14612133801 [0.160495892167] [0.131746783853]
0.14284132421 [0.157979249954] [0.127703398466]
0.138535846025 [0.154776826501] [0.122294865549]
0.1326162628825 [0.149329707026] [0.115902818739]
0.1244504377245 [0.138277798891] [0.110623076558]
0.11587196216 [0.122620075941] [0.109123848379]
0.1084067337215 [0.107387132943] [0.1094263345]
0.10245380550625 [0.0962750688195] [0.108632542193]
0.0986455976962 [0.0904159620404] [0.106875233352]
0.0966382846236 [0.0894834771752] [0.103793092072]
0.095028039068 [0.0910025313497] [0.0990535467863]
0.09435562416910001 [0.0932379588485] [0.0954732894897]
0.09523463994260001 [0.0956433191895] [0.0948259606957]
0.09673082083465001 [0.0976218953729] [0.0958397462964]
0.0980799272656 [0.0988619625568] [0.0972978919744]
0.0987159386277 [0.0990308374166] [0.0984010398388]
0.0990438535808 [0.0980844050646] [0.100003302097]
0.1001470386984 [0.0968322902918] [0.103461787105]
0.10333783179525 [0.0975948646665] [0.109080798924]
0.108244121075 [0.101731181145] [0.114757061005]
0.11571378633400001 [0.112015910447] [0.119411662221]
0.1248967461285 [0.129833012819] [0.119960479438]
0.134734775871 [0.152959868312] [0.11650968343]
0.142220363021 [0.172590002418] [0.111850723624]
0.142343148589 [0.176878109574] [0.107808187604]
0.1367117874325 [0.16756208241] [0.105861492455]
0.131126958877 [0.156650900841] [0.105603016913]
0.127581041306 [0.148068115115] [0.107093967497]
0.12506460771 [0.139959931374] [0.110169284046]
0.12396236881600001 [0.133592814207] [0.114331923425]
0.12178072705850002 [0.125716805458] [0.117844648659]
0.1201806999745 [0.119567848742] [0.120793551207]
0.1176028363405 [0.111718572676] [0.123487100005]
0.11537446826699999 [0.104777678847] [0.125971257687]
0.11430365964775 [0.0999604687095] [0.128646850586]
0.11446392908695 [0.0961579754949] [0.132769882679]
0.11515798047199999 [0.093673877418] [0.136642083526]
0.1177124269309 [0.0925732329488] [0.142851620913]
0.12199433520445 [0.0930961892009] [0.150892481208]
0.12763449549675 [0.0954641103745] [0.159804880619]
0.13547691330295 [0.0993652716279] [0.171588554978]
0.143795032054 [0.103737257421] [0.183852806687]
0.150465656072 [0.106949560344] [0.1939817518]
0.154157306999 [0.108227320015] [0.200087293983]
0.1562138348815 [0.108537569642] [0.203890100121]
0.1611195094885 [0.109656684101] [0.212582334876]
0.1690995506945 [0.115219332278] [0.222979769111]
0.17863291502 [0.125819459558] [0.231446370482]
0.1870271489025 [0.134539440274] [0.239514857531]
0.1938280165195 [0.14162120223] [0.246034830809]
0.20021356642250002 [0.15016207099] [0.250265061855]
0.2056766152385 [0.158052682877] [0.2533005476]
0.209485299885 [0.164606288075] [0.254364311695]
0.212912514806 [0.167457550764] [0.258367478848]
0.2158721536395 [0.169166177511] [0.262578129768]
0.2166207283735 [0.17013502121] [0.263106435537]
0.21903287619349998 [0.170216009021] [0.267849743366]
0.222193516791 [0.172063454986] [0.272323578596]
0.225178256631 [0.173403769732] [0.27695274353]
0.2277697995305 [0.174249008298] [0.281290590763]
0.2284729778765 [0.17371404171] [0.283231914043]
0.2240768149495 [0.167932227254] [0.280221402645]
0.20767830312250002 [0.143491953611] [0.271864652634]
0.187393322587 [0.115026026964] [0.25976061821]
0.1697148568927 [0.0925029441714] [0.246926769614]
0.1567594856024 [0.0774139165878] [0.236105054617]
0.1483346410098 [0.0681180134416] [0.228551268578]
0.1432519163936 [0.0623388253152] [0.224165007472]
0.1409214884045 [0.059099316597] [0.222743660212]
0.1415686700492 [0.0571992732584] [0.22593806684]
0.14396071806575 [0.0557538196445] [0.232167616487]
0.1483421921728 [0.0542343109846] [0.242450073361]
0.14874412864465 [0.0528724193573] [0.244615837932]
0.14279472455375 [0.0516876503825] [0.233901798725]
0.1269246432932 [0.0502495355904] [0.203599750996]
0.10704122669975 [0.0484181679785] [0.165664285421]
0.08330884948365 [0.0454602837563] [0.121157415211]
0.058692509308450005 [0.0408956520259] [0.076489366591]
0.040944309905199996 [0.0349836610258] [0.0469049587846]
0.02999413292855 [0.0288346353918] [0.0311536304653]
0.023621862754250003 [0.0241829995066] [0.0230607260019]
0.0200366592035 [0.0210452191532] [0.0190280992538]
