0.189949892461 [0.144874975085] [0.235024809837]
0.192865341902 [0.146417245269] [0.239313438535]
0.196015149355 [0.144786939025] [0.247243359685]
0.19946608692399997 [0.140732333064] [0.258199840784]
0.2018497437235 [0.134535580873] [0.269163906574]
0.2036860585215 [0.127446562052] [0.279925554991]
0.19500385969849998 [0.120529875159] [0.269477844238]
0.1728605553505 [0.115129128098] [0.230591982603]
0.150174334645 [0.111632287502] [0.188716381788]
0.1389604955915 [0.109446704388] [0.168474286795]
0.1369660869245 [0.107151806355] [0.166780367494]
0.1352251172065 [0.102148994803] [0.16830123961]
0.12796337157510002 [0.0920768976212] [0.163849845529]
0.11154640838495 [0.0779929384589] [0.145099878311]
0.08755327202405 [0.0610724873841] [0.114034056664]
0.06576957926155 [0.0472538620234] [0.0842852964997]
0.05074479430914999 [0.038083717227] [0.0634058713913]
0.042386336252100004 [0.0337658189237] [0.0510068535805]
0.03868727758525 [0.0330958366394] [0.0442787185311]
0.0378757454455 [0.0348126925528] [0.0409387983382]
0.038451237604 [0.0374503955245] [0.0394520796835]
0.03923192620275 [0.0399671345949] [0.0384967178106]
0.039413880556849995 [0.0416331291199] [0.0371946319938]
0.0387256219983 [0.04234046489] [0.0351107791066]
0.0373526662588 [0.0423852093518] [0.0323201231658]
0.0357852745801 [0.0420465059578] [0.0295240432024]
0.03434825316075 [0.0416181162] [0.0270783901215]
0.0333990426734 [0.0414241440594] [0.0253739412874]
0.033275653608150005 [0.0417468547821] [0.0248044524342]
0.03444649185985 [0.0430571176112] [0.0258358661085]
0.03765531629325 [0.0458345524967] [0.0294760800898]
0.04397135972975 [0.0499987080693] [0.0379440113902]
0.054928176105000004 [0.0544509589672] [0.0554053932428]
0.07340560294685 [0.0575421862304] [0.0892690196633]
0.10047031939005001 [0.0587072819471] [0.142233356833]
0.12503276951609998 [0.0569653697312] [0.193100169301]
0.13831881061195 [0.0545410141349] [0.222096607089]
0.1454623024913 [0.0538887791336] [0.237035825849]
0.1500685121863 [0.0552536062896] [0.244883418083]
0.15380164049555 [0.0584524385631] [0.249150842428]
0.1572770327329 [0.0639335811138] [0.250620484352]
0.15993526950464998 [0.0705787166953] [0.249291822314]
0.15427493304035 [0.0725600272417] [0.235989838839]
0.12814468517885 [0.0612602755427] [0.195029094815]
0.0905002914368 [0.0442387387156] [0.136761844158]
0.06267308071255001 [0.0319015160203] [0.0934446454048]
0.046725762076649996 [0.0252318251878] [0.0682196989655]
0.038493944332 [0.0225265696645] [0.0544613189995]
0.0345162265003 [0.022354580462] [0.0466778725386]
0.0328335566446 [0.0237976144999] [0.0418694987893]
0.03233095724135 [0.0261033046991] [0.0385586097836]
0.03239576425405 [0.0285293813795] [0.0362621471286]
0.0327424192801 [0.0305184740573] [0.0349663645029]
0.03316719271245 [0.031740911305] [0.0345934741199]
0.033382307738049996 [0.0318699069321] [0.034894708544]
0.0332639105618 [0.0313212797046] [0.035206541419]
0.03277442790565 [0.0304623916745] [0.0350864641368]
0.03179892338815 [0.0294315554202] [0.0341662913561]
0.03067662380635 [0.0285657159984] [0.0327875316143]
0.03007826488465 [0.0283645931631] [0.0317919366062]
0.030451271682950004 [0.029087126255] [0.0318154171109]
0.031974115408949996 [0.0309288147837] [0.0330194160342]
0.03437745012345 [0.0333754643798] [0.0353794358671]
0.0368997864425 [0.03537138924] [0.038428183645]
0.03858412988485 [0.0359833315015] [0.0411849282682]
0.03916002251205 [0.0351524017751] [0.043167643249]
0.039071187377 [0.0337179861963] [0.0444243885577]
0.0381963606924 [0.0322850160301] [0.0441077053547]
0.03653202950955 [0.031306438148] [0.0417576208711]
0.03460950776935 [0.0309186540544] [0.0383003614843]
0.03315144218505 [0.0311765559018] [0.0351263284683]
0.032417235896 [0.0320622809231] [0.0327721908689]
0.0328296124935 [0.0341591089964] [0.0315001159906]
0.03502143360675 [0.0384762324393] [0.0315666347742]
0.03941288776695 [0.045859221369] [0.0329665541649]
0.0461889933795 [0.0568907298148] [0.0354872569442]
0.05395182035865 [0.0697075948119] [0.0381960459054]
0.059633841738100005 [0.0796093717217] [0.0396583117545]
0.0619366765022 [0.0841181874275] [0.0397551655769]
0.0620841998607 [0.0851030051708] [0.0390653945506]
0.062106393277649996 [0.085847735405] [0.0383650511503]
0.0621222294867 [0.0866165012121] [0.0376279577613]
0.0628073811531 [0.0880057141185] [0.0376090481877]
0.0656111687422 [0.0925084426999] [0.0387138947845]
0.0717614274471 [0.102376192808] [0.0411466620862]
0.08246530406185 [0.119513988495] [0.0454166196287]
0.09822731837609999 [0.143836766481] [0.0526178702712]
0.11465475708245 [0.16602820158] [0.0632813125849]
0.12714434415089998 [0.17663654685] [0.0776521414518]
0.13622123748085 [0.179675355554] [0.0927671194077]
0.1433059684935 [0.180847987533] [0.105763949454]
0.1469537131485 [0.180572748184] [0.113334678113]
0.14819187670950001 [0.180109620094] [0.116274133325]
0.149546723813 [0.181088000536] [0.11800544709]
