0.0740893855691 [0.0534591451287] [0.0947196260095]
0.0965157747268 [0.0675627589226] [0.125468790531]
0.1242518611251 [0.0866213664412] [0.161882355809]
0.1475411131975 [0.104246601462] [0.190835624933]
0.1596382558345 [0.114815741777] [0.204460769892]
0.163814585656 [0.123008035123] [0.204621136189]
0.16591178625800002 [0.13466720283] [0.197156369686]
0.167026296258 [0.149538218975] [0.184514373541]
0.1632960662245 [0.15797676146] [0.168615370989]
0.1423126384615 [0.146216958761] [0.138408318162]
0.1024708561597 [0.107823491096] [0.0971182212234]
0.067752301693 [0.0721956789494] [0.0633089244366]
0.04628295078875 [0.0489709079266] [0.0435949936509]
0.0339651554823 [0.0342780686915] [0.0336522422731]
0.0272649312392 [0.025634970516] [0.0288948919624]
0.023022453300650003 [0.0189994126558] [0.0270454939455]
0.01996215246615 [0.013710251078] [0.0262140538543]
0.0177821367979 [0.0102570410818] [0.025307232514]
0.016256388276810002 [0.00826009176672] [0.0242526847869]
0.015326274326065 [0.00720927258953] [0.0234432760626]
0.014951417222605 [0.00678476877511] [0.0231180656701]
0.014985747635384999 [0.00671399384737] [0.0232575014234]
0.015191694721595 [0.00684366002679] [0.0235397294164]
0.0154507122934 [0.0070917699486] [0.0238096546382]
0.01577095128597 [0.00742271728814] [0.0241191852838]
0.016327927354725 [0.00776982773095] [0.0248860269785]
0.01737259747462 [0.00817847345024] [0.026566721499]
0.019102298654610002 [0.00867992639542] [0.0295246709138]
0.021344161126775 [0.00930674839765] [0.0333815738559]
0.02366288984195 [0.010098782368] [0.0372269973159]
0.0258114216849 [0.0112499389797] [0.0403729043901]
0.028336480725550003 [0.0131814489141] [0.043491512537]
0.032672900706550004 [0.0167335942388] [0.0486122071743]
0.040975904092149996 [0.0233731642365] [0.0585786439478]
0.05473330803215 [0.0347830615938] [0.0746835544705]
0.0715983491391 [0.0502022691071] [0.0929944291711]
0.08576921746155 [0.0634768456221] [0.108061589301]
0.09306479617965 [0.0686487928033] [0.117480799556]
0.09590413793909999 [0.0687709450722] [0.123037330806]
0.09674665331845 [0.0673848390579] [0.126108467579]
0.09627100825330001 [0.0652900636196] [0.127251952887]
0.09590252116305001 [0.0631700828671] [0.128634959459]
0.0970799587666 [0.0617087557912] [0.132451161742]
0.10121941380215001 [0.0622217021883] [0.140217125416]
0.10830928012755 [0.0658281669021] [0.150790393353]
0.11888845264895001 [0.0742014497519] [0.163575455546]
0.132961768657 [0.089634411037] [0.176289126277]
0.1502716727555 [0.112505741417] [0.188037604094]
0.1637286022305 [0.134692341089] [0.192764863372]
0.1698667928575 [0.14477366209] [0.194959923625]
0.171715684235 [0.145128011703] [0.198303356767]
0.1750104650855 [0.145412608981] [0.20460832119]
0.18081433326000002 [0.149250373244] [0.212378293276]
0.1838403493165 [0.147346407175] [0.220334291458]
0.18147252500049998 [0.134661450982] [0.228283599019]
0.170252971351 [0.107172474265] [0.233333468437]
0.1550420783462 [0.0829039886594] [0.227180168033]
0.1431734748186 [0.0701371058822] [0.216209843755]
0.13400031626205 [0.0638956129551] [0.204105019569]
0.12799894809735 [0.0605518370867] [0.195446059108]
0.12486252002435 [0.0587925873697] [0.190932452679]
0.1249606348573 [0.0581739768386] [0.191747292876]
0.127929965034 [0.058324623853] [0.197535306215]
0.1326892934739 [0.0587207898498] [0.206657797098]
0.1369069777428 [0.0589753612876] [0.214838594198]
0.13782923668640001 [0.0589215308428] [0.21673694253]
0.136556673795 [0.058733381331] [0.214379966259]
0.13351073302315 [0.0586253739893] [0.208396092057]
0.1317569948731 [0.0589841976762] [0.20452979207]
0.13280980847784998 [0.0597299598157] [0.20588965714]
0.13706607930339998 [0.0609034262598] [0.213228732347]
0.143187761307 [0.062837138772] [0.223538383842]
0.15027770772575 [0.0669273510575] [0.233628064394]
0.1592992283404 [0.0757328048348] [0.242865651846]
0.1727778986095 [0.093872025609] [0.25168377161]
0.191810168326 [0.125028982759] [0.258591353893]
0.209407016635 [0.155394077301] [0.263419955969]
0.21760131418700002 [0.169754624367] [0.265448004007]
0.218039989471 [0.168709814548] [0.267370164394]
0.2047489732505 [0.138610303402] [0.270887643099]
0.1979721970855 [0.11895994097] [0.276984453201]
0.195580966771 [0.10900400579] [0.282157927752]
0.1933729462325 [0.104425154626] [0.282320737839]
0.188941914588 [0.100692011416] [0.27719181776]
0.1801053620877 [0.0969497933984] [0.263260930777]
0.1671286523343 [0.0927963256836] [0.241460978985]
0.15349067002555 [0.0882974714041] [0.218683868647]
0.1422207094729 [0.0840392187238] [0.200402200222]
0.1343230530618 [0.0803241729736] [0.18832193315]
0.129567399621 [0.077115893364] [0.182018905878]
0.12652457132945 [0.0742500349879] [0.178799107671]
0.12353323400015001 [0.0716581195593] [0.175408348441]
0.12068662419929999 [0.0696643069386] [0.17170894146]
0.1176345907153 [0.0686528012156] [0.166616380215]
0.1144519113004 [0.0677730366588] [0.161130785942]
0.11176733300075 [0.0684331431985] [0.155101522803]
0.10964859277024999 [0.0694638341665] [0.149833351374]
0.10792253538970001 [0.0721322223544] [0.143712848425]
0.1069439388811 [0.0744343921542] [0.139453485608]
0.10786380246300001 [0.076464690268] [0.139262914658]
0.10989272966995 [0.0772370323539] [0.142548426986]
0.11313784494995 [0.0779662206769] [0.148309469223]
0.11715909093634999 [0.0789481699467] [0.155370011926]
0.1214825846255 [0.079738073051] [0.1632270962]
0.1258215755223 [0.0813910514116] [0.170252099633]
0.1286361888052 [0.0826338231564] [0.174638554454]
0.1298946253954 [0.0832214727998] [0.176567777991]
0.12899051606675 [0.0828534811735] [0.17512755096]
0.1234989054503 [0.0782479569316] [0.168749853969]
0.11243293434365001 [0.0674876719713] [0.157378196716]
0.10004138573995 [0.0557398125529] [0.144342958927]
0.09056240133935001 [0.0468465201557] [0.134278282523]
0.0856208130718 [0.0412992984056] [0.129942327738]
0.08598018996405 [0.0384964160621] [0.133463963866]
0.0915244258939 [0.0373646393418] [0.145684212446]
0.10014266334475 [0.0370586030185] [0.163226723671]
0.10772300139089999 [0.0370356366038] [0.178410366178]
0.11221302486975 [0.0371264107525] [0.187299638987]
0.11378675699245 [0.0372040271759] [0.190369486809]
0.11373880505539999 [0.0373917669058] [0.190085843205]
0.1140423323957 [0.0374302081764] [0.190654456615]
0.11573446355755 [0.0372336469591] [0.194235280156]
0.11910623498255 [0.0367078818381] [0.201504588127]
0.1255981530995 [0.036769952625] [0.214426353574]
0.1354237329214 [0.0384260378778] [0.232421427965]
0.14899428002535 [0.0425340794027] [0.255454480648]
0.163838978857 [0.050748758018] [0.276929199696]
0.17684651724970002 [0.0619272850454] [0.291765749454]
0.18282906711085 [0.0719933509827] [0.293664783239]
0.18014955148105 [0.0762588307261] [0.284040272236]
0.1720716245471 [0.0755213275552] [0.268621921539]
0.16414887458075 [0.0743577331305] [0.253940016031]
0.15881245583280001 [0.0740034133196] [0.243621498346]
0.15639279410235 [0.0746299549937] [0.238155633211]
0.15563240647325 [0.0757821798325] [0.235482633114]
0.15382502228045 [0.0775439888239] [0.230106055737]
0.14904490113235 [0.0796727389097] [0.218417063355]
0.1400605067612 [0.0827313512564] [0.197389662266]
0.1318270042541 [0.0863953828812] [0.177258625627]
0.12564695626505 [0.0905477106571] [0.160746201873]
0.12228007614615 [0.0950888693333] [0.149471282959]
0.12310808897 [0.102016195655] [0.144199982285]
0.1275086477395 [0.111637741327] [0.143379554152]
0.1339567117395 [0.124551795423] [0.143361628056]
0.14008025079949998 [0.134507998824] [0.145652502775]
0.14591518044500001 [0.141079694033] [0.150750666857]
0.15175449848150002 [0.147767394781] [0.155741602182]
0.1563436761495 [0.153471753001] [0.159215599298]
0.1588147208095 [0.156617373228] [0.161012068391]
0.16078915447 [0.161256447434] [0.160321861506]
0.161718711257 [0.164347395301] [0.159090027213]
0.1615291163325 [0.163921639323] [0.159136593342]
0.16188672184949998 [0.161381587386] [0.162391856313]
0.1638586446645 [0.158951789141] [0.168765500188]
0.1683327108625 [0.159542769194] [0.177122652531]
0.17542270571000002 [0.166476503015] [0.184368908405]
0.1825511902575 [0.178175106645] [0.18692727387]
0.18638093024500002 [0.189426809549] [0.183335050941]
0.1881209760905 [0.200857967138] [0.175383985043]
0.1889271736145 [0.212459072471] [0.165395274758]
0.18982394039599998 [0.22396081686] [0.155687063932]
0.18984530121100002 [0.232804730535] [0.146885871887]
0.1891498267655 [0.237554430962] [0.140745222569]
0.18937383592149998 [0.240049108863] [0.13869856298]
0.188029661775 [0.23591478169] [0.14014454186]
0.1863429248335 [0.22939953208] [0.143286317587]
0.1860309317705 [0.224060863256] [0.148001000285]
0.186937339604 [0.220073699951] [0.153800979257]
0.1867133155465 [0.216930374503] [0.15649625659]
0.180170617998 [0.202741608024] [0.157599627972]
0.169692978263 [0.181857824326] [0.1575281322]
0.150858595967 [0.152915343642] [0.148801848292]
0.1235088668765 [0.119764618576] [0.127253115177]
0.09355121850965001 [0.0903273075819] [0.0967751294374]
0.06977903097865 [0.0696115195751] [0.0699465423822]
0.05512592196465 [0.0579644367099] [0.0522874072194]
0.04688832722605 [0.0516131781042] [0.0421634763479]
