0.08645256608725 [0.0868337079883] [0.0860714241862]
0.0653617884964 [0.0709004700184] [0.0598231069744]
0.04984620027245 [0.0561841838062] [0.0435082167387]
0.0394774787128 [0.044436853379] [0.0345181040466]
0.03322979900985 [0.0363430194557] [0.030116578564]
0.03000706247985 [0.0315291211009] [0.0284850038588]
0.028688920661800003 [0.0289928745478] [0.0283849667758]
0.0283367531374 [0.0277714524418] [0.028902053833]
0.02834359928965 [0.0271650031209] [0.0295221954584]
0.028404685668650002 [0.0269761998206] [0.0298331715167]
0.02863653749225 [0.0273570474237] [0.0299160275608]
0.0290388641879 [0.0281837843359] [0.0298939440399]
0.02953091356905 [0.0292528681457] [0.0298089589924]
0.03017471171915 [0.030453922227] [0.0298955012113]
0.03119021002205 [0.0318011008203] [0.0305793192238]
0.0331000033766 [0.0335697829723] [0.0326302237809]
0.03648987039925 [0.0361044481397] [0.0368752926588]
0.04145404696465 [0.0392624922097] [0.0436456017196]
0.04724351130425 [0.0429837368429] [0.0515032857656]
0.0517600663006 [0.0469916090369] [0.0565285235643]
0.053613053634749996 [0.0507866628468] [0.0564394444227]
0.05359025485815 [0.0539074577391] [0.0532730519772]
0.0531510263681 [0.0567364133894] [0.0495656393468]
0.053193818777799995 [0.0599353089929] [0.0464523285627]
0.053354712203149995 [0.062815785408] [0.0438936389983]
0.0537650864571 [0.0657001584768] [0.0418300144374]
0.0536541920155 [0.0671216472983] [0.0401867367327]
0.05301651358605 [0.0671096295118] [0.0389233976603]
0.0522147733718 [0.0665930509567] [0.0378364957869]
0.0515203438699 [0.0657717660069] [0.0372689217329]
0.050832366570849996 [0.0646284520626] [0.0370362810791]
0.0512802209705 [0.0642534568906] [0.0383069850504]
0.054244088009000005 [0.0660343319178] [0.0424538441002]
0.061351338401450004 [0.0712322443724] [0.0514704324305]
0.07411293312905001 [0.080288618803] [0.0679372474551]
0.0923827253282 [0.0916816592216] [0.0930837914348]
0.113863095641 [0.102973669767] [0.124752521515]
0.1302790269255 [0.110526964068] [0.150031089783]
0.137269798666 [0.11529251188] [0.159247085452]
0.13958921656 [0.11907864362] [0.1600997895]
0.141780793667 [0.122799381614] [0.16076220572]
0.143791720271 [0.125738814473] [0.161844626069]
0.1456080153585 [0.127514719963] [0.163701310754]
0.148822940886 [0.130327954888] [0.167317926884]
0.1550682112575 [0.137404635549] [0.172731786966]
0.1633978262545 [0.147160097957] [0.179635554552]
0.170438222587 [0.15454788506] [0.186328560114]
0.176531173289 [0.16206073761] [0.191001608968]
0.1797584444285 [0.167100504041] [0.192416384816]
0.179771855474 [0.168850883842] [0.190692827106]
0.17727547884 [0.167075186968] [0.187475770712]
0.174116075039 [0.163925379515] [0.184306770563]
0.1688189655545 [0.160719484091] [0.176918447018]
0.160827815533 [0.156784564257] [0.164871066809]
0.14661047607650002 [0.151574745774] [0.141646206379]
0.1287648789585 [0.146649882197] [0.11087987572]
0.11698984727279998 [0.148670703173] [0.0853089913726]
0.11091256514185 [0.151913717389] [0.0699114128947]
0.10332972556360001 [0.143920004368] [0.0627394467592]
0.0964767020195 [0.134582698345] [0.058370705694]
0.0913762468845 [0.12705129385] [0.055701199919]
0.0871112514285 [0.120266616344] [0.053955886513]
0.08366718143235 [0.114610463381] [0.0527238994837]
0.080930242315 [0.11010042578] [0.05176005885]
0.07852059789 [0.106003716588] [0.051037479192]
0.0763971786945 [0.102302521467] [0.050491835922]
0.0746987313032 [0.0994533598423] [0.0499441027641]
0.0737742297351 [0.0983474552631] [0.0492010042071]
0.07297085225585 [0.0975948572159] [0.0483468472958]
0.07098194025455 [0.0944968909025] [0.0474669896066]
0.06842008419335 [0.08988853544] [0.0469516329467]
0.06600826047365 [0.0845674425364] [0.0474490784109]
0.0653816219419 [0.0801476985216] [0.0506155453622]
0.06931176222865 [0.0780006796122] [0.0606228448451]
0.07948844134805 [0.078441940248] [0.0805349424481]
0.09263084456345 [0.0804821848869] [0.10477950424]
0.10083862766615 [0.0831644386053] [0.118512816727]
