0.02656525745985 [0.0424665212631] [0.0106639936566]
0.02606040937826 [0.0421230122447] [0.00999780651182]
0.025396405719215 [0.0416013970971] [0.00919141434133]
0.024655200075365 [0.04101793468] [0.00829246547073]
0.024320147465915 [0.0403478294611] [0.00829246547073]
0.023895961698165002 [0.0394994579256] [0.00829246547073]
0.023306898307065 [0.0383213311434] [0.00829246547073]
0.022572757210565002 [0.0368530489504] [0.00829246547073]
0.02321749785915 [0.0355098992586] [0.0109250964597]
0.02252351259815 [0.0346337594092] [0.0104132657871]
0.022247025277449997 [0.0341953039169] [0.010298746638]
0.0222132867202 [0.0340008549392] [0.0104257185012]
0.0223400327377 [0.0339702367783] [0.0107098286971]
0.0226829610765 [0.034246750176] [0.011119171977]
0.023302611429249998 [0.0349988900125] [0.011606332846]
0.0242006047629 [0.0362264029682] [0.0121748065576]
0.0252935732715 [0.0378046818078] [0.0127824647352]
0.02653383743015 [0.0396616719663] [0.013406002894]
0.02756835892795 [0.0411479286849] [0.013988789171]
0.028166428674 [0.0418243706226] [0.0145084867254]
0.0282024582848 [0.0414196178317] [0.0149852987379]
0.028506860137 [0.0404877178371] [0.0165260024369]
0.02975189313295 [0.0398620516062] [0.0196417346597]
0.032282786443800005 [0.0403223223984] [0.0242432504892]
0.03607193287465 [0.0423835255206] [0.0297603402287]
0.04049590043725 [0.0456655174494] [0.0353262834251]
0.04480646550655 [0.049330573529] [0.0402823574841]
0.0478835757822 [0.0521319061518] [0.0436352454126]
0.049070738256 [0.053015742451] [0.045125734061]
0.0496439542621 [0.0529270507395] [0.0463608577847]
0.050175964832299996 [0.0520457588136] [0.048306170851]
0.05071211978795 [0.051049888134] [0.0503743514419]
0.05110575631265 [0.0503257401288] [0.0518857724965]
0.051531750708800006 [0.0503875017166] [0.052675999701]
0.05255767330525 [0.0519548207521] [0.0531605258584]
0.05502178892495 [0.056071292609] [0.0539722852409]
0.0599812977016 [0.0646174401045] [0.0553451552987]
0.06789496354755001 [0.078900180757] [0.0568897463381]
0.0785014592111 [0.0992631316185] [0.0577397868037]
0.09043476916825 [0.123956367373] [0.0569131709635]
0.10164255090065 [0.148696139455] [0.0545889623463]
0.1124413292857 [0.17310962081] [0.0517730377614]
0.12338559329524999 [0.1971706599] [0.0496005266905]
0.1349248997867 [0.221194460988] [0.0486553385854]
0.1388552095742 [0.228807076812] [0.0489033423364]
0.14127519540485 [0.229632526636] [0.0529178641737]
0.1460321452467 [0.230499744415] [0.0615645460784]
0.1530487574639 [0.23560038209] [0.0704971328378]
0.155394412577 [0.231463551521] [0.079325273633]
0.15120122209185 [0.214780345559] [0.0876220986247]
0.14468306303035 [0.194039732218] [0.0953263938427]
0.138919569552 [0.174305230379] [0.103533908725]
0.137169830501 [0.159113898873] [0.115225762129]
0.139040738344 [0.149179473519] [0.128902003169]
0.1419496834275 [0.142428383231] [0.141470983624]
0.1425723508 [0.138911217451] [0.146233484149]
0.1399437338115 [0.13478282094] [0.145104646683]
0.1352681145075 [0.129109486938] [0.141426742077]
0.1300716549155 [0.121567815542] [0.138575494289]
0.1242538504305 [0.109925217927] [0.138582482934]
0.11629126966020001 [0.0943247526884] [0.138257786632]
0.10808971151705 [0.0784842893481] [0.137695133686]
0.1007878407835 [0.066013276577] [0.13556240499]
0.09618618711815 [0.0563546791673] [0.136017695069]
0.0932031776758 [0.0493860952556] [0.137020260096]
0.0920738689599 [0.0451421961188] [0.139005541801]
0.08908148109899999 [0.042885646224] [0.135277315974]
0.07984518632275 [0.0419377833605] [0.117752589285]
0.07970433682190001 [0.0416513755918] [0.117757298052]
0.08027567900695 [0.0415770001709] [0.118974357843]
0.08156483620405 [0.0412949025631] [0.121834769845]
0.08359882794295 [0.0408879779279] [0.126309677958]
0.08607401885105 [0.0404152013361] [0.131732836366]
0.0883144102991 [0.0398803129792] [0.136748507619]
0.08967193029819999 [0.0392921827734] [0.140051677823]
0.09047816134969999 [0.0394020564854] [0.141554266214]
0.09171345457415 [0.0411380007863] [0.142288908362]
0.09391735307865 [0.0452188514173] [0.14261585474]
0.0967203769833 [0.0517284460366] [0.14171230793]
0.1004912555218 [0.0592702031136] [0.14171230793]
