0.07063815649595 [0.117984548211] [0.0232917647809]
0.0783721432092 [0.134360596538] [0.0223836898804]
0.0832080161198 [0.14530454576] [0.0211114864796]
0.0880108578129 [0.156418830156] [0.0196028854698]
0.09314815280955 [0.17144459486] [0.0148517107591]
0.1016639606098 [0.189332172275] [0.0139957489446]
0.1050752308219 [0.19669406116] [0.0134564004838]
0.1002843752504 [0.187308445573] [0.0132603049278]
0.09264654712755001 [0.171804830432] [0.0134882638231]
0.08642705436795001 [0.158725425601] [0.0141286831349]
0.08431065361935 [0.153603211045] [0.0150180961937]
0.0817693741994 [0.148825630546] [0.0147131178528]
0.07839265651989999 [0.14300532639] [0.0137799866498]
0.07350305467870001 [0.134227842093] [0.0127782672644]
0.067015883047 [0.121914938092] [0.012116828002]
0.05924548301835 [0.106506898999] [0.0119840670377]
0.05177831696345 [0.0904271677136] [0.0131294662133]
0.044830123893899995 [0.0759991779923] [0.0136610697955]
0.03926347289235 [0.0648560151458] [0.0136709306389]
0.0369502454996 [0.05742264539] [0.0164778456092]
0.03467422816905 [0.0529527179897] [0.0163957383484]
0.0335001368076 [0.050227932632] [0.0167723409832]
0.032709902152449996 [0.0479737147689] [0.017446089536]
0.0318967727944 [0.0455696098506] [0.0182239357382]
0.03099702391775 [0.0429250188172] [0.0190690290183]
0.03022560663525 [0.0404771305621] [0.0199740827084]
0.03053714148705 [0.0380596518517] [0.0230146311224]
0.031336024403600005 [0.0359772369266] [0.0266948118806]
0.0315504511818 [0.0337621979415] [0.0293387044221]
0.0310169532895 [0.03198152408] [0.030052382499]
0.030480816029 [0.0310100764036] [0.0299515556544]
0.03108046669515 [0.0315472222865] [0.0306137111038]
0.034267770126450006 [0.0346317403018] [0.0339037999511]
0.041621992364499996 [0.0414198003709] [0.0418241843581]
0.05450028181075 [0.0528265349567] [0.0561740286648]
0.0718965046108 [0.0682436451316] [0.07554936409]
0.0859995484352 [0.0815376713872] [0.0904614254832]
0.0903184451163 [0.0884312167764] [0.0922056734562]
0.08960755169395 [0.0908616036177] [0.0883534997702]
0.08661300688984999 [0.0896971151233] [0.0835288986564]
0.0834819227457 [0.0885743498802] [0.0783894956112]
0.07969966158275 [0.0855951532722] [0.0738041698933]
0.0759725868702 [0.0813483521342] [0.0705968216062]
0.07220493257044999 [0.0782494172454] [0.0661604478955]
0.06420335546135 [0.0745634809136] [0.0538432300091]
0.04891800507905 [0.066183783114] [0.0316522270441]
0.0346400057897 [0.0515995696187] [0.0176804419607]
0.02725164871665 [0.0377757586539] [0.0167275387794]
0.02196246758105 [0.0282659921795] [0.0156589429826]
0.0185549207963 [0.0225392337888] [0.0145706078038]
0.01644670031965 [0.0193487890065] [0.0135446116328]
0.01509731030095 [0.017588775605] [0.0126058449969]
0.014210564549999999 [0.016625104472] [0.011796024628]
0.01359685743225 [0.0160741265863] [0.0111195882782]
0.0131873576902 [0.015792157501] [0.0105825578794]
0.013073441572449999 [0.0156379304826] [0.0105089526623]
0.01294878171755 [0.015693500638] [0.0102040627971]
0.012828961480405 [0.0159213617444] [0.00973656121641]
0.01296756323429 [0.0163303650916] [0.00960476137698]
0.013243020512145001 [0.0167626123875] [0.00972342863679]
0.0138802072033 [0.0172510128468] [0.0105094015598]
0.0162114063278 [0.018067618832] [0.0143551938236]
0.01749107427895 [0.0197486523539] [0.015233496204]
0.019490198232249997 [0.0228002481163] [0.0161801483482]
0.022362397983700003 [0.0273107979447] [0.0174139980227]
0.02596746291965 [0.0328133665025] [0.0191215593368]
0.0296983718872 [0.0380796082318] [0.0213171355426]
0.0332756629214 [0.0428140535951] [0.0237372722477]
0.03686189465225 [0.0476822890341] [0.0260415002704]
0.04069893248375 [0.0534908547997] [0.0279070101678]
0.047616122290499996 [0.0618850663304] [0.0333471782506]
0.05869003757835 [0.0731384903193] [0.0442415848374]
0.07604214921595001 [0.0866934731603] [0.0653908252716]
0.0996805094182 [0.0991891250014] [0.100171893835]
0.1228390820325 [0.10667065531] [0.139007508755]
0.13532466441399998 [0.109584733844] [0.161064594984]
0.1394771710035 [0.11040225625] [0.168552085757]
0.13846845924850001 [0.110576689243] [0.166360229254]
0.1351377777755 [0.10747525841] [0.162800297141]
0.129251156002 [0.101620547473] [0.156881764531]
0.12002981454145 [0.0942798703909] [0.145779758692]
0.1110646910967 [0.0874649211764] [0.134664461017]
0.1037392392754 [0.0823931396008] [0.12508533895]
0.0986419506372 [0.0793300271034] [0.117953874171]
0.095556817949 [0.076794244349] [0.114319391549]
0.0949182510374 [0.0751209706068] [0.114715531468]
0.09646534174704999 [0.0738408043981] [0.119089879096]
0.0992418341337 [0.0724305287004] [0.126053139567]
0.10268547758455 [0.0718499645591] [0.13352099061]
0.1051627919077 [0.0723266750574] [0.137998908758]
0.1059137806295 [0.074357509613] [0.137470051646]
0.1053351722658 [0.0779262557626] [0.132744088769]
0.10476262494895 [0.0825680121779] [0.12695723772]
0.10706787556399999 [0.089343175292] [0.124792575836]
0.1131744347513 [0.0999210998416] [0.126427769661]
0.12121358886400001 [0.112945236266] [0.129481941462]
0.1312306523325 [0.126869440079] [0.135591864586]
0.1403577178715 [0.138151183724] [0.142564252019]
0.145471602678 [0.144389092922] [0.146554112434]
0.146470524371 [0.145347848535] [0.147593200207]
0.1444763317705 [0.142712831497] [0.146239832044]
0.1362017467615 [0.132188543677] [0.140214949846]
