0.022775086108585002 [0.00397104863077] [0.0415791235864]
0.02574668335729 [0.00435698172078] [0.0471363849938]
0.028037252835924998 [0.00473562814295] [0.0513388775289]
0.028740046778704998 [0.00481244595721] [0.0526676476002]
0.02773411897942 [0.00453965272754] [0.0509285852313]
0.02597533189693 [0.00410312088206] [0.0478475429118]
0.024227432906625 [0.00371561944485] [0.0447392463684]
0.022949616191915 [0.00343665247783] [0.042462579906]
0.022265861276529998 [0.00325345341116] [0.0412782691419]
0.0221092742868 [0.0031563276425] [0.0410622209311]
0.022288094274725 [0.00312168337405] [0.0414545051754]
0.022750138188715 [0.00318407802843] [0.042316198349]
0.02356526406949 [0.00329629261978] [0.0438342355192]
0.02489174739459 [0.00348719628528] [0.0462962985039]
0.026751273893755 [0.00369378854521] [0.0498087592423]
0.02885456103833 [0.00391657464206] [0.0537925474346]
0.03111020685172 [0.00413861172274] [0.0580818019807]
0.033323890063929995 [0.00438157562166] [0.0622662045062]
0.03592553013002 [0.00475130276754] [0.0670997574925]
0.039256222080415 [0.00540494080633] [0.0731075033545]
0.043329807696875 [0.00657506799325] [0.0800845474005]
0.048185321036735 [0.00854433048517] [0.0878263115883]
0.0526075758971 [0.0112670930102] [0.093948058784]
0.05437095882375 [0.0139658013359] [0.0947761163116]
0.05314742494375 [0.0154130849987] [0.0908817648888]
0.05056526418775 [0.0156490635127] [0.0854814648628]
0.047637595329400005 [0.0153289036825] [0.0799462869763]
0.0452542495914 [0.0150800580159] [0.0754284411669]
0.0435651615262 [0.0148426219821] [0.0722877010703]
0.042539895977799995 [0.0146342916414] [0.0704455003142]
0.0420606224798 [0.0144493086264] [0.0696719363332]
0.042198502924299996 [0.0144478259608] [0.0699491798878]
0.0426265792921 [0.0145942736417] [0.0706588849425]
0.043667783029349996 [0.0148976985365] [0.0724378675222]
0.04480936611075 [0.0154165150598] [0.0742022171617]
0.045271480456 [0.0161568932235] [0.0743860676885]
0.0445801522583 [0.0169134773314] [0.0722468271852]
0.0431267740205 [0.0174717698246] [0.0687817782164]
0.04153262171895 [0.0176723841578] [0.0653928592801]
0.0400455230847 [0.0174463260919] [0.0626447200775]
0.0402743732557 [0.0170180704445] [0.0635306760669]
0.0422851582989 [0.0165341999382] [0.0680361166596]
0.04554564878344999 [0.0161058455706] [0.0749854519963]
0.04903432074935 [0.015654431656] [0.0824142098427]
0.0516091166064 [0.0150752421468] [0.088142991066]
0.0529354480095 [0.0142998555675] [0.0915710404515]
0.05284887645395 [0.0134020317346] [0.0922957211733]
0.05153466342015 [0.0125465383753] [0.090522788465]
0.04953561816365 [0.0118340346962] [0.0872372016311]
0.047505532856999995 [0.0113302869722] [0.0836807787418]
0.046692199539399994 [0.0109106739983] [0.0824737250805]
0.048088754527250005 [0.010514145717] [0.0856633633375]
0.0516302976757 [0.0100873894989] [0.0931732058525]
0.05700896121559 [0.00967312976718] [0.104344792664]
0.063886872026995 [0.00938886869699] [0.118384875357]
0.069931268226155 [0.00924430694431] [0.130618229508]
0.07361323991771 [0.00934162456542] [0.13788485527]
0.074747278355145 [0.00954569689929] [0.139948859811]
0.07400906644768 [0.00984462723136] [0.138173505664]
0.07216791203235 [0.0102210668847] [0.13411475718]
0.07080823369320001 [0.0106217451394] [0.130994722247]
0.0706784101204 [0.0109093878418] [0.130447432399]
0.07263060705755 [0.0109401801601] [0.134321033955]
0.07562157977385 [0.0107821766287] [0.140460982919]
0.07826951891174999 [0.0105520784855] [0.145986959338]
0.0782304331661 [0.0104402899742] [0.146020576358]
0.07521052518835 [0.0105402590707] [0.139880791306]
0.07087788404880001 [0.0106785679236] [0.131077200174]
