0.029701546300179998 [0.00472636241466] [0.0546767301857]
0.02984632179142 [0.00493582710624] [0.0547568164766]
0.02977325394749 [0.00500220432878] [0.0545443035662]
0.02928314008749 [0.00489478604868] [0.0536714941263]
0.028504625661315 [0.00462375720963] [0.052385494113]
0.0277819579933 [0.0043409508653] [0.0512229651213]
0.027639091713345 [0.00409931829199] [0.0511788651347]
0.02812755526974 [0.00394151825458] [0.0523135922849]
0.029239733354175002 [0.00387353566475] [0.0546059310436]
0.030771223828205 [0.00387594848871] [0.0576664991677]
0.032327883178355 [0.00391479628161] [0.0607409700751]
0.033525387058054995 [0.00396459968761] [0.0630861744285]
0.03404162661171 [0.00400149496272] [0.0640817582607]
0.034001874970285 [0.00398229667917] [0.0640214532614]
0.03381977975369 [0.00388652086258] [0.0637530386448]
0.03389947803224 [0.00380509230308] [0.0639938637614]
0.034412297536615 [0.00371239171363] [0.0651122033596]
0.035697082173989994 [0.00368152209558] [0.0677126422524]
0.03794442489745 [0.0037499666214] [0.0721388831735]
0.04108387627641 [0.00398936169222] [0.0781783908606]
0.045021804980910005 [0.00444204173982] [0.085601568222]
0.049440772505455 [0.00521688396111] [0.0936646610498]
0.053549351869035 [0.00637907302007] [0.100719630718]
0.056613297667184995 [0.00830854009837] [0.104918055236]
0.05879209144065 [0.0118886223063] [0.105695560575]
0.0600579632444 [0.0170429181308] [0.103073008358]
0.06156658474355 [0.0233846399933] [0.0997485294938]
0.0642073210329 [0.0299940817058] [0.09842056036]
0.0662957504392 [0.0352958366275] [0.0972956642509]
0.06654577143490001 [0.0386957265437] [0.0943958163261]
0.06458247452975 [0.0411719381809] [0.0879930108786]
0.061367103830000005 [0.0440660826862] [0.0786681249738]
0.05979404598475001 [0.0485141724348] [0.0710739195347]
0.060423426330100005 [0.0546417832375] [0.0662050694227]
0.0625585038215 [0.0615934319794] [0.0635235756636]
0.0646111089736 [0.0678299888968] [0.0613922290504]
0.06548684090375 [0.0722544342279] [0.0587192475796]
0.06531453318895 [0.0749061480165] [0.0557229183614]
0.0639813654125 [0.0749166607857] [0.0530460700393]
0.061413640156349994 [0.0718953311443] [0.0509319491684]
0.05824337154630001 [0.0674377754331] [0.0490489676595]
0.054243607446550005 [0.0609611794353] [0.0475260354578]
0.0503954105079 [0.0537984371185] [0.0469923838973]
0.0472468417138 [0.0461253374815] [0.0483683459461]
0.044371804222450004 [0.0367141403258] [0.0520294681191]
0.042361419647899995 [0.0272427462041] [0.0574800930917]
0.0419331667945 [0.0202866178006] [0.0635797157884]
0.04285884834825 [0.0157987140119] [0.0699189826846]
0.044496992602949995 [0.0130584128201] [0.0759355723858]
0.04723582835865 [0.0113219777122] [0.0831496790051]
0.05173182766885 [0.0101378168911] [0.0933258384466]
0.057894355617445 [0.00932874344289] [0.106459967792]
0.06488638231509 [0.00877072382718] [0.121002040803]
0.071478145662785 [0.00851145852357] [0.134444832802]
0.076376374345025 [0.00860176142305] [0.144150987267]
0.07896824786434499 [0.00878227967769] [0.149154216051]
0.07925782585496 [0.00899607408792] [0.149519577622]
0.07709134230406 [0.00913960952312] [0.145043075085]
0.07258858904243501 [0.00927247852087] [0.135904699564]
0.06695402460174 [0.00957618001848] [0.124331869185]
0.06282112561155001 [0.0103155039251] [0.115326747298]
0.061746694613149994 [0.0116216847673] [0.111871704459]
0.06327868252975 [0.0134263932705] [0.113130971789]
0.06592227285735 [0.0152850253507] [0.116559520364]
0.0679553868251 [0.0166846755892] [0.119226098061]
0.068531937897 [0.017542809248] [0.119521066546]
0.0677942736076 [0.0182105507702] [0.117377996445]
0.06635296996705 [0.0190194156021] [0.113686524332]
0.0646817171945 [0.019962945953] [0.109400488436]
0.0622099163013 [0.0207226965576] [0.103697136045]
0.058516710996599997 [0.0211477577686] [0.0958856642246]
0.0541766937822 [0.0210383273661] [0.0873150601983]
0.0506347408518 [0.020748777315] [0.0805207043886]
0.048781418241549995 [0.0207311529666] [0.0768316835165]
0.049015987664450006 [0.0213777348399] [0.076654240489]
0.0513197509572 [0.0226051788777] [0.0800343230367]
0.054290621541400005 [0.0241024997085] [0.0844787433743]
0.0539279077202 [0.0250530652702] [0.0828027501702]
0.04983535036445 [0.0255063846707] [0.0741643160582]
0.04404936172065 [0.0242573432624] [0.0638413801789]
0.038727283477799995 [0.0212271362543] [0.0562274307013]
0.034754582680750004 [0.0175888966769] [0.0519202686846]
0.03238771948965 [0.0145196374506] [0.0502558015287]
0.03127334313465 [0.0123390527442] [0.0502076335251]
0.03115466050805 [0.0109362900257] [0.0513730309904]
0.0320380209014 [0.0100135076791] [0.0540625341237]
0.033645200077455 [0.00938909221441] [0.0579013079405]
0.035310999956 [0.0089195696637] [0.0617024302483]
0.036079932004200004 [0.0085675790906] [0.0635922849178]
0.035613175015895004 [0.00818707700819] [0.0630392730236]
0.034400571370505 [0.00780952395871] [0.0609916187823]
0.033511880785245 [0.00736150890589] [0.0596622526646]
0.033595311222625 [0.00688813766465] [0.0603024847806]
0.034952852642185 [0.00632410449907] [0.0635816007853]
0.037851406959825 [0.00583631312475] [0.0698665007949]
0.04181551351211 [0.00552204577252] [0.0781089812517]
0.04582404089159 [0.00553825730458] [0.0861098244786]
0.048839618917555 [0.00594426225871] [0.0917349755764]
0.050047594122565 [0.00659798644483] [0.0934972018003]
0.050441418075935 [0.00722875492647] [0.0936540812254]
0.05063649825753 [0.00776973739266] [0.0935032591224]
0.051006621681165 [0.00827521644533] [0.093738026917]
0.052246745675825004 [0.00886902958155] [0.0956244617701]
0.05490332050268 [0.00952006783336] [0.100286573172]
0.0594202401116 [0.0104866344482] [0.108353845775]
0.06565068569055 [0.0116558652371] [0.119645506144]
0.0726176043972 [0.0129769872874] [0.132258221507]
0.07850303407765 [0.0140472780913] [0.142958790064]
0.08200579555694999 [0.0144223356619] [0.149589255452]
0.08244308736190001 [0.0140337329358] [0.150852441788]
0.0802695108578 [0.0131784882396] [0.147360533476]
0.07735071377815 [0.0123051116243] [0.142396315932]
0.0750897312538 [0.0116058755666] [0.138573586941]
0.07394634187230001 [0.0112774819136] [0.136615201831]
0.07344317482805 [0.0113757709041] [0.135510578752]
0.07330504059805 [0.0117874443531] [0.134822636843]
0.07270988775415 [0.0122705986723] [0.133149176836]
0.0712420335042 [0.0125401001424] [0.129943966866]
0.06902931677195 [0.0125917354599] [0.125466898084]
0.06727370154125 [0.0125084947795] [0.122038908303]
0.0664226431399 [0.0124393887818] [0.120405897498]
0.06649443926305 [0.0124916443601] [0.120497234166]
0.0671716113573 [0.0127788567916] [0.121564365923]
0.06809027912085 [0.0134490812197] [0.122731477022]
0.0695961038583 [0.0146027123556] [0.124589495361]
0.0721733383836 [0.0163343772292] [0.128012299538]
0.07567478809505 [0.0184609908611] [0.132888585329]
0.07896775472935 [0.0205915216357] [0.137343987823]
0.0811495296659 [0.0222956761718] [0.14000338316]
0.081437397748 [0.023269765079] [0.139605030417]
0.08110980503265 [0.0235919319093] [0.138627678156]
0.0815850580112 [0.0235847402364] [0.139585375786]
0.08356039971125 [0.0235750079155] [0.143545791507]
0.08536690846075 [0.0233981236815] [0.14733569324]
0.08526119496675 [0.0227687787265] [0.147753611207]
0.08135923091335 [0.0217161346227] [0.141002327204]
0.07516447454675 [0.0207241773605] [0.129604771733]
0.0691749220715 [0.020164033398] [0.118185810745]
0.0645173387604 [0.0198813024908] [0.10915337503]
0.0609991727396 [0.0195062737912] [0.102492071688]
0.058172388933599994 [0.0187991838902] [0.097545593977]
0.0554303340614 [0.017645187676] [0.0932154804468]
0.05291602853685 [0.0163135472685] [0.0895185098052]
0.05131011642515 [0.015160318464] [0.0874599143863]
0.05098367435855 [0.0144076189026] [0.0875597298145]
0.0519391093403 [0.0141480900347] [0.0897301286459]
0.05403340794145 [0.0142773725092] [0.0937894433737]
0.0568572226912 [0.0147396139801] [0.0989748314023]
0.0599248996002 [0.0154872667044] [0.104362532496]
0.06329934019595 [0.0162693057209] [0.110329374671]
0.06680628564185 [0.0167329069227] [0.116879664361]
0.0696738846599 [0.0166219770908] [0.122725792229]
0.072133061476 [0.016075918451] [0.128190204501]
0.0746943252163 [0.0156171862036] [0.133771464229]
0.07792761269965 [0.0157012362033] [0.140153989196]
0.0822434062139 [0.0164063442498] [0.148080468178]
0.0875096684324 [0.0176934432238] [0.157325893641]
0.09329022001500001 [0.019160380587] [0.167420059443]
0.09967146907005 [0.0204061735421] [0.178936764598]
0.10379152093065 [0.0209669489413] [0.18661609292]
0.1058082524687 [0.0209145732224] [0.190701931715]
0.10470966808490001 [0.0208627991378] [0.188556537032]
0.101182382554 [0.021239079535] [0.181125685573]
0.09729932062305 [0.0223215632141] [0.172277078032]
