0.009850197180644999 [0.00100430042949] [0.0186960939318]
0.010243652097394999 [0.00100430042949] [0.0194830037653]
0.010599190078194999 [0.00100430042949] [0.0201940797269]
0.015283661428850001 [0.0096268588677] [0.02094046399]
0.01460128044709 [0.00727013219148] [0.0219324287027]
0.014213765505695 [0.00527747254819] [0.0231500584632]
0.01450944389215 [0.004013647791] [0.0250052399933]
0.015736990724675 [0.00338876084425] [0.0280852206051]
0.01813318475614 [0.00314220204018] [0.0331241674721]
0.02181180636399 [0.00309042772278] [0.0405331850052]
0.02619842614511 [0.00315334252082] [0.0492435097694]
0.029724392225054998 [0.00327592180111] [0.056172862649]
0.031449235393645 [0.00345281767659] [0.0594456531107]
0.031900383532055 [0.00363007932901] [0.0601706877351]
0.03173360065555 [0.0037707653828] [0.0596964359283]
0.031227856990875 [0.00375529774465] [0.0587004162371]
0.03051617147868 [0.00374134560116] [0.0572909973562]
0.029632552294065 [0.00375593965873] [0.0555091649294]
0.02860548614991 [0.00385863496922] [0.0533523373306]
0.027413244824865 [0.00420769955963] [0.0506187900901]
0.02641222043892 [0.00470982445404] [0.0481146164238]
0.025333452038465 [0.00477741472423] [0.0458894893527]
0.02301516477018 [0.00419750250876] [0.0418328270316]
0.01847943628673 [0.00318241049536] [0.0337764620781]
0.01375065010505 [0.0022730382625] [0.0252282619476]
0.010416621633365 [0.00166058226023] [0.0191726610065]
0.00849242589902 [0.00129482499324] [0.0156900268048]
0.0075024111429250005 [0.00108095188625] [0.0139238703996]
0.007084393524577 [0.000960061559454] [0.0132087254897]
0.00699204564444 [0.00090002611978] [0.0130840651691]
0.007086010329668 [0.000907196023036] [0.0132648246363]
0.007257126417239501 [0.000975817732979] [0.0135384351015]
0.007376509602204999 [0.00104258465581] [0.0137104345486]
0.007420603244124999 [0.00106700800825] [0.01377419848]
0.007366406614915 [0.00102158240043] [0.0137112308294]
0.007270071480865 [0.00094346201513] [0.0135966809466]
0.00723615838795 [0.0009271146846] [0.0135452020913]
0.007304244296382999 [0.000965957704466] [0.0136425308883]
0.0075993917416599995 [0.00107653951272] [0.0141222439706]
0.008278187597164999 [0.00128568755463] [0.0152706876397]
0.009572784940265 [0.00162880972493] [0.0175167601556]
0.011824491666614999 [0.00216548191383] [0.0214835014194]
0.0155100316042 [0.0029310521204] [0.028089011088]
0.021045132773005 [0.00396419549361] [0.0381260700524]
0.028275202261305 [0.00513125443831] [0.0514191500843]
0.035644269082705 [0.00602265167981] [0.0652658864856]
0.04159057326613 [0.00630481913686] [0.0768763273954]
0.044921358814474996 [0.00644184229895] [0.08340087533]
0.04566921410151 [0.00676916027442] [0.0845692679286]
0.046187977306535 [0.00748041830957] [0.0848955363035]
0.047323163133125 [0.00837904866785] [0.0862672775984]
0.04889575438576 [0.00923115108162] [0.0885603576899]
0.051147160120285 [0.00977963395417] [0.0925146862864]
0.054213009774695 [0.00994625687599] [0.0984797626734]
0.058082706295185 [0.00976807437837] [0.106397338212]
0.0626743235623 [0.0094791026786] [0.115869544446]
0.06808833125985 [0.0092186499387] [0.126958012581]
0.07306612282990001 [0.0091544687748] [0.136977776885]
0.07690456323346 [0.00917012616992] [0.144639000297]
0.07989215757707 [0.00927020423114] [0.150514110923]
0.083324937149805 [0.00935294851661] [0.157296925783]
0.08817906631151 [0.00933357980102] [0.167024552822]
0.09355090837925499 [0.00923811458051] [0.177863702178]
0.09764963667849 [0.00915061496198] [0.186148658395]
0.099736440926645 [0.00915742665529] [0.190315455198]
0.10009156260650501 [0.00934486277401] [0.190838262439]
0.09922865778197 [0.00968953967094] [0.188767775893]
0.09799570078025001 [0.0100863026455] [0.185905098915]
0.0965396026148 [0.0104279685766] [0.182651236653]
0.0955023751595 [0.010654729791] [0.180350020528]
0.0955426399595 [0.010837555863] [0.180247724056]
0.0973536260428 [0.0110515132546] [0.183655738831]
0.09968948084865 [0.0114817414433] [0.187897220254]
0.10106638073935 [0.0121578276157] [0.189974933863]
0.10055150510755 [0.0129614854231] [0.188141524792]
0.09748222166685 [0.0135549502447] [0.181409493089]
0.09205216076245 [0.0136287491769] [0.170475572348]
0.0855984250083 [0.0130386371166] [0.1581582129]
0.07969609089185 [0.0120574124157] [0.147334769368]
0.0752267190255 [0.011055235751] [0.1393982023]
0.0716953254307 [0.0102796060964] [0.133111044765]
0.06782742729400501 [0.00981813948601] [0.125836715102]
0.06401179172093499 [0.00967079028487] [0.118352793157]
0.06182325351996 [0.00972788967192] [0.113918617368]
0.061287740245625 [0.00983675941825] [0.112738721073]
0.06094415159911 [0.00980698410422] [0.112081319094]
0.060329376719955 [0.00955490581691] [0.111103847623]
0.059098469559295 [0.00907092262059] [0.109126016498]
0.05753241619086 [0.00850408803672] [0.106560744345]
0.056461892090685 [0.00810378603637] [0.104819998145]
0.05632869526723 [0.00806560367346] [0.104591786861]
0.05749315954743 [0.00847167149186] [0.106514647603]
0.059566594660355 [0.00929243117571] [0.109840758145]
0.06215905537815 [0.0103919534013] [0.113926157355]
0.06492201006055 [0.0116298375651] [0.118214182556]
0.0678738486024 [0.0129038654268] [0.122843831778]
0.0712523595432 [0.0142068685964] [0.12829785049]
0.0748886917716 [0.0154325226322] [0.134344860911]
0.07885705586535 [0.0165992807597] [0.141114830971]
0.08340177964445 [0.0177158620209] [0.149087697268]
0.08649289701125 [0.0188119430095] [0.154173851013]
0.08627356309419999 [0.0197866056114] [0.152760520577]
0.08417621999975 [0.0204425901175] [0.147909849882]
0.082684619352 [0.020566534251] [0.144802704453]
0.08182729780664999 [0.0202175676823] [0.143437027931]
0.0816864222288 [0.0196420550346] [0.143730789423]
0.08166483882825 [0.0191723722965] [0.14415730536]
0.08149570506085 [0.0190258529037] [0.143965557218]
0.08061162289205001 [0.0190557967871] [0.142167448997]
0.0786060784012 [0.0189913101494] [0.138220846653]
0.07602059748035 [0.0186709146947] [0.133370280266]
0.0733637986706 [0.0182204451412] [0.1285071522]
0.07101229205705 [0.0178606882691] [0.124163895845]
0.07017635647225 [0.0177051294595] [0.122647583485]
0.07086663413805 [0.0176576692611] [0.124075599015]
0.07177862618139999 [0.0174983609468] [0.126058891416]
0.07086847629375001 [0.0170695167035] [0.124667435884]
0.06818721350279999 [0.0164805781096] [0.119893848896]
0.06552013289190001 [0.0159863065928] [0.115053959191]
0.0651066545399 [0.0157950557768] [0.114418253303]
0.066855641082 [0.015919033438] [0.117792248726]
0.069289682433 [0.016262549907] [0.122316814959]
