0.046925199450935 [0.00497801834717] [0.0888723805547]
0.046592579456065 [0.00422986829653] [0.0889552906156]
0.04653605597557 [0.00374300335534] [0.0893291085958]
0.046631690813205 [0.00341527303681] [0.0898481085896]
0.046440423233450004 [0.0031588464044] [0.0897220000625]
0.045779542415415 [0.00288645434193] [0.0886726304889]
0.044925629510525006 [0.00260198744945] [0.0872492715716]
0.04405707842671 [0.00231285346672] [0.0858013033867]
0.043151234393 [0.0020580238197] [0.0842444449663]
0.04234721226387 [0.00186357821804] [0.0828308463097]
0.041753936617155 [0.00173068058211] [0.0817771926522]
0.04163872706703 [0.00171325867996] [0.0815641954541]
0.04246925906047 [0.00173086614814] [0.0832076519728]
0.044442982063610005 [0.00173829612322] [0.087147668004]
0.047413092048355004 [0.00170259911101] [0.0931235849857]
0.050839990319205004 [0.00160644936841] [0.10007353127]
0.05413388670409 [0.00151913287118] [0.106748640537]
0.057112219801865 [0.00146178726573] [0.112762652338]
0.05995569977691 [0.00144863582682] [0.118462763727]
0.06399092276127 [0.00146913924254] [0.12651270628]
0.069995950208885 [0.00155693897977] [0.138434961438]
0.07641039398731 [0.00164014811162] [0.151180639863]
0.08052767004094499 [0.00171364715789] [0.159341692924]
0.079658422677165 [0.00176254671533] [0.157554298639]
0.07409907993837 [0.00175635749474] [0.146441802382]
0.06661457463646 [0.00171197741292] [0.13151717186]
0.059623940615205 [0.00159834837541] [0.117649532855]
0.05415274214449 [0.00150188081898] [0.10680360347]
0.05020264000631 [0.00147964479402] [0.0989256352186]
0.046740484947794994 [0.00155001424719] [0.0919309556484]
0.04293218138627 [0.00169752305374] [0.0841668397188]
0.0380513352575 [0.0018310660962] [0.0742716044188]
0.03255106194412 [0.00191676733084] [0.0631853565574]
0.02760234364539 [0.00189703481738] [0.0533076524734]
0.023896797327320002 [0.00184382265434] [0.0459497720003]
0.02139460667966 [0.00176599994302] [0.0410232134163]
0.020021150703515 [0.00175117864273] [0.0382911227643]
0.019366014632375 [0.00179976574145] [0.0369322635233]
0.019310329691515 [0.00191266206093] [0.0367079973221]
0.019661251339144998 [0.00207319087349] [0.0372493118048]
0.020441554835995 [0.00221677194349] [0.0386663377285]
0.021256281994285 [0.00234121643007] [0.0401713475585]
0.021679491386735 [0.00241632503457] [0.0409426577389]
0.02165641414467 [0.00241627846844] [0.0408965498209]
0.021343699656405 [0.00239826180041] [0.0402891375124]
0.02105630340518 [0.00242525641806] [0.0396873503923]
0.02102287032174 [0.00255817756988] [0.0394875630736]
0.02145113202279 [0.00280931522138] [0.0400929488242]
0.02237230353058 [0.00314465910196] [0.0415999479592]
0.023761700373125 [0.00349331554025] [0.044030085206]
0.02545844635459 [0.00373425078578] [0.0471826419234]
0.027205890626645 [0.00373873976059] [0.0506730414927]
0.028861205093550002 [0.0035326462239] [0.0541897639632]
0.03037119260987 [0.00326755968854] [0.0574748255312]
0.03179160994476 [0.00306611740962] [0.0605171024799]
0.033432803466005 [0.00300534698181] [0.0638602599502]
0.035627087811025 [0.00303897680715] [0.0682151988149]
0.038554945960655 [0.00312467291951] [0.0739852190018]
0.042048534960484996 [0.00320139271207] [0.0808956772089]
0.04541221878024 [0.00321567547508] [0.0876087620854]
0.047930183936825 [0.00312096462585] [0.0927394032478]
0.04752092924901 [0.00294285500422] [0.0920990034938]
0.04343623411841 [0.00272313738242] [0.0841493308544]
0.03846759244335 [0.0025741213467] [0.07436106354]
0.03458875254727 [0.00251310737804] [0.0666643977165]
0.032184051116905 [0.00252750841901] [0.0618405938148]
0.031299614463955 [0.00261741713621] [0.0599818117917]
0.03152194514403 [0.00279508321546] [0.0602488070726]
0.032212588936095 [0.00300414860249] [0.0614210292697]
0.032865586690585 [0.00316333584487] [0.0625678375363]
0.032901514903665004 [0.00326234963723] [0.0625406801701]
0.032484158524305 [0.00333218579181] [0.0616361312568]
0.031682909699165 [0.00346143031493] [0.0599043890834]
0.030705602024685003 [0.00368020148017] [0.0577310025692]
0.029718470526880002 [0.00394661864266] [0.0554903224111]
0.028916040435425 [0.00418807938695] [0.0536440014839]
0.028662380063905 [0.00430692406371] [0.0530178360641]
0.029224608559155003 [0.00425076950341] [0.0541984476149]
0.030588359804825 [0.00412756809965] [0.05704915151]
0.032015243778025 [0.00411456869915] [0.0599159188569]
0.032778306864190004 [0.00436913780868] [0.0611874759197]
0.03257662127725 [0.0049460134469] [0.0602072291076]
0.031506456201905 [0.00582931889221] [0.0571835935116]
0.03010761830958 [0.00683988817036] [0.0533753484488]
0.02892974019051 [0.00769034400582] [0.0501691363752]
0.0282509853132 [0.0079242894426] [0.0485776811838]
0.027922793058664998 [0.00746013363823] [0.0483854524791]
0.0279289605096 [0.0066870842129] [0.0491708368063]
0.0284445011057 [0.006043930538] [0.0508450716734]
0.02958577452227 [0.00569258164614] [0.0534789673984]
0.031579766888165 [0.00570735055953] [0.0574521832168]
0.03422811138444 [0.00606946041808] [0.0623867623508]
0.03701084991917 [0.00664614420384] [0.0673755556345]
