0.025264861644234998 [0.00256566074677] [0.0479640625417]
0.024324794532745 [0.00274008372799] [0.0459095053375]
0.02398620778694 [0.00296906474978] [0.0450033508241]
0.0243013856234 [0.0031290280167] [0.0454737432301]
0.0248633220326 [0.003107202705] [0.0466194413602]
0.02542877930684 [0.00307640410028] [0.0477811545134]
0.026002006139585 [0.00292531307787] [0.0490786992013]
0.026954200700870002 [0.00270409998484] [0.0512043014169]
0.02849682362283 [0.00255924719386] [0.0544344000518]
0.031176471849885 [0.00248317001387] [0.0598697736859]
0.034536491031775 [0.00248463242315] [0.0665883496404]
0.037020589807065 [0.00253927637823] [0.0715019032359]
0.038649842608745 [0.00259947124869] [0.0747002139688]
0.039228710695175 [0.00257529946975] [0.0758821219206]
0.0390789642697 [0.0024755790364] [0.075682349503]
0.03906936151909 [0.00232916232198] [0.0758095607162]
0.038788088597355 [0.00219486095011] [0.0753813162446]
0.03769397106955499 [0.00208617979661] [0.0733017623425]
0.03612820338456 [0.00200232677162] [0.0702540799975]
0.034267479320965 [0.00206552026793] [0.066469438374]
0.032949042622915 [0.00200195075013] [0.0638961344957]
0.03287725197153 [0.00196236465126] [0.0637921392918]
0.032596220145935 [0.00197080685757] [0.0632216334343]
0.03313857875765 [0.0020210929215] [0.0642560645938]
0.03392963926306 [0.00212053349242] [0.0657387450337]
0.03488595876845 [0.0022511202842] [0.0675207972527]
0.036612110445255 [0.00243163527921] [0.0707925856113]
0.038501684903145 [0.00262228655629] [0.07438108325]
0.04010103887412 [0.00280458969064] [0.0773974880576]
0.0407342700055 [0.0028954918962] [0.0785730481148]
0.039989092503665 [0.00283505232073] [0.0771431326866]
0.038739287992925 [0.00266461400315] [0.0748139619827]
0.03828186134341 [0.00247050751932] [0.0740932151675]
0.03927439835386 [0.00236292206682] [0.0761858746409]
0.041861546691495 [0.00237158965319] [0.0813515037298]
0.044925559544925 [0.00251037674025] [0.0873407423496]
0.047230432392114996 [0.00272476417013] [0.0917361006141]
0.04716951306911 [0.00296775065362] [0.0913712754846]
0.043358276481749995 [0.003135090461] [0.0835814625025]
0.036840065731655006 [0.00314642372541] [0.0705337077379]
0.030561937019235 [0.00307031720877] [0.0580535568297]
0.025908848387205 [0.00300422706641] [0.048813469708]
0.023079548147515002 [0.00310048484243] [0.0430586114526]
0.021569884615014998 [0.00338770309463] [0.0397520661354]
0.02084302948786 [0.00379328150302] [0.0378927774727]
0.020395606057735 [0.00421703094617] [0.0365741811693]
0.019840046297750002 [0.0045376336202] [0.0351424589753]
0.019029331160695002 [0.00467154150829] [0.0333871208131]
0.01798423146829 [0.00461716484278] [0.0313512980938]
0.01690760930071 [0.00450941780582] [0.0293058007956]
0.015961355762545 [0.00440450431779] [0.0275182072073]
0.015346528263765001 [0.00439189421013] [0.0263011623174]
0.015069570858025 [0.00446041394025] [0.0256787277758]
0.015290893148655001 [0.00456038210541] [0.0260214041919]
0.01620173105039 [0.00463334703818] [0.0277701150626]
0.01801524288023 [0.00452411873266] [0.0315063670278]
0.020736310631035 [0.00422374531627] [0.0372488759458]
0.023870427743535 [0.00379250687547] [0.0439483486116]
0.026924302685074997 [0.00337493023835] [0.0504736751318]
0.02962982922327 [0.00309183984064] [0.0561678186059]
0.03236840455793 [0.00298078684136] [0.0617560222745]
0.035007929895055 [0.00301808584481] [0.0669977739453]
0.036640987498675 [0.00312553485855] [0.0701564401388]
0.036085114115860004 [0.00311835901812] [0.0690518692136]
0.03357457031962 [0.00293358485214] [0.0642155557871]
0.03084731032141 [0.00267444783822] [0.0590201728046]
0.02913596236615 [0.0024651910644] [0.0558067336679]
0.02869237668347 [0.00237454636954] [0.0550102069974]
0.029222248005675 [0.00240927538835] [0.056035220623]
0.03037272568327 [0.00256114429794] [0.0581843070686]
0.031855342094785 [0.00277647958137] [0.0609342046082]
