0.02271627192385 [0.0064761065878] [0.0389564372599]
0.021509447367849998 [0.0064761065878] [0.0365427881479]
0.020075698616 [0.0064761065878] [0.0336752906442]
0.0184785046149 [0.0064761065878] [0.030480902642]
0.01681637973525 [0.0064761065878] [0.0271566528827]
0.015180510701600002 [0.0064761065878] [0.0238849148154]
0.01379412435925 [0.0064761065878] [0.0211121421307]
0.01280294754545 [0.0064761065878] [0.0191297885031]
0.012316948035750001 [0.0064761065878] [0.0181577894837]
0.012316948035750001 [0.0064761065878] [0.0181577894837]
0.012316948035750001 [0.0064761065878] [0.0181577894837]
0.012316948035750001 [0.0064761065878] [0.0181577894837]
0.012316948035750001 [0.0064761065878] [0.0181577894837]
0.011929233791325 [0.00570067809895] [0.0181577894837]
0.012252001790345 [0.00634621409699] [0.0181577894837]
0.012670823372915 [0.00718385726213] [0.0181577894837]
0.013123876880870002 [0.00808996427804] [0.0181577894837]
0.013607710599915002 [0.00905763171613] [0.0181577894837]
0.01415902748705 [0.0101602654904] [0.0181577894837]
0.0196796893142 [0.0113988490775] [0.0279605295509]
0.02265759650615 [0.0126772318035] [0.0326379612088]
0.0232640891336 [0.0138902170584] [0.0326379612088]
0.0237227086909 [0.014807456173] [0.0326379612088]
0.024005816783749998 [0.0153736723587] [0.0326379612088]
0.02395738195625 [0.0152768027037] [0.0326379612088]
0.024115120992049998 [0.0155922807753] [0.0326379612088]
0.0253240149468 [0.0180100686848] [0.0326379612088]
0.027101241052149998 [0.0215645208955] [0.0326379612088]
0.02905751019715 [0.0254770591855] [0.0326379612088]
0.0304151242599 [0.028192287311] [0.0326379612088]
0.03075589239595 [0.0288738235831] [0.0326379612088]
0.03203544951975 [0.0282425880432] [0.0358283109963]
0.031454484909800004 [0.0270806588233] [0.0358283109963]
0.0306562157348 [0.0254841204733] [0.0358283109963]
0.02815614640715 [0.020483981818] [0.0358283109963]
0.027555949986 [0.0192835889757] [0.0358283109963]
0.026634139008800004 [0.0174399670213] [0.0358283109963]
0.0257819145918 [0.0157355181873] [0.0358283109963]
0.025197359267650002 [0.014566407539] [0.0358283109963]
0.025197359267650002 [0.014566407539] [0.0358283109963]
0.025197359267650002 [0.014566407539] [0.0358283109963]
0.025197359267650002 [0.014566407539] [0.0358283109963]
0.025197359267650002 [0.014566407539] [0.0358283109963]
0.025197359267650002 [0.014566407539] [0.0358283109963]
0.025197359267650002 [0.014566407539] [0.0358283109963]
0.025197359267650002 [0.014566407539] [0.0358283109963]
0.025197359267650002 [0.014566407539] [0.0358283109963]
0.025197359267650002 [0.014566407539] [0.0358283109963]
0.025197359267650002 [0.014566407539] [0.0358283109963]
0.025197359267650002 [0.014566407539] [0.0358283109963]
0.025197359267650002 [0.014566407539] [0.0358283109963]
0.025197359267650002 [0.014566407539] [0.0358283109963]
0.025197359267650002 [0.014566407539] [0.0358283109963]
0.025197359267650002 [0.014566407539] [0.0358283109963]
0.025197359267650002 [0.014566407539] [0.0358283109963]
0.038106204941850005 [0.0403840988874] [0.0358283109963]
0.039911564439550004 [0.0439948178828] [0.0358283109963]
0.041832478716950006 [0.0478366464376] [0.0358283109963]
0.043855033814899996 [0.0518817566335] [0.0358283109963]
0.0462111234665 [0.0565939359367] [0.0358283109963]
0.04917299561205 [0.0625176802278] [0.0358283109963]
0.05245647765695 [0.0690846443176] [0.0358283109963]
0.055569952353850004 [0.0753115937114] [0.0358283109963]
0.1403972543777 [0.0802656784654] [0.20052883029]
0.13833619654175 [0.0833902955055] [0.193282097578]
0.1356018111111 [0.0844485461712] [0.186755076051]
0.13263112679135 [0.0838126316667] [0.181449621916]
0.1370863430203 [0.0961764380336] [0.177996248007]
0.14210329204799999 [0.109305128455] [0.174901455641]
0.148334454745 [0.121767453849] [0.174901455641]
0.1501873284575 [0.129740208387] [0.170634448528]
0.14975218474899998 [0.134237200022] [0.165267169476]
0.150616809726 [0.135966449976] [0.165267169476]
0.149585351348 [0.13390353322] [0.165267169476]
0.14669649302999999 [0.128125816584] [0.165267169476]
0.14410613849749998 [0.122179977596] [0.166032299399]
0.13953729718900001 [0.116012692451] [0.163061901927]
0.133981797844 [0.109687544405] [0.158276051283]
0.1286254152655 [0.103343531489] [0.153907299042]
0.12438468635065 [0.0983997881413] [0.15036958456]
0.12087595835340001 [0.0959409102798] [0.145811006427]
0.1203932203351 [0.0957517251372] [0.145034715533]
0.11961101368085 [0.0960449948907] [0.143177032471]
0.1180748455225 [0.09665671736] [0.139492973685]
0.1181132122873 [0.0967334508896] [0.139492973685]
0.11707953736175 [0.0946661010385] [0.139492973685]
0.11583533510555 [0.0921776965261] [0.139492973685]
0.1147366687654 [0.0899803638458] [0.139492973685]
0.11435492336735 [0.0892168730497] [0.139492973685]
0.1145372986792 [0.0895816236734] [0.139492973685]
0.11434729397285 [0.0892016142607] [0.139492973685]
0.1135857068001 [0.0876784399152] [0.139492973685]
0.11280529573545 [0.0861176177859] [0.139492973685]
0.11235480383025 [0.0852166339755] [0.139492973685]
0.11210151761755 [0.0847100615501] [0.139492973685]
0.1115037873386 [0.0835146009922] [0.139492973685]
0.11023247241959999 [0.0809719711542] [0.139492973685]
0.09709393605595 [0.0773217156529] [0.116866156459]
0.09424460306755 [0.0723611265421] [0.116128079593]
0.0958149172367 [0.0626320913434] [0.12899774313]
0.1013761926442 [0.0495987422764] [0.153153643012]
0.10991777107119999 [0.0375572517514] [0.182278290391]
0.10551890637724999 [0.0287595223635] [0.182278290391]
0.1026403764263 [0.0230024624616] [0.182278290391]
0.10231730528175 [0.0223563201725] [0.182278290391]
0.1020434778184 [0.0218086652458] [0.182278290391]
0.10177197959275 [0.0212656687945] [0.182278290391]
0.10146019980314999 [0.0206421092153] [0.182278290391]
0.10108511522415 [0.0198919400573] [0.182278290391]
0.1021307716146 [0.0189925450832] [0.185268998146]
0.1061937296762 [0.0179673749954] [0.194420084357]
0.1142338337376 [0.0169110689312] [0.211556598544]
0.1275550005958 [0.0158386137336] [0.239271387458]
0.1269739717246 [0.0146765559912] [0.239271387458]
0.12633327487865 [0.0133951622993] [0.239271387458]
0.12633327487865 [0.0133951622993] [0.239271387458]
0.12633327487865 [0.0133951622993] [0.239271387458]
0.12633327487865 [0.0133951622993] [0.239271387458]
0.12633327487865 [0.0133951622993] [0.239271387458]
0.12633327487865 [0.0133951622993] [0.239271387458]
0.12633327487865 [0.0133951622993] [0.239271387458]
0.12633327487865 [0.0133951622993] [0.239271387458]
0.12633327487865 [0.0133951622993] [0.239271387458]
0.12633327487865 [0.0133951622993] [0.239271387458]
0.12633327487865 [0.0133951622993] [0.239271387458]
0.12633327487865 [0.0133951622993] [0.239271387458]
0.08389870915565 [0.0133951622993] [0.154402256012]
0.07759603951114999 [0.0133951622993] [0.141796916723]
0.0742611782626 [0.0175981912762] [0.130924165249]
0.07197237759825 [0.0195712819695] [0.124373473227]
0.0721932891756 [0.0221883617342] [0.122198216617]
0.07469847984615 [0.0248674042523] [0.12452955544]
0.07577539142225 [0.0270212274045] [0.12452955544]
0.0762945516035 [0.028059547767] [0.12452955544]
0.0762391071767 [0.0279486589134] [0.12452955544]
0.0772902956232 [0.0272760819644] [0.127304509282]
0.07692186161850001 [0.026546113193] [0.127297610044]
0.07565560657550001 [0.026023009792] [0.125288203359]
0.0737622547893 [0.0257588140666] [0.121765695512]
0.073372940533 [0.025711832568] [0.121034048498]
0.07701563555745 [0.0300591383129] [0.123972132802]
0.0830871611832 [0.0354470163584] [0.130727306008]
0.088752819225 [0.037130292505] [0.140375345945]
0.0928690694272 [0.0349919721484] [0.150746166706]
0.09539085626605 [0.0319190174341] [0.158862695098]
0.0948799625037 [0.0307147949934] [0.159045130014]
0.09232160355875 [0.0306532066315] [0.153990000486]
0.08988342806710001 [0.0305437073112] [0.149223148823]
0.08950759097935 [0.0307069197297] [0.148308262229]
0.09079382196079999 [0.0314274951816] [0.15016014874]
0.09182941541049999 [0.032362870872] [0.151295959949]
0.0950462631879 [0.0336450263858] [0.15644749999]
0.09959561377784999 [0.0345025658607] [0.164688661695]
0.1029773354533 [0.0340048372746] [0.171949833632]
0.1038221810011 [0.0322281308472] [0.175416231155]
0.1018114034085 [0.030005980283] [0.173616826534]
0.09675763174885 [0.0280703678727] [0.165444895625]
0.0903308363633 [0.0265943650156] [0.154067307711]
0.0844794716684 [0.0253568850458] [0.143602058291]
0.0813767854125 [0.024089012295] [0.13866455853]
0.08205392304824999 [0.0230553317815] [0.141052514315]
0.09137222543354999 [0.0228528603911] [0.159891590476]
0.10434735659525 [0.0226432252675] [0.186051487923]
0.11648207157875 [0.0220222473145] [0.210941895843]
0.12131251674155 [0.0216877665371] [0.220937266946]
0.11352254729705 [0.0216877665371] [0.205357328057]
0.10160217713555 [0.0216877665371] [0.181516587734]
0.08912447094925 [0.0210747122765] [0.157174229622]
0.089088106528 [0.021001983434] [0.157174229622]
0.08954034093775 [0.0219064522535] [0.157174229622]
0.09115300234415 [0.0251317750663] [0.157174229622]
0.09553042612975 [0.0338866226375] [0.157174229622]
0.10647188872105 [0.0557695478201] [0.157174229622]
0.1302688978615 [0.103363566101] [0.157174229622]
0.1579694077375 [0.158764585853] [0.157174229622]
0.1672570332885 [0.177339836955] [0.157174229622]
0.164979428053 [0.177339836955] [0.152619019151]
0.1609454900025 [0.177339836955] [0.14455114305]
0.16056237369749998 [0.177339836955] [0.14378491044]
0.1626007705925 [0.177339836955] [0.14786170423]
0.167054146528 [0.177339836955] [0.156768456101]
0.17369170486899999 [0.177339836955] [0.170043572783]
0.190540358424 [0.177339836955] [0.203740879893]
0.19246866554 [0.177339836955] [0.207597494125]
0.19087299704549998 [0.177339836955] [0.204406157136]
0.1854549869895 [0.177339836955] [0.193570137024]
0.176996819675 [0.177339836955] [0.176653802395]
0.1678066030145 [0.177339836955] [0.158273369074]
0.160408489406 [0.177339836955] [0.143477141857]
0.1560241505505 [0.177339836955] [0.134708464146]
