0.13856342807424998 [0.0855003371835] [0.191626518965]
0.13980690389885 [0.0879872888327] [0.191626518965]
0.14225006848585 [0.0928736180067] [0.191626518965]
0.143855020404 [0.096083521843] [0.191626518965]
0.1440913602711 [0.0965562015772] [0.191626518965]
0.14314728975309998 [0.0946680605412] [0.191626518965]
0.1402826011182 [0.0889386832714] [0.191626518965]
0.1361323595048 [0.0806382000446] [0.191626518965]
0.13098391890535 [0.0703413188457] [0.191626518965]
0.12508601881575 [0.0585455186665] [0.191626518965]
0.1194942351432 [0.0473619513214] [0.191626518965]
0.11494065076125 [0.0382547825575] [0.191626518965]
0.11132095661025 [0.0310153942555] [0.191626518965]
0.10868163965654999 [0.0257367603481] [0.191626518965]
0.106882040389 [0.022137561813] [0.191626518965]
0.1057575605811 [0.0198886021972] [0.191626518965]
0.10513060074309999 [0.0186346825212] [0.191626518965]
0.10476648807535 [0.0179064571857] [0.191626518965]
0.10450742021215 [0.0173883214593] [0.191626518965]
0.104143055156 [0.016659591347] [0.191626518965]
0.10384201817225 [0.0160575173795] [0.191626518965]
0.10355840949355 [0.0154903000221] [0.191626518965]
0.1032951641829 [0.0149638094008] [0.191626518965]
0.1030321023428 [0.0144376857206] [0.191626518965]
0.10275678196935 [0.0138870449737] [0.191626518965]
0.10248497780424999 [0.0133434366435] [0.191626518965]
0.10225821239885 [0.0128899058327] [0.191626518965]
0.10208835825335 [0.0125501975417] [0.191626518965]
0.10202105296785 [0.0124155869707] [0.191626518965]
0.1020987951198 [0.0125710712746] [0.191626518965]
0.10250341380024999 [0.0133803086355] [0.191626518965]
0.1044225897641 [0.0172186605632] [0.191626518965]
0.10873884428305 [0.0258511696011] [0.191626518965]
0.11432725377389999 [0.0370279885828] [0.191626518965]
0.11970264837155 [0.0477787777781] [0.191626518965]
0.1178291421385 [0.044031765312] [0.191626518965]
0.1164957508446 [0.0413649827242] [0.191626518965]
0.11620218679319999 [0.0407778546214] [0.191626518965]
0.11659428291035 [0.0415620468557] [0.191626518965]
0.1173938419671 [0.0431611649692] [0.191626518965]
0.1182025745512 [0.0447786301374] [0.191626518965]
0.1188014280052 [0.0459763370454] [0.191626518965]
0.11910627037299999 [0.046586021781] [0.191626518965]
0.11941292695715 [0.0471993349493] [0.191626518965]
0.1199502106757 [0.0482739023864] [0.191626518965]
0.12049154937279999 [0.0493565797806] [0.191626518965]
0.12182905338715 [0.0520315878093] [0.191626518965]
0.12049817293894999 [0.0493698269129] [0.191626518965]
0.12035027332615 [0.0490740276873] [0.191626518965]
0.12076139077555 [0.0498962625861] [0.191626518965]
0.12188147380959999 [0.0521364286542] [0.191626518965]
0.12362975627195 [0.0556329935789] [0.191626518965]
0.12553822621715 [0.0594499334693] [0.191626518965]
0.1268772110344 [0.0621279031038] [0.191626518965]
0.12731029838335 [0.0629940778017] [0.191626518965]
0.12743067741405 [0.0632348358631] [0.191626518965]
0.12794611603035 [0.0642657130957] [0.191626518965]
0.1292492710055 [0.066872023046] [0.191626518965]
0.13105804100645 [0.0704895630479] [0.191626518965]
0.13105804100645 [0.0704895630479] [0.191626518965]
0.13105804100645 [0.0704895630479] [0.191626518965]
0.13105804100645 [0.0704895630479] [0.191626518965]
0.13105804100645 [0.0704895630479] [0.191626518965]
0.1746290549635 [0.157631590962] [0.191626518965]
0.16869968920950001 [0.145772859454] [0.191626518965]
0.163941346109 [0.136256173253] [0.191626518965]
0.160236887634 [0.128847256303] [0.191626518965]
0.156887996942 [0.122149474919] [0.191626518965]
0.15419940650449998 [0.116772294044] [0.191626518965]
0.153057757765 [0.114488996565] [0.191626518965]
0.152798179537 [0.113969840109] [0.191626518965]
0.1529400385915 [0.114253558218] [0.191626518965]
0.1526134982705 [0.113600477576] [0.191626518965]
0.150425244123 [0.109223969281] [0.191626518965]
0.1431485414506 [0.0946705639362] [0.191626518965]
0.12754872441304999 [0.0634709298611] [0.191626518965]
0.11444853246225 [0.0372705459595] [0.191626518965]
0.10741326678555 [0.0232000146061] [0.191626518965]
0.1042796596886 [0.0169328004122] [0.191626518965]
0.10309993755085 [0.0145733561367] [0.191626518965]
0.10300230747099999 [0.014378095977] [0.191626518965]
0.10350823681815 [0.0153899546713] [0.191626518965]
0.1042562844233 [0.0168860498816] [0.191626518965]
0.10494957026105 [0.0182726215571] [0.191626518965]
0.10540166217845 [0.0191768053919] [0.191626518965]
0.10559916030625 [0.0195718016475] [0.191626518965]
0.1055943807588 [0.0195622425526] [0.191626518965]
0.1054850872607 [0.0193436555564] [0.191626518965]
0.105332190171 [0.019037861377] [0.191626518965]
0.10524738021204999 [0.0188682414591] [0.191626518965]
0.10536847542984999 [0.0191104318947] [0.191626518965]
0.1059716027231 [0.0203166864812] [0.191626518965]
0.10716463439179999 [0.0227027498186] [0.191626518965]
0.10884461831315 [0.0260627176613] [0.191626518965]
0.11036544293174999 [0.0291043668985] [0.191626518965]
0.11072340793919999 [0.0298202969134] [0.191626518965]
