0.0350208869204 [0.0173320081085] [0.0527097657323]
0.0347497211769 [0.0173320081085] [0.0521674342453]
0.03397324401885 [0.0173320081085] [0.0506144799292]
0.03365358989685 [0.0173320081085] [0.0499751716852]
0.032997315749550005 [0.0158970355988] [0.0500975959003]
0.033277573064 [0.0148938968778] [0.0516612492502]
0.0349976452999 [0.0144817037508] [0.055513586849]
0.038622118067 [0.0147977909073] [0.0624464452267]
0.0444572921842 [0.016024146229] [0.0728904381394]
0.05254513397815 [0.0186081379652] [0.0864821299911]
0.06251122243705 [0.0238783918321] [0.101144053042]
0.06846647150804999 [0.0238783918321] [0.113054551184]
0.07071709446605 [0.0238783918321] [0.1175557971]
0.06816359423105 [0.0238783918321] [0.11244879663]
0.06816359423105 [0.0238783918321] [0.11244879663]
0.06816359423105 [0.0238783918321] [0.11244879663]
0.06816359423105 [0.0238783918321] [0.11244879663]
0.06816359423105 [0.0238783918321] [0.11244879663]
0.11825151182690001 [0.191281214356] [0.0452218092978]
0.1157938744872 [0.186512544751] [0.0450752042234]
0.1152996532621 [0.185921877623] [0.0446774289012]
0.11574145965275 [0.186758249998] [0.0447246693075]
0.11424057371925 [0.183219894767] [0.0452612526715]
0.11447224952285 [0.182271718979] [0.0466727800667]
0.1145631521938 [0.180445566773] [0.0486807376146]
0.11430582590395 [0.177393272519] [0.0512183792889]
0.1135387104002 [0.17380182445] [0.0532755963504]
0.1119230519979 [0.169465512037] [0.0543805919588]
0.11011579446495 [0.165238827467] [0.0549927614629]
0.1086987741293 [0.1618950665] [0.0555024817586]
0.10947336629009999 [0.158598452806] [0.0603482797742]
0.1091701351104 [0.155096262693] [0.0632440075278]
0.1082013100384 [0.151612654328] [0.0647899657488]
0.10669388249495 [0.147002279758] [0.0663854852319]
0.10718016326425 [0.146068945527] [0.0682913810015]
0.10744091123329999 [0.143288478255] [0.0715933442116]
0.10673024132855 [0.139722838998] [0.0737376436591]
0.10620819032180001 [0.137913405895] [0.0745029747486]
0.10805155709365 [0.142088219523] [0.0740148946643]
0.1110149845481 [0.149937465787] [0.0720925033092]
0.11036991700505 [0.149756327271] [0.0709835067391]
0.111078232527 [0.150524809957] [0.071631655097]
0.1119262501595 [0.149603798985] [0.074248701334]
0.11178166046719999 [0.145796731114] [0.0777665898204]
0.10972842574104999 [0.13915130496] [0.0803055465221]
0.08992092125135 [0.123992942274] [0.0558489002287]
0.08637307584265 [0.117842122912] [0.0549040287733]
0.0868466813119 [0.117457903922] [0.0562354587018]
0.0958444103598 [0.133672043681] [0.0580167770386]
0.09450930170720001 [0.128852069378] [0.0601665340364]
0.09245534054925 [0.124541915953] [0.0603687651455]
0.0916006732733 [0.123350210488] [0.0598511360586]
0.09109538048525001 [0.123345009983] [0.0588457509875]
0.09142822213485 [0.125016704202] [0.0578397400677]
0.0920464713128 [0.127034172416] [0.0570587702096]
0.0927395112815 [0.128872558475] [0.056606464088]
0.09401569888015 [0.131455689669] [0.0565757080913]
0.0944985076786 [0.131682649255] [0.0573143661022]
0.09448671154695001 [0.129426389933] [0.0595470331609]
0.09465339779865001 [0.12575468421] [0.0635521113873]
0.10220306739190001 [0.128425121307] [0.0759810134768]
0.1126365102829 [0.128722444177] [0.0965505763888]
0.117536880076 [0.115618109703] [0.119455650449]
0.1245541609825 [0.117171727121] [0.131936594844]
0.12593620643 [0.11898381263] [0.13288860023]
0.125009469688 [0.121245101094] [0.128773838282]
0.12394015491 [0.123679347336] [0.124200962484]
0.122956380248 [0.125912636518] [0.120000123978]
0.1230995170775 [0.127869933844] [0.118329100311]
0.1240210719405 [0.129985004663] [0.118057139218]
0.12482836097450001 [0.132042855024] [0.117613866925]
0.12436106428499999 [0.133465498686] [0.115256629884]
0.12162542715649999 [0.133450463414] [0.109800390899]
0.11282581090900001 [0.124958641827] [0.100692979991]
0.10074878484015 [0.112138696015] [0.0893588736653]
0.08626985177395 [0.0956813767552] [0.0768583267927]
0.08059688284989999 [0.0956813767552] [0.0655123889446]
0.07596643827855 [0.0956813767552] [0.0562514998019]
0.0727706570178 [0.0956813767552] [0.0498599372804]
0.07085739821195 [0.0956813767552] [0.0460334196687]
0.06990273110565 [0.0956813767552] [0.0441240854561]
0.06976639479395 [0.0956813767552] [0.0438514128327]
0.07057610340414999 [0.0956813767552] [0.0454708300531]
0.07174413651225 [0.0956813767552] [0.0478068962693]
0.07285770028829999 [0.0956813767552] [0.0500340238214]
0.07372798025605 [0.0956813767552] [0.0517745837569]
0.07446004636584999 [0.0956813767552] [0.0532387159765]
0.0754195153713 [0.0956813767552] [0.0551576539874]
0.0769426524639 [0.0956813767552] [0.0582039281726]
0.0790472179651 [0.0956813767552] [0.062413059175]
0.08142067492005 [0.0956813767552] [0.0671599730849]
0.08346558734775 [0.0956813767552] [0.0712497979403]
0.08482943475245 [0.0956813767552] [0.0739774927497]
0.08569037541745 [0.0956813767552] [0.0756993740797]
0.0867788232863 [0.0956813767552] [0.0778762698174]
0.088791500777 [0.0956813767552] [0.0819016247988]
0.09221208840605 [0.0956813767552] [0.0887428000569]
0.0974101126194 [0.0956813767552] [0.0991388484836]
0.1002564281226 [0.0956813767552] [0.10483147949]
0.1024127192796 [0.0956813767552] [0.109144061804]
0.1039746738971 [0.0956813767552] [0.112267971039]
0.10460866987709999 [0.0956813767552] [0.113535962999]
0.1048445105551 [0.0956813767552] [0.114007644355]
0.12012687697999999 [0.126485288143] [0.113768465817]
0.11957155913100001 [0.126485288143] [0.112657830119]
0.11838281527149999 [0.126485288143] [0.1102803424]
0.116668023169 [0.126485288143] [0.106850758195]
0.1152455098925 [0.126485288143] [0.104005731642]
0.1136257760225 [0.126485288143] [0.100766263902]
0.11304691061370001 [0.126485288143] [0.0996085330844]
0.1134984642265 [0.126485288143] [0.10051164031]
0.1140450052915 [0.126485288143] [0.10160472244]
0.1144584454595 [0.126485288143] [0.102431602776]
0.1147583164275 [0.126485288143] [0.103031344712]
0.1155883073805 [0.126485288143] [0.104691326618]
0.11538048833600001 [0.125351920724] [0.105409055948]
0.11654194071900001 [0.126664012671] [0.106419868767]
0.12122140452300001 [0.135403260589] [0.107039548457]
0.14480515942 [0.182230591774] [0.107379727066]
0.146891411394 [0.186099052429] [0.107683770359]
0.1486673392355 [0.189835742116] [0.107498936355]
0.148502867669 [0.189229801297] [0.107775934041]
0.14620965719200002 [0.182719752192] [0.109699562192]
0.1428756043315 [0.172226831317] [0.113524377346]
0.139163941145 [0.160470843315] [0.117857038975]
0.1338115520775 [0.150887772441] [0.116735331714]
0.1251121349635 [0.143734395504] [0.106489874423]
0.1172339357434 [0.138436734676] [0.0960311368108]
0.11150727421025 [0.134783044457] [0.0882315039635]
0.10832582786685 [0.133045718074] [0.0836059376597]
0.10654756054305001 [0.132333695889] [0.0807614251971]
0.10545000806470001 [0.13273537159] [0.0781646445394]
0.10409502685075 [0.132935807109] [0.0752542465925]
0.10189802944675 [0.131752431393] [0.0720436275005]
0.09842544794065 [0.128055721521] [0.0687951743603]
0.09470051899529999 [0.122953549027] [0.0664474889636]
0.09145257994525 [0.118935830891] [0.0639693289995]
0.08970917947595 [0.117214806378] [0.0622035525739]
0.089849913493 [0.118617229164] [0.061082597822]
0.09188700281095 [0.123093210161] [0.0606807954609]
0.09586243890225 [0.129463031888] [0.0622618459165]
0.1011008992793 [0.135742336512] [0.0664594620466]
0.10773622989670001 [0.141659036279] [0.0738134235144]
0.11558092012999999 [0.147224932909] [0.083936907351]
0.1215686164796 [0.1502058357] [0.0929313972592]
0.12441650032990001 [0.149023413658] [0.0998095870018]
0.124899812043 [0.14444424212] [0.105355381966]
0.12702825665450002 [0.143832579255] [0.110223934054]
0.128544677049 [0.145340964198] [0.1117483899]
0.1293733492495 [0.152313441038] [0.106433257461]
0.126168034971 [0.161967709661] [0.090368360281]
0.12216411903505 [0.171673372388] [0.0726548656821]
0.11955470219275001 [0.179063752294] [0.0600456520915]
