M B1 B2
0.052094337530400006 [0.0302540902048] [0.073934584856]
0.04561730008575 [0.0268234368414] [0.0644111633301]
0.041074402630350004 [0.024610709399] [0.0575380958617]
0.03805092349645 [0.0230708122253] [0.0530310347676]
0.035974026657649996 [0.0218599159271] [0.0500881373882]
0.03440499305725 [0.0209101624787] [0.0478998236358]
0.0334583222866 [0.020447589457] [0.0464690551162]
0.0331446165219 [0.020436136052] [0.0458530969918]
0.033407468348699995 [0.0209346376359] [0.0458802990615]
0.03407082054765 [0.0216801073402] [0.0464615337551]
0.0350348493084 [0.0226704832166] [0.0473992154002]
0.0362824900076 [0.0241199526936] [0.0484450273216]
0.037874512374399996 [0.0263433046639] [0.0494057200849]
0.04013137705625 [0.0296531580389] [0.0506095960736]
0.04347029328345 [0.0340963937342] [0.0528441928327]
0.0472379215062 [0.038454964757] [0.0560208782554]
0.047878691926600006 [0.0377500802279] [0.0580073036253]
0.04356899950655 [0.0304348561913] [0.0567031428218]
0.03668285906315 [0.0224889554083] [0.050876762718]
0.0314887398854 [0.0173342768103] [0.0456432029605]
0.0282923891209 [0.0143723590299] [0.0422124192119]
0.026650479063400002 [0.0127578713] [0.0405430868268]
0.026083550415900002 [0.0118505042046] [0.0403165966272]
0.025981429033000002 [0.011267201975] [0.040695656091]
0.02590591832995 [0.0108452141285] [0.0409666225314]
0.02574192918835 [0.0105021856725] [0.0409816727042]
0.0253262524493 [0.0102542461827] [0.0403982587159]
0.0241639148444 [0.0100560821593] [0.0382717475295]
0.023037448525455 [0.00990424305201] [0.0361706539989]
0.02234359504654 [0.00989124644548] [0.0347959436476]
0.022115575149645 [0.00999859347939] [0.0342325568199]
0.0225657215342 [0.0103199426085] [0.0348115004599]
0.02396430121735 [0.0111798616126] [0.0367487408221]
0.0264860820025 [0.0129808448255] [0.0399913191795]
0.03003372158855 [0.0161123555154] [0.0439550876617]
0.03426102362575 [0.0206007398665] [0.047921307385]
0.03833922278135 [0.0253394823521] [0.0513389632106]
0.04166518803685 [0.0288903508335] [0.0544400252402]
0.04438190720975 [0.0313063599169] [0.0574574545026]
0.0470159724355 [0.0336499102414] [0.0603820346296]
0.049572570249400004 [0.0364793874323] [0.0626657530665]
0.052001202479 [0.039875280112] [0.064127124846]
0.0545714907348 [0.0438437014818] [0.0652992799878]
0.05792815424505 [0.0482944659889] [0.0675618425012]
0.0640507657081 [0.0547831319273] [0.0733183994889]
0.07179314270615 [0.0627838000655] [0.0808024853468]
0.079179212451 [0.0709354504943] [0.0874229744077]
0.082643520087 [0.0751171335578] [0.0901699066162]
0.08308674767615 [0.0763741657138] [0.0897993296385]
0.08113972470165 [0.0744285136461] [0.0878509357572]
