M B1 B2
0.15779094398 [0.140251815319] [0.175330072641]
0.1538238972425 [0.129011183977] [0.178636610508]
0.15032823383799998 [0.117249920964] [0.183406546712]
0.147881295532 [0.106300093234] [0.18946249783]
0.14737974852335 [0.0986539572477] [0.196105539799]
0.1443500518801 [0.0931427627802] [0.19555734098]
0.1355375535784 [0.0894151255488] [0.181659981608]
0.1186179704963 [0.0847186520696] [0.152517288923]
0.1005763337017 [0.0813745334744] [0.119778133929]
0.08777103200555 [0.0806039050221] [0.094938158989]
0.07941362634305 [0.0800092890859] [0.0788179636002]
0.07372482120995 [0.0787595957518] [0.0686900466681]
0.0706411190331 [0.0782317444682] [0.063050493598]
0.0702152382582 [0.0798482522368] [0.0605822242796]
0.0715863201767 [0.0830169022083] [0.0601557381451]
0.07383204624055 [0.0866376683116] [0.0610264241695]
0.07587962597610001 [0.0892007127404] [0.0625585392118]
0.07742198184135 [0.0906935334206] [0.0641504302621]
0.07829154282805001 [0.0911224260926] [0.0654606595635]
0.07905646041035 [0.0917222797871] [0.0663906410336]
0.07947266846895 [0.0919613465667] [0.0669839903712]
0.08069046586755 [0.0931586623192] [0.0682222694159]
0.08380810171365 [0.0958276838064] [0.0717885196209]
0.09018363803625 [0.100400313735] [0.0799669623375]
0.103181414306 [0.111371785402] [0.09499104321]
0.1254562176765 [0.130664512515] [0.120247922838]
0.1528177335855 [0.152157709002] [0.153477758169]
0.1745159104465 [0.16333527863] [0.185696542263]
0.189206957817 [0.166435852647] [0.211978062987]
0.19904099404800002 [0.16504240036] [0.233039587736]
0.205595128238 [0.163705065846] [0.24748519063]
0.209400691092 [0.165715709329] [0.253085672855]
0.2067048177125 [0.163758441806] [0.249651193619]
0.1988387182355 [0.157711237669] [0.239966198802]
0.185055918992 [0.145715400577] [0.224396437407]
0.1709881201385 [0.130932807922] [0.211043432355]
0.1625410094855 [0.12557965517] [0.199502363801]
0.1536991894245 [0.119093284011] [0.188305094838]
0.14270960539549998 [0.111825674772] [0.173593536019]
0.13014960289 [0.105101689696] [0.155197516084]
0.1191858761015 [0.098217792809] [0.140153959394]
0.11098747700460002 [0.0925213694572] [0.129453584552]
0.10534567758419999 [0.0887178331614] [0.121973522007]
0.10159417614329999 [0.0864267125726] [0.116761639714]
0.0978698879479 [0.0847450643778] [0.110994711518]
0.09334927052280001 [0.0827239751816] [0.103974565864]
0.0879883021116 [0.0796263441443] [0.0963502600789]
0.08078736811875001 [0.0730507597327] [0.0885239765048]
0.07027450017635 [0.0612033568323] [0.0793456435204]
0.05796245858075 [0.0473714247346] [0.0685534924269]
0.0464153457433 [0.0359708555043] [0.0568598359823]
0.03780390694735 [0.028263926506] [0.0473438873887]
0.031930662691549996 [0.0232082419097] [0.0406530834734]
0.028193487785750003 [0.0198685918003] [0.0365183837712]
0.02610535360875 [0.0176826603711] [0.0345280468464]
0.0251324847341 [0.0163175798953] [0.0339473895729]
0.02480113878845 [0.0155328251421] [0.0340694524348]
0.0248001818545 [0.0151934633031] [0.0344069004059]
0.02486198581755 [0.015082385391] [0.0346415862441]
0.02496131369845 [0.0151305841282] [0.0347920432687]
0.02511823130775 [0.0152920437977] [0.0349444188178]
0.0253040501848 [0.0155346747488] [0.0350734256208]
0.0255558816716 [0.0158617887646] [0.0352499745786]
0.02600306179375 [0.0163358319551] [0.0356702916324]
0.0269771777093 [0.0171375200152] [0.0368168354034]
0.0289002181962 [0.0184704158455] [0.0393300205469]
0.03252304531635 [0.0207590609789] [0.0442870296538]
0.039319503121049995 [0.0249461662024] [0.0536928400397]
0.05202030949295 [0.0331971310079] [0.070843487978]
0.0755198709667 [0.0497315078974] [0.101308234036]
0.1184557564558 [0.0833127871156] [0.153598725796]
0.1868160218 [0.142077788711] [0.231554254889]
0.2476470544935 [0.192746326327] [0.30254778266]
0.265959456563 [0.20585668087] [0.326062232256]
0.24780992418550002 [0.192735537887] [0.302884310484]
0.2176029533145 [0.176747858524] [0.258458048105]
0.1910630762575 [0.164425432682] [0.217700719833]
0.172453947365 [0.154136970639] [0.190770924091]
0.162492379546 [0.147370532155] [0.177614226937]
0.15791390091149998 [0.143134757876] [0.172693043947]
0.15509209781900002 [0.140499845147] [0.169684350491]
0.1514449864625 [0.137007579207] [0.165882393718]
0.147653773427 [0.133311852813] [0.161995694041]
0.1417120173575 [0.127874642611] [0.155549392104]
0.134274851531 [0.121945746243] [0.146603956819]
0.12132842466249999 [0.109231822193] [0.133425027132]
0.09808014705785001 [0.0861455127597] [0.110014781356]
0.0666259415448 [0.0566181764007] [0.0766337066889]
0.041539749130600004 [0.0347799025476] [0.0482995957136]
0.02732196543365 [0.0231429953128] [0.0315009355545]
0.01992938295005 [0.017344167456] [0.0225145984441]
0.0161073990166 [0.0145540051162] [0.017660792917]
0.0140508073382 [0.0131258023903] [0.0149758122861]
0.012945452239350001 [0.012386361137] [0.0135045433417]
0.01220286404715 [0.0118203191087] [0.0125854089856]
0.01145852403715 [0.0111353741959] [0.0117816738784]
0.01066151261325 [0.0103181386366] [0.0110048865899]
0.00999710010365 [0.0096089169383] [0.010385283269]
0.009531990159305 [0.00907267909497] [0.00999130122364]
0.009298651479184999 [0.00879174191505] [0.00980556104332]
0.00918545667082 [0.00867603812367] [0.00969487521797]
0.009159861132505 [0.00870015565306] [0.00961956661195]
0.00921164965257 [0.0088067650795] [0.00961653422564]
0.00941613037139 [0.00896779261529] [0.00986446812749]
0.00978732062504 [0.00910746585578] [0.0104671753943]
0.01040603732692 [0.00925492309034] [0.0115571515635]
0.011138811707495 [0.00934201944619] [0.0129356039688]
0.01176964351909 [0.00942171178758] [0.0141175752506]
0.01216500019654 [0.00953230913728] [0.0147976912558]
