M B1 B2
0.03058564662935 [0.0176273211837] [0.043543972075]
0.02971141133455 [0.017366470769] [0.0420563519001]
0.029232325032400003 [0.0174088813365] [0.0410557687283]
0.0288732247427 [0.0175151173025] [0.0402313321829]
0.028461702168 [0.0175333060324] [0.0393900983036]
0.02811745833605 [0.0175617840141] [0.038673132658]
0.02795677259565 [0.0176800005138] [0.0382335446775]
0.0281960731372 [0.0180458445102] [0.0383463017642]
0.0289986738935 [0.0187577474862] [0.0392396003008]
0.0306395450607 [0.0199632700533] [0.0413158200681]
0.033097065053900004 [0.0215841997415] [0.0446099303663]
0.0364343104884 [0.023491891101] [0.0493767298758]
0.040795438922899996 [0.0256875287741] [0.0559033490717]
0.04687419999395 [0.0285001713783] [0.0652482286096]
0.05616435222325 [0.0324304886162] [0.0798982158303]
0.06877684593200001 [0.0378756225109] [0.0996780693531]
0.0793881081043 [0.0410783067346] [0.117697909474]
0.08597660623485001 [0.0424159429967] [0.129537269473]
0.08696485497039999 [0.0425647385418] [0.131364971399]
0.08570288680485 [0.0423493795097] [0.1290563941]
0.08460209332390001 [0.0423635356128] [0.126840651035]
0.08359295316025 [0.0430071391165] [0.124178767204]
0.0823387764393 [0.0440044403076] [0.120673112571]
0.0803315825761 [0.0454658269882] [0.115197338164]
0.07693636231125 [0.0473132915795] [0.106559433043]
0.07207651995125 [0.050082128495] [0.0940709114075]
0.0671973768622 [0.0537072978914] [0.080687455833]
0.0617498084903 [0.0563140511513] [0.0671855658293]
0.052508559077950004 [0.0527439713478] [0.0522731468081]
0.04121736995875 [0.040931597352] [0.0415031425655]
0.031345564872 [0.0300517491996] [0.0326393805444]
0.0242805015296 [0.0224745087326] [0.0260864943266]
0.0193655695766 [0.0177943278104] [0.0209368113428]
0.0160272982903 [0.014869700186] [0.0171848963946]
0.01380461361255 [0.0129478629678] [0.0146613642573]
0.0123259779066 [0.0115719633177] [0.0130799924955]
0.011315621901300001 [0.0105379987508] [0.0120932450518]
0.01063294336201 [0.00978827103972] [0.0114776156843]
0.010193221271045001 [0.00928525626659] [0.0111011862755]
0.00996225653216 [0.00900659430772] [0.0109179187566]
0.009883882943525 [0.00883189588785] [0.0109358699992]
0.00991858122873 [0.00874466169626] [0.0110925007612]
0.010027160402369999 [0.00872239563614] [0.0113319251686]
0.010149534326035 [0.00877615250647] [0.0115229161456]
0.010331022553155 [0.00896631646901] [0.0116957286373]
0.010627911891769998 [0.00939871836454] [0.011857105419]
0.011226485949000001 [0.0102184321731] [0.0122345397249]
0.01230560988185 [0.0114650344476] [0.0131461853161]
0.014240224845699999 [0.0134395761415] [0.0150408735499]
0.0173163721338 [0.0164251681417] [0.0182075761259]
0.021893187426050002 [0.0208854302764] [0.0229009445757]
0.02783793397245 [0.0269879158586] [0.0286879520863]
0.0341968368739 [0.0342334769666] [0.0341601967812]
0.0394099391997 [0.0408071167767] [0.0380127616227]
0.0425938274711 [0.044656869024] [0.0405307859182]
0.044293243438 [0.0463095754385] [0.0422769114375]
0.045493289828300004 [0.0471238717437] [0.0438627079129]
0.04646119847895 [0.0475820191205] [0.0453403778374]
0.0470696054399 [0.0474905930459] [0.0466486178339]
0.04698858596385 [0.0465197488666] [0.0474574230611]
0.04659248143435 [0.0453492887318] [0.0478356741369]
0.0464492086321 [0.0449647530913] [0.0479336641729]
0.047779239714150004 [0.0463125370443] [0.049245942384]
0.0513399094343 [0.0497034303844] [0.0529763884842]
0.05780317634345 [0.0556445121765] [0.0599618405104]
0.06698869541284999 [0.0652121528983] [0.0687652379274]
0.07703521475194999 [0.0765012055635] [0.0775692239404]
0.08149614930155 [0.0819776207209] [0.0810146778822]
0.0770242549479 [0.0762057825923] [0.0778427273035]
0.0704121030867 [0.0688263401389] [0.0719978660345]
0.0611563604325 [0.0599133558571] [0.0623993650079]
0.05235883779825 [0.05194484815] [0.0527728274465]
0.04306985996665 [0.0428897701204] [0.0432499498129]
0.035145407542599996 [0.0347490459681] [0.0355417691171]
0.029446397908050002 [0.0286723598838] [0.0302204359323]
0.02571177762 [0.0243157856166] [0.0271077696234]
0.02352752443405 [0.0214234776795] [0.0256315711886]
0.0224522398785 [0.0197460148484] [0.0251584649086]
0.0220057321712 [0.0188736952841] [0.0251377690583]
0.021880954504 [0.018487483263] [0.025274425745]
0.02179421670735 [0.018218388781] [0.0253700446337]
0.021543093957 [0.0178137794137] [0.0252724085003]
0.021134238690099998 [0.0171801615506] [0.0250883158296]
0.020708683878150003 [0.0164625998586] [0.0249547678977]
0.02040561661125 [0.0158472824842] [0.0249639507383]
0.0205850852653 [0.0155965927988] [0.0255735777318]
0.021646058186899998 [0.01595152542] [0.0273405909538]
0.024019093252699998 [0.0172381196171] [0.0308000668883]
0.028263803571450002 [0.0199348069727] [0.0365928001702]
0.03558272868395 [0.0251112915576] [0.0460541658103]
0.04781961627305 [0.034392260015] [0.0612469725311]
0.06726001016795 [0.0513779707253] [0.0831420496106]
0.09543342143295 [0.0824148803949] [0.108451962471]
0.1262676678595 [0.12828348577] [0.124251849949]
0.12944522500049999 [0.142176151276] [0.116714298725]
0.10810150951135 [0.120817095041] [0.0953859239817]
0.0876219794152 [0.10042656213] [0.0748173967004]
0.0746028702706 [0.0877892002463] [0.0614165402949]
0.0673102606088 [0.080941170454] [0.0536793507636]
0.06359433382745 [0.0777241364121] [0.0494645312428]
0.0616622194648 [0.0762508735061] [0.0470735654235]
0.060119006782750006 [0.0750598236918] [0.0451781898737]
0.05825610645115 [0.0732968822122] [0.0432153306901]
0.056134359911099996 [0.0709499940276] [0.0413187257946]
0.05384942144155 [0.0675716549158] [0.0401271879673]
0.050579695031050004 [0.0619459412992] [0.0392134487629]
0.044246306642899996 [0.0508741810918] [0.037618432194]
0.03448735550045 [0.0357741937041] [0.0332005172968]
0.02556693833325 [0.0236808471382] [0.0274530295283]
0.01938299369065 [0.0163428429514] [0.0224231444299]
0.01550726033745 [0.0121484044939] [0.018866116181]
0.013151410967104999 [0.00973678380251] [0.0165660381317]
0.01177419070154 [0.00832823570818] [0.0152201456949]
0.01101039513013 [0.00749550713226] [0.014525283128]
0.010605424875370001 [0.00699249701574] [0.014218352735]
0.01043730461972 [0.00674528907984] [0.0141293201596]
0.010360245592914999 [0.00660153012723] [0.0141189610586]
0.010335058672345 [0.00650454359129] [0.0141655737534]
0.010317747248349999 [0.0063904072158] [0.0142450872809]
0.01032638153995 [0.0062788692303] [0.0143738938496]
0.01042148750273 [0.00622613728046] [0.014616837725]
0.01059907604939 [0.00625569513068] [0.0149424569681]
0.010986569570355001 [0.00644947262481] [0.0155236665159]
0.011805376503605 [0.00694624241441] [0.0166645105928]
0.01344551425425 [0.0080142877996] [0.0188767407089]
0.016584162600350002 [0.0101635027677] [0.023004822433]
0.02239730069415 [0.0143168298528] [0.0304777715355]
0.03304698318245 [0.0223476365209] [0.043746329844]
0.05233367532495 [0.0380345731974] [0.0666327774525]
0.0843202397228 [0.0679283738136] [0.100712105632]
0.12066739052549999 [0.112018033862] [0.129316747189]
0.14503134787049998 [0.148907512426] [0.141155183315]
0.154330685735 [0.16703248024] [0.14162889123]
0.15755837410700002 [0.176975429058] [0.138141319156]
0.159059934318 [0.185510620475] [0.132609248161]
0.1595069095495 [0.193102285266] [0.125911533833]
0.15904393792149998 [0.198394715786] [0.119693160057]
0.159095540643 [0.202350392938] [0.115840688348]
0.160321563482 [0.205615073442] [0.115028053522]
0.161514457315 [0.206414580345] [0.116614334285]
0.162309806794 [0.205365881324] [0.119253732264]
0.1629252023995 [0.203624159098] [0.122226245701]
0.16394070535900002 [0.202330231667] [0.125551179051]
0.16576781868950002 [0.201474860311] [0.130060777068]
0.1683059707285 [0.201148539782] [0.135463401675]
0.169765368104 [0.199223175645] [0.140307560563]
0.170526482165 [0.197356492281] [0.143696472049]
0.17055802047250002 [0.19489634037] [0.146219700575]
0.1718170642855 [0.195308670402] [0.148325458169]
0.174672961235 [0.198768094182] [0.150577828288]
0.180499084294 [0.207101225853] [0.153896942735]
0.184075161815 [0.210209846497] [0.157940477133]
0.1893396899105 [0.214429020882] [0.164250358939]
0.18011303246049998 [0.200965806842] [0.159260258079]
0.155134089291 [0.164771705866] [0.145496472716]
0.12079926580200001 [0.118090122938] [0.123508408666]
0.0958949141204 [0.0876421704888] [0.104147657752]
0.08222253248095 [0.071355111897] [0.0930899530649]
0.0744781177491 [0.0616813413799] [0.0872748941183]
0.0703278183937 [0.0565368682146] [0.0841187685728]
0.06851054169234999 [0.0545430295169] [0.0824780538678]
0.06779012270275 [0.0541093014181] [0.0814709439874]
0.0664024166763 [0.0529495999217] [0.0798552334309]
