M B1 B2
0.12361869588499999 [0.114177040756] [0.133060351014]
0.14709411561449998 [0.130852296948] [0.163335934281]
0.1677106022835 [0.145201265812] [0.190219938755]
0.1807640492915 [0.153345122933] [0.20818297565]
0.1869263276455 [0.156273603439] [0.217579051852]
0.18895784020450002 [0.155877619982] [0.222038060427]
0.187306843698 [0.151244312525] [0.223369374871]
0.176053598523 [0.139083340764] [0.213023856282]
0.1523707583545 [0.118661865592] [0.186079651117]
0.1212524175642 [0.0925309956074] [0.149973839521]
0.0938730984924 [0.0699335113168] [0.117812685668]
0.0767497848719 [0.0572644807398] [0.096235089004]
0.06696593388915 [0.0504385456443] [0.083493322134]
0.06182146072385 [0.047048702836] [0.0765942186117]
0.059521960094550005 [0.0460216589272] [0.0730222612619]
0.058875948190699995 [0.0466267988086] [0.0711250975728]
0.05952998064455 [0.0483939759433] [0.0706659853458]
0.060515191406049995 [0.0511305034161] [0.069899879396]
0.06048300862310001 [0.0529315397143] [0.0680344775319]
0.0559650268406 [0.0496855825186] [0.0622444711626]
0.047323143109649995 [0.0407815761864] [0.0538647100329]
0.0379718542099 [0.0314924940467] [0.0444512143731]
0.03044003341345 [0.0244275499135] [0.0364525169134]
0.025540754199000003 [0.0198560915887] [0.0312254168093]
0.0227615814656 [0.0170934107155] [0.0284297522157]
0.0215163975954 [0.0155960284173] [0.0274367667735]
0.0212275036611 [0.0149224614725] [0.0275325458497]
0.02140001999215 [0.0147161977366] [0.0280838422477]
0.0216851066798 [0.014658421278] [0.0287117920816]
0.02199657354505 [0.0146492663771] [0.029343880713]
0.02209047460925 [0.0144323436543] [0.0297486055642]
0.0219074911438 [0.0139802088961] [0.0298347733915]
0.0213295146823 [0.0131986793131] [0.0294603500515]
0.0204098853283 [0.0121489344165] [0.0286708362401]
0.01945662125945 [0.0110738016665] [0.0278394408524]
0.01897299196575 [0.0103068929166] [0.0276390910149]
0.0196271291934 [0.0102570252493] [0.0289972331375]
0.0219696229324 [0.011276928708] [0.0326623171568]
0.0267140679061 [0.0138079449534] [0.0396201908588]
0.03311827220025 [0.0175893045962] [0.0486472398043]
0.03840175829825 [0.0207328498363] [0.0560706667602]
0.0398420561105 [0.0216517038643] [0.0580324083567]
0.03938758932055 [0.0214919671416] [0.0572832114995]
0.039066599682 [0.0215122178197] [0.0566209815443]
0.0392225170508 [0.0219768118113] [0.0564682222903]
0.039878321811600004 [0.0231303274632] [0.05662631616]
0.040507202036699996 [0.0246753599495] [0.0563390441239]
0.0411011138931 [0.0259324479848] [0.0562697798014]
0.04151218384505 [0.026832845062] [0.0561915226281]
0.0417980104685 [0.0274804830551] [0.0561155378819]
0.0420930273831 [0.0280803963542] [0.056105658412]
0.0424029789865 [0.0287067256868] [0.0560992322862]
0.043087484315 [0.0296396464109] [0.0565353222191]
0.0447755660862 [0.0313748382032] [0.0581762939692]
0.0481758750975 [0.0345670990646] [0.0617846511304]
0.054529441520550004 [0.0407333485782] [0.0683255344629]
0.06333634071055 [0.0498663596809] [0.0768063217402]
0.0712161064148 [0.0595655292273] [0.0828666836023]
0.0762939378619 [0.0673190280795] [0.0852688476443]
0.0796328783035 [0.0736265927553] [0.0856391638517]
0.08428852632639999 [0.0814063474536] [0.0871707051992]
0.09458558633925 [0.0952148064971] [0.0939563661814]
0.1139427013695 [0.11553106457] [0.112354338169]
0.1436148434875 [0.136956617236] [0.150273069739]
0.168288610876 [0.149075865746] [0.187501356006]
0.1715584546325 [0.148647204041] [0.194469705224]
0.1623908579345 [0.141153812408] [0.183627903461]
0.151932016015 [0.133097797632] [0.170766234398]
0.141082327813 [0.123309336603] [0.158855319023]
0.1336269825695 [0.120386049151] [0.146867915988]
0.13040311262 [0.120190180838] [0.140616044402]
0.128514427692 [0.118252746761] [0.138776108623]
0.128749810159 [0.116767734289] [0.140731886029]
0.1298675835135 [0.113536372781] [0.146198794246]
0.1307033225895 [0.107733398676] [0.153673246503]
0.13124852255 [0.100739948452] [0.161757096648]
0.1325345374646 [0.0947126671672] [0.170356407762]
0.1343309171499 [0.0906092002988] [0.178052634001]
0.13734550774105 [0.0895707756281] [0.185120239854]
0.1416591405869 [0.0910586118698] [0.192259669304]
0.14696253091105 [0.0940527617931] [0.199872300029]
0.15209018439049998 [0.096269890666] [0.207910478115]
0.1578653827307 [0.0963681042194] [0.219362661242]
0.1651489622892 [0.0944442376494] [0.235853686929]
0.1718928329645 [0.094189144671] [0.249596521258]
0.1782940663398 [0.0965608134866] [0.260027319193]
0.1799415946008 [0.0988008379936] [0.261082351208]
0.1798659712075 [0.100849956274] [0.258881986141]
0.179135475308 [0.101067014039] [0.257203936577]
0.1783335767685 [0.100702367723] [0.255964785814]
0.17670731619000002 [0.1003632918] [0.25305134058]
0.1756739616395 [0.101940572262] [0.249407351017]
0.171971663833 [0.104393690825] [0.239549636841]
0.1695841364565 [0.10692601651] [0.232242256403]
0.165482174605 [0.109749056399] [0.221215292811]
0.157067477703 [0.111167937517] [0.202967017889]
0.1472978070375 [0.109250977635] [0.18534463644]
0.1393855698405 [0.105960406363] [0.172810733318]
0.1343747638165 [0.102998577058] [0.165750950575]
0.134315583855 [0.102925173938] [0.165705993772]
0.136085398495 [0.104705929756] [0.167464867234]
0.138049747795 [0.108103312552] [0.167996183038]
