M B1 B2
0.06609595566990001 [0.0493476316333] [0.0828442797065]
0.06460984423755 [0.0521623715758] [0.0770573168993]
0.061146445572349994 [0.0519291758537] [0.070363715291]
0.05791006051005 [0.0501494519413] [0.0656706690788]
0.0554137155414 [0.0483158230782] [0.0625116080046]
0.05351557396355 [0.0471187755466] [0.0599123723805]
0.052003309130700004 [0.0465157963336] [0.0574908219278]
0.05124739557505 [0.046729311347] [0.0557654798031]
0.0515483729541 [0.0481286309659] [0.0549681149423]
0.053055994212650004 [0.0510806255043] [0.055031362921]
0.055697703734 [0.0554561540484] [0.0559392534196]
0.0588917564601 [0.0604370683432] [0.057346444577]
0.061464084312299994 [0.0644947066903] [0.0584334619343]
0.0630837697536 [0.0668862909079] [0.0592812485993]
0.064556973055 [0.0682890117168] [0.0608249343932]
0.06568965315815001 [0.0672466382384] [0.0641326680779]
0.0642022769898 [0.0607603378594] [0.0676442161202]
0.05922344326975 [0.0496525987983] [0.0687942877412]
0.053802724927649995 [0.0392917394638] [0.0683137103915]
0.05106981284915 [0.0338082574308] [0.0683313682675]
0.05048272386195 [0.0312871262431] [0.0696783214808]
0.0509225940332 [0.0306538548321] [0.0711913332343]
0.051772262901050005 [0.0308867096901] [0.072657816112]
0.052398653700949996 [0.0313340462744] [0.0734632611275]
0.052556341514 [0.0316433347762] [0.0734693482518]
0.0524793229997 [0.0316919386387] [0.0732667073607]
0.052546923980100003 [0.0315544493496] [0.0735393986106]
0.05260798707605 [0.0310943424702] [0.0741216316819]
0.05142811499535 [0.0301713608205] [0.0726848691702]
0.04884501732884999 [0.0286923609674] [0.0689976736903]
0.046047803945849994 [0.0269199181348] [0.0651756897569]
0.0439641596749 [0.0254453103989] [0.0624830089509]
0.0432461714372 [0.0251659955829] [0.0613263472915]
0.043092106469 [0.0259392205626] [0.0602449923754]
0.04290307406335 [0.0273701567203] [0.0584359914064]
0.041199437342599995 [0.028506314382] [0.0538925603032]
0.039098997600400004 [0.0289753023535] [0.0492226928473]
0.0374794723466 [0.0289365518838] [0.0460223928094]
0.036536497995249995 [0.0286061875522] [0.0444668084383]
0.03633808624 [0.0282364953309] [0.0444396771491]
0.0365581633523 [0.0279090423137] [0.0452072843909]
0.036808311007899996 [0.027612356469] [0.0460042655468]
0.036948166787600004 [0.0273676216602] [0.046528711915]
0.03719885647295 [0.0273924022913] [0.0470053106546]
0.037958761677149996 [0.0280355252326] [0.0478819981217]
0.03961415030065 [0.0296488143504] [0.0495794862509]
0.042665252462049996 [0.0328414104879] [0.0524890944362]
0.046693522483100006 [0.0375517196953] [0.0558353252709]
0.051906676962949996 [0.0435625463724] [0.0602508075535]
0.05920690484345 [0.0506716929376] [0.0677421167493]
0.06960463710130001 [0.058548014611] [0.0806612595916]
0.0872458927333 [0.0702457651496] [0.104246020317]
0.11731461063029999 [0.0892107114196] [0.145418509841]
0.15647727996150002 [0.117858976126] [0.195095583797]
0.1868599280715 [0.142001032829] [0.231718823314]
0.1881110817195 [0.140155315399] [0.23606684804]
0.1601280868055 [0.131672784686] [0.188583388925]
0.118410218507 [0.11108199507] [0.125738441944]
0.08706194907425 [0.087038077414] [0.0870858207345]
0.0716586224735 [0.0750271752477] [0.0682900696993]
0.0649546608329 [0.0703024044633] [0.0596069172025]
0.06110792793335 [0.0675408244133] [0.0546750314534]
0.059359811246399996 [0.0663534551859] [0.0523661673069]
0.0590080544353 [0.0661610141397] [0.0518550947309]
0.0591785367578 [0.0660672858357] [0.0522897876799]
0.059255881235 [0.0655080229044] [0.0530037395656]
0.0591740626842 [0.0646753460169] [0.0536727793515]
0.05931003578005 [0.0641367137432] [0.0544833578169]
0.06006996519865 [0.0644298568368] [0.0557100735605]
0.0612124800682 [0.0651239678264] [0.05730099231]
0.06282558478415 [0.0665484964848] [0.0591026730835]
0.06421900913119999 [0.0675000473857] [0.0609379708767]
0.06591476872565 [0.0683214142919] [0.0635081231594]
0.06843015179039999 [0.0690724626184] [0.0677878409624]
0.07269510626795 [0.0693855509162] [0.0760046616197]
0.07676512002945 [0.061742529273] [0.0917877107859]
0.07695164531475 [0.0452308133245] [0.108672477305]
