M B1 B2
0.02869635634125 [0.0261603612453] [0.0312323514372]
0.031358989886949996 [0.0280768889934] [0.0346410907805]
0.035305516794299996 [0.0310680530965] [0.0395429804921]
0.03909794799985 [0.0338898673654] [0.0443060286343]
0.0412029158324 [0.0354583412409] [0.0469474904239]
0.0419214479625 [0.0362073816359] [0.0476355142891]
0.0419717077166 [0.0364860035479] [0.0474574118853]
0.04190068691965 [0.03662391752] [0.0471774563193]
0.0420470573008 [0.0367910601199] [0.0473030544817]
0.04251865297555 [0.0371276736259] [0.0479096323252]
0.044136514887199996 [0.0386482328176] [0.0496247969568]
0.04802804626525 [0.0425470471382] [0.0535090453923]
0.05575101450085 [0.0504184439778] [0.0610835850239]
0.06873455643654999 [0.0641672983766] [0.0733018144965]
0.08529447764155 [0.0832133442163] [0.0873756110668]
0.0986857935787 [0.102564789355] [0.0948067978024]
0.1040070094169 [0.114126764238] [0.0938872545958]
0.10381289944065 [0.116200193763] [0.0914256051183]
0.10221256315695 [0.113309793174] [0.0911153331399]
0.09808321297190001 [0.104768224061] [0.0913982018828]
0.0845667757094 [0.0836045667529] [0.0855289846659]
0.06541256792845 [0.0607268847525] [0.0700982511044]
0.05081454478205 [0.0472222864628] [0.0544068031013]
0.0426745060831 [0.0408483073115] [0.0445007048547]
0.03844018280505 [0.0378537364304] [0.0390266291797]
0.036534449085549994 [0.036649569869] [0.0364193283021]
0.0360658895224 [0.0364955551922] [0.0356362238526]
0.0362713076174 [0.0367209613323] [0.0358216539025]
0.03665391355755 [0.0369024500251] [0.03640537709]
0.037037249654550006 [0.036834333092] [0.0372401662171]
0.037348264828300004 [0.0366366319358] [0.0380598977208]
0.0376217961311 [0.0364857241511] [0.0387578681111]
0.037747029215099995 [0.0365277379751] [0.0389663204551]
0.03781026042995 [0.0369714386761] [0.0386490821838]
0.03789919987325 [0.0379170775414] [0.0378813222051]
0.03857277706265 [0.0396039746702] [0.0375415794551]
0.0407755933702 [0.0426179990172] [0.0389331877232]
0.045898489654049995 [0.0480174534023] [0.0437795259058]
0.056991016492249996 [0.059287302196] [0.0546947307885]
0.07822784036399999 [0.0800916925073] [0.0763639882207]
0.1091969013215 [0.111307092011] [0.107086710632]
0.13934157043700002 [0.143026188016] [0.135656952858]
0.15543379634600002 [0.163949459791] [0.146918132901]
0.1585421413185 [0.171525463462] [0.145558819175]
0.15707737207400002 [0.17434823513] [0.139806509018]
0.153330050409 [0.174030646682] [0.132629454136]
0.1498978212475 [0.173487201333] [0.126308441162]
0.147258836776 [0.173854768276] [0.120662905276]
0.147602327168 [0.177750170231] [0.117454484105]
0.151710379869 [0.185534372926] [0.117886386812]
0.15544888004649998 [0.191618517041] [0.119279243052]
0.1572923250495 [0.193179368973] [0.121405281126]
0.154541127384 [0.184172511101] [0.124909743667]
0.13605820760100001 [0.148053228855] [0.124063186347]
0.10705179721149999 [0.100009940565] [0.114093653858]
0.08161391690375 [0.0663255006075] [0.0969023332]
0.06532025150955001 [0.0485527329147] [0.0820877701044]
0.05569672212005 [0.0398310944438] [0.0715623497963]
0.0502955261618 [0.0355854816735] [0.0650055706501]
0.047670092433700004 [0.0339685715735] [0.0613716132939]
0.046738024801 [0.033796261996] [0.059679787606]
0.04667969234285 [0.0343165770173] [0.0590428076684]
0.04701473005115 [0.0351338274777] [0.0588956326246]
0.0475656092167 [0.036009285599] [0.0591219328344]
0.0480221174657 [0.0366749167442] [0.0593693181872]
0.0480994135141 [0.0368091911077] [0.0593896359205]
0.0476941987872 [0.0366050042212] [0.0587833933532]
0.04696385748685 [0.0363691672683] [0.0575585477054]
0.046432249248000004 [0.0367056392133] [0.0561588592827]
0.04714095965025 [0.0385109260678] [0.0557709932327]
0.0503882933408 [0.0428700037301] [0.0579065829515]
0.05843552201985 [0.0514808371663] [0.0653902068734]
0.07494504749775 [0.0666473582387] [0.0832427367568]
0.0996691808102 [0.0870565101504] [0.11228185147]
0.124450862408 [0.103946089745] [0.144955635071]
0.1387896202505 [0.110824786127] [0.166754454374]
0.141896348447 [0.110183797777] [0.173608899117]
0.14041763916650002 [0.107770211995] [0.173065066338]
0.138724967837 [0.105233982205] [0.172215953469]
0.1356021612885 [0.101528167725] [0.169676154852]
0.13324098661525 [0.0989020094275] [0.167579963803]
0.13301124423725 [0.0987424999475] [0.167279988527]
0.1336885392665 [0.101290658116] [0.166086420417]
0.1331473886965 [0.105434268713] [0.16086050868]
0.1326572820545 [0.110739201307] [0.154575362802]
0.1302368044855 [0.116411313415] [0.144062295556]
0.1313972584905 [0.124651350081] [0.1381431669]
0.132857307792 [0.13242892921] [0.133285686374]
0.13261767476800002 [0.136243447661] [0.128991901875]
0.13188634812799999 [0.136950433254] [0.126822263002]
0.131766922772 [0.13825494051] [0.125278905034]
0.1319951452315 [0.140388116241] [0.123602174222]
0.133008014411 [0.142710119486] [0.123305909336]
0.136061705649 [0.147992834449] [0.124130576849]
0.1391109526155 [0.152117729187] [0.126104176044]
0.14131665974899998 [0.154560297728] [0.12807302177]
0.14282271266 [0.155316755176] [0.130328670144]
0.1447110176085 [0.156810387969] [0.132611647248]
0.14664331823549998 [0.157915949821] [0.13537068665]
0.1499153599145 [0.160651832819] [0.13917888701]
0.15531089901900003 [0.166346609592] [0.144275188446]
0.1622246280315 [0.172943264246] [0.151505991817]
0.172077305615 [0.181896448135] [0.162258163095]
0.1779478490355 [0.189236208797] [0.166659489274]
0.166818529367 [0.183977246284] [0.14965981245]
0.132386233658 [0.153115138412] [0.111657328904]
0.09416190534825 [0.113438092172] [0.0748857185245]
0.0712356939912 [0.0869885534048] [0.0554828345776]
0.0598454624414 [0.0734426528215] [0.0462482720613]
0.05393770709635 [0.0664174333215] [0.0414579808712]
0.05100898630915 [0.0631610229611] [0.0388569496572]
0.04971316084265 [0.0619175173342] [0.0375088043511]
0.049145380035 [0.0615320205688] [0.0367587395012]
0.04877440258865 [0.0613175965846] [0.0362312085927]
0.048334879800700004 [0.0609130263329] [0.0357567332685]
0.04767676815395 [0.0601051487029] [0.035248387605]
0.04683846049015 [0.0588135644794] [0.0348633565009]
0.0458198431879 [0.0570308603346] [0.0346088260412]
0.04508164897565 [0.0553313903511] [0.0348319076002]
0.045005695894349995 [0.054543685168] [0.0354677066207]
0.0462613198906 [0.0555665940046] [0.0369560457766]
0.048657156527049994 [0.0574721470475] [0.0398421660066]
0.0518726706505 [0.0590131543577] [0.0447321869433]
0.05572937428955 [0.0581865087152] [0.0532722398639]
0.05892526730895 [0.0537598654628] [0.0640906691551]
0.05991371162235 [0.0474707968533] [0.0723566263914]
0.05592712014915 [0.0390652790666] [0.0727889612317]
0.0474419053644 [0.0287952236831] [0.0660885870457]
