0.01037816563622 [0.00602648127824] [0.0147298499942]
0.01182989426886 [0.00761189917102] [0.0160478893667]
0.015345109161 [0.0119214607403] [0.0187687575817]
0.0317874010652 [0.0399882160127] [0.0235865861177]
0.0343250213191 [0.0378201827407] [0.0308298598975]
0.0373353399336 [0.0354540236294] [0.0392166562378]
0.03971808031205 [0.0334626734257] [0.0459734871984]
0.041554562747499996 [0.0321436598897] [0.0509654656053]
0.04441081918775 [0.0315789580345] [0.057242680341]
0.050300821661950004 [0.0316137969494] [0.0689878463745]
0.061618149280550004 [0.0319923684001] [0.091243930161]
0.08005035668635 [0.0324199199677] [0.127680793405]
0.1025697775186 [0.0328019931912] [0.172337561846]
0.1210112981497 [0.0391977354884] [0.202824860811]
0.12560497783135 [0.0386664681137] [0.212543487549]
0.1257553976029 [0.0354435704648] [0.216067224741]
0.1269915197045 [0.033802036196] [0.220181003213]
0.12944233417509998 [0.0343081057072] [0.224576562643]
0.13207378052155 [0.0370056889951] [0.227141872048]
0.1352146621793 [0.0426605306566] [0.227768793702]
0.14340479671965 [0.0533035695553] [0.233506023884]
0.1593492366375 [0.071560613811] [0.247137859464]
0.1827404759824 [0.0988713428378] [0.266609609127]
0.209706611931 [0.129161134362] [0.2902520895]
0.23274794966 [0.153223797679] [0.312272101641]
0.24436043947949998 [0.166755512357] [0.321965366602]
0.24934308230899999 [0.173568814993] [0.325117349625]
0.250724583864 [0.177535921335] [0.323913246393]
0.250885307789 [0.180982023478] [0.3207885921]
0.24890062212949998 [0.185599863529] [0.31220138073]
0.24834317713999998 [0.19786785543] [0.29881849885]
0.2506023049355 [0.215097308159] [0.286107301712]
0.2400903999805 [0.209667652845] [0.270513147116]
0.217630080879 [0.18536169827] [0.249898463488]
0.1818102151155 [0.145867750049] [0.217752680182]
0.14456134662 [0.107152663171] [0.181970030069]
0.11822682619104999 [0.0817995071411] [0.154654145241]
0.10277475789205001 [0.0664147213101] [0.139134794474]
0.09331829659640001 [0.0568878166378] [0.129748776555]
0.08838666975505 [0.0515793114901] [0.12519402802]
0.0865227468312 [0.0490240976214] [0.124021396041]
0.0842412672936 [0.0477475821972] [0.12073495239]
0.07912128977454999 [0.0456422232091] [0.11260035634]
0.07016695477070001 [0.0418904311955] [0.0984434783459]
0.06195818074045 [0.0388673134148] [0.0850490480661]
0.0570234172046 [0.0373498946428] [0.0766969397664]
0.05407971702514999 [0.0361421070993] [0.072017326951]
0.0523745585233 [0.0351891852915] [0.0695599317551]
0.05158815905455 [0.0345731675625] [0.0686031505466]
0.0512087456882 [0.0340797752142] [0.0683377161622]
0.050459219142799994 [0.0327795483172] [0.0681388899684]
0.048854274675250005 [0.0298685394228] [0.0678400099277]
0.04674777854235 [0.0256144870073] [0.0678810700774]
0.045083623379500004 [0.0215152576566] [0.0686519891024]
0.044362987391650004 [0.0185914915055] [0.0701344832778]
0.04447303991765 [0.0169402267784] [0.0720058530569]
0.045103621669149996 [0.0161294061691] [0.0740778371692]
0.0462799016386 [0.0156888477504] [0.0768709555268]
0.0483724833466 [0.0152897136286] [0.0814552530646]
0.05256844870745 [0.0149105973542] [0.0902263000607]
0.06044598063475 [0.0148373050615] [0.106054656208]
0.07251089205975 [0.0152342049405] [0.129787579179]
0.08600352332019999 [0.0158096924424] [0.156197354198]
0.0964532010256 [0.0163479670882] [0.176558434963]
0.1035767439751 [0.0169040299952] [0.190249457955]
0.1096758004276 [0.0177886597812] [0.201562941074]
0.11783601995575 [0.0194731187075] [0.216198921204]
0.1311418861151 [0.0228778719902] [0.23940590024]
0.15180543717005002 [0.0295867454261] [0.274024128914]
0.18056313507264998 [0.0423201285303] [0.318806141615]
0.21801401674764997 [0.0648797750473] [0.371148258448]
0.25523850694285 [0.0950503125787] [0.415426701307]
0.253714185208 [0.11100076884] [0.396427601576]
0.21420117467650002 [0.094901278615] [0.333501070738]
0.1684460192921 [0.0725835561752] [0.264308482409]
0.1354220136999 [0.0594410598278] [0.211402967572]
0.11526751518255 [0.0527009218931] [0.177834108472]
0.1018566042186 [0.0493930578232] [0.154320150614]
0.09231625311069999 [0.0474786125124] [0.137153893709]
0.0853021945803 [0.0463247187436] [0.124279670417]
0.08050485327835 [0.0455022901297] [0.115507416427]
0.0775579661129 [0.0448337122798] [0.110282219946]
0.07549106702205 [0.0442279651761] [0.106754168868]
0.07393260486425 [0.0438168905675] [0.104048319161]
0.07281940989215 [0.0438891090453] [0.101749710739]
0.0723154041916 [0.0446348674595] [0.0999959409237]
0.07252311892805 [0.0460676886141] [0.098978549242]
0.0735159702599 [0.0479363203049] [0.0990956202149]
0.0756874270735 [0.0503256917] [0.101049162447]
0.07954234257324999 [0.0534844100475] [0.105600275099]
0.0860133338721 [0.0584317408502] [0.113594926894]
0.0971060395242 [0.0660720169544] [0.128140062094]
0.11439903825545 [0.0780732184649] [0.150724858046]
0.13436085358265 [0.0937938913703] [0.174927815795]
0.154212705791 [0.109421223402] [0.19900418818]
0.17497114837150002 [0.126736670732] [0.223205626011]
0.1997437775135 [0.148925721645] [0.250561833382]
0.234066404402 [0.183951511979] [0.284181296825]
0.275056779385 [0.227669924498] [0.322443634272]
0.30144988000399997 [0.251087486744] [0.351812273264]
0.281931780279 [0.217322275043] [0.346541285515]
0.22230642288949998 [0.161576703191] [0.283036142588]
0.169810719788 [0.119282662868] [0.220338776708]
0.13996432349069998 [0.0981621816754] [0.181766465306]
0.12536670640115 [0.0874475315213] [0.163285881281]
0.11646322533509999 [0.0812058970332] [0.151720553637]
0.1114388443532 [0.0779539719224] [0.144923716784]
0.10858330503105001 [0.0769759044051] [0.140190705657]
0.10624313727045001 [0.0772325024009] [0.13525377214]
0.1024510301647 [0.0765225961804] [0.128379464149]
0.0955977439882 [0.0725389644504] [0.118656523526]
0.0859813354907 [0.0645658522844] [0.107396818697]
0.076707739383 [0.0565187856555] [0.0968966931105]
0.0693872924894 [0.0499254055321] [0.0888491794467]
0.06453279405835 [0.0454723387957] [0.083593249321]
0.0615388043225 [0.0426205173135] [0.0804570913315]
0.0595747884363 [0.0403803773224] [0.0787691995502]
0.05820563808085 [0.0383160337806] [0.0780952423811]
0.0574556235224 [0.0367737077177] [0.0781375393271]
0.057202471420149996 [0.0359452553093] [0.078459687531]
0.0559495743364 [0.0348442830145] [0.0770548656583]
0.052946539595750006 [0.0330835692585] [0.072809509933]
0.04942469857635 [0.0308538489044] [0.0679955482483]
