0.09149650856875 [0.11491060257] [0.0680824145675]
0.0997069738806 [0.123759776354] [0.0756541714072]
0.1090103685854 [0.131135076284] [0.0868856608868]
0.11797767505064999 [0.137723296881] [0.0982320532203]
0.1262881308795 [0.144335508347] [0.108240753412]
0.1363259144125 [0.154186144471] [0.118465684354]
0.150293365121 [0.168382450938] [0.132204279304]
0.171713910997 [0.190120652318] [0.153307169676]
0.2026195451615 [0.217829182744] [0.187409907579]
0.236587397754 [0.229942753911] [0.243232041597]
0.24907977134 [0.188278928399] [0.309880614281]
0.22621990367800002 [0.117358706892] [0.335081100464]
0.18920469656605 [0.0698081925511] [0.308601200581]
0.1610941402614 [0.0454391166568] [0.276749163866]
0.14389677159484998 [0.0331769548357] [0.254616588354]
0.13472640235 [0.026769483462] [0.242683321238]
0.13113113678965 [0.0235240347683] [0.238738238811]
0.13005775026985 [0.0218859426677] [0.238229557872]
0.12836301047375 [0.0209226403385] [0.235803380609]
0.1239167787135 [0.020151309669] [0.227682247758]
0.1160131646321 [0.0192428585142] [0.21278347075]
0.10407073516405 [0.0181784424931] [0.189963027835]
0.0883182464167 [0.0169947650284] [0.159641727805]
0.07488382048879999 [0.0158645547926] [0.133903086185]
0.06694638868774999 [0.0149699551985] [0.118922822177]
0.0628184755332 [0.0146994749084] [0.110937476158]
0.061744100879750005 [0.0155951743945] [0.107893027365]
0.0639370232819 [0.0185326635838] [0.10934138298]
0.06986174825555 [0.0247696880251] [0.114953808486]
0.0794474780557 [0.0363054424524] [0.122589513659]
0.09092857688650001 [0.05280610919] [0.129051044583]
0.10166747122985001 [0.0702004283667] [0.133134514093]
0.1080024279655 [0.080983184278] [0.135021671653]
0.10985452309235 [0.0841750130057] [0.135534033179]
0.1094782985745 [0.083553172648] [0.135403424501]
0.10837724059840001 [0.0825182199478] [0.134236261249]
0.10776040330525 [0.0826203897595] [0.132900416851]
0.10811390727760001 [0.0841177850962] [0.132110029459]
0.10681279003615 [0.0860565900803] [0.127568989992]
0.1036342792211 [0.0877817943692] [0.119486764073]
0.09720898047070001 [0.0832104831934] [0.111207477748]
0.0873673856258 [0.0715777650476] [0.103157006204]
0.0775371324271 [0.0599421523511] [0.0951321125031]
0.06839162670075 [0.0497462637722] [0.0870369896293]
0.060447908937950004 [0.0415969565511] [0.0792988613248]
0.05367203615605 [0.0355363301933] [0.0718077421188]
0.0479057971388 [0.0315581895411] [0.0642534047365]
0.043610136956 [0.0295583866537] [0.0576618872583]
0.04062350839375 [0.0289211608469] [0.0523258559406]
0.0387915354222 [0.0289580561221] [0.0486250147223]
0.03785144910215 [0.0292183496058] [0.0464845485985]
0.03759310767055 [0.0296208262444] [0.0455653890967]
0.0378669910133 [0.0302936285734] [0.0454403534532]
0.03833180014045 [0.0311401132494] [0.0455234870315]
0.038690948858849994 [0.0320763662457] [0.045305531472]
0.038678057491800005 [0.0328276976943] [0.0445284172893]
0.038536986336100004 [0.0334858037531] [0.0435881689191]
0.038351068273200006 [0.0341135673225] [0.0425885692239]
0.03823808394375 [0.0346589908004] [0.0418171770871]
0.03858908452095 [0.035574849695] [0.0416033193469]
0.0395790450275 [0.0369183346629] [0.0422397553921]
0.0407072957605 [0.0382515378296] [0.0431630536914]
0.041363317519400006 [0.0389793254435] [0.0437473095953]
0.04132780991495 [0.0389275811613] [0.0437280386686]
0.0408835355192 [0.0384913347661] [0.0432757362723]
0.0400459524244 [0.0377210043371] [0.0423709005117]
0.03875838220115 [0.0365135595202] [0.0410032048821]
0.0374359246343 [0.035215716809] [0.0396561324596]
0.0366335939616 [0.0342125855386] [0.0390546023846]
0.03686483390625 [0.0339120291173] [0.0398176386952]
0.03848388232295 [0.0347326509655] [0.0422351136804]
0.0415641032159 [0.0369253531098] [0.046202853322]
0.04590053111315 [0.0406096875668] [0.0511913746595]
0.0508232973516 [0.0457363314927] [0.0559102632105]
0.05512017384175 [0.0512552596629] [0.0589850880206]
0.05898550339045 [0.0566321760416] [0.0613388307393]
0.06320343911645 [0.0620320662856] [0.0643748119473]
0.0687419548631 [0.0683315396309] [0.0691523700953]
0.0753133483231 [0.074963003397] [0.0756636932492]
0.08315946534275 [0.0824489593506] [0.0838699713349]
0.09174432978034999 [0.0902091264725] [0.0932795330882]
0.0983695387842 [0.0965135097504] [0.100225567818]
0.10211641713969999 [0.0994308143854] [0.104802019894]
0.1049883291125 [0.101796865463] [0.108179792762]
0.10772028565399999 [0.104483865201] [0.110956706107]
0.110326454043 [0.107344396412] [0.113308511674]
0.11274581775100001 [0.109873004258] [0.115618631244]
0.11510989442450001 [0.111473880708] [0.118745908141]
0.11728640645749999 [0.11161211133] [0.122960701585]
0.11908894404749999 [0.110161103308] [0.128016784787]
0.12084263935700001 [0.107843525708] [0.133841753006]
0.1236401982605 [0.106394506991] [0.14088588953]
0.1299523226915 [0.108587525785] [0.151317119598]
0.1435289010405 [0.118032097816] [0.169025704265]
0.16901358217 [0.139086261392] [0.198940902948]
0.21482294797899998 [0.181982249022] [0.247663646936]
0.28391616046449997 [0.249795615673] [0.318036705256]
0.350223943591 [0.315979093313] [0.384468793869]
0.39467488229250003 [0.359133452177] [0.430216312408]
0.4122073948385 [0.374329298735] [0.450085490942]
0.41808322072049997 [0.377278417349] [0.458888024092]
0.4173735380175 [0.365452229977] [0.469294846058]
0.4171203225855 [0.3569688797] [0.477271765471]
0.385781869292 [0.323014318943] [0.448549419641]
0.292057514191 [0.248972207308] [0.335142821074]
0.198489934206 [0.172570690513] [0.224409177899]
0.14019228518 [0.123767256737] [0.156617313623]
0.1091264598071 [0.0970933362842] [0.12115958333]
0.0927090719343 [0.0826731324196] [0.102745011449]
0.0841990970075 [0.0747207850218] [0.0936774089932]
0.0794559828937 [0.0694229453802] [0.0894890204072]
0.07538736239075 [0.0639806613326] [0.0867940634489]
0.07047559320925 [0.058050699532] [0.0829004868865]
0.0644548330456 [0.051769848913] [0.0771398171782]
0.05863787047565 [0.0465161316097] [0.0707596093416]
0.0531441476196 [0.0424853153527] [0.0638029798865]
0.048224247992049996 [0.0396232157946] [0.0568252801895]
0.0441158954054 [0.0372297763824] [0.0510020144284]
0.04119222983715 [0.0354295261204] [0.0469549335539]
0.040015719830949995 [0.0346439555287] [0.0453874841332]
0.0407449249178 [0.0348621346056] [0.04662771523]
0.0432373639196 [0.0359547808766] [0.0505199469626]
0.04680864699185 [0.0373379997909] [0.0562792941928]
