0.0773631203922 [0.0382480956614] [0.116478145123]
0.1147440914067 [0.0566547848284] [0.172833397985]
0.16247493773705002 [0.0823350250721] [0.242614850402]
0.2025513127445 [0.105149164796] [0.299953460693]
0.2272986769675 [0.118438541889] [0.336158812046]
0.23759592696999998 [0.123497240245] [0.351694613695]
0.2425712421535 [0.126169875264] [0.358972609043]
0.2454407438635 [0.127036646008] [0.363844841719]
0.24864682555200002 [0.125263124704] [0.3720305264]
0.2497302144765 [0.123318761587] [0.376141667366]
0.2469450719655 [0.120772667229] [0.373117476702]
0.240069940686 [0.118520081043] [0.361619800329]
0.2331211566925 [0.115863293409] [0.350379019976]
0.2183964662255 [0.104413829744] [0.332379102707]
0.18228970468045 [0.0769963562489] [0.287583053112]
0.13288401998575 [0.0484849996865] [0.217283040285]
0.09259828366345 [0.0327231325209] [0.152473434806]
0.0669204713776 [0.0246687475592] [0.109172195196]
0.0519148847088 [0.0204598214477] [0.0833699479699]
0.04296145681295 [0.0183261353523] [0.0675967782736]
0.03760755900295 [0.0175728034228] [0.0576423145831]
0.0338732516393 [0.01751360856] [0.0502328947186]
0.03112728148695 [0.0177762135863] [0.0444783493876]
0.0292850304395 [0.0181479640305] [0.0404220968485]
0.0282290345058 [0.01863819547] [0.0378198735416]
0.027504899539050002 [0.0189621057361] [0.036047693342]
0.02704363223165 [0.0191296022385] [0.0349576622248]
0.026828471571249998 [0.0191705860198] [0.0344863571227]
0.02684702165425 [0.0191104374826] [0.0345836058259]
0.0272232275456 [0.0191842243075] [0.0352622307837]
0.0281464792788 [0.0196563377976] [0.03663662076]
0.02981723379345 [0.0208645556122] [0.0387699119747]
0.0322758872062 [0.0229978635907] [0.0415539108217]
0.03495119698345 [0.0255660898983] [0.0443363040686]
0.0364801846445 [0.0271682441235] [0.0457921251655]
0.0367071526125 [0.0267787631601] [0.0466355420649]
0.03658925462515 [0.0252076815814] [0.0479708276689]
0.0369282355532 [0.0235157813877] [0.0503406897187]
0.0380885172635 [0.0221806466579] [0.0539963878691]
0.0397733962163 [0.0212596338242] [0.0582871586084]
0.04156667832285 [0.0208486188203] [0.0622847378254]
0.042190810665500005 [0.0204514227808] [0.0639301985502]
0.04126727767285 [0.0197994150221] [0.0627351403236]
0.0400258861482 [0.0194193013012] [0.0606324709952]
0.03874076064675 [0.0189918819815] [0.058489639312]
0.03764076251535 [0.0184890832752] [0.0567924417555]
0.036992736160749995 [0.0179305709898] [0.0560549013317]
0.037183989770700004 [0.0175052862614] [0.05686269328]
0.03870215639475 [0.0174772664905] [0.059927046299]
0.04170550592245 [0.0180258266628] [0.0653851851821]
0.0458038840443 [0.0193571187556] [0.072250649333]
0.04908133950085 [0.0211279150099] [0.0770347639918]
0.04906119126825 [0.0223735440522] [0.0757488384843]
0.0457562962547 [0.0225911084563] [0.0689214840531]
0.04131081886585 [0.0222138613462] [0.0604077763855]
0.03828709200025 [0.021811299026] [0.0547628849745]
0.0369974570349 [0.0217719208449] [0.0522229932249]
0.0370371462777 [0.022285932675] [0.0517883598804]
0.0375778870657 [0.0231173466891] [0.0520384274423]
0.03806030377745 [0.0241434909403] [0.0519771166146]
0.0377860693261 [0.0248602908105] [0.0507118478417]
0.03700764756645 [0.0252999272197] [0.0487153679132]
0.036380562 [0.0257759001106] [0.0469852238894]
0.0356506323442 [0.0261200796813] [0.0451811850071]
0.03462827112525 [0.0263079870492] [0.0429485552013]
0.033954345621200005 [0.0266102422029] [0.0412984490395]
0.0342183560133 [0.0274614468217] [0.0409752652049]
0.035722784698 [0.0290766879916] [0.0423688814044]
0.03863174282015 [0.0314541347325] [0.0458093509078]
0.0423044376075 [0.0337172038853] [0.0508916713297]
0.04591719806195 [0.0352780595422] [0.0565563365817]
0.0486138034612 [0.0357725434005] [0.0614550635219]
0.0499115753919 [0.0353674627841] [0.0644556879997]
0.0500372145325 [0.0343267582357] [0.0657476708293]
0.0491704270244 [0.0326478555799] [0.0656929984689]
0.04779597744345 [0.0312724560499] [0.064319498837]
0.0461993450299 [0.0301829036325] [0.0622157864273]
0.04511777311565 [0.0296318754554] [0.0606036707759]
0.0449442118406 [0.0296112708747] [0.0602771528065]
0.0453276094049 [0.0296716466546] [0.0609835721552]
0.04551299195735 [0.029294481501] [0.0617315024137]
0.0453704074025 [0.0281646475196] [0.0625761672854]
0.04507436975835 [0.026595659554] [0.0635530799627]
0.044852624647300006 [0.024949779734] [0.0647554695606]
0.04416556190695 [0.0235340353101] [0.0647970885038]
0.042589354328800004 [0.0222357045859] [0.0629430040717]
0.0399612234905 [0.0209689941257] [0.0589534528553]
0.0371065316722 [0.0198031049222] [0.0544099584222]
0.0349173145369 [0.0188549142331] [0.0509797148407]
0.0340016717091 [0.0181080456823] [0.0498952977359]
0.0346470437944 [0.0176969468594] [0.0515971407294]
0.0365588227287 [0.0175990518183] [0.0555185936391]
0.03903336729855 [0.0175960343331] [0.060470700264]
