0.051316976547249996 [0.0169975310564] [0.0856364220381]
0.051353842951349996 [0.0180015582591] [0.0847061276436]
0.05162036698315001 [0.019390238449] [0.0838504955173]
0.05163381714375 [0.0208267439157] [0.0824408903718]
0.0510147633031 [0.0222919303924] [0.0797375962138]
0.049907340668149995 [0.0241669472307] [0.0756477341056]
0.04893817380075 [0.0267917439342] [0.0710846036673]
0.0469768717885 [0.0267917439342] [0.0671619996428]
0.0459532812238 [0.0267917439342] [0.0651148185134]
0.04574552178385 [0.0267917439342] [0.0646992996335]
0.045422669500150004 [0.0267917439342] [0.0640535950661]
0.0448415838182 [0.0267917439342] [0.0628914237022]
0.043839987367399996 [0.0267917439342] [0.0608882308006]
0.042343564331549996 [0.0267917439342] [0.0578953847289]
0.0399624966085 [0.0267917439342] [0.0531332492828]
0.03686555475 [0.0267917439342] [0.0469393655658]
0.03348952531815 [0.0267917439342] [0.0401873067021]
0.030907722190050002 [0.0267917439342] [0.0350237004459]
0.029392167925849998 [0.0267917439342] [0.0319925919175]
0.02883048914375 [0.0267917439342] [0.0308692343533]
0.02905905619265 [0.0267917439342] [0.0313263684511]
0.029869420453949996 [0.0267917439342] [0.0329470969737]
0.0310237929225 [0.0267917439342] [0.0352558419108]
0.0321926530451 [0.0267917439342] [0.037593562156]
0.0330284330994 [0.0267917439342] [0.0392651222646]
0.03336390294135 [0.0267917439342] [0.0399360619485]
0.0545325893909 [0.0694409385324] [0.0396242402494]
0.0551064349711 [0.0710226520896] [0.0391902178526]
0.0568611808121 [0.0740373134613] [0.0396850481629]
0.0608018487692 [0.0787473469973] [0.0428563505411]
0.0679959245026 [0.084933757782] [0.0510580912232]
0.0796717442572 [0.0916483774781] [0.0676951110363]
0.09627896547315 [0.0962903574109] [0.0962675735354]
0.11276105046255 [0.0948774367571] [0.130644664168]
0.110516831279 [0.083188444376] [0.137845218182]
0.08323271572579999 [0.0646530911326] [0.101812340319]
0.055276231840250004 [0.0476764775813] [0.0628759860992]
0.03791798837485 [0.036296017468] [0.0395399592817]
0.02847723383455 [0.0290655326098] [0.0278889350593]
0.0238777911291 [0.0251521095634] [0.0226034726948]
0.0219294456765 [0.0232333019376] [0.0206255894154]
0.02139748539775 [0.0224824771285] [0.020312493667]
0.021540371701150002 [0.0223286878318] [0.0207520555705]
0.02130131889135 [0.0223231557757] [0.020279482007]
0.02112457621845 [0.021590160206] [0.0206589922309]
0.020084098912750002 [0.0197862945497] [0.0203819032758]
0.01834339089695 [0.0173191968352] [0.0193675849587]
0.01648601936175 [0.0149286324158] [0.0180434063077]
0.015069967601450001 [0.0132006583735] [0.0169392768294]
0.01439330540595 [0.012280292809] [0.0165063180029]
0.01454931451005 [0.0120826223865] [0.0170160066336]
0.01562631176785 [0.0125092165545] [0.0187434069812]
0.01765390019865 [0.0134148672223] [0.021892933175]
0.02062402619045 [0.0145804053172] [0.0266676470637]
0.024123693816349996 [0.0156423244625] [0.0326050631702]
0.0273928735405 [0.0163614116609] [0.0384243354201]
0.0294935647398 [0.0165932513773] [0.0423938781023]
0.030316961929199998 [0.0165238343179] [0.0441100895405]
0.0309336297214 [0.0163328833878] [0.045534376055]
0.0310589261353 [0.0164849050343] [0.0456329472363]
0.032053318806 [0.0172236096114] [0.0468830280006]
0.03451652266085 [0.0187416486442] [0.0502913966775]
0.0389681700617 [0.0213087834418] [0.0566275566816]
0.04516761098055 [0.0245053041726] [0.0658299177885]
0.05260840430855 [0.0279072448611] [0.077309563756]
0.058944980613899994 [0.0308257248253] [0.0870642364025]
0.0603417623788 [0.0318614579737] [0.0888220667839]
0.05537953879685 [0.0307948049158] [0.0799642726779]
0.05003047641365 [0.029701879248] [0.0703590735793]
0.0458385301754 [0.0285534542054] [0.0631236061454]
