0.15128702344378 [0.297418922186] [0.00515512470156]
0.15129436948342 [0.297418922186] [0.00516981678084]
0.151387593941815 [0.297418922186] [0.00535626569763]
0.15160077414480502 [0.297418922186] [0.00578262610361]
0.15192211791878002 [0.297418922186] [0.00642531365156]
0.15228635072713 [0.297418922186] [0.00715377926826]
0.15263410471385 [0.297418922186] [0.0078492872417]
0.15305338567128002 [0.297418922186] [0.00868784915656]
0.15345449047168 [0.297418922186] [0.00949005875736]
0.15413928404455002 [0.297418922186] [0.0108596459031]
0.15509078232575002 [0.297418922186] [0.0127626424655]
0.156095804181 [0.297418922186] [0.014772686176]
0.15682688914245002 [0.297418922186] [0.0162348560989]
0.15716418810195001 [0.297418922186] [0.0169094540179]
0.15727590862665 [0.297418922186] [0.0171328950673]
0.15713231451815002 [0.297418922186] [0.0168457068503]
0.1570542994887 [0.297418922186] [0.0166896767914]
0.15687588881705 [0.297418922186] [0.0163328554481]
0.15663840901110002 [0.297418922186] [0.0158578958362]
0.15663840901110002 [0.297418922186] [0.0158578958362]
0.15663840901110002 [0.297418922186] [0.0158578958362]
0.15663840901110002 [0.297418922186] [0.0158578958362]
0.15663840901110002 [0.297418922186] [0.0158578958362]
0.15663840901110002 [0.297418922186] [0.0158578958362]
0.15663840901110002 [0.297418922186] [0.0158578958362]
0.15663840901110002 [0.297418922186] [0.0158578958362]
0.15663840901110002 [0.297418922186] [0.0158578958362]
0.15663840901110002 [0.297418922186] [0.0158578958362]
0.15663840901110002 [0.297418922186] [0.0158578958362]
0.15663840901110002 [0.297418922186] [0.0158578958362]
0.15663840901110002 [0.297418922186] [0.0158578958362]
0.15663840901110002 [0.297418922186] [0.0158578958362]
0.15663840901110002 [0.297418922186] [0.0158578958362]
0.15663840901110002 [0.297418922186] [0.0158578958362]
0.15663840901110002 [0.297418922186] [0.0158578958362]
0.15663840901110002 [0.297418922186] [0.0158578958362]
0.15663840901110002 [0.297418922186] [0.0158578958362]
0.15663840901110002 [0.297418922186] [0.0158578958362]
0.15663840901110002 [0.297418922186] [0.0158578958362]
0.15663840901110002 [0.297418922186] [0.0158578958362]
0.15663840901110002 [0.297418922186] [0.0158578958362]
0.15663840901110002 [0.297418922186] [0.0158578958362]
0.15663840901110002 [0.297418922186] [0.0158578958362]
0.15663840901110002 [0.297418922186] [0.0158578958362]
0.15663840901110002 [0.297418922186] [0.0158578958362]
0.15663840901110002 [0.297418922186] [0.0158578958362]
0.15663840901110002 [0.297418922186] [0.0158578958362]
0.15663840901110002 [0.297418922186] [0.0158578958362]
0.15663840901110002 [0.297418922186] [0.0158578958362]
0.15663840901110002 [0.297418922186] [0.0158578958362]
0.15663840901110002 [0.297418922186] [0.0158578958362]
0.15663840901110002 [0.297418922186] [0.0158578958362]
0.15663840901110002 [0.297418922186] [0.0158578958362]
0.15663840901110002 [0.297418922186] [0.0158578958362]
0.15663840901110002 [0.297418922186] [0.0158578958362]
0.15663840901110002 [0.297418922186] [0.0158578958362]
0.15663840901110002 [0.297418922186] [0.0158578958362]
0.15663840901110002 [0.297418922186] [0.0158578958362]
0.15663840901110002 [0.297418922186] [0.0158578958362]
0.15663840901110002 [0.297418922186] [0.0158578958362]
0.15663840901110002 [0.297418922186] [0.0158578958362]
0.15663840901110002 [0.297418922186] [0.0158578958362]
0.169720472768 [0.297418922186] [0.04202202335]
0.17086519300945002 [0.297418922186] [0.0443114638329]
0.17165753431625003 [0.297418922186] [0.0458961464465]
0.17204612493520002 [0.297418922186] [0.0466733276844]
0.17235049419110002 [0.297418922186] [0.0472820661962]
0.17235049419110002 [0.297418922186] [0.0472820661962]
0.17235049419110002 [0.297418922186] [0.0472820661962]
0.17235049419110002 [0.297418922186] [0.0472820661962]
0.17235049419110002 [0.297418922186] [0.0472820661962]
0.17235049419110002 [0.297418922186] [0.0472820661962]
0.17235049419110002 [0.297418922186] [0.0472820661962]
0.17235049419110002 [0.297418922186] [0.0472820661962]
0.1759690213949 [0.297418922186] [0.0545191206038]
0.18008247017865 [0.297418922186] [0.0627460181713]
0.18323675543075002 [0.297418922186] [0.0690545886755]
0.1824719384313 [0.297418922186] [0.0675249546766]
0.1824719384313 [0.297418922186] [0.0675249546766]
0.1824719384313 [0.297418922186] [0.0675249546766]
0.1824719384313 [0.297418922186] [0.0675249546766]
0.1824719384313 [0.297418922186] [0.0675249546766]
0.1824719384313 [0.297418922186] [0.0675249546766]
0.1824719384313 [0.297418922186] [0.0675249546766]
0.1824719384313 [0.297418922186] [0.0675249546766]
0.1824719384313 [0.297418922186] [0.0675249546766]
0.1824719384313 [0.297418922186] [0.0675249546766]
0.1824719384313 [0.297418922186] [0.0675249546766]
0.1824719384313 [0.297418922186] [0.0675249546766]
0.1824719384313 [0.297418922186] [0.0675249546766]
0.1824719384313 [0.297418922186] [0.0675249546766]
0.1824719384313 [0.297418922186] [0.0675249546766]
0.225731931627 [0.297418922186] [0.154044941068]
0.2337517887355 [0.297418922186] [0.170084655285]
0.237847059965 [0.297418922186] [0.178275197744]
0.2406720891595 [0.297418922186] [0.183925256133]
0.24255665391700001 [0.297418922186] [0.187694385648]
0.243512198329 [0.297418922186] [0.189605474472]
0.2438337132335 [0.297418922186] [0.190248504281]
0.24325335025800002 [0.297418922186] [0.18908777833]
0.24148940295000001 [0.297418922186] [0.185559883714]
0.23863124847400002 [0.297418922186] [0.179843574762]
0.2353637218475 [0.297418922186] [0.173308521509]
0.232500433922 [0.297418922186] [0.167581945658]
0.2334408015015 [0.297418922186] [0.169462680817]
0.233381792903 [0.297418922186] [0.16934466362]
0.23197783529750002 [0.297418922186] [0.166536748409]
0.22850222885600002 [0.297418922186] [0.159585535526]
0.2244194820525 [0.297418922186] [0.151420041919]
0.22071409970550002 [0.297418922186] [0.144009277225]
0.21757730096600003 [0.297418922186] [0.137735679746]
0.215189561248 [0.297418922186] [0.13296020031]
0.2127888649705 [0.297418922186] [0.128158807755]
0.2098334878685 [0.297418922186] [0.122248053551]
0.206551525742 [0.297418922186] [0.115684129298]
0.203345101327 [0.297418922186] [0.109271280468]
0.200019091368 [0.297418922186] [0.10261926055]
0.1975180394948 [0.297418922186] [0.0976171568036]
0.19596492871645002 [0.297418922186] [0.0945109352469]
0.19397453591235 [0.297418922186] [0.0905301496387]
0.19261199608450003 [0.297418922186] [0.087805069983]
0.19226125627760002 [0.297418922186] [0.0871035903692]
0.19310502335435 [0.297418922186] [0.0887911245227]
0.19480429589755 [0.297418922186] [0.0921896696091]
0.19680982455615 [0.297418922186] [0.0962007269263]
0.19855020567780002 [0.297418922186] [0.0996814891696]
0.20001071319000002 [0.297418922186] [0.102602504194]
0.20164895802750002 [0.297418922186] [0.105878993869]
0.20377606526000003 [0.297418922186] [0.110133208334]
0.205670993775 [0.297418922186] [0.113923065364]
0.2052923068405 [0.297418922186] [0.113165691495]
0.1993496976795 [0.297418922186] [0.101280473173]
0.18962382897740002 [0.297418922186] [0.0818287357688]
0.18036063387995002 [0.297418922186] [0.0633023455739]
