0.06446811486985 [0.121811717749] [0.0071245119907]
0.06446811486985 [0.121811717749] [0.0071245119907]
0.06446811486985 [0.121811717749] [0.0071245119907]
0.06446811486985 [0.121811717749] [0.0071245119907]
0.06446811486985 [0.121811717749] [0.0071245119907]
0.06446811486985 [0.121811717749] [0.0071245119907]
0.06446811486985 [0.121811717749] [0.0071245119907]
0.06446811486985 [0.121811717749] [0.0071245119907]
0.06446811486985 [0.121811717749] [0.0071245119907]
0.06446811486985 [0.121811717749] [0.0071245119907]
0.06446811486985 [0.121811717749] [0.0071245119907]
0.06446811486985 [0.121811717749] [0.0071245119907]
0.06446811486985 [0.121811717749] [0.0071245119907]
0.06446811486985 [0.121811717749] [0.0071245119907]
0.06446811486985 [0.121811717749] [0.0071245119907]
0.06446811486985 [0.121811717749] [0.0071245119907]
0.06446811486985 [0.121811717749] [0.0071245119907]
0.06446811486985 [0.121811717749] [0.0071245119907]
0.06446811486985 [0.121811717749] [0.0071245119907]
0.06446811486985 [0.121811717749] [0.0071245119907]
0.06446811486985 [0.121811717749] [0.0071245119907]
0.06446811486985 [0.121811717749] [0.0071245119907]
0.06446811486985 [0.121811717749] [0.0071245119907]
0.0948774218561 [0.121811717749] [0.0679431259632]
0.0941635854544 [0.121811717749] [0.0665154531598]
0.0952099189164 [0.121811717749] [0.0686081200838]
0.0976402610542 [0.121811717749] [0.0734688043594]
0.10038276389260001 [0.121811717749] [0.0789538100362]
0.1024288088085 [0.121811717749] [0.083045899868]
0.1001466847958 [0.121811717749] [0.0784816518426]
0.1001466847958 [0.121811717749] [0.0784816518426]
0.1001466847958 [0.121811717749] [0.0784816518426]
0.1001466847958 [0.121811717749] [0.0784816518426]
0.1001466847958 [0.121811717749] [0.0784816518426]
0.1001466847958 [0.121811717749] [0.0784816518426]
0.0997530482711 [0.121811717749] [0.0776943787932]
0.10024869814535001 [0.121811717749] [0.0786856785417]
0.1015396900477 [0.121811717749] [0.0812676623464]
0.10357942804709999 [0.121811717749] [0.0853471383452]
0.1058387942614 [0.121811717749] [0.0898658707738]
0.10683020949380001 [0.121811717749] [0.0918487012386]
0.10683020949380001 [0.121811717749] [0.0918487012386]
0.10683020949380001 [0.121811717749] [0.0918487012386]
0.10683020949380001 [0.121811717749] [0.0918487012386]
0.10683020949380001 [0.121811717749] [0.0918487012386]
0.10683020949380001 [0.121811717749] [0.0918487012386]
0.07100473716875 [0.121811717749] [0.0201977565885]
0.07014577370155001 [0.121811717749] [0.0184798296541]
0.06995071005095 [0.121811717749] [0.0180897023529]
0.07028485462085 [0.121811717749] [0.0187579914927]
0.07086974754945 [0.121811717749] [0.0199277773499]
0.07154031470435 [0.121811717749] [0.0212689116597]
0.0719740167262 [0.121811717749] [0.0221363157034]
0.0719677042218 [0.121811717749] [0.0221236906946]
0.07148457877355 [0.121811717749] [0.0211574397981]
0.07109864335525 [0.121811717749] [0.0203855689615]
0.0709443418311 [0.121811717749] [0.0200769659132]
0.0709495646881 [0.121811717749] [0.0200874116272]
0.07082870975155 [0.121811717749] [0.0198457017541]
0.0709604145961 [0.121811717749] [0.0201091114432]
0.07140424568225 [0.121811717749] [0.0209967736155]
0.07209788262860001 [0.121811717749] [0.0223840475082]
0.0728878136726 [0.121811717749] [0.0239639095962]
0.07360673509555 [0.121811717749] [0.0254017524421]
0.07416161801685 [0.121811717749] [0.0265115182847]
0.07458469457940001 [0.121811717749] [0.0273576714098]
0.0749386632817 [0.121811717749] [0.0280656088144]
0.07545140851305 [0.121811717749] [0.0290910992771]
0.07637851778435 [0.121811717749] [0.0309453178197]
0.07815127261 [0.121811717749] [0.034490827471]
0.08172285929340001 [0.121811717749] [0.0416340008378]
0.1775588430462 [0.297656923532] [0.0574607625604]
0.19323560968029999 [0.295141816139] [0.0913294032216]
0.210996024311 [0.281570822001] [0.140421226621]
0.211258068681 [0.26294323802] [0.159572899342]
0.198946528137 [0.245711103082] [0.152181953192]
0.184911645949 [0.233166083694] [0.136657208204]
0.167562764138 [0.222010374069] [0.113115154207]
0.1467216908933 [0.208059370518] [0.0853840112686]
0.12647590786204999 [0.189882546663] [0.0630692690611]
0.1103811897336 [0.170880526304] [0.0498818531632]
0.09904294461025001 [0.155240222812] [0.0428456664085]
0.09241357445739999 [0.14564023912] [0.0391869097948]
0.08783072233184999 [0.138188153505] [0.0374732911587]
0.08360324613775 [0.13057525456] [0.0366312377155]
0.07850856147725 [0.121057711542] [0.0359594114125]
0.07677867263565 [0.11836104095] [0.0351963043213]
0.07706345058955 [0.119827933609] [0.0342989675701]
0.0794170554726 [0.125308781862] [0.0335253290832]
0.08290758170165 [0.132777139544] [0.0330380238593]
0.0864612758162 [0.13992369175] [0.0329988598824]
0.0888749286533 [0.144544646144] [0.0332052111626]
0.08996072597775 [0.146244347095] [0.0336771048605]
0.09070897847430001 [0.146717205644] [0.0347007513046]
0.09306260943394999 [0.149354100227] [0.0367711186409]
0.09911025688049999 [0.157804518938] [0.040415994823]
0.11045627854779999 [0.174845516682] [0.0460670404136]
0.1259098313749 [0.198762267828] [0.0530573949218]
0.1470118500291 [0.235166057944] [0.0588576421142]
0.1537205260245 [0.245932564139] [0.06150848791]
0.1574117094278 [0.252170741558] [0.0626526772976]
0.16079954430475002 [0.257551789284] [0.0640472993255]
0.1584551297126 [0.251308560371] [0.0656016990542]
0.1496164128184 [0.233667910099] [0.0655649155378]
0.13934934511775 [0.213672697544] [0.0650259926915]
0.13201563060275 [0.199581697583] [0.0644495636225]
0.127845209092 [0.191402256489] [0.064288161695]
0.12781479954715 [0.190630942583] [0.0649986565113]
0.1298449151216 [0.19244672358] [0.0672431066632]
0.13056378811585 [0.190120398998] [0.0710071772337]
0.12748970836395 [0.180723696947] [0.0742557197809]
0.12097195908450001 [0.168159320951] [0.073784597218]
0.11337911710134999 [0.15511149168] [0.0716467425227]
0.10640623420475001 [0.14352594316] [0.0692865252495]
0.10096414387239999 [0.134471356869] [0.0674569308758]
0.0971090830861 [0.128576904535] [0.0656412616372]
0.0948019102216 [0.125789269805] [0.0638145506382]
0.09359879791735 [0.125890597701] [0.0613069981337]
0.0931585524229 [0.128413945436] [0.0579031594098]
0.09352171607335 [0.132554829121] [0.0544886030257]
0.0956649482251 [0.139156162739] [0.0521737337112]
0.09719618782395001 [0.143659070134] [0.0507333055139]
0.09943332150590001 [0.148418709636] [0.0504479333758]
0.10265238210545 [0.153860107064] [0.0514446571469]
0.107001526281 [0.16073590517] [0.053267147392]
0.1128279585392 [0.170523196459] [0.0551327206194]
0.12023376673435 [0.183412700891] [0.0570548325777]
0.12604787014415 [0.193707808852] [0.0583879314363]
0.12490730546425 [0.191248431802] [0.0585661791265]
0.11674962565305 [0.176937237382] [0.0565620139241]
0.10746253281835 [0.160862416029] [0.0540626496077]
0.1009577773509 [0.149886116385] [0.0520294383168]
0.0981669146569 [0.14530210197] [0.0510317273438]
0.09840402565905 [0.145261436701] [0.0515466146171]
0.10046673752345 [0.147212952375] [0.0537205226719]
0.1026794128122 [0.148216336966] [0.0571424886584]
0.10442449338729999 [0.146705508232] [0.0621434785426]
0.10509094595895 [0.144048452377] [0.0661334395409]
0.1045645624397 [0.14245724678] [0.0666718780994]
0.1025231853127 [0.141542315483] [0.0635040551424]
0.10104763321565 [0.142843365669] [0.0592519007623]
0.10052737966185 [0.145765259862] [0.0552894994617]
0.10152509808554999 [0.150185465813] [0.0528647303581]
0.10508773662155 [0.157186433673] [0.0529890395701]
0.11246053129450001 [0.168172925711] [0.056748136878]
0.12400151416685 [0.18248282373] [0.0655202046037]
0.1350145675242 [0.195017889142] [0.0750112459064]
0.1340004391966 [0.196076482534] [0.0719243958592]
0.12032557837675 [0.178248152137] [0.0624030046165]
0.1021468788388 [0.152602359653] [0.0516913980246]
0.08667415566719999 [0.129663303494] [0.0436850078404]
