0.03335402254015 [0.046826723963] [0.0198813211173]
0.033054953441 [0.046826723963] [0.019283182919]
0.03283817041665 [0.046826723963] [0.0188496168703]
0.0326857306063 [0.046826723963] [0.0185447372496]
0.0325937978923 [0.046826723963] [0.0183608718216]
0.03252123575655 [0.046826723963] [0.0182157475501]
0.03261763136835 [0.046826723963] [0.0184085387737]
0.0330940345302 [0.046826723963] [0.0193613450974]
0.0341603513807 [0.046826723963] [0.0214939787984]
0.03591531608255 [0.046826723963] [0.0250039082021]
0.0378596065566 [0.046826723963] [0.0288924891502]
0.038600734435 [0.046826723963] [0.030374744907]
0.03815238550305 [0.046826723963] [0.0294780470431]
0.0373072698712 [0.046826723963] [0.0277878157794]
0.03660614136605 [0.046826723963] [0.0263855587691]
0.0359285259619 [0.046826723963] [0.0250303279608]
0.03484082687645 [0.046826723963] [0.0228549297899]
0.033202865161 [0.046826723963] [0.019579006359]
0.03169918712225 [0.046826723963] [0.0165716502815]
0.03086513094605 [0.046826723963] [0.0149035379291]
0.030644666403499998 [0.046826723963] [0.014462608844]
0.03081590496005 [0.046826723963] [0.0148050859571]
0.0311326375231 [0.046826723963] [0.0154385510832]
0.0314557496458 [0.046826723963] [0.0160847753286]
0.0316873351112 [0.046826723963] [0.0165479462594]
0.03187393583355 [0.046826723963] [0.0169211477041]
0.0321006933227 [0.046826723963] [0.0173746626824]
0.0320256175473 [0.046826723963] [0.0172245111316]
0.03209447395055 [0.046826723963] [0.0173622239381]
0.03231535386295 [0.046826723963] [0.0178039837629]
0.03282354120165 [0.046826723963] [0.0188203584403]
0.033936769701550004 [0.046826723963] [0.0210468154401]
0.03617151174695 [0.046826723963] [0.0255162995309]
0.04035646282135 [0.046826723963] [0.0338862016797]
0.04809848964215 [0.046826723963] [0.0493702553213]
0.06104309670625 [0.046826723963] [0.0752594694495]
0.0775548350065 [0.046826723963] [0.10828294605]
0.091217542067 [0.046826723963] [0.135608360171]
0.091217542067 [0.046826723963] [0.135608360171]
0.091217542067 [0.046826723963] [0.135608360171]
0.091217542067 [0.046826723963] [0.135608360171]
0.091217542067 [0.046826723963] [0.135608360171]
0.091217542067 [0.046826723963] [0.135608360171]
0.091217542067 [0.046826723963] [0.135608360171]
0.091217542067 [0.046826723963] [0.135608360171]
0.091217542067 [0.046826723963] [0.135608360171]
0.091217542067 [0.046826723963] [0.135608360171]
0.091217542067 [0.046826723963] [0.135608360171]
0.091217542067 [0.046826723963] [0.135608360171]
0.091217542067 [0.046826723963] [0.135608360171]
0.091217542067 [0.046826723963] [0.135608360171]
0.091217542067 [0.046826723963] [0.135608360171]
0.091217542067 [0.046826723963] [0.135608360171]
0.091217542067 [0.046826723963] [0.135608360171]
0.091217542067 [0.046826723963] [0.135608360171]
0.091217542067 [0.046826723963] [0.135608360171]
0.091217542067 [0.046826723963] [0.135608360171]
0.13558768481 [0.135567009449] [0.135608360171]
0.13156467676150002 [0.127520993352] [0.135608360171]
0.1272888220845 [0.118969283998] [0.135608360171]
0.1236567161975 [0.111705072224] [0.135608360171]
0.09000106155884999 [0.106356032193] [0.0736460909247]
0.08820362016555 [0.10312936455] [0.0732778757811]
0.0882480330765 [0.102794162929] [0.073701903224]
0.08978269249225 [0.10475486517] [0.0748105198145]
0.0928672328593 [0.108915947378] [0.0768185183406]
0.0977290570738 [0.115615382791] [0.0798427313566]
0.10428783670085001 [0.124883487821] [0.0836921855807]
0.11192141100775 [0.136187002063] [0.0876558199525]
0.12187324836835 [0.152750059962] [0.0909964367747]
0.13196876272535002 [0.17044699192] [0.0934905335307]
0.1409338414667 [0.186403766274] [0.0954639166594]
0.14982604980460001 [0.202159821987] [0.0974922776222]
0.1568521372975 [0.211965605617] [0.101738668978]
0.1684468761085 [0.22747837007] [0.109415382147]
0.1878354251385 [0.24983291328] [0.125837936997]
0.218646593392 [0.27851164341] [0.158781543374]
0.25790610164399996 [0.3101593256] [0.205652877688]
0.2896395400165 [0.344331741333] [0.2349473387]
0.3091995716095 [0.382407516241] [0.235991626978]
0.3250430896875 [0.415512502193] [0.234573677182]
0.3392332941295 [0.445546448231] [0.232920140028]
0.34869824349899997 [0.469226509333] [0.228169977665]
0.3521098122 [0.483235269785] [0.220984354615]
0.2872317284345 [0.361086606979] [0.21337684989]
0.24208979308599998 [0.280436068773] [0.203743517399]
0.211092367768 [0.229514673352] [0.192670062184]
0.190310962498 [0.199322208762] [0.181299716234]
0.189437225461 [0.210722953081] [0.168151497841]
0.18038353323950002 [0.21066570282] [0.150101363659]
0.16063066944499999 [0.198057442904] [0.123203895986]
0.1347803361713 [0.17652580142] [0.0930348709226]
0.11271975934525 [0.157115414739] [0.0683241039515]
0.0981594584883 [0.144706696272] [0.0516122207046]
0.09045829810209999 [0.139442458749] [0.0414741374552]
0.08759307675075 [0.139442458749] [0.0357436947525]
0.08604844287044999 [0.139442458749] [0.0326544269919]
0.08523002266895 [0.139442458749] [0.0310175865889]
0.08469577785589999 [0.139442458749] [0.0299490969628]
0.08426029141985 [0.138896986842] [0.0296235959977]
0.08301979396495 [0.136271968484] [0.0297676194459]
0.07597433123745 [0.121625468135] [0.0303231943399]
0.07380264811215001 [0.116229571402] [0.0313757248223]
0.074485586956 [0.116142094135] [0.032829079777]
0.07700838893635001 [0.119534321129] [0.0344824567437]
0.08093206211909999 [0.125343263149] [0.0365208610892]
0.0867163185028 [0.133884876966] [0.0395477600396]
0.09506428986775001 [0.145678579807] [0.0444499999285]
0.10635754279795 [0.160877853632] [0.0518372319639]
0.12101270444675 [0.180885404348] [0.0611400045455]
0.12847219407545 [0.187209382653] [0.0697350054979]
0.1347701363267 [0.194324448705] [0.0752158239484]
0.14030141755960002 [0.201968044043] [0.0786347910762]
0.14740093797429998 [0.210114881396] [0.0846869945526]
0.15923584625135 [0.218583211303] [0.0998884811997]
0.179123453796 [0.226924568415] [0.131322339177]
0.22360732406400002 [0.26850733161] [0.178707316518]
0.2595157548785 [0.304194778204] [0.214836731553]
0.2755463719365 [0.326340615749] [0.224752128124]
0.2844266816975 [0.339890629053] [0.228962734342]
0.29014092683799997 [0.351576536894] [0.228705316782]
0.2968671396375 [0.361903816462] [0.231830462813]
0.303762860596 [0.370833724737] [0.236691996455]
0.302857026458 [0.372513830662] [0.233200222254]
0.2873353287575 [0.365893244743] [0.208777412772]
0.266592502594 [0.353567153215] [0.179617851973]
0.24956177175049998 [0.338807851076] [0.160315692425]
0.2386482954025 [0.325207054615] [0.15208953619]
0.2302970811725 [0.314249873161] [0.146344289184]
0.22294154018200002 [0.304604649544] [0.14127843082]
0.21572560816999997 [0.29433465004] [0.1371165663]
0.20883269608 [0.283507853746] [0.134157538414]
0.20150034874649997 [0.271444112062] [0.131556585431]
0.193631276488 [0.258693426847] [0.128569126129]
0.1845997273925 [0.24452136457] [0.124678090215]
0.176392968744 [0.232103481889] [0.120682455599]
0.169357974082 [0.221603155136] [0.117112793028]
0.1645331904295 [0.214616671205] [0.114449709654]
0.1615668684245 [0.210636749864] [0.112496986985]
0.1599806547165 [0.209229707718] [0.110731601715]
0.1599536277355 [0.211063027382] [0.108844228089]
0.161098588258 [0.214970037341] [0.107227139175]
0.16467589885 [0.218666926026] [0.110684871674]
0.1696573086085 [0.218922659755] [0.120391957462]
0.171733915806 [0.218729674816] [0.124738156796]
0.170168198645 [0.218804478645] [0.121531918645]
0.166860643774 [0.219602510333] [0.114118777215]
0.163665730506 [0.222824394703] [0.104507066309]
0.1602230444549 [0.22436748445] [0.0960786044598]
0.15612919628625 [0.220322713256] [0.0919356793165]
0.15112974867235 [0.209676474333] [0.0925830230117]
0.1479849070308 [0.201277673244] [0.0946921408176]
