0.12886868603545 [0.218225076795] [0.0395122952759]
0.1291323378684 [0.218225076795] [0.0400395989418]
0.1279876269402 [0.218225076795] [0.0377501770854]
0.12524204328675 [0.218225076795] [0.0322590097785]
0.1221092669295 [0.218225076795] [0.025993457064]
0.1196477152409 [0.218225076795] [0.0210703536868]
0.11811887007225 [0.218225076795] [0.0180126633495]
0.11732963938285 [0.218225076795] [0.0164342019707]
0.1170205948876 [0.218225076795] [0.0158161129802]
0.1170922182502 [0.218225076795] [0.0159593597054]
0.11741450149585 [0.218225076795] [0.0166039261967]
0.1178917577492 [0.218225076795] [0.0175584387034]
0.1183975841852 [0.218225076795] [0.0185700915754]
0.1188280591743 [0.218225076795] [0.0194310415536]
0.11910236254355 [0.218225076795] [0.0199796482921]
0.119354744442 [0.218225076795] [0.020484412089]
0.1196632478388 [0.218225076795] [0.0211014188826]
0.1200589481743 [0.218225076795] [0.0218928195536]
0.12042900919935 [0.218225076795] [0.0226329416037]
0.12126646749695 [0.218225076795] [0.0243078581989]
0.1227892572062 [0.218225076795] [0.0273534376174]
0.1251563914122 [0.218225076795] [0.0320877060294]
0.12846453674155 [0.218225076795] [0.0387039966881]
0.1325479969384 [0.218225076795] [0.0468709170818]
0.13679320365210001 [0.218225076795] [0.0553613305092]
0.14057026430985 [0.218225076795] [0.0629154518247]
0.1429603360595 [0.218225076795] [0.067695595324]
0.14335395395775 [0.218225076795] [0.0684828311205]
0.14189592003840001 [0.218225076795] [0.0655667632818]
0.14189592003840001 [0.218225076795] [0.0655667632818]
0.14189592003840001 [0.218225076795] [0.0655667632818]
0.14189592003840001 [0.218225076795] [0.0655667632818]
0.14189592003840001 [0.218225076795] [0.0655667632818]
0.1948334649205 [0.218225076795] [0.171441853046]
0.1983170583845 [0.218225076795] [0.178409039974]
0.179759219289 [0.178013548255] [0.181504890323]
0.17946491390449998 [0.175022765994] [0.183907061815]
0.17875337600699998 [0.171253859997] [0.186252892017]
0.1784554496405 [0.167695343494] [0.189215555787]
0.17866701632749998 [0.164215013385] [0.19311901927]
0.179757066071 [0.161450877786] [0.198063254356]
0.179641932249 [0.155658915639] [0.203624948859]
0.1786265596745 [0.148367077112] [0.208886042237]
0.1779049783945 [0.142693251371] [0.213116705418]
0.17756228893999998 [0.138909965754] [0.216214612126]
0.195221722126 [0.136607021093] [0.253836423159]
0.202934846282 [0.135102987289] [0.270766705275]
0.2034774124625 [0.131667405367] [0.275287419558]
0.2017890661955 [0.128124713898] [0.275453418493]
0.20298067480350002 [0.126212343574] [0.279749006033]
0.2078865915535 [0.125687301159] [0.290085881948]
0.212084684521 [0.124854512513] [0.299314856529]
0.21642736718049999 [0.124674908817] [0.308179825544]
0.2185184545815 [0.12281588465] [0.314221024513]
0.21820267289899997 [0.118656948209] [0.317748397589]
0.2160631902515 [0.114297367632] [0.317829012871]
0.2125927731395 [0.110728755593] [0.314456790686]
0.2077902927995 [0.107041075826] [0.308539509773]
0.203102339059 [0.104162879288] [0.30204179883]
0.1983296088875 [0.100512228906] [0.296146988869]
0.1935775801542 [0.0962199121714] [0.290935248137]
0.18923505768194998 [0.0927529558539] [0.28571715951]
0.1860524863006 [0.0905528962612] [0.28155207634]
0.18507480993845002 [0.0894779041409] [0.280671715736]
0.18331532925385 [0.0890826433897] [0.277548015118]
0.181782409549 [0.088941693306] [0.274623125792]
0.181581415236 [0.08898024261] [0.274182587862]
0.16223073378205 [0.0894537940621] [0.235007673502]
0.15816882997735 [0.0886632353067] [0.227674424648]
0.152999997139 [0.087664231658] [0.21833576262]
0.14732384309175 [0.0866433009505] [0.208004385233]
0.1420317925511 [0.0854197964072] [0.198643788695]
0.13806909695245 [0.0838428810239] [0.192295312881]
0.13619685545580001 [0.0830115154386] [0.189382195473]
0.13628954440354998 [0.0828504860401] [0.189728602767]
0.1383226960899 [0.0844246596098] [0.19222073257]
0.14408614486445 [0.0910165607929] [0.197155728936]
0.154831469059 [0.105105876923] [0.204557061195]
0.1691392064095 [0.125801935792] [0.212476477027]
0.1691392064095 [0.125801935792] [0.212476477027]
0.1691392064095 [0.125801935792] [0.212476477027]
0.1691392064095 [0.125801935792] [0.212476477027]
0.1691392064095 [0.125801935792] [0.212476477027]
0.08881685696545 [0.125801935792] [0.0518317781389]
0.08881685696545 [0.125801935792] [0.0518317781389]
0.08881685696545 [0.125801935792] [0.0518317781389]
0.08881685696545 [0.125801935792] [0.0518317781389]
0.08881685696545 [0.125801935792] [0.0518317781389]
0.08881685696545 [0.125801935792] [0.0518317781389]
0.08881685696545 [0.125801935792] [0.0518317781389]
0.08881685696545 [0.125801935792] [0.0518317781389]
0.08881685696545 [0.125801935792] [0.0518317781389]
0.08881685696545 [0.125801935792] [0.0518317781389]
0.0830572601408 [0.125801935792] [0.0403125844896]
0.08119924366475 [0.125801935792] [0.0365965515375]
0.0813812725246 [0.125801935792] [0.0369606092572]
0.08083652332425 [0.125801935792] [0.0358711108565]
0.08013997599485 [0.125801935792] [0.0344780161977]
0.0807856619358 [0.125801935792] [0.0357693880796]
0.0830830652267 [0.125801935792] [0.0403641946614]
0.08512673527004999 [0.125801935792] [0.0444515347481]
0.1111232507972 [0.174521297216] [0.0477252043784]
0.11519001424305 [0.180483534932] [0.0498964935541]
0.11774243786944999 [0.184229359031] [0.0512555167079]
0.1182056590917 [0.183951735497] [0.0524595826864]
0.1156682297587 [0.178248271346] [0.0530881881714]
0.111171124503 [0.168453797698] [0.053888451308]
0.1063619107007 [0.15839459002] [0.0543292313814]
0.10484582558275 [0.150196313858] [0.0594953373075]
0.10507242381580001 [0.145221784711] [0.0649230629206]
0.10703147947805 [0.143869519234] [0.0701934397221]
0.1091714538636 [0.145062565804] [0.0732803419232]
0.11188367754235 [0.14835511148] [0.0754122436047]
0.11802819743765 [0.159137323499] [0.0769190713763]
0.12063774466534999 [0.163928702474] [0.0773467868567]
0.1227076463399 [0.167733803391] [0.0776814892888]
0.1224396489563 [0.167397782207] [0.0774815157056]
0.12046845629815 [0.163379341364] [0.0775575712323]
0.11752142384645001 [0.158065855503] [0.0769769921899]
0.1137284748257 [0.151150301099] [0.0763066485524]
0.1092961020767 [0.142370328307] [0.0762218758464]
0.10365394875395001 [0.129945605993] [0.0773622915149]
0.098150666803 [0.118682824075] [0.077618509531]
0.0938751921056 [0.110834099352] [0.0769162848592]
0.09001252427709999 [0.105105146766] [0.0749199017882]
0.08593627065435 [0.100631669164] [0.0712408721447]
0.0821141190827 [0.0966942459345] [0.0675339922309]
0.0805751271546 [0.0929248780012] [0.068225376308]
0.0833907276392 [0.0882710590959] [0.0785103961825]
0.0891245417297 [0.0828981176019] [0.0953509658575]
0.09483089670559999 [0.0780496746302] [0.111612118781]
0.0967236459254 [0.0741994082928] [0.119247883558]
0.09559173509470001 [0.0705407336354] [0.120642736554]
0.0945650637149 [0.0677888467908] [0.121341280639]
0.09326177462945 [0.0655235573649] [0.120999991894]
0.0914163887503 [0.0636429190636] [0.119189858437]
0.0886010546236 [0.0613698847592] [0.115832224488]
0.0870659817011 [0.0606612674892] [0.113470695913]
0.0856855195016 [0.0600779093802] [0.111293129623]
0.08378823287785 [0.0599350892007] [0.107641376555]
0.0801266543565 [0.06000867486] [0.100244633853]
0.0773855019361 [0.060011420399] [0.0947595834732]
0.07519072294234999 [0.0595758035779] [0.0908056423068]
0.0722571294755 [0.0588001124561] [0.0857141464949]
0.0694864038378 [0.057569231838] [0.0814035758376]
0.06726291589434999 [0.0559239722788] [0.0786018595099]
0.0651030037552 [0.0545340888202] [0.0756719186902]
0.06384171545505 [0.0542549267411] [0.073428504169]
0.06272360682485 [0.0542549267411] [0.0711922869086]
0.061816573143 [0.0542549267411] [0.0693782195449]
0.06111399829385 [0.0542549267411] [0.0679730698466]
0.060428965836750004 [0.0542549267411] [0.0666030049324]
0.0595293752849 [0.0542549267411] [0.0648038238287]
0.0585892945528 [0.0542549267411] [0.0629236623645]
0.05818395130335 [0.0542549267411] [0.0621129758656]
0.05908788368105 [0.0542549267411] [0.063920840621]
0.061986342072500006 [0.0542549267411] [0.0697177574039]
