0.0956532135608 [0.127127245069] [0.0641791820526]
0.1054621040823 [0.131498023868] [0.0794261842966]
0.1101811826231 [0.131498023868] [0.0888643413782]
0.1083669140937 [0.131498023868] [0.0852358043194]
0.10189171880504999 [0.131498023868] [0.0722854137421]
0.09421847201905 [0.131498023868] [0.0569389201701]
0.08925123140235 [0.131498023868] [0.0470044389367]
0.0867142509671 [0.131498023868] [0.0419304780662]
0.0855883527549 [0.131498023868] [0.0396786816418]
0.0853684041651 [0.131498023868] [0.0392387844622]
0.08558379113695 [0.131498023868] [0.0396695584059]
0.0857136826964 [0.131498023868] [0.0399293415248]
0.0851398743691 [0.131498023868] [0.0387817248702]
0.08349945396205 [0.131498023868] [0.0355008840561]
0.0809984570371 [0.131498023868] [0.0304988902062]
0.0806856704878 [0.131498023868] [0.0298733171076]
0.08032006118465 [0.131498023868] [0.0291420985013]
0.07997488230485 [0.131498023868] [0.0284517407417]
0.079753755592 [0.131498023868] [0.028009487316]
0.0797283751892 [0.131498023868] [0.0279587265104]
0.0798853598537 [0.131498023868] [0.0282726958394]
0.08012913074365 [0.131498023868] [0.0287602376193]
0.0803090566771 [0.131498023868] [0.0291200894862]
0.08006361871975 [0.131498023868] [0.0286292135715]
0.0799197219314 [0.131498023868] [0.0283414199948]
0.07944362796865 [0.131498023868] [0.0273892320693]
0.07866069488245 [0.131498023868] [0.0258233658969]
0.0780811412262 [0.131498023868] [0.0246642585844]
0.07895534764994999 [0.131498023868] [0.0264126714319]
0.15092935599375001 [0.253835737705] [0.0480229742825]
0.15622348710875 [0.263630956411] [0.0488160178065]
0.16002697683884998 [0.273035347462] [0.0470186062157]
0.16002697683884998 [0.273035347462] [0.0470186062157]
0.16002697683884998 [0.273035347462] [0.0470186062157]
0.16002697683884998 [0.273035347462] [0.0470186062157]
0.16002697683884998 [0.273035347462] [0.0470186062157]
0.16002697683884998 [0.273035347462] [0.0470186062157]
0.16002697683884998 [0.273035347462] [0.0470186062157]
0.17147269472495 [0.273035347462] [0.0699100419879]
0.17851794511094998 [0.273035347462] [0.0840005427599]
0.179812975228 [0.273035347462] [0.086590602994]
0.1809691488745 [0.278259903193] [0.083678394556]
0.1807204186918 [0.28439283371] [0.0770480036736]
0.1807204186918 [0.28439283371] [0.0770480036736]
0.1807204186918 [0.28439283371] [0.0770480036736]
0.1807204186918 [0.28439283371] [0.0770480036736]
0.1807204186918 [0.28439283371] [0.0770480036736]
0.1807204186918 [0.28439283371] [0.0770480036736]
0.1807204186918 [0.28439283371] [0.0770480036736]
0.1561228465291 [0.294550031424] [0.0176956616342]
0.1584922308103 [0.295933455229] [0.0210510063916]
0.1612672274934 [0.296925991774] [0.0256084632128]
0.16385886818165002 [0.296260178089] [0.0314575582743]
0.16681715659775 [0.29611775279] [0.0375165604055]
0.1683238483966 [0.294018238783] [0.0426294580102]
0.16842393577105 [0.290336072445] [0.0465117990971]
0.16834228485815 [0.287608206272] [0.0490763634443]
0.1686106696723 [0.2867372334] [0.0504841059446]
0.1691706497222 [0.28735601902] [0.0509852804244]
0.17018760181980003 [0.289321035147] [0.0510541684926]
0.17175886780025001 [0.2922526896] [0.0512650460005]
0.18186730891465 [0.295317530632] [0.0684170871973]
0.18741736933605 [0.299016773701] [0.0758179649711]
0.18933215364805 [0.299831420183] [0.0788328871131]
0.19069702550765 [0.30109962821] [0.0802944228053]
0.19115876778955002 [0.301075875759] [0.0812416598201]
0.1916326209904 [0.300801843405] [0.0824633985758]
0.19119905307865 [0.29979622364] [0.0826018825173]
0.19083282724029998 [0.299106180668] [0.0825594738126]
0.1878030709923 [0.292940914631] [0.0826652273536]
0.18271249532715 [0.282494157553] [0.0829308331013]
0.18039143458025 [0.276261866093] [0.0845210030675]
0.17956512793899998 [0.269792586565] [0.089337669313]
0.18009525910040003 [0.261897683144] [0.0982928350568]
0.1816982962195 [0.253483474255] [0.109913118184]
0.183269366622 [0.245516002178] [0.121022731066]
0.1836431622505 [0.238890275359] [0.128396049142]
0.1827215999365 [0.234344735742] [0.131098464131]
0.18118217587500002 [0.231785550714] [0.130578801036]
0.1797479093075 [0.231704220176] [0.127791598439]
0.1793398968875 [0.233896136284] [0.124783657491]
0.1802880764005 [0.236649870872] [0.123926281929]
0.182302892208 [0.238892868161] [0.125712916255]
0.1872195526955 [0.243669480085] [0.130769625306]
0.1942914649845 [0.250780284405] [0.137802645564]
0.202228076756 [0.259512871504] [0.144943282008]
0.2170989736915 [0.28067779541] [0.153520151973]
0.2405489087105 [0.312814861536] [0.168282955885]
0.265776067972 [0.344153165817] [0.187398970127]
0.2811622768645 [0.359742879868] [0.202581673861]
0.28205852955599997 [0.358391284943] [0.205725774169]
0.27461294084800003 [0.348126411438] [0.201099470258]
0.26515717059349997 [0.335668981075] [0.194645360112]
0.257146060467 [0.325388580561] [0.188903540373]
0.252884559333 [0.319548219442] [0.186220899224]
0.25056005269299997 [0.316087514162] [0.185032591224]
0.24890994280599998 [0.313040047884] [0.184779837728]
0.242800198495 [0.309126257896] [0.176474139094]
0.232030823827 [0.302210658789] [0.161850988865]
0.218300908804 [0.292034626007] [0.144567191601]
0.204836525023 [0.280493497849] [0.129179552197]
0.1942233070735 [0.270225822926] [0.118220791221]
0.1873163431885 [0.263666242361] [0.110966444016]
0.184031009674 [0.262155711651] [0.105906307697]
0.18326964229300002 [0.264594584703] [0.101944699883]
0.1837129630149 [0.269341826439] [0.0980840995908]
0.18464621529005 [0.274631351233] [0.0946610793471]
0.18594468757535 [0.279013127089] [0.0928762480617]
0.1859744563699 [0.27901917696] [0.0929297357798]
0.18326459079965 [0.272409290075] [0.0941198915243]
0.1771113350989 [0.258670896292] [0.0955517739058]
0.1690880544486 [0.241766378284] [0.0964097306132]
0.16094150394185 [0.224560409784] [0.0973225980997]
0.1565669104455 [0.212825760245] [0.100308060646]
0.1569820046425 [0.206874236465] [0.10708977282]
0.16134481132 [0.203917175531] [0.118772447109]
0.16784935444600002 [0.200554266572] [0.13514444232]
0.17472558468549998 [0.19672614336] [0.152725026011]
0.1796116381885 [0.194058716297] [0.16516456008]
0.182911135256 [0.196038290858] [0.169783979654]
0.187159024179 [0.200778335333] [0.173539713025]
0.18929120898250001 [0.204601898789] [0.173980519176]
0.18741214275399998 [0.204310357571] [0.170513927937]
