0.084675926715 [0.06837490201] [0.10097695142]
0.084675926715 [0.06837490201] [0.10097695142]
0.084675926715 [0.06837490201] [0.10097695142]
0.084675926715 [0.06837490201] [0.10097695142]
0.084675926715 [0.06837490201] [0.10097695142]
0.084675926715 [0.06837490201] [0.10097695142]
0.084675926715 [0.06837490201] [0.10097695142]
0.084675926715 [0.06837490201] [0.10097695142]
0.084675926715 [0.06837490201] [0.10097695142]
0.084675926715 [0.06837490201] [0.10097695142]
0.084675926715 [0.06837490201] [0.10097695142]
0.084675926715 [0.06837490201] [0.10097695142]
0.084675926715 [0.06837490201] [0.10097695142]
0.084675926715 [0.06837490201] [0.10097695142]
0.084675926715 [0.06837490201] [0.10097695142]
0.084675926715 [0.06837490201] [0.10097695142]
0.084675926715 [0.06837490201] [0.10097695142]
0.084675926715 [0.06837490201] [0.10097695142]
0.084675926715 [0.06837490201] [0.10097695142]
0.0873647257685 [0.06837490201] [0.106354549527]
0.091906093061 [0.06837490201] [0.115437284112]
0.093107022345 [0.06837490201] [0.11783914268]
0.08984044566749999 [0.06837490201] [0.111305989325]
0.08061966300010001 [0.06837490201] [0.0928644239902]
0.06613679230215 [0.06837490201] [0.0638986825943]
0.0542122013867 [0.06837490201] [0.0400495007634]
0.04749437887225 [0.06837490201] [0.0266138557345]
0.0441524377093 [0.06837490201] [0.0199299734086]
0.042549838312 [0.06837490201] [0.016724774614]
0.04177518049255 [0.06837490201] [0.0151754589751]
0.04145847493785 [0.06837490201] [0.0145420478657]
0.0412721219473 [0.06837490201] [0.0141693418846]
0.04097746126355 [0.06837490201] [0.0135800205171]
0.0405259570107 [0.06837490201] [0.0126770120114]
0.039924753364200004 [0.06837490201] [0.0114746047184]
0.039268522989 [0.06837490201] [0.010162143968]
0.038669969886560004 [0.06837490201] [0.00896503776312]
0.03823666181417 [0.06837490201] [0.00809842161834]
0.03795208991507 [0.06837490201] [0.00752927782014]
0.037763857049885004 [0.06837490201] [0.00715281208977]
0.037646598415465 [0.06837490201] [0.00691829482093]
0.03760001249613 [0.06837490201] [0.00682512298226]
0.03760001249613 [0.06837490201] [0.00682512298226]
0.03760001249613 [0.06837490201] [0.00682512298226]
0.03760001249613 [0.06837490201] [0.00682512298226]
0.03760001249613 [0.06837490201] [0.00682512298226]
0.03760001249613 [0.06837490201] [0.00682512298226]
0.03760001249613 [0.06837490201] [0.00682512298226]
0.03760001249613 [0.06837490201] [0.00682512298226]
0.03760001249613 [0.06837490201] [0.00682512298226]
0.03760001249613 [0.06837490201] [0.00682512298226]
0.03760001249613 [0.06837490201] [0.00682512298226]
0.03760001249613 [0.06837490201] [0.00682512298226]
0.03760001249613 [0.06837490201] [0.00682512298226]
0.03760001249613 [0.06837490201] [0.00682512298226]
0.03760001249613 [0.06837490201] [0.00682512298226]
0.03760001249613 [0.06837490201] [0.00682512298226]
0.03760001249613 [0.06837490201] [0.00682512298226]
0.03760001249613 [0.06837490201] [0.00682512298226]
0.03760001249613 [0.06837490201] [0.00682512298226]
0.03760001249613 [0.06837490201] [0.00682512298226]
0.03760001249613 [0.06837490201] [0.00682512298226]
0.03760001249613 [0.06837490201] [0.00682512298226]
0.03760001249613 [0.06837490201] [0.00682512298226]
0.03760001249613 [0.06837490201] [0.00682512298226]
0.03760001249613 [0.06837490201] [0.00682512298226]
0.03760001249613 [0.06837490201] [0.00682512298226]
0.03760001249613 [0.06837490201] [0.00682512298226]
0.03760001249613 [0.06837490201] [0.00682512298226]
0.03760001249613 [0.06837490201] [0.00682512298226]
0.03760001249613 [0.06837490201] [0.00682512298226]
0.03760001249613 [0.06837490201] [0.00682512298226]
0.03760001249613 [0.06837490201] [0.00682512298226]
0.03760001249613 [0.06837490201] [0.00682512298226]
0.03760001249613 [0.06837490201] [0.00682512298226]
0.03760001249613 [0.06837490201] [0.00682512298226]
0.07400458306075 [0.06837490201] [0.0796342641115]
0.07428498566149999 [0.06837490201] [0.080195069313]
0.07342138513925 [0.06837490201] [0.0784678682685]
0.07204966619615 [0.06837490201] [0.0757244303823]
0.22918682917959998 [0.384607076645] [0.0737665817142]
0.2160825654865 [0.358835309744] [0.073329821229]
0.20229143276835002 [0.331328183413] [0.0732546821237]
0.19062668457645 [0.308547586203] [0.0727057829499]
0.18122882396005002 [0.290832638741] [0.0716250091791]
0.1727752611042 [0.276313275099] [0.0692372471094]
0.16382614523175 [0.262955904007] [0.0646963864565]
0.16027241386475 [0.262955904007] [0.0575889237225]
0.15711748600009998 [0.262955904007] [0.0512790679932]
0.1517714429647 [0.262955904007] [0.0405869819224]
0.1479013543576 [0.262955904007] [0.0328468047082]
0.146006946452 [0.262955904007] [0.029057988897]
0.13510111253685 [0.24258005619] [0.0276221688837]
0.12119879573605 [0.215428873897] [0.0269687175751]
