0.1956133656205 [0.276914060116] [0.114312671125]
0.1956133656205 [0.276914060116] [0.114312671125]
0.1956133656205 [0.276914060116] [0.114312671125]
0.1956133656205 [0.276914060116] [0.114312671125]
0.1956133656205 [0.276914060116] [0.114312671125]
0.1956133656205 [0.276914060116] [0.114312671125]
0.1956133656205 [0.276914060116] [0.114312671125]
0.1956133656205 [0.276914060116] [0.114312671125]
0.1956133656205 [0.276914060116] [0.114312671125]
0.1956133656205 [0.276914060116] [0.114312671125]
0.1956133656205 [0.276914060116] [0.114312671125]
0.1956133656205 [0.276914060116] [0.114312671125]
0.1956133656205 [0.276914060116] [0.114312671125]
0.1956133656205 [0.276914060116] [0.114312671125]
0.07147121801975 [0.0286297649145] [0.114312671125]
0.07266423851255 [0.0310158059001] [0.114312671125]
0.07388469018045 [0.0334567092359] [0.114312671125]
0.0383591223508 [0.0360747724771] [0.0406434722245]
0.044064152985849994 [0.0389369875193] [0.0491913184524]
0.04946181736885 [0.0420573353767] [0.056866299361]
0.05678396299485 [0.0513153150678] [0.0622526109219]
0.0671701617539 [0.0699436962605] [0.0643966272473]
0.0660680271685 [0.0685690939426] [0.0635669603944]
0.06280905939635001 [0.0642329677939] [0.0613851509988]
0.0590461138636 [0.0593562051654] [0.0587360225618]
0.0590461138636 [0.0593562051654] [0.0587360225618]
0.0590461138636 [0.0593562051654] [0.0587360225618]
0.0590461138636 [0.0593562051654] [0.0587360225618]
0.06100359745325 [0.0632711723447] [0.0587360225618]
0.07020337879655 [0.0677092000842] [0.0726975575089]
0.07823498547079999 [0.0705635994673] [0.0859063714743]
0.08076506480574999 [0.0710361376405] [0.090493991971]
0.07544898241760001 [0.0636220574379] [0.0872759073973]
0.06948222965004999 [0.0587327629328] [0.0802316963673]
0.0628993976861 [0.0551628284156] [0.0706359669566]
0.05624555796385 [0.0512068644166] [0.0612842515111]
0.05435521155595 [0.0474261716008] [0.0612842515111]
0.05297081917525 [0.0446573868394] [0.0612842515111]
0.0525809638202 [0.0438776761293] [0.0612842515111]
0.0525809638202 [0.0438776761293] [0.0612842515111]
0.0525809638202 [0.0438776761293] [0.0612842515111]
0.0525809638202 [0.0438776761293] [0.0612842515111]
0.0525809638202 [0.0438776761293] [0.0612842515111]
0.0525809638202 [0.0438776761293] [0.0612842515111]
0.0525809638202 [0.0438776761293] [0.0612842515111]
0.0525809638202 [0.0438776761293] [0.0612842515111]
0.0525809638202 [0.0438776761293] [0.0612842515111]
0.0525809638202 [0.0438776761293] [0.0612842515111]
0.0525809638202 [0.0438776761293] [0.0612842515111]
0.0525809638202 [0.0438776761293] [0.0612842515111]
0.0525809638202 [0.0438776761293] [0.0612842515111]
0.0525809638202 [0.0438776761293] [0.0612842515111]
0.04851283505555 [0.0438776761293] [0.0531479939818]
0.0480341669172 [0.0438776761293] [0.0521906577051]
0.0476807206869 [0.0438776761293] [0.0514837652445]
0.0474955085665 [0.0438776761293] [0.0511133410037]
0.0474913548678 [0.0438776761293] [0.0511050336063]
0.0475762952119 [0.0438776761293] [0.0512749142945]
0.04758348502215 [0.0438776761293] [0.051289293915]
0.047371361404649995 [0.0438776761293] [0.05086504668]
0.04692006297405 [0.0438776761293] [0.0499624498188]
0.0463661700487 [0.0438776761293] [0.0488546639681]
0.0458923317492 [0.0438776761293] [0.0479069873691]
0.04565094597635 [0.0438776761293] [0.0474242158234]
0.04775059781965 [0.0438776761293] [0.05162351951]
0.051419498398900004 [0.0438776761293] [0.0589613206685]
0.05661686509845 [0.0438776761293] [0.0693560540676]
0.05458417534825 [0.0438776761293] [0.0652906745672]
0.0399989467114 [0.0438776761293] [0.0361202172935]
0.0310903098434 [0.0438776761293] [0.0183029435575]
0.02733291639015 [0.0438776761293] [0.010788156651]
0.02572598704135 [0.0438776761293] [0.0075742979534]
0.024967222707324998 [0.0438776761293] [0.00605676928535]
0.02482685749417 [0.0438776761293] [0.00577603885904]
0.024702921044059998 [0.0438776761293] [0.00552816595882]
0.024606882594505 [0.0438776761293] [0.00533608905971]
0.024530994240175 [0.0438776761293] [0.00518431235105]
0.024709608172975 [0.0438776761293] [0.00554154021665]
0.024759620893725 [0.0438776761293] [0.00564156565815]
0.02474219677968 [0.0438776761293] [0.00560671743006]
0.024679083842765 [0.0438776761293] [0.00548049155623]
0.024629889288895 [0.0438776761293] [0.00538210244849]
0.02462088712489 [0.0438776761293] [0.00536409812048]
0.02470917464232 [0.0438776761293] [0.00554067315534]
0.02499255258588 [0.0438776761293] [0.00610742904246]
0.02565538836641 [0.0438776761293] [0.00743310060352]
0.027315279934549998 [0.0438776761293] [0.0107528837398]
0.03578816540535 [0.0438776761293] [0.0276986546814]
0.042423064820449996 [0.0565206296742] [0.0283254999667]
0.04277761559935 [0.0565206296742] [0.0290346015245]
0.043258761055749995 [0.0565206296742] [0.0299968924373]
0.043869798071699995 [0.0565206296742] [0.0312189664692]
0.0479967966676 [0.0565206296742] [0.039472963661]
0.05616538226605 [0.0565206296742] [0.0558101348579]
0.07111353985965 [0.0565206296742] [0.0857064500451]
0.0851412545891 [0.0565206296742] [0.113761879504]
0.0925432089716 [0.0565206296742] [0.128565788269]
0.0926270205526 [0.0565206296742] [0.128733411431]
0.09070147387659999 [0.0565206296742] [0.124882318079]
0.0885897446426 [0.0565206296742] [0.120658859611]
0.0839202404022 [0.0509559065104] [0.116884574294]
0.08336501196015 [0.0518986284733] [0.114831395447]
0.08457924239355 [0.0555943436921] [0.113564141095]
0.0903927497565 [0.067141212523] [0.11364428699]
0.09338475763785001 [0.0728936493397] [0.113875865936]
0.09443198144420001 [0.0744417086244] [0.114422254264]
0.09253129363035 [0.0702780410647] [0.114784546196]
0.09164313599474999 [0.0656754001975] [0.117610871792]
0.09325941652075 [0.0656754001975] [0.120843432844]
0.09401903301475001 [0.0656754001975] [0.122362665832]
0.09395217150425 [0.0656754001975] [0.122228942811]
0.08887365460374999 [0.0656754001975] [0.11207190901]
0.07504684105515 [0.0656754001975] [0.0844182819128]
0.0623733922839 [0.0656754001975] [0.0590713843703]
0.05522772483525 [0.0656754001975] [0.044780049473]
0.055076388642200005 [0.0717589482665] [0.0383938290179]
0.05511050857605 [0.0744341611862] [0.0357868559659]
0.05411905795335 [0.0730559527874] [0.0351821631193]
0.051797889173050005 [0.0679988861084] [0.0355968922377]
0.052159477025250006 [0.0679988861084] [0.0363200679421]
0.05254679359495 [0.0679988861084] [0.0370947010815]
0.05242576636375 [0.0679988861084] [0.0368526466191]
0.051950573921200005 [0.0679988861084] [0.035902261734]
