0.032364780549 [0.0520206689835] [0.0127088921145]
0.032364780549 [0.0520206689835] [0.0127088921145]
0.032364780549 [0.0520206689835] [0.0127088921145]
0.032364780549 [0.0520206689835] [0.0127088921145]
0.032364780549 [0.0520206689835] [0.0127088921145]
0.032364780549 [0.0520206689835] [0.0127088921145]
0.032364780549 [0.0520206689835] [0.0127088921145]
0.032364780549 [0.0520206689835] [0.0127088921145]
0.03173748590055 [0.0520206689835] [0.0114543028176]
0.0314878677018 [0.0520206689835] [0.0109550664201]
0.031793416477750004 [0.0520206689835] [0.011566163972]
0.031793416477750004 [0.0520206689835] [0.011566163972]
0.031793416477750004 [0.0520206689835] [0.011566163972]
0.031793416477750004 [0.0520206689835] [0.011566163972]
0.031793416477750004 [0.0520206689835] [0.011566163972]
0.031793416477750004 [0.0520206689835] [0.011566163972]
0.031793416477750004 [0.0520206689835] [0.011566163972]
0.031793416477750004 [0.0520206689835] [0.011566163972]
0.031793416477750004 [0.0520206689835] [0.011566163972]
0.031793416477750004 [0.0520206689835] [0.011566163972]
0.031793416477750004 [0.0520206689835] [0.011566163972]
0.031793416477750004 [0.0520206689835] [0.011566163972]
0.031793416477750004 [0.0520206689835] [0.011566163972]
0.031793416477750004 [0.0520206689835] [0.011566163972]
0.031793416477750004 [0.0520206689835] [0.011566163972]
0.031793416477750004 [0.0520206689835] [0.011566163972]
0.031793416477750004 [0.0520206689835] [0.011566163972]
0.031793416477750004 [0.0520206689835] [0.011566163972]
0.031793416477750004 [0.0520206689835] [0.011566163972]
0.031793416477750004 [0.0520206689835] [0.011566163972]
0.031793416477750004 [0.0520206689835] [0.011566163972]
0.031793416477750004 [0.0520206689835] [0.011566163972]
0.031793416477750004 [0.0520206689835] [0.011566163972]
0.031793416477750004 [0.0520206689835] [0.011566163972]
0.031793416477750004 [0.0520206689835] [0.011566163972]
0.031793416477750004 [0.0520206689835] [0.011566163972]
0.031793416477750004 [0.0520206689835] [0.011566163972]
0.031793416477750004 [0.0520206689835] [0.011566163972]
0.031793416477750004 [0.0520206689835] [0.011566163972]
0.031793416477750004 [0.0520206689835] [0.011566163972]
0.031793416477750004 [0.0520206689835] [0.011566163972]
0.031793416477750004 [0.0520206689835] [0.011566163972]
0.031793416477750004 [0.0520206689835] [0.011566163972]
0.031793416477750004 [0.0520206689835] [0.011566163972]
0.031793416477750004 [0.0520206689835] [0.011566163972]
0.031793416477750004 [0.0520206689835] [0.011566163972]
0.031793416477750004 [0.0520206689835] [0.011566163972]
0.031793416477750004 [0.0520206689835] [0.011566163972]
0.031793416477750004 [0.0520206689835] [0.011566163972]
0.031793416477750004 [0.0520206689835] [0.011566163972]
0.031793416477750004 [0.0520206689835] [0.011566163972]
0.031793416477750004 [0.0520206689835] [0.011566163972]
0.04444031231105 [0.0520206689835] [0.0368599556386]
0.04627357795835 [0.0520206689835] [0.0405264869332]
0.046740449965 [0.0520206689835] [0.0414602309465]
0.046740449965 [0.0520206689835] [0.0414602309465]
0.046740449965 [0.0520206689835] [0.0414602309465]
0.046740449965 [0.0520206689835] [0.0414602309465]
0.046740449965 [0.0520206689835] [0.0414602309465]
0.046740449965 [0.0520206689835] [0.0414602309465]
0.046740449965 [0.0520206689835] [0.0414602309465]
0.046740449965 [0.0520206689835] [0.0414602309465]
0.046740449965 [0.0520206689835] [0.0414602309465]
0.046740449965 [0.0520206689835] [0.0414602309465]
0.0520909037441 [0.0520206689835] [0.0521611385047]
0.0579702407122 [0.0520206689835] [0.0639198124409]
0.0579702407122 [0.0520206689835] [0.0639198124409]
0.0579702407122 [0.0520206689835] [0.0639198124409]
0.0579702407122 [0.0520206689835] [0.0639198124409]
0.0579702407122 [0.0520206689835] [0.0639198124409]
0.0579702407122 [0.0520206689835] [0.0639198124409]
0.0579702407122 [0.0520206689835] [0.0639198124409]
0.03002618998291 [0.0520206689835] [0.00803171098232]
0.030506252311190002 [0.0520206689835] [0.00899183563888]
0.0311514269561 [0.0520206689835] [0.0102821849287]
0.03179665561765 [0.0520206689835] [0.0115726422518]
0.0322448080406 [0.0520206689835] [0.0124689470977]
0.032562133856150005 [0.0520206689835] [0.0131035987288]
0.032811065670100004 [0.0520206689835] [0.0136014623567]
0.03307521343235 [0.0520206689835] [0.0141297578812]
0.033392278477550004 [0.0520206689835] [0.0147638879716]
0.03374315192925 [0.0520206689835] [0.015465634875]
0.034135918133 [0.0520206689835] [0.0162511672825]
0.034387386404 [0.0520206689835] [0.0167541038245]
0.03520317096265 [0.0520206689835] [0.0183856729418]
0.036067242734150004 [0.0520206689835] [0.0201138164848]
0.0364012029022 [0.0520206689835] [0.0207817368209]
0.03604190424085 [0.0520206689835] [0.0200631394982]
0.03516404051335 [0.0520206689835] [0.0183074120432]
0.0343138370663 [0.0520206689835] [0.0166070051491]
0.0337766776793 [0.0520206689835] [0.0155326863751]
0.033627303782850004 [0.0520206689835] [0.0152339385822]
0.03368595708165 [0.0520206689835] [0.0153512451798]
0.033825517632100004 [0.0520206689835] [0.0156303662807]
0.0339330593124 [0.0520206689835] [0.0158454496413]
0.13182437419909998 [0.247667729855] [0.0159810185432]
0.12782428506774998 [0.239526331425] [0.0161222387105]
0.1171557549386 [0.218079075217] [0.0162324346602]
0.10379471909275001 [0.191131472588] [0.0164579655975]
0.09076808299845 [0.164822608232] [0.0167135577649]
0.07959426008145 [0.141985237598] [0.0172032825649]
0.07095110602665 [0.123554497957] [0.0183477140963]
0.0665201609952 [0.111623473465] [0.0214168485254]
0.06665678322295 [0.1058665663] [0.0274470001459]
0.07074537128184999 [0.104345850646] [0.0371448919177]
0.07538500055665 [0.103590004146] [0.0471799969673]
0.07656707428409999 [0.101517595351] [0.0516165532172]
0.07314816117285 [0.0960006266832] [0.0502956956625]
0.06768905371430001 [0.0893673747778] [0.0460107326508]
0.06398416124285 [0.0834755450487] [0.044492777437]
0.059726603329200004 [0.0769199356437] [0.0425332710147]
0.05482442490755 [0.069720543921] [0.0399283058941]
0.04997652955355 [0.0631227642298] [0.0368302948773]
0.046187512576600004 [0.0586156174541] [0.0337594076991]
0.04416624456645 [0.0569261610508] [0.0314063280821]
0.0438359770924 [0.0573764182627] [0.0302955359221]
0.0445469245315 [0.058765180409] [0.030328668654]
0.04510883055625 [0.0595488362014] [0.0306688249111]
0.0445480728522 [0.0588191002607] [0.0302770454437]
0.0389293367043 [0.049317587167] [0.0285410862416]
0.03654048312455 [0.0445398800075] [0.0285410862416]
0.0354814333841 [0.0424217805266] [0.0285410862416]
0.03533582855015 [0.0421305708587] [0.0285410862416]
0.0355253862217 [0.0425096862018] [0.0285410862416]
0.05129147879775 [0.0426940247416] [0.0598889328539]
0.0518426802009 [0.04294577986] [0.0607395805418]
0.05185749568045 [0.0440811291337] [0.0596338622272]
0.05216213688255 [0.0464297607541] [0.057894513011]
0.05294607020915 [0.0496000014246] [0.0562921389937]
0.05568087287245 [0.056187544018] [0.0551742017269]
0.05661175213755 [0.0583877079189] [0.0548357963562]
0.05778579600155 [0.060148306191] [0.0554232858121]
0.059469664469399997 [0.0615876205266] [0.0573517084122]
0.06200565584 [0.0630575343966] [0.0609537772834]
0.07134037464855 [0.0766604617238] [0.0660202875733]
0.0831701382995 [0.0953915640712] [0.0709487125278]
0.1022510305047 [0.111971989274] [0.0925300717354]
0.1191673465075 [0.12099981308] [0.117334879935]
0.133061800152 [0.122512944043] [0.143610656261]
0.14388622716049998 [0.119570203125] [0.168202251196]
0.1523338332775 [0.117752924562] [0.186914741993]
0.1562820859255 [0.117625169456] [0.194939002395]
0.15298447385449998 [0.117906548083] [0.188062399626]
0.14301424473500002 [0.117523834109] [0.168504655361]
0.13389611616750002 [0.11629665643] [0.151495575905]
0.1277705356475 [0.114847064018] [0.140694007277]
0.1251512765885 [0.115533620119] [0.134768933058]
0.124916113913 [0.118145108223] [0.131687119603]
0.12554493918999998 [0.121827431023] [0.129262447357]
0.12445319816450001 [0.124448366463] [0.124458029866]
0.119164977223 [0.123757004738] [0.114572949708]
0.11060262098925 [0.121595732868] [0.0996095091105]
0.1042663082481 [0.122187934816] [0.0863446816802]
0.10314528644080001 [0.127637207508] [0.0786533653736]
0.10393490269775 [0.134916782379] [0.0729530230165]
0.1053117029367 [0.141503334045] [0.0691200718284]
0.1062166094778 [0.145526796579] [0.0669064223766]
0.10647628456370001 [0.147069320083] [0.0658832490444]
0.10701657086614999 [0.148421496153] [0.0656116455793]
0.10920878872265 [0.152663066983] [0.0657545104623]
0.11208338290450001 [0.158206641674] [0.065960124135]
0.11502482369530001 [0.164399936795] [0.0656497105956]
0.11685535311680001 [0.169098243117] [0.0646124631166]
0.1168899461627 [0.170875877142] [0.0629040151834]
0.11545327492080001 [0.169349893928] [0.0615566559136]
0.11632312089205 [0.170676201582] [0.0619700402021]
0.12059377506385 [0.176909580827] [0.0642779693007]
