0.0487433448434 [0.0542549267411] [0.0432317629457]
0.050391592085350004 [0.0542549267411] [0.0465282574296]
0.0510145537555 [0.0542549267411] [0.0477741807699]
0.0501952897757 [0.0542549267411] [0.0461356528103]
0.0483566801995 [0.0542549267411] [0.0424584336579]
0.04630754888055 [0.0542549267411] [0.03836017102]
0.044333683326850004 [0.0542549267411] [0.0344124399126]
0.0424440000206 [0.0542549267411] [0.0306330733001]
0.041027381084850004 [0.0542549267411] [0.0277998354286]
0.0401353826746 [0.0542549267411] [0.0260158386081]
0.0401353826746 [0.0542549267411] [0.0260158386081]
0.0401353826746 [0.0542549267411] [0.0260158386081]
0.0401353826746 [0.0542549267411] [0.0260158386081]
0.0401353826746 [0.0542549267411] [0.0260158386081]
0.0401353826746 [0.0542549267411] [0.0260158386081]
0.0401353826746 [0.0542549267411] [0.0260158386081]
0.0401353826746 [0.0542549267411] [0.0260158386081]
0.0401353826746 [0.0542549267411] [0.0260158386081]
0.0401353826746 [0.0542549267411] [0.0260158386081]
0.0401353826746 [0.0542549267411] [0.0260158386081]
0.0401353826746 [0.0542549267411] [0.0260158386081]
0.0401353826746 [0.0542549267411] [0.0260158386081]
0.0401353826746 [0.0542549267411] [0.0260158386081]
0.0401353826746 [0.0542549267411] [0.0260158386081]
0.0401353826746 [0.0542549267411] [0.0260158386081]
0.0401353826746 [0.0542549267411] [0.0260158386081]
0.0401353826746 [0.0542549267411] [0.0260158386081]
0.0401353826746 [0.0542549267411] [0.0260158386081]
0.0401353826746 [0.0542549267411] [0.0260158386081]
0.0401353826746 [0.0542549267411] [0.0260158386081]
0.0401353826746 [0.0542549267411] [0.0260158386081]
0.0401353826746 [0.0542549267411] [0.0260158386081]
0.0401353826746 [0.0542549267411] [0.0260158386081]
0.0401353826746 [0.0542549267411] [0.0260158386081]
0.0401353826746 [0.0542549267411] [0.0260158386081]
0.0401353826746 [0.0542549267411] [0.0260158386081]
0.0401353826746 [0.0542549267411] [0.0260158386081]
0.0401353826746 [0.0542549267411] [0.0260158386081]
0.0401353826746 [0.0542549267411] [0.0260158386081]
0.0401353826746 [0.0542549267411] [0.0260158386081]
0.0401353826746 [0.0542549267411] [0.0260158386081]
0.0401353826746 [0.0542549267411] [0.0260158386081]
0.0401353826746 [0.0542549267411] [0.0260158386081]
0.0401353826746 [0.0542549267411] [0.0260158386081]
0.0401353826746 [0.0542549267411] [0.0260158386081]
0.07078086957335 [0.0542549267411] [0.0873068124056]
0.0719311572611 [0.0542549267411] [0.0896073877811]
0.1369283497333 [0.181351661682] [0.0925050377846]
0.14201773703099999 [0.189187347889] [0.094848126173]
0.14241930097345 [0.18838134408] [0.0964572578669]
0.13488387316455 [0.172702103853] [0.0970656424761]
0.12081379443425 [0.145032435656] [0.0965951532125]
0.10685749352 [0.119007699192] [0.094707287848]
0.09496469423175 [0.0991551429033] [0.0907742455602]
0.089359883219 [0.0991551429033] [0.0795646235347]
0.089359883219 [0.0991551429033] [0.0795646235347]
0.089359883219 [0.0991551429033] [0.0795646235347]
0.089152764529 [0.0991551429033] [0.0791503861547]
0.089778970927 [0.0991551429033] [0.0804027989507]
0.08877904340619999 [0.0959206745028] [0.0816374123096]
0.08635324612260001 [0.0929971635342] [0.079709328711]
0.0825011432171 [0.0893701314926] [0.0756321549416]
0.07722691074009999 [0.0842334553599] [0.0702203661203]
0.0711881108582 [0.0776025429368] [0.0647736787796]
0.06492201425135 [0.0702593773603] [0.0595846511424]
0.0625292472541 [0.0702593773603] [0.0547991171479]
0.0672044418752 [0.0702593773603] [0.0641495063901]
0.06843417882915 [0.0702593773603] [0.066608980298]
0.06587453745305 [0.0702593773603] [0.0614896975458]
0.06441324390469999 [0.0702593773603] [0.0585671104491]
0.0586491283029 [0.0702593773603] [0.0470388792455]
0.05443308502435 [0.0702593773603] [0.0386067926884]
0.0513765737414 [0.0702593773603] [0.0324937701225]
0.0492935758084 [0.0702593773603] [0.0283277742565]
0.048076933249799995 [0.0702593773603] [0.0258944891393]
0.04761501494795 [0.0702593773603] [0.0249706525356]
0.04771644622085 [0.0702593773603] [0.0251735150814]
0.04815930500625 [0.0702593773603] [0.0260592326522]
0.047654629685 [0.0681016370654] [0.0272076223046]
0.047599674202500004 [0.0668024644256] [0.0283968839794]
0.04751554038375 [0.0655708014965] [0.029460279271]
0.046250241808600004 [0.0648454651237] [0.0276550184935]
0.0455561634153 [0.064888112247] [0.0262242145836]
0.045348293148 [0.065124489367] [0.025572096929]
0.04610348120335 [0.0663138404489] [0.0258931219578]
0.0494717787951 [0.0712529867887] [0.0276905708015]
0.053185211494549994 [0.0747327581048] [0.0316376648843]
0.058445071801549994 [0.078341498971] [0.0385486446321]
0.0638186801225 [0.078341498971] [0.049295861274]
0.07026858255269999 [0.078341498971] [0.0621956661344]
0.07558016106485 [0.078341498971] [0.0728188231587]
0.0773437432945 [0.078341498971] [0.076345987618]
0.07583348080515 [0.078341498971] [0.0733254626393]
0.0755356363952 [0.0820772573352] [0.0689940154552]
