0.07901317812519999 0.0846307389439 0.08675790950665 0.08194550219935 0.07239524275085 0.0628501391038 0.055531308054950004 0.0508332569152 0.04771408811215 0.0456421421841 0.04439835157245 0.04351155553015 0.043332115747 0.0442102588713 0.045294912532 
0.04600447323175 0.046038092114049994 0.0455200849101 0.04487505648285 0.0446640215814 0.04510555043815 0.045927057974 0.046565928496400004 0.04644069448115 0.04596791788935 0.04532681312415 0.04442333243785 0.0429175356403 0.040639241226050005 0.03814856801185 
0.0360386893153 0.034693706780699995 0.0344891473651 0.03513937909155 0.03571514226495 0.03600896149875 0.036350097507250004 0.0369416968897 0.0376995559782 0.03842121642085 0.03910505445675 0.0400328654796 0.04180730413645 0.045291984453800005 0.0503115039319 
0.0554350093007 0.05905712209645 0.06174571160225 0.06440568715350001 0.06780243571835 0.0720997322353 0.07733063958595 0.0842514112594 0.09305993001925 0.10090255551045 0.10561540350339998 0.10867905616765 0.11161296907835 0.11665445659325001 0.12288817949585 
0.12938359100355 0.13518157321965 0.1389465369284 0.14116779062905 0.14270585961615 0.1442255303264 0.14494270086275 0.14643422141690002 0.14906999655085001 0.15263242833335 0.15687576867635 0.16178056225195 0.1691998690366 0.1801483333109 0.19287222623845002 
0.20359305292399998 0.209290020168 0.21014692634350002 0.208585433662 0.207370374352 0.20178997516629998 0.193069919944 0.17910981178270002 0.16399163007745 0.1526185125112 0.14747264236215002 0.14512301236414998 0.1418425962329 0.13635576143875 0.13074617087845 
0.12642609700545 0.1256005428733 0.1278179623187 0.13184158504010002 0.1364616043865 0.141691997647 0.148161672056 0.156559959054 0.165080405772 0.17196219414500002 0.1762121021745 0.17756153643150002 0.176302924752 0.176290333271 0.1817594096065 
0.19066695123900002 0.1956340149045 0.192017868161 0.18316511064750002 0.17156144231550002 0.1577643081545 0.14468641579150002 0.13410904631 0.12454918772000001 0.11855087429300001 0.11651983484600001 0.119299333543 0.12559598684349998 0.133955232799 0.142995007336 
0.147960953414 0.15020870417350002 0.149341598153 0.14671973139049999 0.1463313773275 0.14791464805600002 0.149306476116 0.15014414489255 0.1488376781342 0.1426954939963 0.129092110321 0.11261823959629999 0.09999338909960001 0.09239042177795 0.08778562955540001 
0.0844879280774 0.0819168910383 0.0801848787816 0.07901891320955 0.07744561228915 0.07427349686644999 0.06908566690965 0 0 0 0 0 0 0 0 
