0.061783081852050004 0.05994571465975 0.0594176128507 0.0607337076217 0.0620177201928 0.0624061273412 0.06254604924485 0.06261343695235 0.0627923337744 0.06317897699785 0.06368903815759999 0.0642027873547 0.04409892950205 0.0522031756118 0.059981211088599995 
0.06562708690765 0.06706147268415 0.06438859365880001 0.06015903875235 0.05676304735245 0.05480720475315 0.05461894534525 0.05624257028100001 0.059389583766449996 0.0657522715628 0.07200649380685001 0.07916196063165 0.0881695486603 0.0959863569586 0.09167028963565 
0.07776205614195 0.0635678693652 0.053725011646750004 0.0479819159955 0.0451509971172 0.04417328722775 0.04406949318945 0.0441212616861 0.04384005442265 0.04263545013965 0.041462961584350005 0.040765495970849996 0.0400545988232 0.03977656364445 0.03993439022455 
0.0407576961443 0.04225656110795 0.0445560310036 0.0472312271595 0.0496210679412 0.05088178999725 0.050677066668849996 0.048562845215200004 0.04567171260715 0.04374877363445 0.04266138747335 0.0424139108509 0.042747640982299995 0.0433578193188 0.0440474059433 
0.04475475661455 0.04551124200225 0.03061377536505 0.03117004409435 0.0318167731166 0.032037316821499996 0.0314278062433 0.03019692003725 0.0288576791063 0.02772394474595 0.0268133021891 0.02603995520625 0.02543422207235 0.025046173483149997 0.02478486765175 
0.0254664802924 0.0269511565566 0.028961266391000003 0.031162445433450002 0.033726179041 0.036742508411400004 0.0398532114923 0.0425621885806 0.045103708282099995 0.047329149208950004 0.04878795240075 0.04937514755875 0.0493111209944 0.0489521725103 0.0484796911478 
0.0482553821057 0.04800452198835 0.0477784406394 0.047470944933600004 0.0469449851662 0.04635954089465 0.04661140032115 0.04898118041455 0.054469347000100005 0.06320807524024999 0.0747126135975 0.0880034044385 0.10164200700835 0.1109252050517 0.11269813403495 
0.10468638315795001 0.09505109116445 0.08774556219595 0.08335418626645 0.08131542801845 0.08045572787545 0.0794269479811 0.07717978581785 0.08458533883095 0.07746444270015 0.0712522827089 0.06653514131905 0.06591306626795 0.0677095092833 0.0724046230316 
0.07871068641545001 0.0832844749093 0.08324856683609999 0.07957139238715 0.07470432668925 0.0690083131194 0.06403361633419999 0.0604657176882 0.0833886936306 0.10624677687904999 0.1298377215864 0.16155844181794998 0.16271342523405 0.1610858719796 0.15803127363324998 
0.153834555298 0.1491499841213 0.14560940489149998 0.14413374103615 0.1447643060237 0.1422056220471 0.13713866658505 0.1313972938807 0.1266920212654 0.12186738662395 0.1188225317745 0.1174400895832 0.11721116490665001 0.117585459724 0.1184836328032 
0.1200231108815 0.12208481691765 0.12434001080695 0.1261643208565 0.12740089744315 0.1287791356443 0.1322480924426 0.14101326838145 0.15713520348065 0.17324379459029998 0.1838507428765 0.1841714754699 0.17605205997815 0.1639970839024 0.15324525907615 
