0.17915754765300002 [0.241228371859] [0.117086723447]
0.172930505127 [0.233004793525] [0.112856216729]
0.167237903923 [0.223918229342] [0.110557578504]
0.161751486361 [0.213337659836] [0.110165312886]
0.159901551902 [0.208802387118] [0.111000716686]
0.153573535383 [0.195220053196] [0.11192701757]
0.1471428088845 [0.181993469596] [0.112292148173]
0.1356194615365 [0.159851655364] [0.111387267709]
0.1139048337935 [0.123671784997] [0.10413788259]
0.08040595799684999 [0.0771098062396] [0.0837021097541]
0.0526280961931 [0.045226354152] [0.0600298382342]
0.0369816748425 [0.0310522895306] [0.0429110601544]
0.0289488947019 [0.0248172748834] [0.0330805145204]
0.02467254363 [0.021605046466] [0.027740040794]
0.02237009070815 [0.0200192779303] [0.024720903486]
0.0212727179751 [0.0194482728839] [0.0230971630663]
0.02098569087685 [0.0194997265935] [0.0224716551602]
0.021068125031850002 [0.0197912137955] [0.0223450362682]
0.021285481751 [0.0200875308365] [0.0224834326655]
0.021472744643699998 [0.0202773157507] [0.0226681735367]
0.0216871155426 [0.0204665716738] [0.0229076594114]
0.02195864729585 [0.0207357238978] [0.0231815706939]
0.022352187894299998 [0.0210431665182] [0.0236612092704]
0.0229094289243 [0.021338481456] [0.0244803763926]
0.02363561559465 [0.0216804835945] [0.0255907475948]
0.024677346460500002 [0.0222317315638] [0.0271229613572]
0.02612826321275 [0.0231449045241] [0.0291116219014]
0.028625947423299998 [0.0250214356929] [0.0322304591537]
0.032493295148 [0.0278448946774] [0.0371416956186]
0.0374538358301 [0.0310854762793] [0.0438221953809]
0.04216913320125 [0.033383730799] [0.0509545356035]
0.0453596897423 [0.0339900590479] [0.0567293204367]
0.046829128637899994 [0.0337329432368] [0.059925314039]
0.046802496537550003 [0.0333751551807] [0.0602298378944]
0.045530429109950005 [0.0327071323991] [0.0583537258208]
0.0426532253623 [0.0308523103595] [0.0544541403651]
0.03837423212825 [0.0278134159744] [0.0489350482821]
0.03347589820625 [0.0244504436851] [0.0425013527274]
0.02889127656815 [0.0214559547603] [0.036326598376]
0.025616537779550003 [0.0192380622029] [0.0319950133562]
0.0240558786318 [0.017850343138] [0.0302614141256]
0.0236751129851 [0.0168413538486] [0.0305088721216]
0.02373142633585 [0.0161228198558] [0.0313400328159]
0.023947770707300003 [0.0158139523119] [0.0320815891027]
0.024203354492749997 [0.0157041214406] [0.0327025875449]
0.024311622604749998 [0.015742700547] [0.0328805446625]
0.02433952968565 [0.0159157346934] [0.0327633246779]
0.02434937655925 [0.0161124803126] [0.0325862728059]
0.02449087146665 [0.0163234788924] [0.0326582640409]
0.0248987507075 [0.0165495760739] [0.0332479253411]
0.025865313597 [0.0169380586594] [0.0347925685346]
0.02777153626085 [0.0177793428302] [0.0377637296915]
0.03109182137995 [0.0195272993296] [0.0426563434303]
0.03661391790955 [0.0229921359569] [0.0502356998622]
0.0455516213551 [0.0295599196106] [0.0615433230996]
0.058998577296699994 [0.0414442941546] [0.0765528604388]
0.0767679475248 [0.0617759153247] [0.0917599797249]
0.1030378527935 [0.100278794765] [0.105796910822]
0.137119304389 [0.162010520697] [0.112228088081]
0.1777047887445 [0.239597707987] [0.115811869502]
0.200645696372 [0.278531730175] [0.122759662569]
0.20607996732 [0.279473751783] [0.132686182857]
0.2034354582425 [0.266002118587] [0.140868797898]
0.192485198379 [0.243084609509] [0.141885787249]
0.176574409008 [0.216959759593] [0.136189058423]
0.162054695189 [0.194985896349] [0.129123494029]
0.149087615311 [0.176766455173] [0.121408775449]
0.12767632678149998 [0.142492696643] [0.11285995692]
0.0962328501046 [0.0999540165067] [0.0925116837025]
