0.02321409527215 [0.026906080544] [0.0195221100003]
0.022852993570250002 [0.0260245930403] [0.0196813941002]
0.0226595634595 [0.0253099482507] [0.0200091786683]
0.022535298951 [0.0246657561511] [0.0204048417509]
0.02256429195405 [0.0240106545389] [0.0211179293692]
0.02237410470845 [0.0231529194862] [0.0215952899307]
0.0219897264615 [0.0220114551485] [0.0219679977745]
0.0211695544422 [0.0205477662385] [0.0217913426459]
0.0199806187302 [0.0188938919455] [0.0210673455149]
0.01876495126635 [0.0172922965139] [0.0202376060188]
0.0179011421278 [0.0159176085144] [0.0198846757412]
0.017678932286800002 [0.0148878712207] [0.0204699933529]
0.0179312583059 [0.0140311196446] [0.0218313969672]
0.01818404439835 [0.0132879056036] [0.0230801831931]
0.0179467448033 [0.0124545609578] [0.0234389286488]
0.0174117628485 [0.0116966161877] [0.0231269095093]
0.0168999615125 [0.0111077362671] [0.0226921867579]
0.0165883968584 [0.0107861412689] [0.0223906524479]
0.0165402693674 [0.0107242017984] [0.0223563369364]
0.01672079460695 [0.0108135966584] [0.0226279925555]
0.01709328452125 [0.0109557369724] [0.0232308320701]
0.017529388424 [0.0110340779647] [0.0240246988833]
0.01801646873355 [0.0110696069896] [0.0249633304775]
0.01867818040775 [0.011225075461] [0.0261312853545]
0.0196833638474 [0.0117692854255] [0.0275974422693]
0.021025198977449998 [0.0128723299131] [0.0291780680418]
0.0225408687256 [0.0145076802] [0.0305740572512]
0.02403376344595 [0.0164540242404] [0.0316135026515]
0.02578345499935 [0.0188604220748] [0.0327064879239]
0.0284006781876 [0.0220679230988] [0.0347334332764]
0.032278985716400005 [0.0261485856026] [0.0384093858302]
0.0366383017972 [0.0294739622623] [0.0438026413321]
0.03956930711865 [0.0301716439426] [0.0489669702947]
0.040433008223750004 [0.029166162014] [0.0516998544335]
0.0394714269787 [0.0277995169163] [0.0511433370411]
0.0377170089632 [0.0266622416675] [0.0487717762589]
0.035698461346350005 [0.025821344927] [0.0455755777657]
0.0339906932786 [0.0250863339752] [0.042895052582]
0.03302017599345 [0.0243164040148] [0.0417239479721]
0.0331077380106 [0.0234345663339] [0.0427809096873]
0.0345037737861 [0.0225734468549] [0.0464341007173]
0.03727455437185 [0.0218792296946] [0.0526698790491]
0.041118520312 [0.0216956529766] [0.0605413876474]
0.044985909014950004 [0.0221045911312] [0.0678672268987]
0.048570493236199996 [0.0232199765742] [0.0739210098982]
0.051939188502750006 [0.0253261011094] [0.0785522758961]
0.056660913862299996 [0.0295560974628] [0.0837657302618]
0.06503707356749999 [0.0381535179913] [0.0919206291437]
0.0805795192719 [0.0529226660728] [0.108236372471]
0.10318617522700001 [0.075370028615] [0.131002321839]
0.12259531766195 [0.0929303914309] [0.152260243893]
0.1247012652458 [0.0990415140986] [0.150361016393]
0.1058183200657 [0.0891547203064] [0.122481919825]
0.07661531493070001 [0.0686014890671] [0.0846291407943]
0.0539290364832 [0.0507134944201] [0.0571445785463]
0.040101384744050006 [0.0388180539012] [0.0413847155869]
0.032250562682750006 [0.0316121317446] [0.0328889936209]
0.028082073666150002 [0.0274119917303] [0.028752155602]
0.025845176540299997 [0.0248976852745] [0.0267926678061]
0.02474559657275 [0.0232477057725] [0.026243487373]
0.024451256729649998 [0.0222619138658] [0.0266405995935]
0.024432069622 [0.0216558184475] [0.0272083207965]
0.02437025960535 [0.0212890002877] [0.027451518923]
0.024218659848 [0.0210654139519] [0.0273719057441]
0.024022474885 [0.0208139624447] [0.0272309873253]
0.0239530717954 [0.0205743312836] [0.0273318123072]
0.02419763430955 [0.0203952267766] [0.0280000418425]
0.024901156313699997 [0.0204718504101] [0.0293304622173]
0.02625217475 [0.0211447104812] [0.0313596390188]
0.028506808914250004 [0.0227987263352] [0.0342148914933]
0.031900844536749996 [0.0258004907519] [0.0380011983216]
