0.1050869487224 [0.126295059919] [0.0838788375258]
0.12036552280165 [0.143372431397] [0.0973586142063]
0.12810411676800001 [0.151510357857] [0.104697875679]
0.129715427756 [0.153603106737] [0.105827748775]
0.130349230021 [0.155472382903] [0.105226077139]
0.1322910450395 [0.158968493342] [0.105613596737]
0.1351794674995 [0.163584664464] [0.106774270535]
0.137464888394 [0.168495476246] [0.106434300542]
0.1392571218315 [0.173300981522] [0.105213262141]
0.1406950093805 [0.177707612514] [0.103682406247]
0.141282901168 [0.179088920355] [0.103476881981]
0.1366987377405 [0.17042593658] [0.102971538901]
0.11968452483450001 [0.137480452657] [0.101888597012]
0.0906641893089 [0.0886116102338] [0.092716768384]
0.0701151061803 [0.0577857904136] [0.082444421947]
0.0586603954434 [0.0415040031075] [0.0758167877793]
0.052188327536 [0.0326721780002] [0.0717044770718]
0.0485905120149 [0.0280985701829] [0.0690824538469]
0.04696177691225 [0.0261793136597] [0.0677442401648]
0.04656929615885 [0.025791445747] [0.0673471465707]
0.04693727660925 [0.0260844472796] [0.0677901059389]
0.047874558717 [0.0264574065804] [0.0692917108536]
0.04943880345675 [0.0265983771533] [0.0722792297602]
0.0513147413731 [0.0263872817159] [0.0762422010303]
0.0527150416747 [0.025778638199] [0.0796514451504]
0.05228089075535 [0.0243560355157] [0.080205745995]
0.0490497006103 [0.0221728365868] [0.0759265646338]
0.04365169815715 [0.0197482295334] [0.0675551667809]
0.03804660309105 [0.0178586337715] [0.0582345724106]
0.0339144831523 [0.0170664321631] [0.0507625341415]
0.032378828153 [0.0177561342716] [0.0470015220344]
0.032759982161200005 [0.0196791794151] [0.0458407849073]
0.0342343924567 [0.022125383839] [0.0463434010744]
0.0355070037767 [0.0240443628281] [0.0469696447253]
0.03622177336365 [0.0248727258295] [0.0475708208978]
0.0363902673125 [0.0248040407896] [0.0479764938354]
0.0362892458215 [0.0243932176381] [0.0481852740049]
0.03569176420565 [0.0237984322011] [0.0475850962102]
0.03409363515675 [0.0225953571498] [0.0455919131637]
0.0312102437019 [0.0210305638611] [0.0413899235427]
0.028543133288649998 [0.0201073288918] [0.0369789376855]
0.027189514599749998 [0.0200846921653] [0.0342943370342]
0.027597654610850002 [0.0210022218525] [0.0341930873692]
0.029294163919999998 [0.0227509085089] [0.0358374193311]
0.03151280619205 [0.0248110368848] [0.0382145754993]
0.03349744342265 [0.0263535417616] [0.0406413450837]
0.0346691869199 [0.0269624739885] [0.0423758998513]
0.0351481046528 [0.0267687737942] [0.0435274355114]
0.03550239745525 [0.0263938400894] [0.0446109548211]
0.03589590266345 [0.0260925590992] [0.0456992462277]
0.0361920762807 [0.0257362611592] [0.0466478914022]
0.0361845586449 [0.0250722393394] [0.0472968779504]
0.0360529096797 [0.0241999719292] [0.0479058474302]
0.03617374319585 [0.0235181730241] [0.0488293133676]
0.037091486156 [0.023445058614] [0.050737913698]
0.03949827793985 [0.0246259626001] [0.0543705932796]
0.0434781843796 [0.0271464269608] [0.0598099417984]
0.04944471456115 [0.0305795706809] [0.0683098584414]
0.0563982538879 [0.0335035100579] [0.0792929977179]
0.0615976676345 [0.0349090471864] [0.0882862880826]
0.0632755551487 [0.0344917066395] [0.0920594036579]
0.0605635046959 [0.0327936932445] [0.0883333161473]
0.05583242420105 [0.0306556019932] [0.0810092464089]
0.05058526247735 [0.0285423547029] [0.0726281702518]
0.0467506693676 [0.0268284920603] [0.0666728466749]
0.0447926381603 [0.0260013584048] [0.0635839179158]
0.044679533690249996 [0.0264598205686] [0.0628992468119]
0.04636625107375 [0.0286331232637] [0.0640993788838]
0.0496624764055 [0.0329161547124] [0.0664087980986]
0.05475694127385 [0.0394210107625] [0.0700928717852]
0.0599126704037 [0.0461267232895] [0.0736986175179]
0.0638119932264 [0.0506491549313] [0.0769748315215]
0.06549707055090001 [0.0526799559593] [0.0783141851425]
0.0656064283103 [0.0522061698139] [0.0790066868067]
0.0654448457062 [0.0515430346131] [0.0793466567993]
0.06562972255050001 [0.0518082641065] [0.0794511809945]
0.06606763415035 [0.0527237989008] [0.0794114693999]
0.06818075105544999 [0.0553556382656] [0.0810058638453]
0.0716000329703 [0.0606748498976] [0.082525216043]
0.07510629668829999 [0.0663473829627] [0.0838652104139]
0.07746334746479999 [0.0707051232457] [0.0842215716839]
0.07801553979515 [0.0729621127248] [0.0830689668655]
0.07706185802815 [0.0735868811607] [0.0805368348956]
0.0754012130201 [0.0733667463064] [0.0774356797338]
0.0738436803222 [0.0732470825315] [0.0744402781129]
0.07269316539170001 [0.0734438970685] [0.0719424337149]
0.07171529158949999 [0.0733311399817] [0.0700994431973]
0.0707405470312 [0.0723002329469] [0.0691808611155]
0.0697218514979 [0.0705395117402] [0.0689041912556]
0.06967775523665 [0.069227822125] [0.0701276883483]
0.07182709872725 [0.0697158202529] [0.0739383772016]
0.07712660729885 [0.0729758366942] [0.0812773779035]
0.0857888646424 [0.0794414430857] [0.0921362861991]
0.09611776471155001 [0.0886290147901] [0.103606514633]
0.10419679060575 [0.0950936973095] [0.113299883902]
0.1080093346534 [0.0976453274488] [0.118373341858]
0.1092018075287 [0.0978322550654] [0.120571359992]
0.109206713736 [0.097294472158] [0.121118955314]
0.10848982632144999 [0.0963282138109] [0.120651438832]
0.1079560592771 [0.0966551154852] [0.119257003069]
0.10690110921845 [0.0972673818469] [0.11653483659]
0.10684026777745 [0.0984167233109] [0.115263812244]
0.108936518431 [0.101784512401] [0.116088524461]
0.115591414273 [0.108121469617] [0.123061358929]
0.126459352672 [0.117217198014] [0.13570150733]
0.1397317796945 [0.127230480313] [0.152233079076]
0.151739157736 [0.1347938627] [0.168684452772]
0.158907599747 [0.137600585818] [0.180214613676]
0.1604710668325 [0.136531576514] [0.184410557151]
0.1603385955095 [0.136445492506] [0.184231698513]
0.160366900265 [0.138258770108] [0.182475030422]
0.1603536456825 [0.13967576623] [0.181031525135]
0.156646050513 [0.133881032467] [0.179411068559]
0.147484131157 [0.118911683559] [0.176056578755]
0.1350923143325 [0.100392140448] [0.169792488217]
0.12206079065799999 [0.082940518856] [0.16118106246]
0.1097708642485 [0.069839566946] [0.149702161551]
0.10016339086015 [0.0620745383203] [0.1382522434]
0.09331802464995001 [0.0584295429289] [0.128206506371]
0.08927931636565001 [0.0575482025743] [0.121010430157]
0.08755970001235 [0.0580460503697] [0.117073349655]
