0.0314268171787 [0.0349648930132] [0.0278887413442]
0.03519995789975 [0.0399272441864] [0.0304726716131]
0.041946217417699994 [0.0478642322123] [0.0360282026231]
0.05288606882095 [0.0585531368852] [0.0472190007567]
0.0690916068852 [0.0719242617488] [0.0662589520216]
0.0899675190449 [0.0875143557787] [0.0924206823111]
0.11351402103899999 [0.104684606194] [0.122343435884]
0.125481221825 [0.114019982517] [0.136942461133]
0.1269155815245 [0.117703571916] [0.136127591133]
0.10499230772255 [0.0943979844451] [0.115586631]
0.07616687566040001 [0.0647716298699] [0.0875621214509]
0.0545212607831 [0.0450956709683] [0.0639468505979]
0.0410369038582 [0.0351005271077] [0.0469732806087]
0.0338633004576 [0.0312485322356] [0.0364780686796]
0.028655239380899998 [0.0287235211581] [0.0285869576037]
0.02486054226755 [0.02655480057] [0.0231662839651]
0.022186282090850003 [0.0246649552137] [0.019707608968]
0.020333069376649998 [0.0232241712511] [0.0174419675022]
0.01909914333375 [0.0222935173661] [0.0159047693014]
0.01838091434915 [0.0218864679337] [0.0148753607646]
0.01810494763775 [0.0219061244279] [0.0143037708476]
0.018114678095999998 [0.0221765376627] [0.0140528185293]
0.01827254565435 [0.0224459990859] [0.0140990922228]
0.01852978626265 [0.0225847065449] [0.0144748659804]
0.01879163226115 [0.0226130411029] [0.0149702234194]
0.01912758965045 [0.0225832816213] [0.0156718976796]
0.0195018304512 [0.0224244296551] [0.0165792312473]
0.01978472899645 [0.0219920873642] [0.0175773706287]
0.01996189914645 [0.0214453991503] [0.0184783991426]
0.0201180521399 [0.0210502520204] [0.0191858522594]
0.0205022022128 [0.0210775732994] [0.0199268311262]
0.02158795669675 [0.0218859594315] [0.021289953962]
0.0237858043984 [0.0235591474921] [0.0240124613047]
0.02643565647305 [0.0249608810991] [0.027910431847]
0.0286267409101 [0.0256591271609] [0.0315943546593]
0.0293138697743 [0.0254399888217] [0.0331877507269]
0.02926626894625 [0.0248828660697] [0.0336496718228]
0.029225960373900003 [0.0248623043299] [0.0335896164179]
0.02920916024595 [0.0252777356654] [0.0331405848265]
0.0291375163943 [0.0259820595384] [0.0322929732502]
0.0288809174672 [0.0268343444914] [0.030927490443]
0.02840873878445 [0.0275773890316] [0.0292400885373]
0.0277819167823 [0.0279029849917] [0.0276608485729]
0.02701193466785 [0.0274274647236] [0.0265964046121]
0.02636954095215 [0.0264036934823] [0.026335388422]
0.026266114786299997 [0.0255210362375] [0.0270111933351]
0.0268077487126 [0.0252595804632] [0.028355916962]
0.028136825189 [0.0261468999088] [0.0301267504692]
0.0300398198888 [0.0283392798156] [0.031740359962]
0.0319475019351 [0.0312339384109] [0.0326610654593]
0.0333614591509 [0.0335961207747] [0.0331267975271]
0.0338077843189 [0.0343123488128] [0.033303219825]
0.0331466589123 [0.0331426486373] [0.0331506691873]
0.0320907533169 [0.031271353364] [0.0329101532698]
0.030990754254150002 [0.0296162050217] [0.0323653034866]
0.03010588139295 [0.0284874215722] [0.0317243412137]
0.02960431575775 [0.0280005577952] [0.0312080737203]
0.0296100527048 [0.028255244717] [0.0309648606926]
0.03025865927335 [0.0293320342898] [0.0311852842569]
0.03153784759345 [0.0312085300684] [0.0318671651185]
0.033436080440900004 [0.0336873903871] [0.0331847704947]
0.0359280183911 [0.0363906174898] [0.0354654192924]
0.0382820833474 [0.0385700203478] [0.037994146347]
0.03981859609485 [0.0397560037673] [0.0398811884224]
0.04042479395864999 [0.0399672240019] [0.0408823639154]
0.039688333869 [0.0397599376738] [0.0396167300642]
0.03859392367305 [0.0399200990796] [0.0372677482665]
0.03858345374465 [0.0418346747756] [0.0353322327137]
0.04042042419315 [0.0457280874252] [0.0351127609611]
0.0444429703057 [0.0522918440402] [0.0365940965712]
0.0494320243597 [0.0595885179937] [0.0392755307257]
0.05339564383025 [0.0648162066936] [0.0419750809669]
0.05509513802825 [0.066025480628] [0.0441647954285]
0.054570322856299994 [0.0637373328209] [0.0454033128917]
0.05328803695735 [0.0608459115028] [0.0457301624119]
0.051686674356449996 [0.0582335107028] [0.0451398380101]
0.0500863455236 [0.0563178434968] [0.0438548475504]
0.0485650990158 [0.0546552315354] [0.0424749664962]
0.047082742676149994 [0.0527297668159] [0.0414357185364]
0.0454325154424 [0.0500641576946] [0.0408008731902]
0.043863158673050004 [0.0472219288349] [0.0405043885112]
0.04259241744875 [0.044277433306] [0.0409074015915]
0.04209032841025 [0.0423184633255] [0.041862193495]
0.0417280681431 [0.0412099845707] [0.0422461517155]
0.04139666073025 [0.0406144112349] [0.0421789102256]
0.04081193543975 [0.0401988178492] [0.0414250530303]
0.04011249542235 [0.0401757620275] [0.0400492288172]
0.0394840277731 [0.0404004193842] [0.038567636162]
0.038995392620550004 [0.040683016181] [0.0373077690601]
0.0388233549893 [0.040858168155] [0.0367885418236]
0.039159284904599995 [0.0410332903266] [0.0372852794826]
0.03968205489215 [0.0413885861635] [0.0379755236208]
0.0402085222304 [0.0421480871737] [0.0382689572871]
0.0411394238472 [0.0439960062504] [0.038282841444]
0.0433912165463 [0.0481840744615] [0.0385983586311]
0.048846067860700004 [0.0575170256197] [0.0401751101017]
0.0593122020364 [0.0734992325306] [0.0451251715422]
0.07603373005985001 [0.0963228940964] [0.0557445660233]
