0.00902751041576 [0.00910705141723] [0.00894796941429]
0.01004919316621 [0.00984592922032] [0.0102524571121]
0.01199266314505 [0.011003295891] [0.0129820303991]
0.015663229860400002 [0.0127949751914] [0.0185314845294]
0.022317788098000002 [0.0151618858799] [0.0294736903161]
0.03231952991335 [0.0172960218042] [0.0473430380225]
0.04268339462575001 [0.0183918587863] [0.0669749304652]
0.04842405766245 [0.0186951756477] [0.0781529396772]
0.05121288448575 [0.0186413601041] [0.0837844088674]
0.05418560281395 [0.018456697464] [0.0899145081639]
0.055469541810449996 [0.0181823279709] [0.09275675565]
0.052803191356400006 [0.0178611557931] [0.0877452269197]
0.04536257032305 [0.0173941943794] [0.0733309462667]
0.0361886490136 [0.0168872401118] [0.0554900579154]
0.029467530548599997 [0.0165606029332] [0.042374458164]
0.025738527067049998 [0.0166967120022] [0.0347803421319]
0.02365427371115 [0.017198106274] [0.0301104411483]
0.021712166257200002 [0.0169276874512] [0.0264966450632]
0.01850750669835 [0.0144030228257] [0.022611990571]
0.014934722799799998 [0.0113092930987] [0.0185601525009]
0.01220905501395 [0.0091341258958] [0.0152839841321]
0.01046416256579 [0.00782633200288] [0.0131019931287]
0.00950915575958 [0.00715486193076] [0.0118634495884]
0.009084430523215 [0.00690396036953] [0.0112649006769]
0.008929183473804999 [0.00684247491881] [0.0110158920288]
0.008833814179514999 [0.00680714892223] [0.0108604794368]
0.008721153950319999 [0.00670949788764] [0.010732810013]
0.008612666046225001 [0.00656692823395] [0.0106584038585]
0.008541421266265 [0.00639324681833] [0.0106895957142]
0.0085417330265 [0.0062286183238] [0.0108548477292]
0.008650184143344999 [0.00614400301129] [0.0111563652754]
0.008878536755204999 [0.00620628101751] [0.0115507924929]
0.009191812481709999 [0.00639321934432] [0.0119904056191]
0.01002735155632 [0.00702144997194] [0.0130332531407]
0.012002903036755 [0.00863610487431] [0.0153697011992]
0.0157989040017 [0.0119012147188] [0.0196965932846]
0.02135822270065 [0.0161968972534] [0.0265195481479]
0.0270491540432 [0.0192339383066] [0.0348643697798]
0.03057571593675 [0.020026082173] [0.0411253497005]
0.031632083468149996 [0.0196488518268] [0.0436153151095]
0.0318245962262 [0.019289996475] [0.0443591959774]
0.03189238812775 [0.0192711595446] [0.0445136167109]
0.032010365277549996 [0.0194809511304] [0.0445397794247]
0.0321009317413 [0.0197905581445] [0.0444113053381]
0.0322387451306 [0.0200509894639] [0.0444265007973]
0.0325194923207 [0.0202298555523] [0.0448091290891]
0.03292790986595 [0.0203075483441] [0.0455482713878]
0.03352722059935 [0.0204005297273] [0.0466539114714]
0.0343472370878 [0.0204574968666] [0.048236977309]
0.03561686258765 [0.0204672459513] [0.050766479224]
0.03780287131665 [0.0206196531653] [0.054986089468]
0.04242110531775 [0.0214817356318] [0.0633604750037]
0.05235309898855 [0.0248822718859] [0.0798239260912]
0.07143129780884999 [0.0346598550677] [0.10820274055]
0.1008739788086 [0.0589742399752] [0.142773717642]
0.12888317927694998 [0.0954187139869] [0.162347644567]
0.14365788176650002 [0.117526851594] [0.169788911939]
0.1481509581205 [0.119609698653] [0.176692217588]
0.1453706845645 [0.113154470921] [0.177586898208]
0.141792457551 [0.108332447708] [0.175252467394]
0.1357583887875 [0.103856988251] [0.167659789324]
0.1265908926725 [0.095609202981] [0.157572582364]
0.1116177923978 [0.0767825618386] [0.146453022957]
0.09102327562845 [0.0539891608059] [0.128057390451]
0.07568266987815 [0.0385787785053] [0.112786561251]
0.06813503429295001 [0.0312431454659] [0.10502692312]
0.06776944268509999 [0.0284550506622] [0.107083834708]
0.0737369433045 [0.028349339962] [0.119124546647]
0.08451135735965 [0.0300778653473] [0.138944849372]
0.09735106676795001 [0.0329582393169] [0.161743894219]
0.10754522681225 [0.0361390560865] [0.178951397538]
0.1124080419539 [0.0389415621758] [0.185874521732]
0.11029504984635 [0.0410236418247] [0.179566457868]
0.1008012648672 [0.0423362217844] [0.15926630795]
0.08661763370045 [0.0429825186729] [0.130252748728]
0.07296394370515 [0.0431668125093] [0.102761074901]
0.0630183443427 [0.0431630685925] [0.0828736200929]
0.0570458546281 [0.0433775410056] [0.0707141682506]
0.054323147982349995 [0.0443954989314] [0.0642507970333]
0.05415008589625 [0.0470698624849] [0.0612303093076]
0.055992465466300004 [0.0524379089475] [0.0595470219851]
0.05911441892385 [0.0609555058181] [0.0572733320296]
0.062010122463150005 [0.0713432207704] [0.0526770241559]
0.0616348516196 [0.0777561366558] [0.0455135665834]
0.0560257695615 [0.0754216238856] [0.0366299152374]
0.0484170811251 [0.0690730959177] [0.0277610663325]
0.04192974418405 [0.062930084765] [0.0209294036031]
0.03695682343095 [0.0570140145719] [0.01689963229]
0.0319169783033 [0.0484745316207] [0.0153594249859]
0.0271664215252 [0.038854777813] [0.0154780652374]
0.02401641290635 [0.0312440376729] [0.0167887881398]
0.02262741234155 [0.0260202903301] [0.019234534353]
0.0229043569416 [0.0228728204966] [0.0229358933866]
0.0241252761334 [0.0211853832006] [0.0270651690662]
0.02506987843665 [0.0204837433994] [0.0296560134739]
0.025271818041800002 [0.020394038409] [0.0301495976746]
0.02554548531775 [0.0206777825952] [0.0304131880403]
0.02661614492535 [0.021225169301] [0.0320071205497]
0.028156694024800002 [0.0219694599509] [0.0343439280987]
0.030214744619999997 [0.0229011122137] [0.0375283770263]
0.03207132779065 [0.0237195529044] [0.0404231026769]
0.03308080043645 [0.024475550279] [0.0416860505939]
0.033413676545 [0.0250917933881] [0.0417355597019]
0.03363717347385 [0.025445997715] [0.0418283492327]
0.03459993284195 [0.0260988939553] [0.0431009717286]
0.03618398681285 [0.0272034481168] [0.0451645255089]
0.0377286206931 [0.0284715220332] [0.046985719353]
0.039157400839050005 [0.0299005638808] [0.0484142377973]
0.0404927507043 [0.0314882695675] [0.0494972318411]
0.0418629013002 [0.0331126525998] [0.0506131500006]
0.0431254822761 [0.0346272811294] [0.0516236834228]
0.0438706744462 [0.0359361171722] [0.0518052317202]
0.04391861706975 [0.0370181575418] [0.0508190765977]
0.0432059951127 [0.0376927480102] [0.0487192422152]
0.041983349248749996 [0.0378333702683] [0.0461333282292]
0.040699725970599995 [0.0373012125492] [0.044098239392]
0.0390866752714 [0.0358246415854] [0.0423487089574]
0.03717187047005 [0.0337233841419] [0.0406203567982]
0.03560845181345 [0.031719379127] [0.0394975244999]
0.03501617722215 [0.0305210091174] [0.0395113453269]
0.035683802329 [0.0310167130083] [0.0403508916497]
0.037315966561450004 [0.0328673273325] [0.0417646057904]
