0.02566889161245 [0.0383439697325] [0.0129938134924]
0.02546663675455 [0.0374214835465] [0.0135117899626]
0.025637229438850002 [0.0373222418129] [0.0139522170648]
0.025993447285150004 [0.0377046130598] [0.0142822815105]
0.0264338999987 [0.038275487721] [0.0145923122764]
0.0266999271698 [0.0384191833436] [0.014980670996]
0.025807115249349998 [0.0364041030407] [0.015210127458]
0.025781661272049998 [0.0357397980988] [0.0158235244453]
0.0251071942039 [0.0352344661951] [0.0149799222127]
0.0238807555288 [0.0346336439252] [0.0131278671324]
0.02252637222405 [0.0336502641439] [0.0114024803042]
0.0213792915456 [0.0323379598558] [0.0104206232354]
0.02065005432814 [0.0313430391252] [0.00995706953108]
0.020654376596235 [0.0314445085824] [0.00986424461007]
0.0213195681572 [0.0326335541904] [0.010005582124]
0.0226031881757 [0.0348557010293] [0.0103506753221]
0.02377817966045 [0.0365953668952] [0.0109609924257]
0.035699069965599996 [0.05953701213] [0.0118611278012]
0.046649823430899996 [0.080314643681] [0.0129850031808]
0.055162492673850004 [0.0962572470307] [0.014067738317]
0.063371120021 [0.111817196012] [0.01492504403]
0.08420809451505 [0.152903094888] [0.0155130941421]
0.08180528506645 [0.147474884987] [0.0161356851459]
0.07994143757990001 [0.142531126738] [0.0173517484218]
0.07912026904535 [0.138588100672] [0.0196524374187]
0.07975614629700001 [0.135951176286] [0.023561116308]
0.082178711891 [0.134723320603] [0.029634103179]
0.08623314648885 [0.134620457888] [0.0378458350897]
0.0912210829556 [0.134915292263] [0.0475268736482]
0.09671734459680001 [0.13481003046] [0.0586246587336]
0.1027384251358 [0.13391853869] [0.0715583115816]
0.10906334221365 [0.132422849536] [0.0857038348913]
0.1116875261067 [0.128055244684] [0.0953198075294]
0.1111009046435 [0.122950784862] [0.099251024425]
0.1100874915715 [0.118218824267] [0.101956158876]
0.1081036254765 [0.111796393991] [0.104410856962]
0.1126719266175 [0.112421527505] [0.11292232573]
0.12475236505250001 [0.121063262224] [0.128441467881]
0.137875877321 [0.134314015508] [0.141437739134]
0.14667578786649998 [0.146206170321] [0.147145405412]
0.1515657231215 [0.155263617635] [0.147867828608]
0.15398189425449998 [0.163183748722] [0.144780039787]
0.15520267188550002 [0.16716504097] [0.143240302801]
0.15793456137200002 [0.171556994319] [0.144312128425]
0.16252858936800002 [0.178821668029] [0.146235510707]
0.169485554099 [0.191152751446] [0.147818356752]
0.16746499389449998 [0.190565913916] [0.144364073873]
0.141998805106 [0.153654456139] [0.130343154073]
0.1307171694935 [0.159740164876] [0.101694174111]
0.1179885752499 [0.166241466999] [0.0697356835008]
0.1099519990385 [0.171596929431] [0.048307068646]
0.1050834786147 [0.173630297184] [0.0365366600454]
0.1008438346906 [0.171924576163] [0.0297630932182]
0.09636484365914999 [0.168020874262] [0.0247088130563]
0.0929778590801 [0.161521673203] [0.0244340449572]
0.08986707776785 [0.155590608716] [0.0241435468197]
0.086809940636 [0.149850606918] [0.023769274354]
0.0826934399085 [0.14211653173] [0.023270348087]
0.0744148194792 [0.129982054234] [0.0188475847244]
0.07380354497605 [0.129982054234] [0.0176250357181]
0.0736772324892 [0.129982054234] [0.0173724107444]
0.0736759649592 [0.129982054234] [0.0173698756844]
0.0737366070973 [0.129982054234] [0.0174911599606]
0.07372994627825 [0.129982054234] [0.0174778383225]
0.07367017585805 [0.129982054234] [0.0173582974821]
0.07362141087675 [0.129982054234] [0.0172607675195]
0.0736042344945 [0.129982054234] [0.017226414755]
0.04546574130655 [0.0735420435667] [0.0173894390464]
0.04539311025295 [0.0719894692302] [0.0187967512757]
0.04002950433645 [0.0600003190339] [0.020058689639]
0.03366118576375 [0.04583761096] [0.0214847605675]
0.0295311352238 [0.0362550243735] [0.0228072460741]
0.02754634059965 [0.0310228727758] [0.0240698084235]
0.0300328284502 [0.0280896276236] [0.0319760292768]
0.03369852527975 [0.0265563800931] [0.0408406704664]
0.03684075176715 [0.0260456614196] [0.0476358421147]
0.0397149026394 [0.0263082049787] [0.0531216003001]
0.04311474040155 [0.0270782783628] [0.0591512024403]
0.04793345555665 [0.0282079651952] [0.0676589459181]
0.053463201969899996 [0.0287790000439] [0.0781474038959]
0.0586852831766 [0.0295552220196] [0.0878153443336]
0.0615093046799 [0.030217224732] [0.0928013846278]
0.06060313712805 [0.0306657161564] [0.0905405580997]
0.05617088545115 [0.0307673979551] [0.0815743729472]
0.0504233529791 [0.0308876689523] [0.0699590370059]
0.0457348935306 [0.0317644029856] [0.0597053840756]
0.04380947351455 [0.0345170870423] [0.0531018599868]
0.0460667833686 [0.0422776043415] [0.0498559623957]
0.055439896881600004 [0.0610324330628] [0.0498473607004]
0.07427184842525 [0.0971452668309] [0.0513984300196]
0.10156537964935 [0.150611013174] [0.0525197461247]
0.1217692829669 [0.191319063306] [0.0522195026278]
0.1204105857758 [0.190277740359] [0.0505434311926]
0.10916916280984999 [0.170087620616] [0.0482507050037]
0.09613429382425 [0.146100312471] [0.0461682751775]
0.08544278517375001 [0.126900970936] [0.0439845994115]
0.07804214209299999 [0.11409278959] [0.041991494596]
0.0736231356858 [0.106425873935] [0.0408203974366]
0.0709083341063 [0.100940294564] [0.0408763736486]
0.06790885142985 [0.0930728018284] [0.0427449010313]
0.0638545136899 [0.0818881466985] [0.0458208806813]
0.05921288579705 [0.0697361007333] [0.0486896708608]
0.0558927413076 [0.0615317933261] [0.0502536892891]
0.054019268602100004 [0.0572138354182] [0.050824701786]
0.05243002809585 [0.0543795898557] [0.050480466336]
0.05107998289165 [0.0525923967361] [0.0495675690472]
0.05032398551705 [0.0518717132509] [0.0487762577832]
0.0502973422408 [0.0521398410201] [0.0484548434615]
0.051088582724350004 [0.0530441552401] [0.0491330102086]
0.05279346928 [0.0542260482907] [0.0513608902693]
0.0554330032319 [0.0553491972387] [0.0555168092251]
0.0587825682014 [0.0561736896634] [0.0613914467394]
0.0625864714384 [0.0569116398692] [0.0682613030076]
0.06656156107785 [0.0574054345489] [0.0757176876068]
0.06960928812625 [0.0570022687316] [0.0822163075209]
0.07082370668650001 [0.0551659539342] [0.0864814594388]
0.07110844738785001 [0.0527004487813] [0.0895164459944]
0.07171783968805 [0.0513686686754] [0.0920670107007]
0.0730996876955 [0.0522883683443] [0.0939110070467]
0.07501330412925 [0.0550414733589] [0.0949851348996]
0.07593005150555 [0.0575281009078] [0.0943320021033]
0.07658501900735 [0.0585089810193] [0.0946610569954]
0.07749018631875 [0.0586716644466] [0.0963087081909]
0.07796249352395 [0.0584712214768] [0.0974537655711]
0.07723009213805 [0.0583771020174] [0.0960830822587]
0.07491114735599999 [0.0584740415215] [0.0913482531905]
0.07178049348295 [0.0586740635335] [0.0848869234324]
0.0688961725682 [0.0586262308061] [0.0791661143303]
0.0668725874275 [0.0585200227797] [0.0752251520753]
0.06558519043025 [0.0588342286646] [0.0723361521959]
0.06471203453839999 [0.060254175216] [0.0691698938608]
0.06314298510550001 [0.0634183734655] [0.0628675967455]
0.063260640949 [0.0682009756565] [0.0583203062415]
0.06508095003665 [0.073391109705] [0.0567707903683]
0.0582587290555 [0.0584808886051] [0.0580365695059]
0.05184492841365 [0.0441315099597] [0.0595583468676]
0.05063811317085 [0.039922889322] [0.0613533370197]
0.05134293437005 [0.0401767194271] [0.062509149313]
0.0519610531628 [0.0411350801587] [0.0627870261669]
0.052544085308949995 [0.0411359854043] [0.0639521852136]
0.054853897541800006 [0.040862351656] [0.0688454434276]
0.0604111291468 [0.0407013222575] [0.0801209360361]
0.06042634136975 [0.0407317467034] [0.0801209360361]
0.0604923609644 [0.0408637858927] [0.0801209360361]
0.0604785885662 [0.0408362410963] [0.0801209360361]
0.0603486970067 [0.0405764579773] [0.0801209360361]
0.06010053120555 [0.040080126375] [0.0801209360361]
0.05977017618715 [0.0394194163382] [0.0801209360361]
0.05934905819595 [0.0385771803558] [0.0801209360361]
0.0874268077314 [0.0374392345548] [0.137414380908]
0.08553048595769999 [0.0357416793704] [0.135319292545]
0.08031884953400001 [0.033314190805] [0.127323508263]
0.07349494379035 [0.0309726130217] [0.116017274559]
0.06793806701885 [0.0302491411567] [0.105626992881]
0.0650186166167 [0.0318796560168] [0.0981575772166]
0.0641728695482 [0.0348412878811] [0.0935044512153]
0.063629463315 [0.0360599756241] [0.0911989510059]
0.06315830536185 [0.0355486311018] [0.0907679796219]
0.06300684809685 [0.0345624089241] [0.0914512872696]
0.0633845515549 [0.0340563356876] [0.0927127674222]
0.06402644701304999 [0.0343983881176] [0.0936545059085]
0.0655188653618 [0.0366748385131] [0.0943628922105]
0.06785193085675001 [0.0424230396748] [0.0932808220387]
