0.03415051661435 [0.0285320132971] [0.0397690199316]
0.03287860006095 [0.0275191143155] [0.0382380858064]
0.03250277694315 [0.0270442981273] [0.037961255759]
0.03264890238645 [0.0271326079965] [0.0381651967764]
0.03304520528765 [0.0277687069029] [0.0383217036724]
0.03361359238625 [0.0288371294737] [0.0383900552988]
0.03403978049755 [0.0297893173993] [0.0382902435958]
0.0344290267676 [0.0305568277836] [0.0383012257516]
0.0347019396722 [0.0311208516359] [0.0382830277085]
0.0348067302257 [0.0315197259188] [0.0380937345326]
0.03459803946315 [0.0317935980856] [0.0374024808407]
0.03438599035145 [0.0322158522904] [0.0365561284125]
0.03501171246175 [0.0333826579154] [0.0366407670081]
0.0385024882853 [0.0373960845172] [0.0396088920534]
0.04825898259875 [0.048255931586] [0.0482620336115]
0.0676627848297 [0.0735273659229] [0.0617982037365]
0.0956759713592 [0.114795148373] [0.0765567943454]
0.1157041303812 [0.148574709892] [0.0828335508704]
0.1210488192736 [0.160593152046] [0.0815044865012]
0.122121140361 [0.166086778045] [0.078155502677]
0.12087126076215 [0.168046325445] [0.0736961960793]
0.1180164255201 [0.168451040983] [0.0675818100572]
0.11342178285110001 [0.167199835181] [0.0596437305212]
0.10820456407955 [0.164864733815] [0.0515443943441]
0.10419291444109999 [0.163664832711] [0.0447209961712]
0.1016548965129 [0.163606435061] [0.0397033579648]
0.0978600997479 [0.15922293067] [0.0364972688258]
0.09269126504684999 [0.150853440166] [0.0345290899277]
0.0873432438822 [0.141034677625] [0.0336518101394]
0.07781430147575 [0.121877916157] [0.0337506867945]
0.0631946790963 [0.0914299190044] [0.0349594391882]
0.04998739808795 [0.0627989992499] [0.037175796926]
0.04246176593005 [0.0452722758055] [0.0396512560546]
0.0389789156616 [0.0357691794634] [0.0421886518598]
0.0375427166 [0.0302452165633] [0.0448402166367]
0.03743852395565 [0.02715982683] [0.0477172210813]
0.0380813991651 [0.0254488196224] [0.0507139787078]
0.0393892582506 [0.0242033191025] [0.0545751973987]
0.04136459622535 [0.0228674281389] [0.0598617643118]
0.044314099475750005 [0.0213956721127] [0.0672325268388]
0.0480996342376 [0.0199872199446] [0.0762120485306]
0.0516880825162 [0.0189700424671] [0.0844061225653]
0.0544591890648 [0.0184212420136] [0.090497136116]
0.0559700820595 [0.0184094570577] [0.0935307070613]
0.05612838547675 [0.0187463071197] [0.0935104638338]
0.0544696133584 [0.0194670967758] [0.089472129941]
0.0510663380846 [0.0209077429026] [0.0812249332666]
0.0470472928137 [0.0238799862564] [0.070214599371]
0.0450850846246 [0.030527016148] [0.0596431531012]
0.0479521919042 [0.0442302823067] [0.0516741015017]
0.0567927248776 [0.0669618546963] [0.0466235950589]
0.06532171554865 [0.0866345316172] [0.0440088994801]
0.06966301985085 [0.0961945205927] [0.043131519109]
0.0726540870966 [0.10171430558] [0.0435938686132]
0.0762679334732 [0.10794210434] [0.0445937626064]
0.08057261072105 [0.11571931839] [0.0454259030521]
0.08505406789465 [0.124023094773] [0.0460850410163]
0.0890402626245 [0.131677791476] [0.046402733773]
0.09186187386535 [0.137368485332] [0.0463552623987]
0.0938668083398 [0.141431868076] [0.0463017486036]
0.09611960127960001 [0.145303308964] [0.0469358935952]
0.0999975446611 [0.150741919875] [0.0492531694472]
0.10627027601 [0.158375263214] [0.054165288806]
0.11598293855774999 [0.168868795037] [0.0630970820785]
0.12946101650605 [0.181766420603] [0.0771556124091]
0.1470995396377 [0.199095964432] [0.0951031148434]
0.1618336625395 [0.213616326451] [0.110050998628]
0.167884234339 [0.220085799694] [0.115682668984]
0.1662817671895 [0.221023440361] [0.111540094018]
0.160325713456 [0.217002153397] [0.103649273515]
0.15139469131825 [0.207195803523] [0.0955935791135]
0.14011971652525002 [0.190900191665] [0.0893392413855]
0.1298093162476 [0.173713326454] [0.0859053060412]
0.1235717497767 [0.161787375808] [0.0853561237454]
0.11958682537055 [0.15097028017] [0.0882033705711]
0.11796614527704999 [0.14224486053] [0.0936874300241]
0.11891512200250001 [0.137178659439] [0.100651584566]
0.11961552128200001 [0.131921589375] [0.107309453189]
0.1186934895815 [0.126450687647] [0.110936291516]
0.1162195205685 [0.121293134987] [0.11114590615]
0.114043742418 [0.116778992116] [0.11130849272]
0.11392029747349999 [0.114416480064] [0.113424114883]
0.1154813058675 [0.115186654031] [0.115775957704]
0.118686053902 [0.117931574583] [0.119440533221]
0.123841740191 [0.121553570032] [0.12612991035]
0.131054855883 [0.12414316833] [0.137966543436]
0.1393588930365 [0.123659983277] [0.155057802796]
0.14437283575499998 [0.119177088141] [0.169568583369]
0.1436988152565 [0.111625351012] [0.175772279501]
0.138285059482 [0.103283084929] [0.173287034035]
0.12939061224465 [0.0948227345943] [0.163958489895]
0.11904516071080001 [0.0873925089836] [0.150697812438]
0.1093180850149 [0.0819717943668] [0.136664375663]
0.1016660146415 [0.079339787364] [0.123992241919]
0.09627310186625 [0.0781916975975] [0.114354506135]
0.0935538373889 [0.0778846815228] [0.109222993255]
