0.14057714492099999 [0.156105145812] [0.12504914403]
0.14325578510749998 [0.157047137618] [0.129464432597]
0.14233259111649998 [0.153240412474] [0.131424769759]
0.1394146084785 [0.1480217278] [0.130807489157]
0.137057587504 [0.145899057388] [0.12821611762]
0.135467685759 [0.146802216768] [0.12413315475]
0.13248429074850002 [0.148708939552] [0.116259641945]
0.127296831459 [0.148495167494] [0.106098495424]
0.11806637793755001 [0.142299085855] [0.0938336700201]
0.10636100173015 [0.132107496262] [0.0806145071983]
0.09327833354475 [0.116978302598] [0.0695783644915]
0.08187648095215 [0.104873284698] [0.0588796772063]
0.0733641926199 [0.0945632904768] [0.052165094763]
0.06145859882235 [0.0765629634261] [0.0463542342186]
0.04716658219695 [0.0538030192256] [0.0405301451683]
0.034944962710150004 [0.0362421758473] [0.033647749573]
0.026458363048750003 [0.0261838082224] [0.0267329178751]
0.02138433791695 [0.0212942752987] [0.0214744005352]
0.018550110049549998 [0.0188370719552] [0.0182631481439]
0.0172985717654 [0.0177920218557] [0.0168051216751]
0.017092756926999998 [0.0175685640424] [0.0166169498116]
0.01740641146895 [0.0177258197218] [0.0170870032161]
0.017701376229550002 [0.017815746367] [0.0175870060921]
0.017708187922849998 [0.0176569465548] [0.0177594292909]
0.01740341912955 [0.0171946771443] [0.0176121611148]
0.0169626073912 [0.016596833244] [0.0173283815384]
0.0165137303993 [0.0159853957593] [0.0170420650393]
0.0161438258365 [0.0155181735754] [0.0167694780976]
0.01595760742205 [0.0153621109203] [0.0165531039238]
0.0161335626617 [0.0156928561628] [0.0165742691606]
0.017115286551400002 [0.0167194250971] [0.0175111480057]
0.01942997705195 [0.0184374712408] [0.0204224828631]
0.023483663797400002 [0.0207598246634] [0.0262075029314]
0.027778211981050002 [0.022608757019] [0.0329476669431]
0.0291234673932 [0.0220844428986] [0.0361624918878]
0.028364127501850002 [0.0207163579762] [0.0360118970275]
0.02699632849545 [0.0193939898163] [0.0345986671746]
0.025907211936999998 [0.0187052916735] [0.0331091322005]
0.0254515139386 [0.0186082068831] [0.0322948209941]
0.02579837478695 [0.0192966200411] [0.0323001295328]
0.02672156319025 [0.0206668414176] [0.0327762849629]
0.027824147604400003 [0.0223950017244] [0.0332532934844]
0.02858574315905 [0.0237629897892] [0.0334084965289]
0.028876462951300003 [0.0244809649885] [0.0332719609141]
0.0288001988083 [0.0245712660253] [0.0330291315913]
0.028474989347150002 [0.0242386255413] [0.032711353153]
0.0280509982258 [0.0238693542778] [0.0322326421738]
0.02758720796555 [0.0238724481314] [0.0313019677997]
0.0273183248937 [0.024789320305] [0.0298473294824]
0.0277702594176 [0.0274886172265] [0.0280519016087]
0.030502542853350002 [0.0340599939227] [0.026945091784]
0.0387868033722 [0.0495696216822] [0.0280039850622]
0.05735021829605 [0.0820285454392] [0.0326718911529]
0.08407859690495001 [0.126449763775] [0.0417074300349]
0.1028864663094 [0.155417650938] [0.0503552816808]
0.10596240870675 [0.159003823996] [0.0529209934175]
0.10331898368874999 [0.154124230146] [0.0525137372315]
0.10094366222635 [0.148396700621] [0.0534906238317]
0.1018245946615 [0.146465167403] [0.05718402192]
0.1064282357694 [0.149328529835] [0.0635279417038]
0.11368334665909999 [0.156080156565] [0.0712865367532]
0.12056949734674999 [0.163167953491] [0.0779710412025]
0.12480916082850001 [0.166496068239] [0.083122253418]
0.1252446360887 [0.163995280862] [0.0864939913154]
0.12283432856189999 [0.157320871949] [0.0883477851748]
0.12100995704535 [0.150949060917] [0.0910708531737]
0.12049169093395 [0.145945668221] [0.0950377136469]
0.12079611420629999 [0.142133757472] [0.0994584709406]
0.12348296865800001 [0.142246112227] [0.104719825089]
0.12793028727150002 [0.142918691039] [0.112941883504]
0.132817991078 [0.143931254745] [0.121704727411]
0.1391551941635 [0.143506020308] [0.134804368019]
0.142683655024 [0.142585292459] [0.142782017589]
0.1413453891875 [0.139126554132] [0.143564224243]
0.136435866356 [0.134277462959] [0.138594269753]
0.130280151963 [0.129023849964] [0.131536453962]
0.1251731775705 [0.125953420997] [0.124392934144]
0.122281882912 [0.126584798098] [0.117978967726]
0.12222994864 [0.130628824234] [0.113831073046]
0.12559504807 [0.140329673886] [0.110860422254]
0.13138126954450002 [0.154742866755] [0.108019672334]
0.1382414586845 [0.171870544553] [0.104612372816]
0.143913500011 [0.187623873353] [0.100203126669]
0.14830865338455002 [0.199329480529] [0.0972878262401]
0.15243526548164998 [0.207392200828] [0.0974783301353]
0.153286781162 [0.211126640439] [0.095446921885]
0.15350552275765 [0.215324476361] [0.0916865691543]
0.1525552757083 [0.218275055289] [0.0868354961276]
0.15134093910445 [0.22100533545] [0.0816765427589]
0.1493483744563 [0.220716044307] [0.0779807046056]
0.14434653148034998 [0.211725607514] [0.0769674554467]
0.13538252562300002 [0.193239077926] [0.07752597332]
0.1246376745402 [0.169984936714] [0.0792904123664]
0.1171977892516 [0.15307380259] [0.0813217759132]
