0.1781443208455 0.158014602959 0.1284850612285 0.0962564833461 0.0703222416341 0.053657576441749996 0.04406502284105 0.0391143113375 0.037355158478 0.03757509589195 0.038806354627049996 0.039763957262049995 0.03902582265435 0.036284036934399994 0.03271126933395 
0.029717679135499997 0.02793865650895 0.027549915947 0.0285994671285 0.0310327159241 0.0347552653402 0.03921413514765 0.043187178671349996 0.04547087661925 0.04612179566175 0.04540571570395 0.043687900528350004 0.0419669235125 0.04138057027015 0.0424480941147 
0.045113224536199995 0.048659054562449996 0.051797606051 0.0536233596504 0.054342262446850004 0.05447190441195 0.0541820935905 0.05345214903355 0.05230273120105 0.050791731104250004 0.0489290244877 0.0469315610826 0.0453611090779 0.04485746473075 0.0458623766899 
0.0481354352087 0.05074453353885 0.05261529423295 0.0534458067268 0.0536390822381 0.05341974832115 0.0531037878245 0.0527407489717 0.05259976163505 0.052650498226249995 0.05265538021925 0.05215202271935 0.0507288388908 0.0490043051541 0.0475502051413 
0.046681249514199996 0.04643655195835 0.046070983633399995 0.04468559473755 0.04222611151635 0.03947191964835 0.0373863019049 0.036483912728699996 0.03671673405915 0.03792926110325 0.040128494612899995 0.04386127367615 0.049981482327000004 0.058965232223249994 0.0694551486522 
0.0778304915873 0.08120232447975 0.0814203787593 0.0828724596651 0.0887125898151 0.1009627748282 0.11915632896145001 0.13933006301515 0.154046509415 0.1595673114062 0.1587798744439 0.15513965487465 0.14877327904125 0.139740385115 0.12511074543015 
0.10866236314184999 0.09437328204525 0.08328721672295 0.0765932127833 0.07351604849099999 0.07316356152295 0.0742414407432 0.07479405030610001 0.0723573453724 0.06620223633945001 0.059605948627 0.0554014146328 0.0533254817128 0.0527499932796 0.05305539444085 
0.053513552993499997 0.053549032658349996 0.05293549597265 0.051769299432650004 0.0502790287137 0.048742057755600005 0.04756259731945 0.04703238606455 0.047404907643799996 0.0488667972386 0.0510518979281 0.053410112857849995 0.05349019542335 0.0509036593139 0.047408085316449994 
0.04499878548085 0.044455004856 0.0453170184046 0.04622847773135 0.045226240530599995 0.04119728691875 0.036352369934299994 0.03242524061355 0.02977943513545 0.02828351221975 0.027701340615749998 0.0279279584065 0.02898129820825 0.03090030141175 0.03347639273855 
0.03568783029915 0.03663484938445 0.03695421479645 0.03767722100015 0.0395400580019 0.04332847706975 0.049794787541050003 0.05915913172065 0.06951167061925 0.0779452472925 0.0825028307736 0.08457535505295 0.08530287444590001 0.0852969288826 0.08546909689905 
0.08702670782805 0.09141434729105 0.09931769967074999 0.1095803752545 0.115738220513 0.11200567334905001 0.102451238781 0.09469475597145 0.09088084474185 0.089815802872 0.0900261271745 0.09138891845950001 0.09351010993129999 0.0962850973008 0.09930764138709999 
0.10191498883045 0.10376654192795 0.1033885665238 0.10020568035555 0.0972044281663 0.09611968696125 0.09744516946375001 0.1006332580001 0.10385762155055 0.10440682992360001 0 0 0 0 0 
