0.03292105253785 0.0350099336356 0.037841686978950004 0.04040901735425 0.041855754330799994 0.04225502721965 0.0417810138315 0.0406802650541 0.039201630279400004 0.03757215105 0.0360728325322 0.035216191783550004 0.03513905219735 0.03575506899505 0.0367276063189 
0.0372819295153 0.03733821865175 0.03675597067925 0.035643339157099996 0.034245850518349996 0.02915796544405 0.02578069735315 0.024060485884550002 0.023729711771050002 0.02452176529915 0.02612595912065 0.0279937274754 0.02951690834015 0.030118546448650002 0.0331771671772 
0.0349200647324 0.036763159558200004 0.03940380737185 0.043665386736349995 0.05118180811405 0.07232683151960001 0.11116619408155 0.167744107544 0.216136701405 0.2268889471885 0.20192410796850002 0.16646213829505 0.13552259281285 0.1116211544721 0.09445829316995 
0.08372626360515001 0.07835611328465 0.0766964657233 0.0771354716271 0.07812924124305 0.07770527526715 0.07569539826375 0.072543974966 0.069464147091 0.06797713041315 0.06867997255194999 0.07291090395315 0.08247193414715 0.09846073202780001 0.12140123173595 
0.1498948298393 0.181625183672 0.21027800440799999 0.22713597863899998 0.2343171983955 0.23849441111050002 0.24289350211600003 0.24653824418800002 0.2501050531865 0.2507776841525 0.2413832843305 0.2137879878285 0.1745460554955 0.1336050368845 0.1033243909476 
0.0836055856197 0.0713661480693 0.06455984152855 0.06127797625955 0.05989352986215 0.0593166053295 0.0587533656508 0.0580029543489 0.05736640281975 0.057402760721750004 0.05863061733545 0.0614218618721 0.065886663273 0.0722893811762 0.07837193459265 
0.0811641663313 0.0834754854441 0.08692548796535 0.08970714733015 0.0914132781326 0.09308751672505 0.09518240764745 0.0968335717916 0.0977264903484 0.09757718443855 0.0964914411305 0.09486010298135 0.09341530874365 0.09258809685694999 0.0932032726707 
0.0959216021 0.10159501060865 0.11102144047625 0.1241127997638 0.137602776289 0.1464980989695 0.1506139710548 0.15118591859955 0.15055208280695 0.151269648224 0.15189070999600002 0.1486321873965 0.13874829187999999 0.12468584999425 0.11139040440295 
0.1027546003463 0.0993055962027 0.10013348795485 0.1024233326314 0.1047835350035 0.10667943209415 0.1081704832613 0.10901220142855 0.1071723215281 0.1023169383405 0.09747052378955 0.0945207439362 0.09442017413665 0.0980332680049 0.10495381429789999 
0.1120144501329 0.11434520035989999 0.10989151150005 0.1027455441655 0.0965973269193 0.09303834103059999 0.0917617138476 0.0918915998191 0.09289796464145 0.09491589106630001 0 0 0 0 0 
