M B1 B2
0.17893870174850002 [0.200944125652] [0.156933277845]
0.1750110387805 [0.207355707884] [0.142666369677]
0.178239636123 [0.219560474157] [0.136918798089]
0.1852822601795 [0.233685880899] [0.13687863946]
0.1930675581095 [0.246100351214] [0.140034765005]
0.2002708762885 [0.255935162306] [0.144606590271]
0.206604830921 [0.263829737902] [0.14937992394]
0.205724231899 [0.262068539858] [0.14937992394]
0.19722628593449998 [0.258430033922] [0.136022537947]
0.189065910876 [0.251804560423] [0.126327261329]
0.1813121289015 [0.24243234098] [0.120191916823]
0.174558907747 [0.232580885291] [0.116536930203]
0.1708098985255 [0.226207643747] [0.115412153304]
0.1730320379135 [0.227801546454] [0.118262529373]
0.18400400877 [0.240663990378] [0.127344027162]
0.2057550698515 [0.266883075237] [0.144627064466]
0.2391513511535 [0.305357187986] [0.172945514321]
0.283006191254 [0.349774628878] [0.21623775363]
0.2724868506195 [0.328735947609] [0.21623775363]
0.2598503232005 [0.303462892771] [0.21623775363]
0.2420582175255 [0.267878681421] [0.21623775363]
0.2290637865665 [0.241889819503] [0.21623775363]
0.232836917043 [0.249436080456] [0.21623775363]
0.2514970451595 [0.258868068457] [0.244126021862]
0.264890998602 [0.267798841] [0.261983156204]
0.26913300156599995 [0.276282846928] [0.261983156204]
0.2730762809515 [0.284169405699] [0.261983156204]
0.2763428539035 [0.290702551603] [0.261983156204]
0.278111517429 [0.294239878654] [0.261983156204]
0.27580206096149995 [0.289620965719] [0.261983156204]
0.27229867875549996 [0.282614201307] [0.261983156204]
0.27073264121999996 [0.279482126236] [0.261983156204]
0.2702527344225 [0.278522312641] [0.261983156204]
0.2725664526225 [0.283149749041] [0.261983156204]
0.278203308582 [0.29442346096] [0.261983156204]
0.3012645095585 [0.304204404354] [0.298324614763]
0.3036159873005 [0.308907359838] [0.298324614763]
0.3019036650655 [0.305482715368] [0.298324614763]
0.2966417223215 [0.29495882988] [0.298324614763]
0.28876504302 [0.279205471277] [0.298324614763]
0.27978208661049997 [0.261239558458] [0.298324614763]
0.2718746513125 [0.245424687862] [0.298324614763]
0.26527646929 [0.232228323817] [0.298324614763]
0.1416851356626 [0.22079898417] [0.0625712871552]
0.1370776146651 [0.211583942175] [0.0625712871552]
0.1337714120746 [0.204971536994] [0.0625712871552]
0.1336575150491 [0.204743742943] [0.0625712871552]
0.1328017562626 [0.20303222537] [0.0625712871552]
0.1311436519026 [0.19971601665] [0.0625712871552]
0.1294337436556 [0.196296200156] [0.0625712871552]
0.1281742528081 [0.193777218461] [0.0625712871552]
0.1290317103266 [0.195492133498] [0.0625712871552]
0.13229523599159998 [0.202019184828] [0.0625712871552]
0.1377517580986 [0.212932229042] [0.0625712871552]
0.1448561921716 [0.227141097188] [0.0625712871552]
0.15272796899059998 [0.242884650826] [0.0625712871552]
0.1609652787446 [0.259359270334] [0.0625712871552]
0.1696955561636 [0.276819825172] [0.0625712871552]
0.1785203218461 [0.294469356537] [0.0625712871552]
0.1861647814511 [0.309758275747] [0.0625712871552]
0.44893297553050004 [0.323380231857] [0.574485719204]
0.433606117964 [0.326050102711] [0.541162133217]
0.42659595608699996 [0.336078464985] [0.517113447189]
0.42464096844200006 [0.349029392004] [0.50025254488]
0.433606311679 [0.366960078478] [0.50025254488]
0.44462086260300004 [0.388989180326] [0.50025254488]
0.4503086805345 [0.400364816189] [0.50025254488]
0.44184499979 [0.3834374547] [0.50025254488]
0.4253360182045 [0.350419491529] [0.50025254488]
0.41037657856950005 [0.320500612259] [0.50025254488]
0.400819659233 [0.301386773586] [0.50025254488]
0.3953796327115 [0.290506720543] [0.50025254488]
0.37818026542649996 [0.28369897604] [0.472661554813]
0.3606991022825 [0.277892798185] [0.44350540638]
0.3483171015975 [0.274291336536] [0.422342866659]
0.36597615480449996 [0.275458097458] [0.456494212151]
0.3913970291615 [0.281858384609] [0.500935673714]
0.418756902218 [0.291452288628] [0.546061515808]
0.4535393714905 [0.302818953991] [0.60425978899]
0.4498820751905 [0.313611596823] [0.586152553558]
0.4551790356635 [0.324205517769] [0.586152553558]
0.4610082805155 [0.335864007473] [0.586152553558]
0.4668135941025 [0.347474634647] [0.586152553558]
0.4679153263565 [0.349678099155] [0.586152553558]
0.460447862744 [0.33474317193] [0.586152553558]
0.45063282549350003 [0.315113097429] [0.586152553558]
0.4423485696315 [0.298544585705] [0.586152553558]
0.437537357211 [0.288922160864] [0.586152553558]
0.436463743448 [0.286774933338] [0.586152553558]
0.43678602576250003 [0.287419497967] [0.586152553558]
0.428168296814 [0.285900056362] [0.570436537266]
0.42553116381199996 [0.280625790358] [0.570436537266]
0.421635642648 [0.27283474803] [0.570436537266]
0.417798534036 [0.265160530806] [0.570436537266]
0.4150133877995 [0.259590238333] [0.570436537266]
0.380152493715 [0.257333934307] [0.502971053123]
0.3882561028 [0.259073913097] [0.517438292503]
0.3914798051115 [0.26552131772] [0.517438292503]
0.39725114405149997 [0.2770639956] [0.517438292503]
0.40356296300850003 [0.289687633514] [0.517438292503]
0.407892718911 [0.298347145319] [0.517438292503]
0.4020805358885 [0.286722779274] [0.517438292503]
0.3904582113025 [0.263478130102] [0.517438292503]
0.379069380462 [0.240700468421] [0.517438292503]
0.3719086796045 [0.226379066706] [0.517438292503]
0.3682927936315 [0.21914729476] [0.517438292503]
0.3672306239605 [0.217022955418] [0.517438292503]
0.3763880729675 [0.216488003731] [0.536288142204]
0.376298010349 [0.216307878494] [0.536288142204]
0.3761879652735 [0.216087788343] [0.536288142204]
0.3761000856755 [0.215912029147] [0.536288142204]
0.3761036098 [0.215919077396] [0.536288142204]
0.2902782186865 [0.216410383582] [0.364146053791]
0.27128151804199996 [0.21818856895] [0.324374467134]
0.256630457938 [0.223870381713] [0.289390534163]
0.2553029954435 [0.236885607243] [0.273720383644]
0.2629611790185 [0.261322587729] [0.264599770308]
0.2814526706935 [0.298305571079] [0.264599770308]
0.30067156255250005 [0.336743354797] [0.264599770308]
0.3085356503725 [0.352471530437] [0.264599770308]
0.30020850896850004 [0.335817247629] [0.264599770308]
0.2870911657815 [0.309582561255] [0.264599770308]
0.2764533609155 [0.288306951523] [0.264599770308]
0.2698428034785 [0.275085836649] [0.264599770308]
0.261210650206 [0.268434941769] [0.253986358643]
0.2561824023725 [0.265781760216] [0.246583044529]
0.2530116811395 [0.26587703824] [0.240146324039]
0.25222381949399997 [0.26836463809] [0.236083000898]
0.261700823903 [0.266834318638] [0.256567329168]
0.2643322199585 [0.2618740201] [0.266790419817]
0.263148933649 [0.259195566177] [0.267102301121]
0.263312354684 [0.259597152472] [0.267027556896]
