M B1 B2
0.3765767887235 [0.213390305638] [0.539763271809]
0.37294096499699997 [0.206118658185] [0.539763271809]
0.3695316538215 [0.199300035834] [0.539763271809]
0.3627390041945 [0.193464055657] [0.532013952732]
0.36050797253850003 [0.189001992345] [0.532013952732]
0.3571812063455 [0.182348459959] [0.532013952732]
0.3564042523505 [0.180794551969] [0.532013952732]
0.355796009302 [0.179578065872] [0.532013952732]
0.35496994853 [0.177925944328] [0.532013952732]
0.353640086949 [0.175266221166] [0.532013952732]
0.3522641807795 [0.172514408827] [0.532013952732]
0.3517867326735 [0.171559512615] [0.532013952732]
0.3517867326735 [0.171559512615] [0.532013952732]
0.3517867326735 [0.171559512615] [0.532013952732]
0.3517867326735 [0.171559512615] [0.532013952732]
0.3517867326735 [0.171559512615] [0.532013952732]
0.3517867326735 [0.171559512615] [0.532013952732]
0.3517867326735 [0.171559512615] [0.532013952732]
0.3517867326735 [0.171559512615] [0.532013952732]
0.3517867326735 [0.171559512615] [0.532013952732]
0.3517867326735 [0.171559512615] [0.532013952732]
0.271196782589 [0.171559512615] [0.370834052563]
0.3450706750155 [0.347679316998] [0.342462033033]
0.31084915995600004 [0.335804730654] [0.285893589258]
0.2710618749265 [0.318529158831] [0.223594591022]
0.2710618749265 [0.318529158831] [0.223594591022]
0.2710618749265 [0.318529158831] [0.223594591022]
0.2710618749265 [0.318529158831] [0.223594591022]
0.2710618749265 [0.318529158831] [0.223594591022]
0.2710618749265 [0.318529158831] [0.223594591022]
0.2710618749265 [0.318529158831] [0.223594591022]
0.262788958848 [0.301983326674] [0.223594591022]
0.2653073444965 [0.307020097971] [0.223594591022]
0.266386695206 [0.307020097971] [0.225753292441]
0.2675605118275 [0.312503516674] [0.222617506981]
0.2650352716445 [0.319309771061] [0.210760772228]
0.269863948226 [0.328967124224] [0.210760772228]
0.27771070599549996 [0.344660639763] [0.210760772228]
0.2905493229625 [0.370337873697] [0.210760772228]
0.3106579780575 [0.410555183887] [0.210760772228]
0.31384146213499997 [0.416922152042] [0.210760772228]
0.313685014844 [0.41660925746] [0.210760772228]
0.290835633874 [0.410575956106] [0.171095311642]
0.28618210554150003 [0.401268899441] [0.171095311642]
0.28100095689300003 [0.390906602144] [0.171095311642]
0.2759390473365 [0.380782783031] [0.171095311642]
0.27692236006300003 [0.382749408484] [0.171095311642]
0.271541655064 [0.371987998486] [0.171095311642]
0.2674230188135 [0.363750725985] [0.171095311642]
0.264267027378 [0.357438743114] [0.171095311642]
0.2634193450215 [0.355743378401] [0.171095311642]
0.2640025764705 [0.356909841299] [0.171095311642]
0.265016898513 [0.358938485384] [0.171095311642]
0.265518575907 [0.359941840172] [0.171095311642]
0.2650125920775 [0.358929872513] [0.171095311642]
0.263632655144 [0.356169998646] [0.171095311642]
0.2620397359135 [0.352984160185] [0.171095311642]
0.2608496546745 [0.350603997707] [0.171095311642]
0.31127421557900004 [0.350394695997] [0.272153735161]
0.3045844733715 [0.35336831212] [0.255800634623]
0.3083248138425 [0.359329283237] [0.257320344448]
0.320945441723 [0.370238393545] [0.271652489901]
0.3408065885305 [0.39061498642] [0.290998190641]
0.354809090495 [0.418619990349] [0.290998190641]
0.36600202322 [0.441005855799] [0.290998190641]
0.37159746885300005 [0.452196747065] [0.290998190641]
0.36830809712400003 [0.445618003607] [0.290998190641]
0.3614039719105 [0.43180975318] [0.290998190641]
0.35281220078450004 [0.414626210928] [0.290998190641]
0.3446140140295 [0.398229837418] [0.290998190641]
0.33436858654 [0.386688560247] [0.282048612833]
0.330494940281 [0.382995814085] [0.277994066477]
0.336626470089 [0.387496292591] [0.285756647587]
0.3547581136225 [0.396367818117] [0.313148409128]
0.3449365496635 [0.376724690199] [0.313148409128]
0.3454381376505 [0.377727866173] [0.313148409128]
0.3509139567615 [0.388679504395] [0.313148409128]
0.359583169222 [0.406017929316] [0.313148409128]
0.331915952265 [0.424780488014] [0.239051416516]
0.342802748084 [0.443623363972] [0.241982132196]
0.33804239332700003 [0.434670239687] [0.241414546967]
0.3321456685665 [0.416272759438] [0.248018577695]
0.32781308889399996 [0.40035250783] [0.255273669958]
0.324664980173 [0.394056290388] [0.255273669958]
0.325248286128 [0.395222902298] [0.255273669958]
0.327880978584 [0.40048828721] [0.255273669958]
0.330231487751 [0.405189305544] [0.255273669958]
0.33079482615 [0.406315982342] [0.255273669958]
0.3302987664935 [0.405323863029] [0.255273669958]
0.3333451151845 [0.411416560411] [0.255273669958]
0.33892622590050003 [0.411281555891] [0.26657089591]
0.3398624658585 [0.406074792147] [0.27365013957]
0.33632980287049996 [0.397821128368] [0.274838477373]
0.332055866718 [0.390167623758] [0.273944109678]
0.330437555909 [0.38693100214] [0.273944109678]
0.332744643092 [0.391545176506] [0.273944109678]
0.3391816467045 [0.404419183731] [0.273944109678]
0.3491869866845 [0.424429863691] [0.273944109678]
0.3596440851685 [0.445344060659] [0.273944109678]
0.3639570772645 [0.453970044851] [0.273944109678]
0.358841985464 [0.44373986125] [0.273944109678]
0.346880763769 [0.41981741786] [0.273944109678]
0.33338186144799997 [0.392819613218] [0.273944109678]
0.321679636836 [0.369415163994] [0.273944109678]
0.314188107848 [0.354432106018] [0.273944109678]
