M B1 B2
0.31378954648949997 [0.335055172443] [0.292523920536]
0.3126376867295 [0.323350548744] [0.301924824715]
0.316327571869 [0.317859232426] [0.314795911312]
0.326462492347 [0.323118656874] [0.32980632782]
0.34326788783100004 [0.339829951525] [0.346705824137]
0.3605225384235 [0.354599237442] [0.366445839405]
0.3668774813415 [0.344152033329] [0.389602929354]
0.363124102354 [0.30901697278] [0.417231231928]
0.36592002212999997 [0.279240936041] [0.452599108219]
0.379894345999 [0.267688393593] [0.492100298405]
0.398149982095 [0.268158346415] [0.528141617775]
0.40451724827300006 [0.265932053328] [0.543102443218]
0.404070973396 [0.261753737926] [0.546388208866]
0.401740387082 [0.257588356733] [0.545892417431]
0.3992333710195 [0.255309164524] [0.543157577515]
0.40560878813300005 [0.268059998751] [0.543157577515]
0.41097286343600004 [0.278788149357] [0.543157577515]
0.41374967992300005 [0.284341782331] [0.543157577515]
0.4132912755015 [0.283424973488] [0.543157577515]
0.40969946980500005 [0.276241362095] [0.543157577515]
0.40399567782900003 [0.264833778143] [0.543157577515]
0.39781677722950004 [0.252475976944] [0.543157577515]
0.3934141099455 [0.243670642376] [0.543157577515]
0.39295838028200003 [0.242759183049] [0.543157577515]
0.420173212886 [0.297188848257] [0.543157577515]
0.4242203086615 [0.305283039808] [0.543157577515]
0.430065661669 [0.316973745823] [0.543157577515]
0.43555232882500006 [0.327947080135] [0.543157577515]
0.4394257068635 [0.335693836212] [0.543157577515]
0.4413639009 [0.339570224285] [0.543157577515]
0.436366096139 [0.329574614763] [0.543157577515]
0.43135996162900003 [0.319562345743] [0.543157577515]
0.45166645944100003 [0.313528984785] [0.589803934097]
0.469262108207 [0.316351860762] [0.622172355652]
0.48663951456550003 [0.330500870943] [0.642778158188]
0.5031853914265 [0.356896400452] [0.649474382401]
0.5197082310915 [0.396800786257] [0.642615675926]
0.5376259684560001 [0.447164595127] [0.628087341785]
0.5527712255714999 [0.494321256876] [0.611221194267]
0.5617608428005001 [0.528328239918] [0.595193445683]
0.5679026544095 [0.540611863136] [0.595193445683]
0.5646020770075 [0.534010708332] [0.595193445683]
0.55091008544 [0.506626725197] [0.595193445683]
0.524742662907 [0.454291880131] [0.595193445683]
0.500639528036 [0.394702494144] [0.606576561928]
0.482048198581 [0.34822806716] [0.615868330002]
0.469700291753 [0.320356875658] [0.619043707848]
0.4582838714125 [0.3070987463] [0.609468996525]
0.44139508903 [0.300150185823] [0.582639992237]
0.41692480444900004 [0.293596923351] [0.540252685547]
0.38845267891900004 [0.284677088261] [0.492228269577]
0.3829003721475 [0.273572474718] [0.492228269577]
0.37695679068550003 [0.261685311794] [0.492228269577]
0.37159566581250003 [0.250963062048] [0.492228269577]
0.3671655729415 [0.242102876306] [0.492228269577]
0.363406121731 [0.234583973885] [0.492228269577]
0.359354123473 [0.226479977369] [0.492228269577]
0.352932497859 [0.213636726141] [0.492228269577]
0.34196502715349997 [0.19170178473] [0.492228269577]
0.34235551953300003 [0.192482769489] [0.492228269577]
0.344801366329 [0.197374463081] [0.492228269577]
0.3484294489025 [0.204630628228] [0.492228269577]
0.35273142159 [0.213234573603] [0.492228269577]
0.3561995849015 [0.220170900226] [0.492228269577]
0.35709413141 [0.221959993243] [0.492228269577]
0.35613527893999997 [0.220042288303] [0.492228269577]
0.3358209058645 [0.232814267278] [0.438827544451]
0.370062582195 [0.246852710843] [0.493272453547]
0.3841821700335 [0.263846665621] [0.504517674446]
0.37791103124650005 [0.282886743546] [0.472935318947]
0.3823322355745 [0.300921946764] [0.463742524385]
0.392363727093 [0.318667918444] [0.466059535742]
0.409530684352 [0.345007181168] [0.474054187536]
0.509371355176 [0.535369813442] [0.48337289691]
0.5020991861824999 [0.51507806778] [0.489120304585]
0.495290338993 [0.500182449818] [0.490398228168]
0.4894105643035 [0.49156203866] [0.487259089947]
