M B1 B2
0.251937881112 [0.304753571749] [0.199122190475]
0.267480380833 [0.333427399397] [0.201533362269]
0.288656942546 [0.375780522823] [0.201533362269]
0.3046805039045 [0.40782764554] [0.201533362269]
0.316382281482 [0.431231200695] [0.201533362269]
0.321330346167 [0.441127330065] [0.201533362269]
0.32030082494 [0.439068287611] [0.201533362269]
0.316217534244 [0.430901706219] [0.201533362269]
0.29628299176649997 [0.388102650642] [0.204463332891]
0.283490605652 [0.366194337606] [0.200786873698]
0.2745426893235 [0.357842236757] [0.19124314189]
0.2700133174655 [0.358456343412] [0.181570291519]
0.2708113715055 [0.363371998072] [0.178250744939]
0.27370090037600003 [0.369151055813] [0.178250744939]
0.27585158497100004 [0.373452425003] [0.178250744939]
0.277418114245 [0.376585483551] [0.178250744939]
0.278896935284 [0.379543125629] [0.178250744939]
0.381612360477 [0.380826503038] [0.382398217916]
0.3597774505615 [0.398746103048] [0.320808798075]
0.336914628744 [0.398297667503] [0.275531589985]
0.323541358113 [0.394823938608] [0.252258777618]
0.317601829767 [0.391029626131] [0.244174033403]
0.3173574954275 [0.390383332968] [0.244331657887]
0.3310579136015 [0.416588664055] [0.245527163148]
0.33665622025749997 [0.427785277367] [0.245527163148]
0.3316232040525 [0.417719244957] [0.245527163148]
0.31896395236249997 [0.392400741577] [0.245527163148]
0.30429010838250004 [0.363053053617] [0.245527163148]
0.28941894322649997 [0.333310723305] [0.245527163148]
0.272181347013 [0.30791887641] [0.236443817616]
0.2559992820025 [0.288113951683] [0.223884612322]
0.2421933710575 [0.272937506437] [0.211449235678]
0.2330840677025 [0.261109441519] [0.205058693886]
0.23099672049300002 [0.253164321184] [0.208829119802]
0.23742574453350002 [0.250107526779] [0.224743962288]
0.23767796158799998 [0.250611960888] [0.224743962288]
0.23801870644099998 [0.251293450594] [0.224743962288]
0.2368110716345 [0.248878180981] [0.224743962288]
0.2335583120585 [0.242372661829] [0.224743962288]
0.3108490556475 [0.233649998903] [0.388048112392]
0.314388796687 [0.227376997471] [0.401400595903]
0.3219132423405 [0.229444265366] [0.414382219315]
0.3333340287205 [0.245187371969] [0.421480685472]
0.3390282690525 [0.274556070566] [0.403500467539]
0.356565669179 [0.309630870819] [0.403500467539]
0.368937969208 [0.334375470877] [0.403500467539]
0.372361049056 [0.341221630573] [0.403500467539]
0.36951760947699996 [0.335534751415] [0.403500467539]
0.3655590564015 [0.327617645264] [0.403500467539]
0.362285748124 [0.321071028709] [0.403500467539]
0.36017315089699997 [0.316845834255] [0.403500467539]
0.362956866622 [0.315523147583] [0.410390585661]
0.369019180536 [0.318884015083] [0.419154345989]
0.385177344084 [0.326253205538] [0.44410148263]
0.3993697315455 [0.333372741938] [0.465366721153]
0.4090303480625 [0.336675286293] [0.481385409832]
0.4131701886655 [0.335973054171] [0.49036732316]
0.41801992058750004 [0.332135379314] [0.503904461861]
0.45126946270449997 [0.327848404646] [0.574690520763]
0.4488742500545 [0.326916009188] [0.570832490921]
0.44586020708100005 [0.331168293953] [0.560552120209]
0.4429075717925 [0.342483103275] [0.54333204031]
0.44093915820150004 [0.359058916569] [0.522819399834]
0.44191393256199996 [0.379889428616] [0.503938436508]
0.4461605846885 [0.402786254883] [0.489534914494]
0.4480642825365 [0.41793975234] [0.478188812733]
0.4434391260145 [0.419961363077] [0.466916888952]
0.43846105039100003 [0.41000521183] [0.466916888952]
0.42762032151249996 [0.394910782576] [0.460329860449]
0.4177215993405 [0.382071316242] [0.453371882439]
0.40867570042650003 [0.371409595013] [0.44594180584]
0.40260538458850004 [0.368132144213] [0.437078624964]
0.39753493666649997 [0.371247380972] [0.423822492361]
0.392174720764 [0.377184957266] [0.407164484262]
0.38731123507 [0.384011119604] [0.390611350536]
0.384493216872 [0.390594810247] [0.378391623497]
0.3857624977825 [0.395395427942] [0.376129567623]
0.39053300023049997 [0.397550523281] [0.38351547718]
0.42320224642750004 [0.396783828735] [0.44962066412]
0.449484214187 [0.393812388182] [0.505156040192]
0.46843469142899996 [0.390607476234] [0.546261906624]
0.4963934123515 [0.388229250908] [0.604557573795]
0.48698420822599997 [0.388115137815] [0.585853278637]
0.4800760746 [0.391247689724] [0.568904459476]
0.476021960378 [0.398202747107] [0.553841173649]
0.47861844301199996 [0.411042034626] [0.546194851398]
0.49214346706900003 [0.435673207045] [0.548613727093]
0.513276949525 [0.470342308283] [0.556211590767]
0.5338135957715 [0.50512355566] [0.562503635883]
0.5463418662545001 [0.525695979595] [0.566987752914]
0.549092143774 [0.530317664146] [0.567866623402]
0.5457231104375 [0.526330649853] [0.565115571022]
0.539828598499 [0.520214319229] [0.559442877769]
0.5284479260445 [0.512292802334] [0.544603049755]
0.5175316631795 [0.505077958107] [0.529985368252]
0.508655592799 [0.499797493219] [0.517513692379]
0.5045734792945 [0.497468680143] [0.511678278446]
0.5006109923125 [0.497320741415] [0.50390124321]
0.49039439857 [0.496223390102] [0.484565407038]
0.45783038437400003 [0.485213249922] [0.430447518826]
0.40035234391700003 [0.455189615488] [0.345515072346]
0.34056802094 [0.410427093506] [0.270708948374]
0.292743757367 [0.363968402147] [0.221519112587]
0.2612485960125 [0.329131513834] [0.193365678191]
0.2432079315185 [0.309288531542] [0.177127331495]
