M B1 B2
0.4172869473695 [0.456347465515] [0.378226429224]
0.41936455667 [0.460502684116] [0.378226429224]
0.40761262178400004 [0.436998814344] [0.378226429224]
0.389433130622 [0.40063983202] [0.378226429224]
0.373171597719 [0.368116766214] [0.378226429224]
0.373171597719 [0.368116766214] [0.378226429224]
0.373171597719 [0.368116766214] [0.378226429224]
0.373171597719 [0.368116766214] [0.378226429224]
0.373171597719 [0.368116766214] [0.378226429224]
0.373171597719 [0.368116766214] [0.378226429224]
0.373171597719 [0.368116766214] [0.378226429224]
0.373171597719 [0.368116766214] [0.378226429224]
0.373171597719 [0.368116766214] [0.378226429224]
0.373171597719 [0.368116766214] [0.378226429224]
0.373171597719 [0.368116766214] [0.378226429224]
0.373171597719 [0.368116766214] [0.378226429224]
0.373171597719 [0.368116766214] [0.378226429224]
0.373171597719 [0.368116766214] [0.378226429224]
0.373171597719 [0.368116766214] [0.378226429224]
0.373171597719 [0.368116766214] [0.378226429224]
0.373171597719 [0.368116766214] [0.378226429224]
0.402327671647 [0.42642891407] [0.378226429224]
0.40765450894849997 [0.437082588673] [0.378226429224]
0.413985595107 [0.44974476099] [0.378226429224]
0.4186109900475 [0.458995550871] [0.378226429224]
0.42116995155799997 [0.464113473892] [0.378226429224]
0.42360647022700004 [0.46898651123] [0.378226429224]
0.4274035841225 [0.476580739021] [0.378226429224]
0.4320638030765 [0.485901176929] [0.378226429224]
0.435943648219 [0.493660867214] [0.378226429224]
0.437710106373 [0.497193783522] [0.378226429224]
0.4062430262565 [0.496284663677] [0.316201388836]
0.4049168229105 [0.492857575417] [0.316976070404]
0.4048087000845 [0.492641329765] [0.316976070404]
0.407147228718 [0.497318387032] [0.316976070404]
0.4107159674165 [0.504455864429] [0.316976070404]
0.4095308184625 [0.502085566521] [0.316976070404]
0.397225767374 [0.477475464344] [0.316976070404]
0.37470333278199996 [0.43243059516] [0.316976070404]
0.349454253912 [0.38193243742] [0.316976070404]
0.327990755439 [0.339005440474] [0.316976070404]
0.31143653392799997 [0.305896997452] [0.316976070404]
0.29839095473300004 [0.279805839062] [0.316976070404]
0.280871436 [0.258435726166] [0.303307145834]
0.272497422993 [0.241687700152] [0.303307145834]
0.266960501671 [0.230613857508] [0.303307145834]
0.264475032687 [0.22564291954] [0.303307145834]
0.2642781957985 [0.225249245763] [0.303307145834]
0.43158704787450003 [0.226986482739] [0.63618761301]
0.4368063509465 [0.229231417179] [0.644381284714]
0.4410506039855 [0.233894973993] [0.648206233978]
0.4474109485745 [0.244616165757] [0.650205731392]
0.4572951197625 [0.263743817806] [0.650846421719]
0.4680508822205 [0.291945368052] [0.644156396389]
0.486082032323 [0.328007668257] [0.644156396389]
0.5046252012255 [0.365094006062] [0.644156396389]
0.5173958688975 [0.390635341406] [0.644156396389]
0.5177385807035 [0.391320765018] [0.644156396389]
0.5074192732575 [0.370682150126] [0.644156396389]
0.49572461843500004 [0.347292840481] [0.644156396389]
0.4945089817045 [0.332101345062] [0.656916618347]
0.49447998404500004 [0.32633382082] [0.66262614727]
0.495023921132 [0.325752943754] [0.66429489851]
0.4941089600325 [0.325507849455] [0.66271007061]
0.4913218319415 [0.323083460331] [0.659560203552]
0.48918616771699996 [0.318812131882] [0.659560203552]
0.48635292053199997 [0.313145637512] [0.659560203552]
0.4831342101095 [0.306708216667] [0.659560203552]
0.480944007635 [0.302327811718] [0.659560203552]
0.4344817847015 [0.303287655115] [0.565675914288]
0.405544444919 [0.311873108149] [0.499215781689]
0.37685050070299997 [0.32909283042] [0.424608170986]
0.387692078948 [0.35077598691] [0.424608170986]
0.39777007699 [0.370931982994] [0.424608170986]
0.4009114056825 [0.377214640379] [0.424608170986]
0.396124303341 [0.367640435696] [0.424608170986]
0.3873499929905 [0.350091814995] [0.424608170986]
0.380471229553 [0.33633428812] [0.424608170986]
0.37687326967699997 [0.329138368368] [0.424608170986]
0.3768048286435 [0.329001486301] [0.424608170986]
0.3779329657555 [0.331257760525] [0.424608170986]
0.3561798632145 [0.33175137639] [0.380608350039]
0.3309416770935 [0.329020023346] [0.332863330841]
0.32831877470000004 [0.323774218559] [0.332863330841]
0.325155377388 [0.317447423935] [0.332863330841]
0.3218390494585 [0.310814768076] [0.332863330841]
0.3182808309795 [0.303698331118] [0.332863330841]
0.3511392772195 [0.29788506031] [0.404393494129]
0.35853807628150003 [0.297133743763] [0.4199424088]
0.373272612691 [0.306744486094] [0.439800739288]
0.39080731570750005 [0.328069597483] [0.453545033932]
0.40596324205400003 [0.358381450176] [0.453545033932]
0.423230364919 [0.392915695906] [0.453545033932]
0.4273039847615 [0.401062935591] [0.453545033932]
0.398139923811 [0.34273481369] [0.453545033932]
0.3639656156305 [0.274386197329] [0.453545033932]
0.3410977199675 [0.228650406003] [0.453545033932]
0.329343020916 [0.2051410079] [0.453545033932]
0.3240860402585 [0.194627046585] [0.453545033932]
0.3258010596035 [0.189862012863] [0.461740106344]
0.331305228174 [0.185484930873] [0.477125525475]
0.34022127836899996 [0.17955802381] [0.500884532928]
0.33676158636799997 [0.172638639808] [0.500884532928]
0.333444781601 [0.166005030274] [0.500884532928]
0.33127634972299996 [0.161668166518] [0.500884532928]
0.33057156205149996 [0.160258591175] [0.500884532928]
0.41272637248050004 [0.16265887022] [0.662793874741]
0.416097059846 [0.168547123671] [0.663646996021]
0.4148782342675 [0.178607016802] [0.651149451733]
0.4112621098755 [0.194615513086] [0.627908706665]
0.409419335425 [0.219260826707] [0.599577844143]
0.414460271597 [0.255067944527] [0.573852598667]
0.4286084026095 [0.300872892141] [0.556343913078]
0.4480883330105 [0.347562223673] [0.548614442348]
0.46844471991049996 [0.385249942541] [0.55163949728]
0.486965149641 [0.414150595665] [0.559779703617]
0.49943515658400006 [0.440953552723] [0.557916760445]
0.5093932747845 [0.460869789124] [0.557916760445]
0.512685671449 [0.466097801924] [0.559273540974]
0.4991206526755 [0.44395840168] [0.554282903671]
0.4710891693835 [0.40109333396] [0.541085004807]
0.43724045157400004 [0.351587772369] [0.522893130779]
0.409278869629 [0.311351239681] [0.507206499577]
0.393490046263 [0.286684572697] [0.500295519829]
0.391555428505 [0.27558618784] [0.50752466917]
0.4026273936035 [0.275536030531] [0.529718756676]
0.423597857356 [0.283606141806] [0.563589572906]
0.4487958699465 [0.296755820513] [0.60083591938]
0.45605657994750004 [0.311277240515] [0.60083591938]
0.4622439295055 [0.323651939631] [0.60083591938]
0.466331258416 [0.331826597452] [0.60083591938]
0.4684770703315 [0.336118221283] [0.60083591938]
