M B1 B2
0.384725704789 [0.216211944818] [0.55323946476]
0.3758343160155 [0.229873597622] [0.521795034409]
0.375391989946 [0.250288188457] [0.500495791435]
0.3851811289785 [0.279705375433] [0.490656882524]
0.405508607626 [0.321966022253] [0.489051192999]
0.430646330118 [0.377143681049] [0.484148979187]
0.4565463364125 [0.428943693638] [0.484148979187]
0.458510711789 [0.432872444391] [0.484148979187]
0.43631352484249997 [0.388478070498] [0.484148979187]
0.4092740118505 [0.334399044514] [0.484148979187]
0.3920631557705 [0.299977332354] [0.484148979187]
0.38845720887199997 [0.300236672163] [0.476677745581]
0.3849788308145 [0.301361858845] [0.468595802784]
0.38045080006099996 [0.301343053579] [0.459558546543]
0.3759444803 [0.299042105675] [0.452846854925]
0.37357933819300004 [0.294514596462] [0.452644079924]
0.374516248703 [0.288325339556] [0.46070715785]
0.37096455693249997 [0.281221956015] [0.46070715785]
0.3670771867035 [0.273447215557] [0.46070715785]
0.3628680109975 [0.265028864145] [0.46070715785]
0.35823827981949996 [0.255769401789] [0.46070715785]
0.35323866456749997 [0.245770171285] [0.46070715785]
0.35323866456749997 [0.245770171285] [0.46070715785]
0.35323866456749997 [0.245770171285] [0.46070715785]
0.35323866456749997 [0.245770171285] [0.46070715785]
0.35323866456749997 [0.245770171285] [0.46070715785]
0.35323866456749997 [0.245770171285] [0.46070715785]
0.35323866456749997 [0.245770171285] [0.46070715785]
0.35323866456749997 [0.245770171285] [0.46070715785]
0.35323866456749997 [0.245770171285] [0.46070715785]
0.35323866456749997 [0.245770171285] [0.46070715785]
0.35323866456749997 [0.245770171285] [0.46070715785]
0.35323866456749997 [0.245770171285] [0.46070715785]
0.47507339715950003 [0.489439636469] [0.46070715785]
0.48687298595899997 [0.513038814068] [0.46070715785]
0.4974849671125 [0.534262776375] [0.46070715785]
0.5060880631205 [0.551468968391] [0.46070715785]
0.511650428176 [0.562593698502] [0.46070715785]
0.5142040103675 [0.567700862885] [0.46070715785]
0.5139434188605 [0.567179679871] [0.46070715785]
0.51224078238 [0.56377440691] [0.46070715785]
0.508785918355 [0.55686467886] [0.46070715785]
0.504032000899 [0.547356843948] [0.46070715785]
0.49881304800500004 [0.53691893816] [0.46070715785]
0.4947409182785 [0.528774678707] [0.46070715785]
0.49498827755450003 [0.529269397259] [0.46070715785]
0.49704696238049995 [0.533386766911] [0.46070715785]
0.49808548390850005 [0.535463809967] [0.46070715785]
0.495994493365 [0.53128182888] [0.46070715785]
0.49075527489149995 [0.520803391933] [0.46070715785]
0.484175786376 [0.507644414902] [0.46070715785]
0.4771145433185 [0.493521928787] [0.46070715785]
0.4723026156425 [0.483898073435] [0.46070715785]
