M B1 B2
0.269645899534 [0.239394456148] [0.29989734292]
0.28761324286449996 [0.251030474901] [0.324196010828]
0.305664539337 [0.265045940876] [0.346283137798]
0.32529976964 [0.284621715546] [0.365977823734]
0.34841667115700004 [0.314159870148] [0.382673472166]
0.37740162015 [0.359025716782] [0.395777523518]
0.4065324515105 [0.411774903536] [0.401289999485]
0.42958441376699996 [0.457878828049] [0.401289999485]
0.435060456395 [0.468830913305] [0.401289999485]
0.416584864259 [0.431879729033] [0.401289999485]
0.3848793953655 [0.368468791246] [0.401289999485]
0.3560330718755 [0.310776144266] [0.401289999485]
0.34887763857849996 [0.271112710238] [0.426642566919]
0.3479700163005 [0.248556241393] [0.447383791208]
0.3516813963655 [0.237828910351] [0.46553388238]
0.3587360680105 [0.235029220581] [0.48244291544]
0.3678623884915 [0.235896676779] [0.499828100204]
0.378412500024 [0.237573951483] [0.519251048565]
0.3789419159295 [0.238632783294] [0.519251048565]
0.3788627758625 [0.23847450316] [0.519251048565]
0.377906732261 [0.236562415957] [0.519251048565]
0.3763815760615 [0.233512103558] [0.519251048565]
0.421696983278 [0.231072112918] [0.612321853638]
0.4247807562355 [0.232487201691] [0.61707431078]
0.4303247705105 [0.241239205003] [0.619410336018]
0.43864147365100004 [0.260757356882] [0.61652559042]
0.448942124844 [0.292533218861] [0.605351030827]
0.4608078598975 [0.336008608341] [0.585607111454]
0.47131395340000004 [0.385320603848] [0.557307302952]
0.491543918848 [0.425780534744] [0.557307302952]
0.49649365246300003 [0.435680001974] [0.557307302952]
0.479492753744 [0.401678204536] [0.557307302952]
0.44714498519900003 [0.336982667446] [0.557307302952]
0.417634010315 [0.277960717678] [0.557307302952]
0.3997145220635 [0.242468819022] [0.556960225105]
0.38726662099349995 [0.223500877619] [0.551032364368]
0.37744947522899996 [0.215906247497] [0.538992702961]
0.368908263743 [0.216947093606] [0.52086943388]
0.35345400124799997 [0.210364982486] [0.49654302001]
0.334515377879 [0.202800750732] [0.466230005026]
0.330540724099 [0.194851443172] [0.466230005026]
0.330405138433 [0.19458027184] [0.466230005026]
0.3274127170445 [0.188595429063] [0.466230005026]
0.3225991502405 [0.178968295455] [0.466230005026]
0.31795535981649997 [0.169680714607] [0.466230005026]
0.314938761294 [0.163647517562] [0.466230005026]
0.314508602023 [0.16278719902] [0.466230005026]
0.31674657762049996 [0.167263150215] [0.466230005026]
0.321614906192 [0.176999807358] [0.466230005026]
0.329205274582 [0.192180544138] [0.466230005026]
0.3377472236755 [0.209264442325] [0.466230005026]
0.342053666711 [0.217877328396] [0.466230005026]
0.33999093622 [0.213751867414] [0.466230005026]
0.3360726609825 [0.216584011912] [0.455561310053]
0.286891080439 [0.21745981276] [0.356322348118]
0.253378085792 [0.216915145516] [0.289841026068]
0.231679432094 [0.210457518697] [0.252901345491]
0.22125409543500002 [0.211757287383] [0.230750903487]
0.2275504395365 [0.224349975586] [0.230750903487]
0.2403121516105 [0.249873399734] [0.230750903487]
0.2540309801695 [0.277311056852] [0.230750903487]
0.263645015657 [0.296539127827] [0.230750903487]
0.265892975032 [0.301035046577] [0.230750903487]
0.26247989386299997 [0.294208884239] [0.230750903487]
0.2579613551495 [0.285171806812] [0.230750903487]
0.246840901673 [0.277969300747] [0.215712502599]
0.23634086549299999 [0.273255079985] [0.199426651001]
0.2269545197485 [0.27120411396] [0.182704925537]
0.221095867455 [0.27334690094] [0.16884483397]
0.2253734096885 [0.281901985407] [0.16884483397]
0.23328589648 [0.29772695899] [0.16884483397]
0.2449947819115 [0.321144729853] [0.16884483397]
0.258786417544 [0.348728001118] [0.16884483397]
0.31292784214 [0.373010277748] [0.252845406532]
0.32755501568300005 [0.392032980919] [0.263077050447]
0.338862091303 [0.408158093691] [0.269566088915]
0.350225508213 [0.424586713314] [0.275864303112]
0.362983509898 [0.442557990551] [0.283409029245]
0.379343703389 [0.466232419014] [0.292454987764]
0.398190483451 [0.493973761797] [0.302407205105]
0.41204653680299996 [0.514743030071] [0.309350043535]
0.41955856978899997 [0.529767096043] [0.309350043535]
0.416043177247 [0.522736310959] [0.309350043535]
0.397182419896 [0.485014796257] [0.309350043535]
0.3674581199885 [0.425566196442] [0.309350043535]
0.3654361218215 [0.371860980988] [0.359011262655]
0.3633840978145 [0.330509901047] [0.396258294582]
0.3535615354775 [0.300324857235] [0.40679821372]
0.3449937403205 [0.280488878489] [0.409498602152]
0.34053443372250003 [0.267021805048] [0.414047062397]
0.34015586972199996 [0.256574273109] [0.423737466335]
0.34257260710000004 [0.247909620404] [0.437235593796]
0.3390801772475 [0.240924760699] [0.437235593796]
0.33609273284700003 [0.234949871898] [0.437235593796]
0.333219662309 [0.229203730822] [0.437235593796]
0.33031893521550004 [0.223402276635] [0.437235593796]
0.37143242359149997 [0.218520462513] [0.52434438467]
0.3656144440175 [0.216178297997] [0.515050590038]
0.3660270050165 [0.219202890992] [0.512851119041]
0.373818412423 [0.23120573163] [0.516431093216]
0.3859533667565 [0.259270429611] [0.512636303902]
0.4106921702625 [0.308748036623] [0.512636303902]
0.4367976635695 [0.360959023237] [0.512636303902]
0.445953473449 [0.379270642996] [0.512636303902]
0.43874619901199996 [0.364856094122] [0.512636303902]
0.42841894924650004 [0.344201594591] [0.512636303902]
0.429735392332 [0.346834480762] [0.512636303902]
0.4253692775965 [0.338102251291] [0.512636303902]
0.4214685857295 [0.338064610958] [0.504872560501]
0.420164510608 [0.342322736979] [0.498006284237]
0.4221115112305 [0.347070783377] [0.497152239084]
0.427573442459 [0.350303292274] [0.504843592644]
0.41487267613449996 [0.351995825768] [0.477749526501]
0.4121429920195 [0.352701872587] [0.471584111452]
0.40525983274 [0.352196842432] [0.458322823048]
0.40208849310850003 [0.34987321496] [0.454303771257]
0.3949161469935 [0.345997184515] [0.443835109472]
