0.3647726327185 [0.402990996838] [0.326554268599]
0.36542503535750004 [0.404295802116] [0.326554268599]
0.459548428655 [0.400863796473] [0.518233060837]
0.452091515064 [0.397434592247] [0.506748437881]
0.4447459727525 [0.39033973217] [0.499152213335]
0.4316780120135 [0.378387004137] [0.48496901989]
0.403555959463 [0.362913161516] [0.44419875741]
0.3621466606855 [0.348286837339] [0.376006484032]
0.3596559762955 [0.343305468559] [0.376006484032]
0.360179796815 [0.344353109598] [0.376006484032]
0.3623659908775 [0.348725497723] [0.376006484032]
0.3630524724725 [0.350098460913] [0.376006484032]
0.361083030701 [0.34615957737] [0.376006484032]
0.357555612922 [0.339104741812] [0.376006484032]
0.344429731369 [0.332497239113] [0.356362223625]
0.332371741533 [0.326883167028] [0.337860316038]
0.3229243308305 [0.323297321796] [0.322551339865]
0.3153390586375 [0.32273504138] [0.307943075895]
0.3063773959875 [0.324279129505] [0.28847566247]
0.3063773959875 [0.324279129505] [0.28847566247]
0.3063773959875 [0.324279129505] [0.28847566247]
0.3063773959875 [0.324279129505] [0.28847566247]
0.3063773959875 [0.324279129505] [0.28847566247]
0.31003914773450003 [0.331602632999] [0.28847566247]
0.18571192398685 [0.3162573874] [0.0551664605737]
0.1741611063482 [0.29543453455] [0.0528876781464]
0.16539818048475002 [0.278670489788] [0.0521258711815]
0.1610052976758 [0.268399000168] [0.0536115951836]
0.15824955143029998 [0.262887507677] [0.0536115951836]
0.15824955143029998 [0.262887507677] [0.0536115951836]
0.1526375804098 [0.251663565636] [0.0536115951836]
0.1526375804098 [0.251663565636] [0.0536115951836]
0.1429994869978 [0.232387378812] [0.0536115951836]
0.1383785326033 [0.223145470023] [0.0536115951836]
0.1374781820923 [0.221344769001] [0.0536115951836]
0.13649437017729998 [0.219377145171] [0.0536115951836]
0.13605908863265 [0.218706145883] [0.0534120313823]
0.13531082123515 [0.2173602283] [0.0532614141703]
0.13414665870385 [0.215390980244] [0.0529023371637]
0.13355100713685 [0.21419967711] [0.0529023371637]
0.13390603475285 [0.214909732342] [0.0529023371637]
0.13548478297885 [0.218067228794] [0.0529023371637]
0.13816571049385 [0.223429083824] [0.0529023371637]
0.214763984084 [0.232147797942] [0.197380170226]
0.22772416472399998 [0.239922404289] [0.215525925159]
0.2312645241615 [0.247003123164] [0.215525925159]
0.2312645241615 [0.247003123164] [0.215525925159]
0.240469679236 [0.265413433313] [0.215525925159]
0.25053101778 [0.285536110401] [0.215525925159]
0.25814813375449996 [0.30077034235] [0.215525925159]
0.2610671818255 [0.306608438492] [0.215525925159]
0.258881241083 [0.302236557007] [0.215525925159]
0.25525790452950003 [0.2949898839] [0.215525925159]
0.2538301497695 [0.29213437438] [0.215525925159]
0.257776275277 [0.300026625395] [0.215525925159]
0.2836842536925 [0.334197938442] [0.233170568943]
0.3426382392645 [0.38677033782] [0.298506140709]
0.4030109643935 [0.430050969124] [0.375970959663]
0.4506191462275 [0.446204870939] [0.455033421516]
0.538641959429 [0.459651350975] [0.617632567883]
0.532200068235 [0.474983334541] [0.589416801929]
0.5262785255905 [0.489911139011] [0.56264591217]
0.520737439394 [0.499471783638] [0.54200309515]
0.5163360536099999 [0.504552960396] [0.528119146824]
0.513123393059 [0.505808889866] [0.520437896252]
0.5107126235965 [0.504350960255] [0.517074286938]
0.5086575746535 [0.503226935863] [0.514088213444]
0.5062014460565001 [0.50194221735] [0.510460674763]
0.5029173195365 [0.499910593033] [0.50592404604]
0.4978194087745 [0.495797306299] [0.49984151125]
0.49426394701 [0.497182250023] [0.491345643997]
0.4742821007965 [0.4824847579] [0.466079443693]
0.4382685273885 [0.446748316288] [0.429788738489]
0.40158806741249997 [0.410151451826] [0.393024682999]
0.373590782285 [0.380426347256] [0.366755217314]
0.354929178953 [0.358218669891] [0.351639688015]
0.3444322794675 [0.342081159353] [0.346783399582]
