0.307818226516 [0.378975689411] [0.236660763621]
0.30132522434 [0.372532427311] [0.230118021369]
0.29130091518150003 [0.359578937292] [0.223022893071]
0.2805774211885 [0.344046473503] [0.217108368874]
0.273497261107 [0.329639613628] [0.217354908586]
0.270811021328 [0.316968262196] [0.22465378046]
0.2750371322035 [0.30810290575] [0.241971358657]
0.28452271223049996 [0.303117215633] [0.265928208828]
0.29492953419650003 [0.300075381994] [0.289783686399]
0.304919734597 [0.297353029251] [0.312486439943]
0.289855822921 [0.293636232615] [0.286075413227]
0.281796246767 [0.288532912731] [0.275059580803]
0.2728013545275 [0.280378609896] [0.265224099159]
0.2607328146695 [0.270247668028] [0.251217961311]
0.2517609894275 [0.259094327688] [0.244427651167]
0.24687548726800002 [0.249323323369] [0.244427651167]
0.2428489252925 [0.241270199418] [0.244427651167]
0.239813692868 [0.235199734569] [0.244427651167]
0.235992513597 [0.227557376027] [0.244427651167]
0.2347314804795 [0.225035309792] [0.244427651167]
0.2357006520035 [0.22697365284] [0.244427651167]
0.2382576167585 [0.23208758235] [0.244427651167]
0.2422753423455 [0.240123033524] [0.244427651167]
0.24770839512349999 [0.25098913908] [0.244427651167]
0.25456309318549997 [0.264698535204] [0.244427651167]
0.263922728598 [0.279966145754] [0.247879311442]
0.271541498601 [0.29520368576] [0.247879311442]
0.27873019129 [0.309581071138] [0.247879311442]
0.285552151501 [0.32322499156] [0.247879311442]
0.292107693851 [0.33633607626] [0.247879311442]
0.298127494752 [0.348375678062] [0.247879311442]
0.302788071334 [0.357696831226] [0.247879311442]
0.306200824678 [0.364522337914] [0.247879311442]
0.31926023960100003 [0.37083029747] [0.267690181732]
0.3163562715055 [0.381321936846] [0.251390606165]
0.324407316744 [0.401882767677] [0.246931865811]
0.338525854051 [0.42878100276] [0.248270705342]
0.3483325317505 [0.449476182461] [0.24718888104]
0.348557859659 [0.459278076887] [0.237837642431]
0.343326494098 [0.465462237597] [0.221190750599]
0.329638078809 [0.45906868577] [0.200207471848]
0.32165658474 [0.443105697632] [0.200207471848]
0.3142770528795 [0.428346633911] [0.200207471848]
0.308941140771 [0.417674809694] [0.200207471848]
0.3045758605005 [0.408944249153] [0.200207471848]
0.2927194461225 [0.400090306997] [0.185348585248]
0.2829514220355 [0.392585813999] [0.173317030072]
0.277853034437 [0.389242142439] [0.166463926435]
0.27938641607750003 [0.393232166767] [0.165540665388]
0.2834054529665 [0.400838911533] [0.1659719944]
0.279111601412 [0.400838911533] [0.157384291291]
0.2760429531335 [0.400838911533] [0.151246994734]
0.2755138278005 [0.400838911533] [0.150188744068]
0.2825677543875 [0.400838911533] [0.164296597242]
0.395628079772 [0.580700039864] [0.21055611968]
0.4727250486615 [0.581434607506] [0.364015489817]
0.4534969776865 [0.57237380743] [0.334620147943]
0.424700751901 [0.553490698338] [0.295910805464]
0.3952387571335 [0.529160022736] [0.261317491531]
0.38428851962050004 [0.50725954771] [0.261317491531]
0.375339537859 [0.489361584187] [0.261317491531]
0.3678380697965 [0.474358648062] [0.261317491531]
0.3598164767025 [0.458315461874] [0.261317491531]
0.35055050253849995 [0.439783513546] [0.261317491531]
0.34080581366999996 [0.420294135809] [0.261317491531]
0.331998988986 [0.402680486441] [0.261317491531]
0.318099528551 [0.378011137247] [0.258187919855]
0.302825525403 [0.354874938726] [0.25077611208]
0.2870152816175 [0.336107224226] [0.237923339009]
0.2702143713835 [0.321921139956] [0.218507602811]
0.265479974449 [0.312452346087] [0.218507602811]
0.26441922038800003 [0.310330837965] [0.218507602811]
0.26798214763399997 [0.317456692457] [0.218507602811]
0.275147996843 [0.331788390875] [0.218507602811]
0.4020892083645 [0.349906533957] [0.454271882772]
0.40740826725949997 [0.366383194923] [0.448433339596]
0.41424101591100004 [0.380044579506] [0.448437452316]
0.424847394228 [0.39486849308] [0.454826295376]
0.440089762211 [0.413214534521] [0.466964989901]
0.4587937891485 [0.435927510262] [0.481660068035]
0.4748797118665 [0.462611705065] [0.487147718668]
0.48788785934449996 [0.488628000021] [0.487147718668]
0.4947802573445 [0.502412796021] [0.487147718668]
0.4834828674795 [0.479818016291] [0.487147718668]
0.45794016122799996 [0.428732603788] [0.487147718668]
0.434421107173 [0.381694495678] [0.487147718668]
0.4231305122375 [0.351534605026] [0.494726419449]
0.41513429582100003 [0.330974191427] [0.499294400215]
0.411995947361 [0.316821098328] [0.507170796394]
0.41538643836949996 [0.307085216045] [0.523687660694]
0.423070833087 [0.300441533327] [0.545700132847]
0.432809770107 [0.296283006668] [0.569336533546]
0.4318842589855 [0.294431984425] [0.569336533546]
0.432020947337 [0.294705361128] [0.569336533546]
0.433271899819 [0.297207266092] [0.569336533546]
0.43560616671999997 [0.301875799894] [0.569336533546]
0.33147262036799996 [0.307917207479] [0.355028033257]
0.3398091346025 [0.315855175257] [0.363763093948]
0.3510261178015 [0.327646434307] [0.374405801296]
0.36470082402250004 [0.346251577139] [0.383150070906]
0.380952641368 [0.377504825592] [0.384400457144]
0.4083821475505 [0.432363837957] [0.384400457144]
0.44309709966199995 [0.50179374218] [0.384400457144]
0.46265436708950003 [0.540908277035] [0.384400457144]
0.45140801370149997 [0.518415570259] [0.384400457144]
0.430448547006 [0.476496636868] [0.384400457144]
0.4135340303185 [0.442667603493] [0.384400457144]
0.402526050806 [0.420651644468] [0.384400457144]
