0.025797053007394998 [0.047757320106] [0.00383678590879]
0.027555233566095 [0.0512736812234] [0.00383678590879]
0.029464944032944997 [0.0550931021571] [0.00383678590879]
0.031362262321645 [0.0588877387345] [0.00383678590879]
0.032603247789645 [0.0613697096705] [0.00383678590879]
0.033352288184694996 [0.0628677904606] [0.00383678590879]
0.033654588041845 [0.0634723901749] [0.00383678590879]
0.033655813662345 [0.0634748414159] [0.00383678590879]
0.033504905877645 [0.0631730258465] [0.00383678590879]
0.04085377883165 [0.0629273802042] [0.0187801774591]
0.0424042949453 [0.0624534599483] [0.0223551299423]
0.04271604679525 [0.0601304844022] [0.0253016091883]
0.0412305397913 [0.0563479177654] [0.0261131618172]
0.0384115176275 [0.0520945563912] [0.0247284788638]
0.0353973293677 [0.0480559021235] [0.0227387566119]
0.03221622295675 [0.043677393347] [0.0207550525665]
0.02970234211535 [0.0401016660035] [0.0193030182272]
0.02820874657485 [0.037712674588] [0.0187048185617]
0.02747849188745 [0.0361107215285] [0.0188462622464]
0.0273731118068 [0.0352480225265] [0.0194982010871]
0.02771453466265 [0.0350746922195] [0.0203543771058]
0.0287135094404 [0.0352113507688] [0.022215668112]
0.02924415655435 [0.0356514118612] [0.0228369012475]
0.02936447784305 [0.0361390672624] [0.0225898884237]
0.02912063430995 [0.0362972915173] [0.0219439771026]
0.02846590895205 [0.036098446697] [0.0208333712071]
0.02776983287185 [0.0356479473412] [0.0198917184025]
0.027655096724600002 [0.0356091484427] [0.0197010450065]
0.02863276563585 [0.0367605052888] [0.0205050259829]
0.03084971755745 [0.0400953628123] [0.0216040723026]
0.0352850491181 [0.0474081225693] [0.0231619756669]
0.0408903453499 [0.0575055293739] [0.0242751613259]
0.0462533570826 [0.0679314807057] [0.0245752334595]
0.0512252198532 [0.0783536881208] [0.0240967515856]
0.05592132080345 [0.0886843651533] [0.0231582764536]
0.06334484927335 [0.104628808796] [0.0220608897507]
0.07544112112385 [0.129634216428] [0.0212480258197]
0.07685475982725001 [0.132898658514] [0.0208108611405]
0.0602557118982 [0.0999333485961] [0.0205780752003]
0.045814843848349995 [0.0713566467166] [0.0202730409801]
0.03823150787505 [0.0565328039229] [0.0199302118272]
0.0348924268037 [0.0506007820368] [0.0191840715706]
0.0335784824565 [0.0491480082273] [0.0180089566857]
0.03265843167905 [0.0488648861647] [0.0164519771934]
0.0318073458038 [0.0489199981093] [0.0146946934983]
0.0312348715961 [0.0492103621364] [0.0132593810558]
0.0310061504133 [0.0496509708464] [0.0123613299802]
0.030962212942550003 [0.0500462092459] [0.0118782166392]
0.0304575753398 [0.0493253730237] [0.0115897776559]
0.0292152087204 [0.0472161248326] [0.0112142926082]
0.0272839763202 [0.0438078455627] [0.0107601070777]
0.025709837209450002 [0.0410778783262] [0.0103417960927]
0.02520871395245 [0.0402318425477] [0.0101855853572]
0.0256698308513 [0.0409512855113] [0.0103883761913]
0.02688888739795 [0.0426554456353] [0.0111223291606]
0.02849695645275 [0.0446053184569] [0.0123885944486]
0.0306118386798 [0.0467089377344] [0.0145147396252]
0.033505825325849996 [0.0492734387517] [0.0177382119]
0.0361818447709 [0.0506257936358] [0.021737895906]
0.037624363787500004 [0.049659088254] [0.025589639321]
0.0380893871188 [0.0477205477655] [0.0284582264721]
0.03797804471105 [0.0453230701387] [0.0306330192834]
0.0382838472724 [0.0439868010581] [0.0325808934867]
0.039007363840900006 [0.0432996563613] [0.0347150713205]
0.04044297523795 [0.0434283316135] [0.0374576188624]
0.04265137761835 [0.0443049706519] [0.0409977845848]
0.045159060508050006 [0.0455148071051] [0.044803313911]
0.047061491757649995 [0.0463399589062] [0.0477830246091]
0.0476013440639 [0.0462057478726] [0.0489969402552]
0.046645253896700004 [0.045102648437] [0.0481878593564]
0.044820277020350005 [0.0437882617116] [0.0458522923291]
0.04265109449625 [0.0430045723915] [0.042297616601]
0.040270030498500003 [0.0425463952124] [0.0379936657846]
0.0385013818741 [0.0435142479837] [0.0334885157645]
0.037460234947500004 [0.0450991205871] [0.0298213493079]
0.037189410068100004 [0.0470261871815] [0.0273526329547]
0.03757494222375 [0.0488054342568] [0.0263444501907]
0.03966907877475 [0.0529492758214] [0.0263888817281]
0.041601420380200003 [0.056426294148] [0.0267765466124]
0.042369781062 [0.0578409135342] [0.0268986485898]
0.043281099759 [0.0589436627924] [0.0276185367256]
0.04365012794735 [0.0591287612915] [0.0281714946032]
0.0435466999188 [0.0584803894162] [0.0286130104214]
0.0432189516723 [0.0577048808336] [0.028733022511]
0.04283769242465 [0.0572140961885] [0.0284612886608]
0.042612184770400005 [0.0570306479931] [0.0281937215477]
0.0425530215725 [0.0570233762264] [0.0280826669186]
0.04242154583335 [0.0569369383156] [0.0279061533511]
0.0420701568946 [0.0567153431475] [0.0274249706417]
0.04145947750655 [0.0563146919012] [0.0266042631119]
0.040678515099 [0.0558366365731] [0.0255203936249]
0.04032760392875 [0.0561813674867] [0.0244738403708]
0.0401119450107 [0.0567765384912] [0.0234473515302]
0.03992903511975 [0.0574338883162] [0.0224241819233]
0.0391382295638 [0.0569507554173] [0.0213257037103]
0.0389701426029 [0.057486847043] [0.0204534381628]
0.0394395748153 [0.0589716620743] [0.0199074875563]
0.0402886439115 [0.0607538893819] [0.0198233984411]
0.0407461477444 [0.0616317018867] [0.0198605936021]
0.04115325119345 [0.0622926093638] [0.0200138930231]
0.0415131477639 [0.0627538412809] [0.0202724542469]
0.04180027358235 [0.0631435960531] [0.0204569511116]
0.04117402620615 [0.0620232000947] [0.0203248523176]
0.0381067702547 [0.056851759553] [0.0193617809564]
0.03302621375765 [0.0481986328959] [0.0178537946194]
0.027835449203849998 [0.0393687561154] [0.0163021422923]
0.024592564441250003 [0.0340573079884] [0.0151278208941]
0.02303738240155 [0.0316381901503] [0.0144365746528]
0.02249681577085 [0.0309773366898] [0.0140162948519]
0.0222549564205 [0.0308959446847] [0.0136139681563]
0.0217560688034 [0.0305124688894] [0.0129996687174]
0.020831144414849997 [0.0294632147998] [0.0121990740299]
0.01979077840225 [0.028180340305] [0.0114012164995]
0.019013019278649998 [0.0272139217705] [0.0108121167868]
0.01869741640985 [0.0268212594092] [0.0105735734105]
0.01881975494325 [0.0269849188626] [0.0106545910239]
0.01918306062 [0.0274661649019] [0.0108999563381]
0.0197845394723 [0.028282796964] [0.0112862819806]
0.020658211316900002 [0.0294419750571] [0.0118744475767]
0.02186906617135 [0.0311590507627] [0.01257908158]
0.023465866223 [0.0336113981903] [0.0133203342557]
0.02506562834605 [0.0362483821809] [0.0138828745112]
0.02641086280345 [0.0384912863374] [0.0143304392695]
