0.023875718004999998 [0.0359019562602] [0.0118494797498]
0.02315188432115 [0.0354816913605] [0.0108220772818]
0.022408371325575 [0.0349741578102] [0.00984258484095]
0.021828939206905 [0.0345707088709] [0.00908716954291]
0.021324698813259997 [0.0343964882195] [0.00825290940702]
0.02090072352441 [0.0343195125461] [0.00748193450272]
0.02054221206343 [0.0342477187514] [0.00683670537546]
0.020365670556225 [0.0342481322587] [0.00648320885375]
0.020743147237205002 [0.0347894094884] [0.00669688498601]
0.021548076532795002 [0.0363773480058] [0.00671880505979]
0.02303109271454 [0.0394451990724] [0.00661698635668]
0.025073847034925 [0.0437734238803] [0.00637427018955]
0.027291147504024997 [0.0485399961472] [0.00604229886085]
0.02919521462171 [0.0526790320873] [0.00571139715612]
0.030877680750545002 [0.0562854968011] [0.00546986469999]
0.033079037442825 [0.0607697218657] [0.00538835301995]
0.03646169090644 [0.0674750879407] [0.00544829387218]
0.04211999801917 [0.0786404162645] [0.00559957977384]
0.049072761787080005 [0.092363551259] [0.00578197231516]
0.0519938955549 [0.0980892628431] [0.0058985282667]
0.050191879039615 [0.094408147037] [0.00597561104223]
0.04639324545859 [0.0867711305618] [0.00601536035538]
0.043418896617375004 [0.0808163881302] [0.00602140510455]
0.042326367693024995 [0.0785852521658] [0.00606748322025]
0.041943843243625004 [0.0776760652661] [0.00621162122115]
0.04231005860491 [0.078100644052] [0.00651947315782]
0.044107710011285 [0.081123329699] [0.00709209032357]
0.047722304239865 [0.0874728038907] [0.00797180458903]
0.052689519245195 [0.096051722765] [0.00932731572539]
0.05762298917395 [0.103857755661] [0.0113882226869]
0.061287045944599994 [0.108370266855] [0.0142038250342]
0.06370788160730001 [0.110180512071] [0.0172352511436]
0.06516894232505 [0.111080475152] [0.0192574094981]
0.0652968548239 [0.110659427941] [0.0199342817068]
0.06477966904625 [0.109189122915] [0.0203702151775]
0.061770015395999994 [0.101806260645] [0.021733770147]
0.0584426289424 [0.0923813730478] [0.024503884837]
0.05876987613735 [0.0884854495525] [0.0290543027222]
0.06132969073955 [0.0872911959887] [0.0353681854904]
0.0633299089968 [0.0854229778051] [0.0412368401885]
0.06362318620085 [0.08259524405] [0.0446511283517]
0.06152463890609999 [0.078046888113] [0.0450023896992]
0.0584142785519 [0.0726001858711] [0.0442283712327]
0.055629910901199994 [0.0675090774894] [0.043750744313]
0.053717685863350004 [0.063967205584] [0.0434681661427]
0.0525072775781 [0.0619753226638] [0.0430392324924]
0.0517931412905 [0.061232894659] [0.042353387922]
0.051312237978 [0.0611145272851] [0.0415099486709]
0.0510273706168 [0.0612799562514] [0.0407747849822]
0.05089028552175 [0.0614273957908] [0.0403531752527]
0.050753312185399996 [0.0615627579391] [0.0399438664317]
0.0504113100469 [0.0618527792394] [0.0389698408544]
0.0495311282575 [0.0623711161315] [0.0366911403835]
0.04724555648865 [0.0613121017814] [0.0331790111959]
0.0440670596436 [0.0587105378509] [0.0294235814363]
0.0408064909279 [0.0555157884955] [0.0260971933603]
0.0380347976461 [0.0526641309261] [0.0234054643661]
0.03574546426535 [0.0505309961736] [0.0209599323571]
0.0338761853054 [0.0489276982844] [0.0188246723264]
0.03270577080545 [0.0480920895934] [0.0173194520175]
0.0322577953339 [0.0478746592999] [0.0166409313679]
0.03229355160145 [0.0477757193148] [0.0168113838881]
0.03259871341285 [0.0475422032177] [0.017655223608]
0.03291827905925 [0.046946823597] [0.0188897345215]
0.03292185161265 [0.0455956347287] [0.0202480684966]
0.03298468887805 [0.0445229150355] [0.0214464627206]
0.03311917185785 [0.0435416288674] [0.0226967148483]
0.03338464256375 [0.042672932148] [0.0240963529795]
0.033640538342300005 [0.0418058857322] [0.0254751909524]
0.03387326188385 [0.0409469678998] [0.0267995558679]
0.03426832985135 [0.0404793918133] [0.0280572678894]
0.035314892418650004 [0.0408172421157] [0.0298125427216]
0.03738089837135 [0.042522251606] [0.0322395451367]
0.0403385907412 [0.0456546954811] [0.0350224860013]
0.04260825552045 [0.0487253703177] [0.0364911407232]
0.04288198426365 [0.0495707802474] [0.0361931882799]
0.0414873063564 [0.0488819144666] [0.0340926982462]
0.0390653871 [0.0468686446548] [0.0312621295452]
0.03634694218635 [0.0440267398953] [0.0286671444774]
0.033089417964249995 [0.0391067899764] [0.0270720459521]
0.0289806686342 [0.031565874815] [0.0263954624534]
0.0252780439332 [0.0237303189933] [0.0268257688731]
0.02309183962645 [0.017922597006] [0.0282610822469]
0.0221903878264 [0.0145105058327] [0.0298702698201]
0.02239704225215 [0.0128581840545] [0.0319359004498]
0.023070132359849997 [0.0122763812542] [0.0338638834655]
0.023813916370250002 [0.0122637860477] [0.0353640466928]
0.02448251051825 [0.0124801089987] [0.0364849120378]
0.0250281905755 [0.0127575602382] [0.0372988209128]
0.025343299377700003 [0.0128713706508] [0.0378152281046]
0.02547897025945 [0.0125566311181] [0.0384013094008]
0.025357383303350002 [0.0116232577711] [0.0390915088356]
0.0249769557267 [0.0103390999138] [0.0396148115396]
0.02420199802146 [0.00915844272822] [0.0392455533147]
0.022692514117785 [0.00849565770477] [0.0368893705308]
0.02036269940438 [0.00852255150676] [0.032202847302]
