0.033987727481865 [0.0590921230614] [0.00888333190233]
0.033146346453565 [0.0574093610048] [0.00888333190233]
0.032662649173315 [0.0564419664443] [0.00888333190233]
0.032323715277015 [0.0563314370811] [0.00831599347293]
0.03255537804216 [0.0562241859734] [0.00888657011092]
0.03326851874589 [0.0579102411866] [0.00862679630518]
0.034391670953475 [0.0608259513974] [0.00795739050955]
0.03394275903703 [0.0606388896704] [0.00724662840366]
0.033241965575125 [0.059773042798] [0.00671088835225]
0.03318070899693 [0.0593678578734] [0.00699356012046]
0.033455702709025 [0.0600212626159] [0.00689014280215]
0.034391907276575 [0.061893671751] [0.00689014280215]
0.035795130999775 [0.0647001191974] [0.00689014280215]
0.034472561674175 [0.0620549805462] [0.00689014280215]
0.028241385938625 [0.0495926290751] [0.00689014280215]
0.02082556812093 [0.0348039790988] [0.00684715714306]
0.01542009646073 [0.0240365229547] [0.00680366996676]
0.012593396240825 [0.0174306184053] [0.00775617407635]
0.0106064127758 [0.0133700110018] [0.0078428145498]
0.00923728966155 [0.0108308857307] [0.0076436935924]
0.00843354454264 [0.00923120416701] [0.00763588491827]
0.00801607244648 [0.00826764386147] [0.00776450103149]
0.007817934500055 [0.00770459743217] [0.00793127156794]
0.00781077402644 [0.00742490356788] [0.008196644485]
0.007741041714325 [0.00731949554756] [0.00816258788109]
0.00788633641787 [0.00728214764968] [0.00849052518606]
0.00785951386206 [0.00725219631568] [0.00846683140844]
0.00785848125815 [0.00721525866538] [0.00850170385092]
0.007905706530435 [0.00723225204274] [0.00857916101813]
0.008035120088605 [0.00741724297404] [0.00865299720317]
0.00827689701691 [0.00784328021109] [0.00871051382273]
0.00867084041238 [0.00859223585576] [0.008749444969]
0.00899872602895 [0.00977097544819] [0.00822647660971]
0.010034038219595 [0.0113560175523] [0.00871205888689]
0.0117346933112 [0.013424997218] [0.0100443894044]
0.0137149519287 [0.0164258107543] [0.0110040931031]
0.0161949945614 [0.0205891504884] [0.0118008386344]
0.01982410019265 [0.0261862371117] [0.0134619632736]
0.02523284405465 [0.0337901115417] [0.0166755765676]
0.03156411554665 [0.0430903658271] [0.0200378652662]
0.0349960196763 [0.0493892021477] [0.0206028372049]
0.0322906402871 [0.0489097647369] [0.0156715158373]
0.027662045322349997 [0.0443653799593] [0.0109587106854]
0.024636270012695 [0.0409254953265] [0.00834704469889]
0.023345171008259998 [0.0395119227469] [0.00717841926962]
0.022721972316514998 [0.0387060493231] [0.00673789530993]
0.022272401256474998 [0.037898465991] [0.00664633652195]
0.022011472377950002 [0.0373232737184] [0.0066996710375]
0.02206119336189 [0.0373352840543] [0.00678710266948]
0.02232304564679 [0.0377715416253] [0.00687454966828]
0.022399126784855002 [0.0378184728324] [0.00697978073731]
0.0223616636358 [0.0376797392964] [0.0070435879752]
0.022329012863314998 [0.0375688001513] [0.00708922557533]
0.022177429636915 [0.0373521149158] [0.00700274435803]
0.021898349048589998 [0.0368801504374] [0.00691654765978]
0.021509921643889998 [0.0362201742828] [0.00679966900498]
0.020944519434145 [0.0350093506277] [0.00687968824059]
0.020661280257604997 [0.0340611711144] [0.00726138940081]
0.02158365491776 [0.0349999144673] [0.00816739536822]
0.025137159042100003 [0.0400813147426] [0.0101930033416]
0.0339660248719 [0.0531763881445] [0.0147556615993]
0.0511188376695 [0.076937019825] [0.025300655514]
0.0711292568594 [0.0958944931626] [0.0463640205562]
0.07134003378455 [0.0854959264398] [0.0571841411293]
0.05880817212165 [0.0704917386174] [0.0471246056259]
0.05161136202515 [0.0634129419923] [0.039809782058]
0.0475987326354 [0.0592782087624] [0.0359192565084]
0.04482604563235 [0.0567073449492] [0.0329447463155]
0.04290135391055 [0.0551818311214] [0.0306208766997]
0.0414433386177 [0.0541161261499] [0.0287705510855]
0.040222600102450004 [0.053061965853] [0.0273832343519]
0.03913370892405 [0.0517772361636] [0.0264901816845]
0.0380482347682 [0.0500831380486] [0.0260133314878]
0.03690567426385 [0.0479942299426] [0.0258171185851]
0.03573930915445 [0.0456888414919] [0.025789776817]
0.0346669135615 [0.0434626750648] [0.0258711520582]
0.0337722599506 [0.0415888279676] [0.0259556919336]
0.0329548250884 [0.0399090386927] [0.0260006114841]
0.0322270756587 [0.0383686199784] [0.026085531339]
0.0318922251463 [0.0373013056815] [0.0264831446111]
0.0334170004353 [0.0385017506778] [0.0283322501928]
0.0383543595672 [0.0432562939823] [0.0334524251521]
0.0471771787852 [0.0514395944774] [0.042914763093]
0.05669076927005 [0.0582755804062] [0.0551059581339]
0.0628060307354 [0.0613794140518] [0.064232647419]
0.0612409822643 [0.0600056834519] [0.0624762810767]
0.0576495081186 [0.0580700486898] [0.0572289675474]
0.0566456411034 [0.0589589327574] [0.0543323494494]
0.0587956663221 [0.0628847777843] [0.0547065548599]
0.06378716416655 [0.0687921121716] [0.0587822161615]
0.0699173770845 [0.0750122219324] [0.0648225322366]
0.07686887681485 [0.0817643925548] [0.0719733610749]
0.0826035030186 [0.0875917598605] [0.0776152461767]
0.08594935387370001 [0.0916643440723] [0.0802343636751]
0.08712827786800001 [0.0946580469608] [0.0795985087752]
0.08717181161045 [0.0970786213875] [0.0772650018334]
0.08683586493135001 [0.0991677939892] [0.0745039358735]
0.08601823449115001 [0.100305639207] [0.0717308297753]
0.08474644646065 [0.100903861225] [0.0685890316963]
0.08016945794225 [0.0978360176086] [0.0625028982759]
0.07111551426349999 [0.0904241353273] [0.0518068931997]
0.05875035375355 [0.0781387388706] [0.0393619686365]
0.04688168503345 [0.0645318478346] [0.0292315222323]
0.0391741814092 [0.0553623773158] [0.0229859855026]
0.0337653076276 [0.0483233965933] [0.0192072186619]
0.029834794811900003 [0.0429019704461] [0.0167676191777]
0.026726160198450002 [0.0383256152272] [0.0151267051697]
0.02438742434605 [0.0347078926861] [0.014066956006]
0.022674350068 [0.0318756401539] [0.0134730599821]
0.0215707803145 [0.029874721542] [0.013266839087]
0.02103376947345 [0.0286309402436] [0.0134365987033]
0.02107170736415 [0.0282213743776] [0.0139220403507]
0.021648639347400002 [0.0286597255617] [0.0146375531331]
0.02230521384625 [0.0291737131774] [0.0154367145151]
0.0227387836203 [0.0292572565377] [0.0162203107029]
0.02303098049015 [0.0289943795651] [0.0170675814152]
0.023512451909449998 [0.0287732519209] [0.018251651898]
0.02456454746425 [0.0290672723204] [0.0200618226081]
0.026458161883050002 [0.0300634596497] [0.0228528641164]
0.0290106795728 [0.0316300652921] [0.0263912938535]
0.0313584413379 [0.033326562494] [0.0293903201818]
0.0326613616198 [0.0347088947892] [0.0306138284504]
0.033271476626399996 [0.0355714187026] [0.0309715345502]
0.0331937391311 [0.0352590940893] [0.0311283841729]
0.03163539990785 [0.0322620160878] [0.0310087837279]
0.02819652296605 [0.0265634171665] [0.0298296287656]
0.0241964822635 [0.0206069070846] [0.0277860574424]
0.020807857625200002 [0.0161902215332] [0.0254254937172]
0.01900797663255 [0.0151479570195] [0.0228679962456]
0.0175330527127 [0.0142727773637] [0.0207933280617]
0.0165958148427 [0.0137593997642] [0.0194322299212]
0.0160694438964 [0.0135019700974] [0.0186369176954]
0.01579656125975 [0.0133307697251] [0.0182623527944]
0.0160274049267 [0.0138790551573] [0.0181757546961]
0.0161801148206 [0.014107324183] [0.0182529054582]
0.01611512945965 [0.0138495089486] [0.0183807499707]
0.0158662293106 [0.0131905134767] [0.0185419451445]
0.01552720554175 [0.0123695340008] [0.0186848770827]
0.01519155129795 [0.0116457715631] [0.0187373310328]
0.015019624494 [0.0113501232117] [0.0186891257763]
0.01538478396835 [0.0120251234621] [0.0187444444746]
0.0174517100677 [0.0156426224858] [0.0192607976496]
0.034978606738149995 [0.0494975335896] [0.0204596798867]
0.03687883447855 [0.0507822558284] [0.0229754131287]
0.03956152591855 [0.052387110889] [0.0267359409481]
0.04266404360535 [0.0541782602668] [0.0311498269439]
0.04584806226195 [0.0561110563576] [0.0355850681663]
0.04944047704335 [0.0580035038292] [0.0408774502575]
0.059023257344949995 [0.0673861503601] [0.0506603643298]
0.0748883225024 [0.0811450406909] [0.0686316043139]
0.08799439668655 [0.0912280604243] [0.0847607329488]
0.08086294680834999 [0.0834642797709] [0.0782616138458]
0.0694464966655 [0.0753947198391] [0.0634982734919]
0.06382956169545001 [0.0732114389539] [0.054447684437]
0.06235498189925 [0.0746899321675] [0.050020031631]
0.0615731962025 [0.0755145177245] [0.0476318746805]
0.06150059215725 [0.0758854150772] [0.0471157692373]
0.0617773756385 [0.0760767385364] [0.0474780127406]
0.0614094939083 [0.0754288211465] [0.0473901666701]
0.059227509424099996 [0.0731484293938] [0.0453065894544]
0.05785481818025 [0.071177110076] [0.0445325262845]
0.05646033026275 [0.0693051740527] [0.0436154864728]
0.0552186649293 [0.0680299624801] [0.0424073673785]
0.0544753074646 [0.0674949660897] [0.0414556488395]
0.05398479662835 [0.0669357180595] [0.0410338751972]
0.0521897692233 [0.0633564814925] [0.0410230569541]
0.04785016924145 [0.0546791441739] [0.041021194309]
0.041593117639400004 [0.0428379960358] [0.040348239243]
0.0356800165027 [0.0321753583848] [0.0391846746206]
0.0315072936937 [0.0252601485699] [0.0377544388175]
0.0290789296851 [0.0219267290086] [0.0362311303616]
0.027897496707750002 [0.0208808016032] [0.0349141918123]
