0.0648683309555 [0.0791416764259] [0.0505949854851]
0.0665732137859 [0.0788293704391] [0.0543170571327]
0.0676706004888 [0.0773279219866] [0.058013278991]
0.0623916834593 [0.0660669356585] [0.0587164312601]
0.0533079020679 [0.0510312579572] [0.0555845461786]
0.0441446769983 [0.0368241257966] [0.0514652282]
0.035836651921250004 [0.0252209790051] [0.0464523248374]
0.029930680058899997 [0.0184526499361] [0.0414087101817]
0.025074067525549998 [0.0136819910258] [0.0364661440253]
0.020735934376700002 [0.0105509124696] [0.0309209562838]
0.017093550413825 [0.00873749144375] [0.0254496093839]
0.014447735156865 [0.00773988384753] [0.0211555864662]
0.01274647470563 [0.00723261386156] [0.0182603355497]
0.011689921142555001 [0.00695566693321] [0.0164241753519]
0.01114174141548 [0.00680148554966] [0.0154819972813]
0.01091253478081 [0.00668455194682] [0.0151405176148]
0.010899573564545 [0.00657759234309] [0.015221554786]
0.01094936998563 [0.00650105439126] [0.01539768558]
0.010978829115625 [0.00644429493695] [0.0155133632943]
0.011057429481279999 [0.00627983082086] [0.0158350281417]
0.011098844930545 [0.00607853941619] [0.0161191504449]
0.01100282650439 [0.00600910186768] [0.0159965511411]
0.011179736349735 [0.00603868160397] [0.0163207910955]
0.01173861324786 [0.00655997730792] [0.0169172491878]
0.013119884766619998 [0.00780614838004] [0.0184336211532]
0.015631856862455003 [0.00994921568781] [0.0213144980371]
0.01998594915495 [0.0135098779574] [0.0264620203525]
0.026694773696350003 [0.018682545051] [0.0347070023417]
0.0363791035488 [0.026377370581] [0.0463808365166]
0.04789912328125 [0.0370258837938] [0.0587723627687]
0.05744570866225 [0.0491238981485] [0.065767519176]
0.061246866360350004 [0.058400887996] [0.0640928447247]
0.0607658009976 [0.06142359972] [0.0601080022752]
0.058974491432300005 [0.0599405951798] [0.0580083876848]
0.0578807257116 [0.0585445277393] [0.0572169236839]
0.058004651218650005 [0.0587680861354] [0.0572412163019]
0.059039413929 [0.0607277825475] [0.0573510453105]
0.0609993226826 [0.0652763545513] [0.0567222908139]
0.06255403906105 [0.0692280381918] [0.0558800399303]
0.0629980489612 [0.0705271288753] [0.0554689690471]
0.06281082704665 [0.0692414343357] [0.0563802197576]
0.062169792130600005 [0.0676368921995] [0.0567026920617]
0.06019609235225 [0.0670478194952] [0.0533443652093]
0.0571450293064 [0.0659934803843] [0.0482965782285]
0.053261153399949995 [0.0625388845801] [0.0439834222198]
0.0508186724037 [0.0593604668975] [0.0422768779099]
0.0499822124839 [0.0570609346032] [0.0429034903646]
0.04955015331505 [0.0567650310695] [0.0423352755606]
0.048857787624000004 [0.0582416877151] [0.0394738875329]
0.04701414890585 [0.0586932227015] [0.0353350751102]
0.044951653108 [0.0582274273038] [0.0316758789122]
0.043586857616899996 [0.0579923689365] [0.0291813462973]
0.0426763584837 [0.0573502704501] [0.0280024465173]
0.041995564475650005 [0.0565172806382] [0.0274738483131]
0.0420918082818 [0.0569777488708] [0.0272058676928]
0.0429482199252 [0.0589615851641] [0.0269348546863]
0.04463511146605 [0.0625389963388] [0.0267312265933]
0.047389392741 [0.0680481418967] [0.0267306435853]
0.0517046591267 [0.0761768445373] [0.0272324737161]
0.057284737937150006 [0.0859683826566] [0.0286010932177]
0.06301109306515 [0.0960797443986] [0.0299424417317]
0.06673286762085 [0.102910503745] [0.0305552314967]
0.06859414838235 [0.105516530573] [0.0316717661917]
0.07130728848275 [0.10841499269] [0.0341995842755]
0.07787505537264999 [0.116093598306] [0.0396565124393]
0.09197673574085 [0.133672222495] [0.0502812489867]
0.11018032580615 [0.156412974] [0.0639476776123]
0.1280745379629 [0.177987352014] [0.0781617239118]
0.13823792338395 [0.190018087626] [0.0864577591419]
0.14497076347455 [0.198572054505] [0.0913694724441]
0.15240487456325 [0.208845615387] [0.0959641337395]
0.16224222257745 [0.224550187588] [0.0999342575669]
0.1732739508155 [0.242103815079] [0.104444086552]
0.18268978595750002 [0.254638761282] [0.110740810633]
0.1875486560165 [0.255557715893] [0.11953959614]
0.1941787973045 [0.256292819977] [0.132064774632]
0.20405016094450001 [0.260077625513] [0.148022696376]
0.21348340809350003 [0.263134926558] [0.163831889629]
0.2143386378885 [0.255384832621] [0.173292443156]
0.2096055597065 [0.245711803436] [0.173499315977]
0.201979286969 [0.235448777676] [0.168509796262]
0.1956247761845 [0.224927946925] [0.166321605444]
0.18817628175 [0.210209146142] [0.166143417358]
0.1766141057015 [0.186560228467] [0.166667982936]
0.1578217223285 [0.15280175209] [0.162841692567]
0.130295764655 [0.116288132966] [0.144303396344]
0.0989840850232 [0.0830812454224] [0.114886924624]
0.07184733077885 [0.0591683238745] [0.0845263376832]
0.051496800035200005 [0.0416323319077] [0.0613612681627]
0.03917590528725 [0.0307739153504] [0.0475778952241]
0.0321652702987 [0.0243417173624] [0.039988823235]
0.02809648122635 [0.0203206967562] [0.0358722656965]
0.025630600750449997 [0.018017437309] [0.0332437641919]
0.0238877395168 [0.0169356446713] [0.0308398343623]
0.02250254154205 [0.0163637474179] [0.0286413356662]
0.0216558165848 [0.0163708310574] [0.0269408021122]
0.02142243087295 [0.016624994576] [0.0262198671699]
0.0215948810801 [0.0169494897127] [0.0262402724475]
0.0220798831433 [0.0173976365477] [0.0267621297389]
0.022704930976050003 [0.0181974936277] [0.0272123683244]
0.0235750032589 [0.0195237398148] [0.027626266703]
0.0247053289786 [0.0212916471064] [0.0281190108508]
0.02620285283775 [0.0233911592513] [0.0290145464242]
0.028644907288249997 [0.0257511232048] [0.0315386913717]
0.031599707901500004 [0.0282829515636] [0.0349164642394]
0.0346625428647 [0.0314829312265] [0.0378421545029]
0.03794925659895 [0.0358912535012] [0.0400072596967]
0.04182193800805 [0.0417237654328] [0.0419201105833]
0.0472602043301 [0.0492830425501] [0.0452373661101]
0.05412831157445 [0.0570322908461] [0.0512243323028]
0.0611994769424 [0.0620736442506] [0.0603253096342]
0.06546354666355 [0.0620380267501] [0.068889066577]
0.06772011332215 [0.0610684864223] [0.074371740222]
0.06927343085410001 [0.0614736676216] [0.0770731940866]
0.07066852971915 [0.0627936944366] [0.0785433650017]
0.07150331512095 [0.0629125908017] [0.0800940394402]
0.07094651088119999 [0.0612049326301] [0.0806880891323]
0.0667828805745 [0.0573174580932] [0.0762483030558]
0.062374768778700004 [0.0552563481033] [0.0694931894541]
0.06099252402785 [0.0570300370455] [0.0649550110102]
0.061540182679899996 [0.0592243000865] [0.0638560652733]
