0.01016626600176 [0.010533163324] [0.00979936867952]
0.010714825708399999 [0.011054106988] [0.0103755444288]
0.0113613908179 [0.0116808442399] [0.0110419373959]
0.01233790395785 [0.0126422448084] [0.0120335631073]
0.0136422063224 [0.0142234573141] [0.0130609553307]
0.015400499105450001 [0.0164371263236] [0.0143638718873]
0.0179039621726 [0.0193741489202] [0.016433775425]
0.020898603834200002 [0.0231453869492] [0.0186518207192]
0.02439470402895 [0.0277875531465] [0.0210018549114]
0.02825764380395 [0.033505294472] [0.0230099931359]
0.0324542047456 [0.0400490798056] [0.0248593296856]
0.03610337059945 [0.0452787317336] [0.0269280094653]
0.0389161659405 [0.0488827042282] [0.0289496276528]
0.041298560798200004 [0.0525917410851] [0.0300053805113]
0.04342920333145 [0.0577674433589] [0.029090963304]
0.04428461939095 [0.0626501664519] [0.02591907233]
0.04223164264115 [0.0628071278334] [0.0216561574489]
0.03811562620105 [0.0586473122239] [0.0175839401782]
0.033884004689749996 [0.0537510924041] [0.0140169169754]
0.0305411471054 [0.0495831258595] [0.0114991683513]
0.028161781374365 [0.0467243231833] [0.00959923956543]
0.027044306509204998 [0.0461197756231] [0.00796883739531]
0.0259078980889 [0.0451405458152] [0.0066752503626]
0.02524436591194 [0.0449317134917] [0.00555701833218]
0.024350505089405 [0.0438893400133] [0.00481167016551]
0.023463035468005 [0.0423939116299] [0.00453215930611]
0.023096788208945 [0.0416501015425] [0.00454347487539]
0.02286004903726 [0.040930185467] [0.00478991260752]
0.022185119800255 [0.0393108539283] [0.00505938567221]
0.021051517454885 [0.0367984808981] [0.00530455401167]
0.019776950590295 [0.034129794687] [0.00542410649359]
0.018586541758835 [0.0314486250281] [0.00572445848957]
0.01759052439593 [0.0289260391146] [0.00625500967726]
0.016960824839745002 [0.0268420875072] [0.00707956217229]
0.01685043005272 [0.0255360174924] [0.00816484261304]
0.017133807763435 [0.0248900968581] [0.00937751866877]
0.01763715408745 [0.0246170628816] [0.0106572452933]
0.01822457509115 [0.0246372371912] [0.0118119129911]
0.0187426046468 [0.0247357562184] [0.0127494530752]
0.0191638171673 [0.0249299872667] [0.0133976470679]
0.01929415622725 [0.0249786060303] [0.0136097064242]
0.01916532358155 [0.0248708166182] [0.0134598305449]
0.01886903634295 [0.0246106479317] [0.0131274247542]
0.0186390960589 [0.0243846718222] [0.0128935202956]
0.0186244607903 [0.0245212726295] [0.0127276489511]
0.0190350199118 [0.0254309531301] [0.0126390866935]
0.0197434327565 [0.0270492248237] [0.0124376406893]
0.02020211098715 [0.0284613035619] [0.0119429184124]
0.01859809132295 [0.0265186522156] [0.0106775304303]
0.01475682249294 [0.0211165044457] [0.00839714054018]
0.010623557958740001 [0.0151950754225] [0.00605204049498]
0.00776174850761 [0.0111042447388] [0.00441925227642]
0.0060640259180249996 [0.00869536213577] [0.00343268970028]
0.005102245952005 [0.00731110898778] [0.00289338291623]
0.0045970348874099995 [0.00658205430955] [0.00261201546527]
0.0043447632342550006 [0.00619455426931] [0.0024949721992]
0.004209265694955 [0.00599868036807] [0.00241985102184]
0.004174837027675 [0.00597616797313] [0.00237350608222]
0.00426290766336 [0.00615876214579] [0.00236705318093]
0.00447733933106 [0.00648372946307] [0.00247094919905]
0.004797804518605 [0.00696179876104] [0.00263381027617]
0.00514994119294 [0.00747656729072] [0.00282331509516]
0.00541613565292 [0.00785438530147] [0.00297788600437]
0.005697079002859999 [0.00831202697009] [0.00308213103563]
0.00612921034917 [0.00894081685692] [0.00331760384142]
0.0069094346836 [0.0100486753508] [0.0037701940164]
0.00823680590836 [0.0118936123326] [0.00457999948412]
0.01046772953125 [0.0148464199156] [0.0060890391469]
0.014064357150365 [0.0194239020348] [0.00870481226593]
0.019234710373 [0.0255802962929] [0.0128891244531]
0.02527512423695 [0.0327821187675] [0.0177681297064]
0.030584041029249998 [0.0390172787011] [0.0221508033574]
0.0338590797037 [0.0427281185985] [0.0249900408089]
0.0355199193582 [0.0441935025156] [0.0268463362008]
0.035755989141800004 [0.0439176373184] [0.0275943409652]
0.0339409103617 [0.0407081209123] [0.0271736998111]
0.0293274819851 [0.0339476801455] [0.0247072838247]
0.0236324230209 [0.0263635981828] [0.020901247859]
0.01886785402895 [0.0202604494989] [0.017475258559]
0.01551302243025 [0.0164824593812] [0.0145435854793]
0.0137706696987 [0.0148910861462] [0.0126502532512]
0.0130916843191 [0.0144062731415] [0.0117770954967]
0.01312026334925 [0.0146304313093] [0.0116100953892]
0.013532858807599999 [0.0150419101119] [0.0120238075033]
0.014125338755549999 [0.0155694745481] [0.012681202963]
0.0149120055139 [0.0161568950862] [0.0136671159416]
0.0156509024091 [0.0167231876403] [0.0145786171779]
0.01621363824235 [0.017104446888] [0.0153228295967]
0.0163362333551 [0.016949813813] [0.0157226528972]
0.0163174690679 [0.0166590381414] [0.0159758999944]
0.016349977813699998 [0.0165520962328] [0.0161478593946]
0.016897308640150002 [0.0174067635089] [0.0163878537714]
0.01830366812645 [0.0196720082313] [0.0169353280216]
0.02112403232605 [0.0240308623761] [0.018217202276]
0.0251834820956 [0.0299356766045] [0.0204312875867]
0.028553623706099998 [0.0344176441431] [0.0226896032691]
0.030105032026799997 [0.0359746590257] [0.0242354050279]
