0.0254075396806 [0.024861831218] [0.0259532481432]
0.0240284083411 [0.0227328278124] [0.0253239888698]
0.022332319989800002 [0.0214561410248] [0.0232084989548]
0.02060164231805 [0.0209932550788] [0.0202100295573]
0.0198275623843 [0.0209800880402] [0.0186750367284]
0.0198589153588 [0.0210427939892] [0.0186750367284]
0.01929929759355 [0.0199235584587] [0.0186750367284]
0.018616370856749997 [0.0185577049851] [0.0186750367284]
0.01807296741755 [0.0174708981067] [0.0186750367284]
0.01752444542945 [0.0163738541305] [0.0186750367284]
0.009412264218535001 [0.0159088503569] [0.00291567808017]
0.009743546484955 [0.0163347534835] [0.00315233948641]
0.010379033978085 [0.017304752022] [0.00345331593417]
0.011144096031785001 [0.0184981431812] [0.00379004888237]
0.011830720351994999 [0.0195748787373] [0.00408656196669]
0.01221307087688 [0.0200823601335] [0.00434378162026]
0.01248065708205 [0.0203160289675] [0.0046452851966]
0.01287369010971 [0.0206843391061] [0.00506304111332]
0.013607962289825 [0.0215460229665] [0.00566990161315]
0.014623363968005 [0.022866120562] [0.00638060737401]
0.016248046187689998 [0.0253352019936] [0.00716089038178]
0.01830970309673 [0.028768049553] [0.00785135664046]
0.02152001671492 [0.0332342199981] [0.00980581343174]
0.025652771350000002 [0.0382759794593] [0.0130295632407]
0.0306715620682 [0.0433869250119] [0.0179561991245]
0.03672481980175 [0.0484277009964] [0.0250219386071]
0.04352675564585 [0.0534691400826] [0.0335843712091]
0.04973177984355 [0.0576581470668] [0.0418054126203]
0.05504132993515 [0.062069106847] [0.0480135530233]
0.0591141935438 [0.0671476572752] [0.0510807298124]
0.0630016345531 [0.0734873041511] [0.0525159649551]
0.067974191159 [0.0817779004574] [0.0541704818606]
0.0731885805726 [0.0897665992379] [0.0566105619073]
0.07437353767455 [0.0953068137169] [0.0534402616322]
0.07143360190095 [0.0996356830001] [0.0432315208018]
0.06688156165185 [0.101920798421] [0.0318423248827]
0.06346734147540001 [0.102501444519] [0.0244332384318]
0.06332485936585 [0.10593983531] [0.0207098834217]
0.06655472610155 [0.114129111171] [0.0189803410321]
0.0719845136627 [0.125722914934] [0.0182461123914]
0.07428107596925 [0.130382016301] [0.0181801356375]
0.0745123168455 [0.130628332496] [0.018396301195]
0.0739131262524 [0.129099309444] [0.0187269430608]
0.07209767960034999 [0.12480647862] [0.0193888805807]
0.06945379730315 [0.118542008102] [0.0203655865043]
0.06658593472095001 [0.11155423522] [0.0216176342219]
0.06335816253 [0.103895939887] [0.022820385173]
0.0596175380051 [0.0956413447857] [0.0235937312245]
0.0558948377147 [0.0876028463244] [0.024186829105]
0.052541391923999994 [0.0801311507821] [0.0249516330659]
0.049940486438599996 [0.0737599357963] [0.0261210370809]
0.0479906592518 [0.0676569119096] [0.028324406594]
0.04619905538855 [0.0602381713688] [0.0321599394083]
0.04442029073834999 [0.05134813115] [0.0374924503267]
0.040611278265700004 [0.0398883856833] [0.0413341708481]
0.0331562682986 [0.0286527611315] [0.0376597754657]
0.02446127682925 [0.0202395357192] [0.0286830179393]
0.01797694386915 [0.0146958595142] [0.0212580282241]
0.01326417410745 [0.0109974145889] [0.015530933626]
0.01023934828119 [0.00870989263058] [0.0117688039318]
0.0084302786272 [0.00731632998213] [0.00954422727227]
0.00732955196872 [0.00644065905362] [0.00821844488382]
0.006746118422600001 [0.00587834697217] [0.00761388987303]
0.006435425020755 [0.00551226595417] [0.00735858408734]
0.006263754563405 [0.00529103307053] [0.00723647605628]
0.0061597165186 [0.00514650344849] [0.00717292958871]
0.00612325989641 [0.00509403273463] [0.00715248705819]
0.0061790344771 [0.00511694978923] [0.00724111916497]
0.00630753859878 [0.00525940395892] [0.00735567323864]
0.0063881298992800005 [0.00536254420877] [0.00741371558979]
0.00642250897363 [0.00539489137009] [0.00745012657717]
0.0064962701872000005 [0.00548261450604] [0.00750992586836]
0.006658849306405 [0.00561947748065] [0.00769822113216]
0.007139759603885 [0.00605107937008] [0.00822843983769]
0.008115835487845 [0.00704302173108] [0.00918864924461]
0.009687663987295 [0.00864510983229] [0.0107302181423]
0.0120405275375 [0.0110814906657] [0.0129995644093]
0.0153232370503 [0.0148340864107] [0.0158123876899]
0.019384960643949997 [0.0203133784235] [0.0184565428644]
0.023792400956149998 [0.0275446102023] [0.02004019171]
0.027977981604650003 [0.0348939113319] [0.0210620518774]
0.03072812780735 [0.0395948924124] [0.0218613632023]
0.0322648193687 [0.0425880178809] [0.0219416208565]
0.0327525129542 [0.0440294072032] [0.0214756187052]
0.03277338761835 [0.0450831837952] [0.0204635914415]
0.0321952486411 [0.0454934239388] [0.0188970733434]
0.03055999986825 [0.0433531999588] [0.0177667997777]
0.02972378209235 [0.0422204770148] [0.0172270871699]
0.0298500759527 [0.0414767190814] [0.018223432824]
0.0301697421819 [0.0392352119088] [0.021104272455]
0.031742924824350004 [0.0380886569619] [0.0253971926868]
0.034688560292100004 [0.039369110018] [0.0300080105662]
0.037363611161700006 [0.04186591506] [0.0328613072634]
0.0391525067389 [0.0444150865078] [0.03388992697]
0.0397577993572 [0.0449589043856] [0.0345566943288]
0.0396408494562 [0.0443565696478] [0.0349251292646]
0.0394426435232 [0.0437625944614] [0.035122692585]
0.0390558149666 [0.0429355539382] [0.035176075995]
0.03870850615205 [0.042271591723] [0.0351454205811]
0.038333294913150004 [0.0415056943893] [0.035160895437]
0.038005787879200004 [0.0410186015069] [0.0349929742515]
0.03747859969735 [0.0411393195391] [0.0338178798556]
0.03666617721315 [0.0420501567423] [0.031282197684]
0.0360222486779 [0.0437839142978] [0.028260583058]
0.0347849568352 [0.0453292690217] [0.0242406446487]
0.03302896488455 [0.045130867511] [0.0209270622581]
0.03163624648005 [0.0445619747043] [0.0187105182558]
0.03086749929935 [0.0444112084806] [0.0173237901181]
0.0307715255767 [0.0449137054384] [0.016629345715]
0.03147586621345 [0.0465300530195] [0.0164216794074]
0.03281923383475 [0.0489723198116] [0.0166661478579]
0.0344228586182 [0.0516019612551] [0.0172437559813]
0.035791805014 [0.0535638742149] [0.0180197358131]
0.0370961353183 [0.0553295388818] [0.0188627317548]
0.038358379155399996 [0.0571159683168] [0.019600789994]
0.03942903503775 [0.0587352439761] [0.0201228260994]
0.0400944845751 [0.0597862228751] [0.0204027462751]
0.04104714654385 [0.0617327392101] [0.0203615538776]
0.04242114070805 [0.0647807940841] [0.020061487332]
0.0441191168502 [0.0683602914214] [0.019877942279]
0.0460744686425 [0.0721042752266] [0.0200446620584]
0.0480323638767 [0.0750163719058] [0.0210483558476]
