0.01317268935962 [0.0196751374751] [0.00667024124414]
0.013093485729745 [0.0193868707865] [0.00680010067299]
0.0129660384264 [0.0190204214305] [0.0069116554223]
0.012760269688465 [0.0186020880938] [0.00691845128313]
0.012542383279645 [0.018219595775] [0.00686517078429]
0.012379380408689999 [0.0179436001927] [0.00681516062468]
0.012192229973155 [0.0177824869752] [0.00660197297111]
0.012123936787254999 [0.017754342407] [0.00649353116751]
0.01212336868048 [0.0177695080638] [0.00647722929716]
0.01214456907473 [0.0178218204528] [0.00646731769666]
0.012281668372425 [0.01814840734] [0.00641492940485]
0.012709055794389999 [0.0190324168652] [0.00638569472358]
0.0136259426363 [0.0207864865661] [0.0064653987065]
0.015037029050284999 [0.0234509371221] [0.00662312097847]
0.016840622993195 [0.0268718712032] [0.00680937478319]
0.019012308912355003 [0.031101571396] [0.00692304642871]
0.021850751712935 [0.0367058515549] [0.00699565187097]
0.02575470879676 [0.0443931370974] [0.00711628049612]
0.02930951886812 [0.0512725375593] [0.00734650017694]
0.03221625974402 [0.0567735619843] [0.00765895750374]
0.034139177761975 [0.0602994337678] [0.00797892175615]
0.03567793453114 [0.0630609467626] [0.00829492229968]
0.037576895207155 [0.0664539709687] [0.00869981944561]
0.041119340807185 [0.0728780776262] [0.00936060398817]
0.0496535692364 [0.0886871293187] [0.0106200091541]
0.066468425561 [0.119922690094] [0.013014161028]
0.0936447093262 [0.1707983464] [0.0164910722524]
0.11470728181315 [0.209508597851] [0.0199059657753]
0.1230383133515 [0.224467307329] [0.021609319374]
0.12281041499220001 [0.223536223173] [0.0220846068114]
0.1176520166917 [0.212572932243] [0.0227311011404]
0.1115079130977 [0.199572905898] [0.0234429202974]
0.10566015075885 [0.187595233321] [0.0237250681967]
0.1011246060955 [0.178988590837] [0.023260621354]
0.09737199358625001 [0.172366917133] [0.0223770700395]
0.09358068089955 [0.16564886272] [0.0215124990791]
0.08922883588825001 [0.157661125064] [0.0207965467125]
0.08391343802194999 [0.14776815474] [0.0200587213039]
0.07805511727905 [0.136638924479] [0.0194713100791]
0.07234710548095 [0.125599727035] [0.0190944839269]
0.06630849652015 [0.113650284708] [0.0189667083323]
0.06039895489805 [0.101760290563] [0.0190376192331]
0.05574195366355 [0.0923075973988] [0.0191763099283]
0.053913597017550004 [0.0885958299041] [0.019231364131]
0.05627786647525 [0.0934612229466] [0.0190945100039]
0.06323409173645 [0.107869654894] [0.0185985285789]
0.07397339306765 [0.130274966359] [0.0176718197763]
0.0848005870356 [0.153197661042] [0.0164035130292]
0.09218179946745 [0.169158056378] [0.0152055425569]
0.09333160426465001 [0.172348961234] [0.0143142472953]
0.0925567047669 [0.171233475208] [0.0138799343258]
0.09157414361840001 [0.169228449464] [0.0139198377728]
0.09043694334105001 [0.166497528553] [0.0143763581291]
0.0893529308962 [0.163665145636] [0.0150407161564]
0.0886639044622 [0.161737069488] [0.0155907394364]
0.0870914468544 [0.158304587007] [0.0158783067018]
0.0854188408702 [0.154895544052] [0.0159421376884]
0.08366408664715 [0.151494055986] [0.0158341173083]
0.08156950306164999 [0.147408023477] [0.0157309826463]
0.07864124421044999 [0.141641750932] [0.0156407374889]
0.07405674364405 [0.132398933172] [0.0157145541161]
0.0651341760529 [0.114338509738] [0.0159298423678]
0.0513680158183 [0.0864892601967] [0.0162467714399]
0.0392017662525 [0.0617055110633] [0.0166980214417]
0.03151060733945 [0.0458766333759] [0.017144581303]
0.02787360735235 [0.0384088158607] [0.017338398844]
0.0267902724445 [0.0357132293284] [0.0178673155606]
0.02680621296165 [0.0345472767949] [0.0190651491284]
0.0272244531661 [0.0342322513461] [0.0202166549861]
0.02745920512825 [0.0341283977032] [0.0207900125533]
0.027606050483850002 [0.0341979973018] [0.0210141036659]
0.027621232904499998 [0.0343834273517] [0.0208590384573]
0.027524705044900004 [0.0344657115638] [0.020583698526]
0.027354855090350003 [0.0344762727618] [0.0202334374189]
0.02711683139205 [0.034427229315] [0.0198064334691]
0.026864184066650004 [0.0343680419028] [0.0193603262305]
0.0266605084762 [0.03430820629] [0.0190128106624]
0.0267635686323 [0.0346638895571] [0.0188632477075]
0.0271825361997 [0.0353957042098] [0.0189693681896]
0.0278847469017 [0.0366571098566] [0.0191123839468]
0.0287210941315 [0.0384267009795] [0.0190154872835]
0.03042773623015 [0.042283732444] [0.0185717400163]
0.03367696050555 [0.0492681786418] [0.0180857423693]
0.03684916719795 [0.0552784502506] [0.0184198841453]
0.0392909506336 [0.0588009059429] [0.0197809953243]
0.04065128974615 [0.0599822252989] [0.0213203541934]
0.0416202135384 [0.0601941496134] [0.0230462774634]
0.04290367197245 [0.0607539415359] [0.025053402409]
0.0445954147726 [0.0619095638394] [0.0272812657058]
0.046039278619 [0.0619923919439] [0.0300861652941]
0.047879489138749995 [0.0624026991427] [0.0333562791348]
0.04973650164905 [0.0632693767548] [0.0362036265433]
0.05109006911515 [0.0644559264183] [0.037724211812]
0.05215314403175 [0.0665044561028] [0.0378018319607]
0.05244290083644999 [0.0681343823671] [0.0367514193058]
0.0514394957572 [0.0676977857947] [0.0351812057197]
0.04959294945005 [0.0655779540539] [0.0336079448462]
0.0474779997021 [0.0625469386578] [0.0324090607464]
0.04547848924995 [0.0595578067005] [0.0313991717994]
0.0441144844517 [0.057818967849] [0.0304100010544]
0.04345103912055 [0.0575851760805] [0.0293169021606]
0.0429815324023 [0.0576331838965] [0.0283298809081]
0.04257567599415 [0.0581171326339] [0.0270342193544]
0.04154801927505 [0.0576858669519] [0.0254101715982]
0.03983713965865 [0.0558710880578] [0.0238031912595]
0.037635394372050004 [0.0528228133917] [0.0224479753524]
0.0344576127827 [0.0476670078933] [0.0212482176721]
0.0311241801828 [0.041901294142] [0.0203470662236]
0.0286924801767 [0.0371394753456] [0.0202454850078]
0.027564322575949998 [0.0337979793549] [0.021330665797]
0.0276046348736 [0.0318488404155] [0.0233604293317]
0.0284588811919 [0.0311231538653] [0.0257946085185]
0.029254385270200002 [0.030829558149] [0.0276792123914]
0.029844853095750003 [0.0308945756406] [0.0287951305509]
0.03008772525935 [0.0309805814177] [0.029194869101]
0.03087337501345 [0.0318175777793] [0.0299291722476]
0.03239787183705 [0.0340587496758] [0.0307369939983]
0.03440874442455 [0.0366096384823] [0.0322078503668]
0.03614048287275 [0.0376566872001] [0.0346242785454]
0.037603083998 [0.0367840752006] [0.0384220927954]
0.0391946695745 [0.0348842255771] [0.0435051135719]
0.0410085320473 [0.0332297794521] [0.0487872846425]
0.042640913277849996 [0.032447848469] [0.0528339780867]
0.043516356497999995 [0.0326187573373] [0.0544139556587]
0.04258643090725 [0.0334309563041] [0.0517419055104]
0.039444671943749995 [0.0343401767313] [0.0445491671562]
0.039760502055300004 [0.0349718369544] [0.0445491671562]
0.039929063990699995 [0.0353089608252] [0.0445491671562]
0.03999423608185 [0.0354393050075] [0.0445491671562]
0.03997462056575 [0.0354000739753] [0.0445491671562]
0.039720555767399995 [0.0348919443786] [0.0445491671562]
0.03903173469005 [0.0335143022239] [0.0445491671562]
0.02657117974015 [0.0313022248447] [0.0218401346356]
0.02557018306105 [0.0289073381573] [0.0222330279648]
0.0248731421307 [0.0275856815279] [0.0221606027335]
0.025221895426500003 [0.0288949925452] [0.0215487983078]
0.02770359441635 [0.0348183624446] [0.0205888263881]
0.03264745976775 [0.0459888242185] [0.019306095317]
0.03786721639335 [0.0579517632723] [0.0177826695144]
0.040212978608899996 [0.0642089545727] [0.0162170026451]
0.0407028621994 [0.06645270437] [0.0149530200288]
0.0405387612991 [0.0666187256575] [0.0144587969407]
0.041285287123199996 [0.0673954635859] [0.0151751106605]
0.04269937984645 [0.068083807826] [0.0173149518669]
0.044186973944300004 [0.0683594420552] [0.0200145058334]
0.04585017543285 [0.0683227777481] [0.0233775731176]
0.04706202074885 [0.0681737810373] [0.0259502604604]
0.04744224157185 [0.0680656954646] [0.0268187876791]
0.047352088615300006 [0.0683048665524] [0.0263993106782]
0.0473140794784 [0.0690348148346] [0.0255933441222]
