0.016109684947894998 [0.0240250565112] [0.00819431338459]
0.016109684947894998 [0.0240250565112] [0.00819431338459]
0.016109684947894998 [0.0240250565112] [0.00819431338459]
0.016109684947894998 [0.0240250565112] [0.00819431338459]
0.016109684947894998 [0.0240250565112] [0.00819431338459]
0.016109684947894998 [0.0240250565112] [0.00819431338459]
0.016109684947894998 [0.0240250565112] [0.00819431338459]
0.016109684947894998 [0.0240250565112] [0.00819431338459]
0.025146227795645 [0.0420981422067] [0.00819431338459]
0.02059997641481 [0.039156075567] [0.00204387726262]
0.01925243943695 [0.0365978479385] [0.0019070309354]
0.017592235002650003 [0.0332365185022] [0.0019479515031]
0.016744615975775 [0.0309757422656] [0.00251348968595]
0.016230672132205 [0.0293953157961] [0.00306602846831]
0.01648581377233 [0.028691707179] [0.00427992036566]
0.017474497668454998 [0.0287108756602] [0.00623811967671]
0.017539123073204998 [0.0288401264697] [0.00623811967671]
0.017699708230804998 [0.0291612967849] [0.00623811967671]
0.017969584092505 [0.0297010485083] [0.00623811967671]
0.018205890432005 [0.0301736611873] [0.00623811967671]
0.018083550967255 [0.0299289822578] [0.00623811967671]
0.01799003221093 [0.0296399015933] [0.00634016282856]
0.018002514727425 [0.0292936395854] [0.00671138986945]
0.01855024904943 [0.0296972710639] [0.00740322703496]
0.0191155541688 [0.029704041779] [0.0085270665586]
0.0199702903628 [0.0297077875584] [0.0102327931672]
0.0213479720987 [0.0303941145539] [0.0123018296435]
0.0227563707158 [0.0312744490802] [0.0142382923514]
0.02526129037145 [0.0334246195853] [0.0170979611576]
0.0295552527532 [0.0394751466811] [0.0196353588253]
0.0454111173749 [0.052337937057] [0.0384842976928]
0.06186653114855 [0.0787395983934] [0.0449934639037]
0.0817019194367 [0.113328583539] [0.0500752553344]
0.09586869366465 [0.138766080141] [0.0529713071883]
0.10093256644915 [0.147264569998] [0.0546005629003]
0.0987485852095 [0.141921833158] [0.055575337261]
0.08546653203665 [0.115292750299] [0.0556403137743]
0.071773564443 [0.0896696001291] [0.0538775287569]
0.06316459551455 [0.0747288540006] [0.0516003370285]
0.06376209296285 [0.0664063692093] [0.0611178167164]
0.06279777735475 [0.0632316321135] [0.062363922596]
0.06207256391645 [0.0632660388947] [0.0608790889382]
0.0604622978717 [0.0635219216347] [0.0574026741087]
0.05859390832485001 [0.0629488602281] [0.0542389564216]
0.057368999347100005 [0.0621859505773] [0.0525520481169]
0.05608528107405 [0.0606678277254] [0.0515027344227]
0.05488468706605 [0.058831512928] [0.0509378612041]
0.053975075483349996 [0.0572216957808] [0.0507284551859]
0.05326107516885 [0.0562448240817] [0.050277326256]
0.052326509729 [0.0559769235551] [0.0486760959029]
0.0501145198941 [0.0550941340625] [0.0451349057257]
0.04797644913195 [0.0546868778765] [0.0412660203874]
0.04630018025635 [0.0547083802521] [0.0378919802606]
0.0451631490141 [0.054993905127] [0.0353323929012]
0.04486614093185 [0.0561361685395] [0.0335961133242]
0.04503775201735 [0.0572421364486] [0.0328333675861]
0.045190008357149994 [0.0575406886637] [0.0328393280506]
0.045175397768599995 [0.0572804547846] [0.0330703407526]
0.044689383357749995 [0.0564448572695] [0.032933909446]
0.04367378540335 [0.0554237514734] [0.0319238193333]
0.04231988918035 [0.0540671870112] [0.0305725913495]
0.04117891099305 [0.0530019849539] [0.0293558370322]
0.0403823936358 [0.052359174937] [0.0284056123346]
0.0400418099016 [0.0521912574768] [0.0278923623264]
0.040189469233150005 [0.0526111535728] [0.0277677848935]
0.040714589878900004 [0.0533911921084] [0.0280379876494]
0.04145622067155 [0.0544498972595] [0.0284625440836]
0.0417921543121 [0.0551438592374] [0.0284404493868]
0.0412903940305 [0.0550537593663] [0.0275270286947]
0.04001267440615 [0.0542467460036] [0.0257786028087]
0.0386400362477 [0.0537726208568] [0.0235074516386]
0.0375491976738 [0.0539817288518] [0.0211166664958]
0.0377000095323 [0.055600643158] [0.0197993759066]
0.03931983932855 [0.059390462935] [0.0192492157221]
0.04177774116395 [0.0642652362585] [0.0192902460694]
0.044377080164849994 [0.0689638778567] [0.019790282473]
0.046124154701849995 [0.0720595866442] [0.0201887227595]
0.04631775058805 [0.0722286328673] [0.0204068683088]
0.04483017046 [0.0694250836968] [0.0202352572232]
0.04227895010265 [0.0647153258324] [0.0198425743729]
0.0400663558394 [0.060625564307] [0.0195071473718]
0.03821098525075 [0.0568717829883] [0.0195501875132]
0.037823953665800006 [0.0552485845983] [0.0203993227333]
0.0389191964641 [0.0555251315236] [0.0223132614046]
0.0411953860894 [0.057089637965] [0.0253011342138]
0.0440347529948 [0.0588665902615] [0.0292029157281]
0.04646635614335 [0.0597603991628] [0.0331723131239]
0.04694349505005 [0.0582428090274] [0.0356441810727]
0.043578894808899996 [0.0524999462068] [0.034657843411]
0.038393126800700006 [0.0454876981676] [0.0312985554338]
0.0340102892369 [0.0403922460973] [0.0276283323765]
0.03120517544445 [0.0372931063175] [0.0251172445714]
0.0297664236277 [0.0358853600919] [0.0236474871635]
0.02949508372695 [0.0357775464654] [0.0232126209885]
0.029656101949499997 [0.0360801890492] [0.0232320148498]
0.02986120525745 [0.036342035979] [0.0233803745359]
0.02967269346115 [0.0363405793905] [0.0230048075318]
