M B1 B2
0.016080348519605 [0.00413861079141] [0.0280220862478]
0.015991017455235 [0.00395994866267] [0.0280220862478]
0.01591393689159 [0.00380578753538] [0.0280220862478]
0.015880170161835 [0.00373825407587] [0.0280220862478]
0.015908199362455 [0.00379431247711] [0.0280220862478]
0.016046230914070002 [0.00407037558034] [0.0280220862478]
0.01627023797482 [0.00451838970184] [0.0280220862478]
0.01657950389199 [0.00513692153618] [0.0280220862478]
0.016783652827145 [0.00554521940649] [0.0280220862478]
0.016896474640815 [0.00577086303383] [0.0280220862478]
0.01696025743149 [0.00589842861518] [0.0280220862478]
0.01702357036993 [0.00602505449206] [0.0280220862478]
0.01708076731302 [0.00613944837824] [0.0280220862478]
0.017377330455930002 [0.00673257466406] [0.0280220862478]
0.017613126197830002 [0.00720416614786] [0.0280220862478]
0.017585968831555 [0.00714985141531] [0.0280220862478]
0.01742330798879 [0.00682452972978] [0.0280220862478]
0.017249930882825 [0.00647777551785] [0.0280220862478]
0.017005996312945 [0.00598990637809] [0.0280220862478]
0.017005996312945 [0.00598990637809] [0.0280220862478]
0.017005996312945 [0.00598990637809] [0.0280220862478]
0.017005996312945 [0.00598990637809] [0.0280220862478]
0.017005996312945 [0.00598990637809] [0.0280220862478]
0.017005996312945 [0.00598990637809] [0.0280220862478]
0.017005996312945 [0.00598990637809] [0.0280220862478]
0.017005996312945 [0.00598990637809] [0.0280220862478]
0.017005996312945 [0.00598990637809] [0.0280220862478]
0.017005996312945 [0.00598990637809] [0.0280220862478]
0.017005996312945 [0.00598990637809] [0.0280220862478]
0.017005996312945 [0.00598990637809] [0.0280220862478]
0.017005996312945 [0.00598990637809] [0.0280220862478]
0.017005996312945 [0.00598990637809] [0.0280220862478]
0.017005996312945 [0.00598990637809] [0.0280220862478]
0.017005996312945 [0.00598990637809] [0.0280220862478]
0.017005996312945 [0.00598990637809] [0.0280220862478]
0.017005996312945 [0.00598990637809] [0.0280220862478]
0.017005996312945 [0.00598990637809] [0.0280220862478]
0.017005996312945 [0.00598990637809] [0.0280220862478]
0.017005996312945 [0.00598990637809] [0.0280220862478]
0.017005996312945 [0.00598990637809] [0.0280220862478]
0.028313829097895 [0.00598990637809] [0.0506377518177]
0.029451111797245 [0.00598990637809] [0.0529123172164]
0.030676962342135003 [0.00859015714377] [0.0527637675405]
0.033881952054800005 [0.0172912310809] [0.0504726730287]
0.0333158746362 [0.0192957669497] [0.0473359823227]
0.032400230877100006 [0.0203615035862] [0.044438958168]
0.0311585376039 [0.0207571964711] [0.0415598787367]
0.029973558150250004 [0.0209981855005] [0.0389489308]
0.029032004065799998 [0.0213665049523] [0.0366975031793]
0.02842135354875 [0.0219147093594] [0.0349279977381]
0.028040535748 [0.0225363261998] [0.0335447452962]
0.027699708007250003 [0.0230473373085] [0.032352078706]
0.02724670711905 [0.023381145671] [0.0311122685671]
0.02656644489615 [0.0236053932458] [0.0295274965465]
0.0254266578704 [0.0239207241684] [0.0269325915724]
0.0289347106591 [0.0331592261791] [0.0247101951391]
0.029306175187200002 [0.0363733693957] [0.0222389809787]
0.0279385438189 [0.0358260311186] [0.0200510565192]
0.0268890876323 [0.0351489074528] [0.0186292678118]
0.026471638120699997 [0.0350041501224] [0.017939126119]
0.0270689064637 [0.0361652970314] [0.017972515896]
0.02855088468645 [0.0388679467142] [0.0182338226587]
0.03072126954795 [0.0428643487394] [0.0185781903565]
0.03395108226685 [0.0478974319994] [0.0200047325343]
0.0374484574422 [0.053424783051] [0.0214721318334]
0.040856695733949996 [0.0588766410947] [0.0228367503732]
0.04376191832125 [0.0640310868621] [0.0234927497804]
0.047072271816450004 [0.0697033852339] [0.024441158399]
0.05149201955645 [0.0766177102923] [0.0263663288206]
