M B1 B2
0.04778277128935 [0.0316817834973] [0.0638837590814]
0.0475415363908 [0.0311993137002] [0.0638837590814]
0.04770973324779999 [0.0315357074142] [0.0638837590814]
0.04820449091494999 [0.0325252227485] [0.0638837590814]
0.048846697434799996 [0.0338096357882] [0.0638837590814]
0.04947485215965 [0.0350659452379] [0.0638837590814]
0.0499092657119 [0.0359347723424] [0.0638837590814]
0.0497336089611 [0.0355834588408] [0.0638837590814]
0.0496774055064 [0.0354710519314] [0.0638837590814]
0.04990950413049999 [0.0359352491796] [0.0638837590814]
0.05067944712939999 [0.0374751351774] [0.0638837590814]
0.0522872041911 [0.0406906493008] [0.0638837590814]
0.055000936612499995 [0.0461181141436] [0.0638837590814]
0.0587019994855 [0.0535202398896] [0.0638837590814]
0.06267825700345 [0.0614727549255] [0.0638837590814]
0.065677408129 [0.0674710571766] [0.0638837590814]
0.067132987082 [0.0703822150826] [0.0638837590814]
0.06769456714395 [0.0715053752065] [0.0638837590814]
0.06769456714395 [0.0715053752065] [0.0638837590814]
0.06769456714395 [0.0715053752065] [0.0638837590814]
0.06769456714395 [0.0715053752065] [0.0638837590814]
0.06769456714395 [0.0715053752065] [0.0638837590814]
0.06769456714395 [0.0715053752065] [0.0638837590814]
0.06769456714395 [0.0715053752065] [0.0638837590814]
0.06769456714395 [0.0715053752065] [0.0638837590814]
0.06769456714395 [0.0715053752065] [0.0638837590814]
0.06769456714395 [0.0715053752065] [0.0638837590814]
0.05422135442495 [0.0445589497685] [0.0638837590814]
0.0530144162476 [0.0421450734138] [0.0638837590814]
0.052241234108799994 [0.0405987091362] [0.0638837590814]
0.05188767239455 [0.0398915857077] [0.0638837590814]
0.05194479972125 [0.0400058403611] [0.0638837590814]
0.05256179347635 [0.0412398278713] [0.0638837590814]
0.05385879054665 [0.0438338220119] [0.0638837590814]
0.055511219427 [0.0471386797726] [0.0638837590814]
0.05698805861175 [0.0500923581421] [0.0638837590814]
0.0575463175774 [0.0512088760734] [0.0638837590814]
0.05707050673665 [0.0502572543919] [0.0638837590814]
0.05592532083394999 [0.0479668825865] [0.0638837590814]
0.055680828168999996 [0.0474778972566] [0.0638837590814]
0.0548007693142 [0.045717779547] [0.0638837590814]
0.0546029414982 [0.045322123915] [0.0638837590814]
0.0553610660136 [0.0468383729458] [0.0638837590814]
0.0324196103029 [0.0500900372863] [0.0147491833195]
0.03470358671625 [0.0546265393496] [0.0147806340829]
0.03756364854055 [0.0602520257235] [0.0148752713576]
0.04009359236805 [0.0652804598212] [0.0149067249149]
0.0415130760521 [0.0684426352382] [0.014583516866]
0.041368386708200006 [0.0687701106071] [0.0139666628093]
0.039963178336649995 [0.066530905664] [0.0133954510093]
0.03862117277455 [0.0645046085119] [0.0127377370372]
0.0389015083201 [0.065065279603] [0.0127377370372]
0.040996764320850004 [0.0692557916045] [0.0127377370372]
0.0436863717623 [0.0746350064874] [0.0127377370372]
0.043590736109750006 [0.0744437351823] [0.0127377370372]
0.0386315556243 [0.0647344589233] [0.0125286523253]
0.03236386505885 [0.0527761541307] [0.011951575987]
0.027645862195650003 [0.0439324006438] [0.0113593237475]
0.02467304095625 [0.0384854674339] [0.0108606144786]
0.0225698617287 [0.0350919105113] [0.0100478129461]
0.02102249767629 [0.0328830145299] [0.00916198082268]
0.01979598961773 [0.0314432419837] [0.00814873725176]
0.01941841933878 [0.0306881014258] [0.00814873725176]
0.01927620172503 [0.0304036661983] [0.00814873725176]
0.01924541499468 [0.0303420927376] [0.00814873725176]
0.01921073347328 [0.0302727296948] [0.00814873725176]
0.01914441399278 [0.0301400907338] [0.00814873725176]
0.01926598325373 [0.0303832292557] [0.00814873725176]
0.01970096118748 [0.0312531851232] [0.00814873725176]
0.020757103338829998 [0.0333654694259] [0.00814873725176]
0.02298464998603 [0.0378205627203] [0.00814873725176]
0.027302049100379998 [0.046455360949] [0.00814873725176]
0.03496813960373 [0.0617875419557] [0.00814873725176]
0.047140967100880005 [0.08613319695] [0.00814873725176]
0.06261986494088 [0.11709099263] [0.00814873725176]
0.07552759721888 [0.142906457186] [0.00814873725176]
0.08296668156987999 [0.157784625888] [0.00814873725176]
0.08705355599537999 [0.165958374739] [0.00814873725176]
0.09063817933188 [0.173127621412] [0.00814873725176]
0.09655242785788 [0.184956118464] [0.00814873725176]
0.10660665109737999 [0.205064564943] [0.00814873725176]
0.12154502049087999 [0.23494130373] [0.00814873725176]
0.14057298377138 [0.272997230291] [0.00814873725176]
0.15893066301938 [0.309712588787] [0.00814873725176]
0.17256391420938 [0.336979091167] [0.00814873725176]
0.18053034320488 [0.352911949158] [0.00814873725176]
0.18406640365738 [0.359984070063] [0.00814873725176]
0.18501638248538002 [0.361884027719] [0.00814873725176]
0.18469414487488 [0.361239552498] [0.00814873725176]
0.18080026283838002 [0.353451788425] [0.00814873725176]
0.16590872779488 [0.323668718338] [0.00814873725176]
0.14298402145488 [0.277819305658] [0.00814873725176]
0.12180246785288 [0.235456198454] [0.00814873725176]
0.10292585566637999 [0.197702974081] [0.00814873725176]
0.08500095084288 [0.161853164434] [0.00814873725176]
0.06625311449188 [0.124357491732] [0.00814873725176]
0.04925975203513 [0.0903707668185] [0.00814873725176]
0.03694023936988 [0.065731741488] [0.00814873725176]
0.02936698868873 [0.0505852401257] [0.00814873725176]
0.02503468096258 [0.0419206246734] [0.00814873725176]
0.022708714008329998 [0.0372686907649] [0.00814873725176]
0.02155205979943 [0.0349553823471] [0.00814873725176]
0.023156745824949997 [0.0337340310216] [0.0125794606283]
0.0226955269463 [0.0326956696808] [0.0126953842118]
0.0223093763925 [0.0316928587854] [0.0129258939996]
0.022055203095049998 [0.0307578537613] [0.0133525524288]
0.0220043184236 [0.0301405452192] [0.013868091628]
0.02248445013535 [0.0300080142915] [0.0149608859792]
0.02240049513055 [0.0306908432394] [0.0141101470217]
0.024371011182649997 [0.0322670564055] [0.0164749659598]
0.02672076877205 [0.0350077077746] [0.0184338297695]
0.0295145753771 [0.0394672974944] [0.0195618532598]
0.03325171023605 [0.0466742031276] [0.0198292173445]
0.03867136035115 [0.0577385053039] [0.0196042153984]
0.046205624938 [0.0734708756208] [0.0189403742552]
0.05682284291835 [0.0923610106111] [0.0212846752256]
0.06779119279225 [0.112129807472] [0.0234525781125]
0.08007885236314999 [0.135232791305] [0.0249249134213]
0.09119884483505 [0.161455273628] [0.0209424160421]
0.10226839035765 [0.185115322471] [0.0194214582443]
0.11095155123605 [0.203110054135] [0.0187930483371]
0.1152624571696 [0.212086647749] [0.0184382665902]
0.1156733557582 [0.213581725955] [0.0177649855614]
0.113950178027 [0.21136406064] [0.016536295414]
0.11056905565785001 [0.206274792552] [0.0148633187637]
0.10716219246405 [0.20116019249] [0.0131641924381]
0.10463396692625 [0.197298392653] [0.0119695411995]
0.1027063759974 [0.1941062361] [0.0113065158948]
0.10205257823694999 [0.193242147565] [0.0108630089089]
0.10254482366154999 [0.194536149502] [0.0105534978211]
0.10236854292455 [0.194183588028] [0.0105534978211]
0.09970711357904999 [0.188860729337] [0.0105534978211]
0.09433266706754999 [0.178111836314] [0.0105534978211]
0.0871119042858 [0.163847580552] [0.0103762280196]
0.07957702316361501 [0.149184957147] [0.00996908918023]
0.072843969799815 [0.136383324862] [0.00930461473763]
0.06699212361137 [0.125284612179] [0.00869963504374]
0.06223989743723 [0.116139695048] [0.00834009982646]
0.05810428503923 [0.107868470252] [0.00834009982646]
0.05457045603523 [0.100800812244] [0.00834009982646]
0.05255391169338 [0.0967677235603] [0.00834009982646]
0.05252883303913 [0.0967175662518] [0.00834009982646]
0.0583093557507 [0.0994011536241] [0.0172175578773]
0.05889084935175 [0.101406894624] [0.0163748040795]
0.05810960382204999 [0.100331149995] [0.0158880576491]
0.05535181006415 [0.0950949862599] [0.0156086338684]
0.0508773997426 [0.0865666940808] [0.0151881054044]
0.0457912408747 [0.0771424248815] [0.0144400568679]
0.04161540186035 [0.0697355717421] [0.0134952319786]
0.0389332706109 [0.0652836635709] [0.0125828776509]
0.0375808198005 [0.0632115900517] [0.0119500495493]
