M B1 B2
0.022110929247 [0.0316062308848] [0.0126156276092]
0.02496143011375 [0.0373072326183] [0.0126156276092]
0.02878278074785 [0.0449499338865] [0.0126156276092]
0.0330686955713 [0.0535217635334] [0.0126156276092]
0.03652992798015 [0.0604442283511] [0.0126156276092]
0.0384664121084 [0.0643171966076] [0.0126156276092]
0.0390440444462 [0.0654724612832] [0.0126156276092]
0.03772263927385 [0.0628296509385] [0.0126156276092]
0.0291517782025 [0.0456879287958] [0.0126156276092]
0.0205490109511 [0.028482394293] [0.0126156276092]
0.0203065923415 [0.0279975570738] [0.0126156276092]
0.02011983981355 [0.0276240520179] [0.0126156276092]
0.01997268619015 [0.0273297447711] [0.0126156276092]
0.0198490829207 [0.0270825382322] [0.0126156276092]
0.01971294218675 [0.0268102567643] [0.0126156276092]
0.0195276294835 [0.0264396313578] [0.0126156276092]
0.01925350306555 [0.0258913785219] [0.0126156276092]
0.01886387960985 [0.0251121316105] [0.0126156276092]
0.01839231094345 [0.0241689942777] [0.0126156276092]
0.01789655769245 [0.0231774877757] [0.0126156276092]
0.01741187786685 [0.0222081281245] [0.0126156276092]
0.01741187786685 [0.0222081281245] [0.0126156276092]
0.01741187786685 [0.0222081281245] [0.0126156276092]
0.01741187786685 [0.0222081281245] [0.0126156276092]
0.01741187786685 [0.0222081281245] [0.0126156276092]
0.01741187786685 [0.0222081281245] [0.0126156276092]
0.01741187786685 [0.0222081281245] [0.0126156276092]
0.01741187786685 [0.0222081281245] [0.0126156276092]
0.0260339546949 [0.0222081281245] [0.0298597812653]
0.0634482745081 [0.0929448381066] [0.0339517109096]
0.07209828868505 [0.107087612152] [0.0371089652181]
0.0795752964916 [0.121022112668] [0.0381284803152]
0.0852307546882 [0.132653713226] [0.0378077961504]
0.0888923518362 [0.140885457397] [0.0368992462754]
0.090561915189 [0.145109668374] [0.036014162004]
0.09049937501550001 [0.144984588027] [0.036014162004]
0.08826540783049999 [0.140516653657] [0.036014162004]
0.08398887887600001 [0.131963595748] [0.036014162004]
0.0778398774565 [0.119665592909] [0.036014162004]
0.071305397898 [0.106596633792] [0.036014162004]
0.06833891570565001 [0.0956150218844] [0.0410628095269]
0.06758400239055 [0.090568125248] [0.0445998795331]
0.0669192392379 [0.088421612978] [0.0454168654978]
0.0664112586528 [0.0881840437651] [0.0446384735405]
0.0655736047775 [0.088475689292] [0.042671520263]
0.0633199159056 [0.0863357707858] [0.0403040610254]
0.06176396645604999 [0.0832238718867] [0.0403040610254]
0.060261098668 [0.0802181363106] [0.0403040610254]
0.05862439610065 [0.0769447311759] [0.0403040610254]
0.05758296512069999 [0.074861869216] [0.0403040610254]
0.05720334686339999 [0.0741026327014] [0.0403040610254]
0.05662063509225 [0.0748632848263] [0.0383779853582]
0.05873176455495 [0.077317841351] [0.0401456877589]
0.06112990155815 [0.0816102921963] [0.04064951092]
0.06362835504115 [0.0880904495716] [0.0391662605107]
0.06675108149645001 [0.097342595458] [0.0361595675349]
0.0694645270706 [0.106277279556] [0.0326517745852]
0.07032342813925001 [0.111240372062] [0.0294064842165]
0.07107830233875 [0.112750120461] [0.0294064842165]
0.06980339251475 [0.110200300813] [0.0294064842165]
0.06622239761075 [0.103038311005] [0.0294064842165]
0.062089478597049996 [0.0947724729776] [0.0294064842165]
0.05772547237575 [0.086044460535] [0.0294064842165]
0.05230824649335 [0.0772275552154] [0.0273889377713]
0.048157501034450004 [0.0699471756816] [0.0263678263873]
0.045139880850900004 [0.0650322437286] [0.0252475179732]
0.0425518490374 [0.0623651631176] [0.0227385349572]
0.03989409841595 [0.0611940510571] [0.0185941457748]
0.037724367342899995 [0.0609317570925] [0.0145169775933]
0.037796872667949996 [0.0610767677426] [0.0145169775933]
0.037852413021049996 [0.0611878484488] [0.0145169775933]
0.0374824339524 [0.0604478903115] [0.0145169775933]
0.03644018713385 [0.0583633966744] [0.0145169775933]
0.035411822609600005 [0.0563066676259] [0.0145169775933]
0.035407110117349996 [0.0562972426414] [0.0145169775933]
0.035516317002450004 [0.0565156564116] [0.0145169775933]
0.03519969899205 [0.0558824203908] [0.0145169775933]
0.03382975701245 [0.0531425364316] [0.0145169775933]
0.03123504389075 [0.0479531101882] [0.0145169775933]
0.02882997412235 [0.0431429706514] [0.0145169775933]
0.02707922738045 [0.0396414771676] [0.0145169775933]
0.02626147214325 [0.0380059666932] [0.0145169775933]
0.026452283374949998 [0.0383875891566] [0.0145169775933]
0.0273335101083 [0.0401500426233] [0.0145169775933]
0.028520767577 [0.0425245575607] [0.0145169775933]
0.0295846099034 [0.0446522422135] [0.0145169775933]
0.0303316852078 [0.0461463928223] [0.0145169775933]
0.0307050095871 [0.0468930415809] [0.0145169775933]
0.0306835724041 [0.0468501672149] [0.0145169775933]
0.0304949199781 [0.0464728623629] [0.0145169775933]
0.03046759869905 [0.0464182198048] [0.0145169775933]
0.0309404293075 [0.0473638810217] [0.0145169775933]
0.032065871171649996 [0.04961476475] [0.0145169775933]
0.034130328334849996 [0.0537436790764] [0.0145169775933]
0.0372185697779 [0.0599201619625] [0.0145169775933]
0.041012770496300005 [0.0675085633993] [0.0145169775933]
0.044870304875050004 [0.0752236321568] [0.0145169775933]
0.0476852012798 [0.0808534249663] [0.0145169775933]
0.048766831867399996 [0.0830166861415] [0.0145169775933]
0.04888887982815 [0.083260782063] [0.0145169775933]
0.04950582887975 [0.0844946801662] [0.0145169775933]
0.051074783317750005 [0.0876325890422] [0.0145169775933]
0.053708559833450006 [0.0929001420736] [0.0145169775933]
0.05603459384289999 [0.0975522100925] [0.0145169775933]
0.056231996975850004 [0.0979470163584] [0.0145169775933]
0.0544858975336 [0.0944548174739] [0.0145169775933]
0.05188093241305 [0.0892448872328] [0.0145169775933]
