0.0954913422467 [0.113343983889] [0.0776387006044]
0.08681247755885 [0.104687564075] [0.0689373910427]
0.07893607765435 [0.0959765091538] [0.0618956461549]
0.07300752215084999 [0.0882654264569] [0.0577496178448]
0.06776987388729999 [0.0801481604576] [0.055391587317]
0.06254433095455 [0.0710594877601] [0.054029174149]
0.057616051286450004 [0.0623326897621] [0.0528994128108]
0.053671225905449996 [0.0556111671031] [0.0517312847078]
0.05086851119995 [0.0510047450662] [0.0507322773337]
0.0493577215821 [0.0484129339457] [0.0503025092185]
0.0492638461292 [0.047449849546] [0.0510778427124]
0.0502796228975 [0.0476043224335] [0.0529549233615]
0.0518346391618 [0.0483538471162] [0.0553154312074]
0.05345029197635 [0.0492970533669] [0.0576035305858]
0.0551855787635 [0.0505766645074] [0.0597944930196]
0.05760900862515 [0.052324142307] [0.0628938749433]
0.06125337816775 [0.0545146651566] [0.0679920911789]
0.06557406112555 [0.0562581419945] [0.0748899802566]
0.06900810822845001 [0.0563025549054] [0.0817136615515]
0.07132207602265 [0.0545111075044] [0.0881330445409]
0.0736077874899 [0.0520418956876] [0.0951736792922]
0.07677965238685 [0.0501622259617] [0.103397078812]
0.0822783447803 [0.0496346503496] [0.114922039211]
0.09047242067775 [0.0504692308605] [0.130475610495]
0.09967815875984999 [0.0517722070217] [0.147584110498]
0.10637202672665 [0.0522258989513] [0.160518154502]
0.10862788185475 [0.0513193532825] [0.165936410427]
0.10783772170565 [0.0494094341993] [0.166266009212]
0.1061023790388 [0.0477945543826] [0.164410203695]
0.10213262029 [0.046070639044] [0.158194601536]
0.09644214808934999 [0.0440703630447] [0.148813933134]
0.08903953805584999 [0.0415703877807] [0.136508688331]
0.08077188394945 [0.0388689823449] [0.122674785554]
0.07302631624045 [0.0365924499929] [0.109460182488]
0.0681135412303 [0.0355385802686] [0.100688502192]
0.06803072430195001 [0.0364249162376] [0.0996365323663]
0.07038939371725 [0.0395144969225] [0.101264290512]
0.07277538627374999 [0.0438819006085] [0.101668871939]
0.07234784401950001 [0.0474256686866] [0.0972700193524]
0.0713222101331 [0.0490768775344] [0.0935675427318]
0.07112422771755 [0.0499022342265] [0.0923462212086]
0.0717806741595 [0.0511411875486] [0.0924201607704]
0.0725525654852 [0.0526349842548] [0.0924701467156]
0.07375657372175 [0.0556873567402] [0.0918257907033]
0.07573886215685 [0.0605037808418] [0.0909739434719]
0.07852102071045 [0.0658747628331] [0.0911672785878]
0.08279563486575 [0.0723974779248] [0.0931937918067]
0.0892377793789 [0.0814369544387] [0.0970386043191]
0.09843949228545 [0.0933398678899] [0.103539116681]
0.108832407743 [0.106782779098] [0.110882036388]
0.1170189380645 [0.118275761604] [0.115762114525]
0.122669611126 [0.125711098313] [0.119628123939]
0.125514727086 [0.127758190036] [0.123271264136]
0.124503597617 [0.123417705297] [0.125589489937]
0.11970637738699999 [0.114427343011] [0.124985411763]
0.1130765452985 [0.103209458292] [0.122943632305]
0.10741119831814999 [0.0937087982893] [0.121113598347]
0.10411489009855 [0.0874478369951] [0.120781943202]
0.1031833514569 [0.0833798795938] [0.12298682332]
0.10409761592734999 [0.0806595161557] [0.127535715699]
0.10534305870534999 [0.0776298493147] [0.133056268096]
0.10630010068415 [0.0743802785873] [0.138219922781]
0.1064460091291 [0.0712629631162] [0.141629055142]
0.10747081413845 [0.0696291998029] [0.145312428474]
0.1095759794118 [0.0697304457426] [0.149421513081]
0.11215478554354999 [0.0704286620021] [0.153880909085]
0.11424389481545 [0.0716089010239] [0.156878888607]
0.11666676774645 [0.0745210722089] [0.158812463284]
0.11883407458680001 [0.0797155722976] [0.157952576876]
0.12153429165495 [0.0872004851699] [0.15586809814]
0.1240836195648 [0.0949700698256] [0.153197169304]
0.1243431344625 [0.100335091352] [0.148351177573]
0.122640069574 [0.101825363934] [0.143454775214]
0.12037839368 [0.100238658488] [0.140518128872]
0.1186433695259 [0.0974497571588] [0.139836981893]
0.11831086874025 [0.0951822549105] [0.14143948257]
0.11917617172025 [0.0948185920715] [0.143533751369]
0.12102304398995001 [0.0975444763899] [0.14450161159]
0.12210513278849999 [0.101232863963] [0.142977401614]
0.12119635194549999 [0.103780657053] [0.138612046838]
0.11793577671050001 [0.103978186846] [0.131893366575]
0.1125384233895 [0.101606614888] [0.123470231891]
0.10805546492345 [0.0980491191149] [0.118061810732]
0.10591251775640001 [0.0949015840888] [0.116923451424]
0.10547973960655 [0.0926592797041] [0.118300199509]
0.106153752655 [0.090782918036] [0.121524587274]
0.1080709882083 [0.0898029878736] [0.126338988543]
0.11163874715585 [0.0906803309917] [0.13259716332]
0.11668011173619999 [0.0937136635184] [0.139646559954]
0.12250879406925 [0.0986646562815] [0.146352931857]
0.1282724291085 [0.104561552405] [0.151983305812]
0.1330492012205 [0.110041461885] [0.156056940556]
0.1360796168445 [0.112988620996] [0.159170612693]
0.1383126191795 [0.114449642599] [0.16217559576]
0.140202388167 [0.113762542605] [0.166642233729]
0.1421440988775 [0.11110971868] [0.173178479075]
0.144505724311 [0.106870800257] [0.182140648365]
0.1473223529755 [0.102552704513] [0.192092001438]
0.1510645933451 [0.0988261774182] [0.203303009272]
0.15388845652355 [0.0957183837891] [0.212058529258]
0.1533822119235 [0.093381896615] [0.213382527232]
0.15220709145055 [0.0922232270241] [0.212190955877]
0.15139714255945 [0.0925796255469] [0.210214659572]
0.1505240574477 [0.0943121761084] [0.206735938787]
0.1486536785961 [0.0973856002092] [0.199921756983]
0.1450630277395 [0.101319566369] [0.18880648911]
0.142020508647 [0.103800863028] [0.180240154266]
0.1399107202885 [0.104653507471] [0.175167933106]
0.1384939588605 [0.10392319411] [0.173064723611]
0.138628665358 [0.103723309934] [0.173534020782]
0.1390692442655 [0.104343280196] [0.173795208335]
0.1414938606325 [0.106997318566] [0.175990402699]
0.1449845694005 [0.111520670354] [0.178448468447]
0.1470676884055 [0.116738602519] [0.177396774292]
0.146381765604 [0.12031814456] [0.172445386648]
0.14500873163300002 [0.123265869915] [0.166751593351]
0.14351493492700002 [0.124760650098] [0.162269219756]
0.1424859166145 [0.125424474478] [0.159547358751]
0.140662390739 [0.122729070485] [0.158595710993]
0.139450542629 [0.11951674521] [0.159384340048]
0.139962282032 [0.118205152452] [0.161719411612]
0.142806112766 [0.118544220924] [0.167068004608]
0.1446254588665 [0.117455534637] [0.171795383096]
0.1410874836145 [0.110348649323] [0.171826317906]
0.1313032470644 [0.0983253791928] [0.164281114936]
0.1191333308816 [0.0857428312302] [0.152523830533]
0.1090366207065 [0.076135225594] [0.141938015819]
0.10336027666945 [0.0706239715219] [0.136096581817]
0.10243229940529999 [0.0685872510076] [0.136277347803]
0.10436491295695 [0.0686838850379] [0.140045940876]
0.107069477439 [0.069652736187] [0.144486218691]
0.1103267557919 [0.0705888345838] [0.150064677]
0.11448496207605 [0.0714817717671] [0.157488152385]
0.1192623823883 [0.0725343227386] [0.165990442038]
0.12252809479845 [0.0742161944509] [0.170839995146]
0.12235758453625001 [0.0764980614185] [0.168217107654]
0.1202601268888 [0.0786271989346] [0.161893054843]
0.11885746940955 [0.0809217169881] [0.156793221831]
0.11907477676895001 [0.0841304212809] [0.154019132257]
0.1210365965961 [0.0890863835812] [0.152986809611]
0.12357113882910001 [0.0959015712142] [0.151240706444]
0.1268954277035 [0.102820679545] [0.150970175862]
0.1292182095345 [0.106864340603] [0.151572078466]
0.128316197544 [0.106045864522] [0.150586530566]
0.124746415764 [0.102076508105] [0.147416323423]
0.1199508644639 [0.0980998203158] [0.141801908612]
0.1148280687629 [0.0958476439118] [0.133808493614]
0.10966209694725 [0.0947607159615] [0.124563477933]
0.10462142899655 [0.0921055004001] [0.117137357593]
0.09959931299115 [0.0879750028253] [0.111223623157]
0.0952720232306 [0.0830026045442] [0.107541441917]
0.09149506688125 [0.0768567323685] [0.106133401394]
0.0881721302867 [0.0710493028164] [0.105294957757]
0.08573097735650001 [0.067153275013] [0.1043086797]
