0.1827539876105 [0.25772151351] [0.107786461711]
0.184491213411 [0.261411219835] [0.107571206987]
0.1877600476145 [0.266390174627] [0.109129920602]
0.19317369163 [0.272987157106] [0.113360226154]
0.200047723949 [0.279571831226] [0.120523616672]
0.202827397734 [0.28251478076] [0.123140014708]
0.197176080197 [0.276753395796] [0.117598764598]
0.182064808905 [0.258410364389] [0.105719253421]
0.1621783487499 [0.232379898429] [0.0919767990708]
0.14046286791575 [0.201660320163] [0.0792654156685]
0.11781467124834999 [0.1682536304] [0.0673757120967]
0.09496218338615 [0.133043691516] [0.0568806752563]
0.07388304919005 [0.0993235856295] [0.0484425127506]
0.0571350865066 [0.072226524353] [0.0420436486602]
0.0462017469108 [0.0551356635988] [0.0372678302228]
0.04040560498835 [0.0463485904038] [0.0344626195729]
0.03747988492255 [0.0420659705997] [0.0328937992454]
0.03604510612785 [0.0400937013328] [0.0319965109229]
0.035468237474549996 [0.0396755747497] [0.0312609001994]
0.03570951800795 [0.0407374016941] [0.0306816343218]
0.03633061237635 [0.0425765402615] [0.0300846844912]
0.0373584860936 [0.0450272895396] [0.0296896826476]
0.0393813876435 [0.0490331798792] [0.0297295954078]
0.04300098866225 [0.0558038279414] [0.0301981493831]
0.048181432299300005 [0.0653865337372] [0.0309763308614]
0.0542228166014 [0.0764301791787] [0.0320154540241]
0.060812830925 [0.0878541991115] [0.0337714627385]
0.0693700537088 [0.100989915431] [0.0377501919866]
0.08226726949235 [0.118300840259] [0.0462336987257]
0.1008802186699 [0.140696898103] [0.0610635392368]
0.12100006267444999 [0.162458404899] [0.0795417204499]
0.13261295482524998 [0.171305626631] [0.0939202830195]
0.1360309384765 [0.16821192205] [0.103849954903]
0.1356637589635 [0.160273835063] [0.111053682864]
0.1360710673035 [0.153200954199] [0.118941180408]
0.1375857740645 [0.145718634129] [0.129452914]
0.1397694945335 [0.137793019414] [0.141745969653]
0.14212634414449998 [0.129896104336] [0.154356583953]
0.141369443387 [0.119735233486] [0.163003653288]
0.135231345892 [0.108239501715] [0.162223190069]
0.12573967501515 [0.0977730825543] [0.153706267476]
0.1147807016969 [0.0892615318298] [0.140299871564]
0.105646867305 [0.083609379828] [0.127684354782]
0.09967021271575 [0.0813805907965] [0.117959834635]
0.09664894640435001 [0.0826229974627] [0.110674895346]
0.09520499780755 [0.0856059193611] [0.104804076254]
0.0945413820446 [0.0891629159451] [0.0999198481441]
0.09426756203174999 [0.093610830605] [0.0949242934585]
0.09500991553070001 [0.0989283397794] [0.091091491282]
0.0961698554457 [0.103987298906] [0.0883524119854]
0.0976097397507 [0.108600087464] [0.0866193920374]
0.09903432801355 [0.112419106066] [0.0856495499611]
0.10014192014915 [0.115077897906] [0.0852059423923]
0.09898801520469999 [0.114300750196] [0.0836752802134]
0.09365879744295 [0.107668183744] [0.0796494111419]
0.084721211344 [0.0959192290902] [0.0735231935978]
0.0746429115534 [0.0830656811595] [0.0662201419473]
0.06615709327159999 [0.0727048665285] [0.0596093200147]
0.060315812006599995 [0.0661132410169] [0.0545183829963]
0.0567665360868 [0.0626125708222] [0.0509205013514]
0.05438906885685 [0.0602411366999] [0.0485370010138]
0.052692450583 [0.0584945417941] [0.0468903593719]
0.05110725574195 [0.0568302534521] [0.0453842580318]
0.04911722429095 [0.054663721472] [0.0435707271099]
0.04686690494415 [0.0525391362607] [0.0411946736276]
0.04437607899305 [0.05050984025] [0.0382423177361]
0.0419584773481 [0.0488081611693] [0.0351087935269]
0.0397964436561 [0.0471983924508] [0.0323944948614]
0.0384578378871 [0.0461714863777] [0.0307441893965]
0.03855658043175 [0.0464175827801] [0.0306955780834]
0.0404770411551 [0.0484623797238] [0.0324917025864]
0.0439333040267 [0.0523982308805] [0.0354683771729]
0.04850684478875 [0.0578256808221] [0.0391880087554]
0.05297742784025 [0.0631664320827] [0.0427884235978]
0.056356908753499996 [0.0666196271777] [0.0460941903293]
0.057635968551 [0.0666738376021] [0.0485980994999]
0.0560946147889 [0.0633023232222] [0.0488869063556]
0.0526475124061 [0.0579339414835] [0.0473610833287]
0.049234496429549995 [0.052882373333] [0.0455866195261]
0.04710013233125 [0.0493218153715] [0.044878449291]
0.046619448810800004 [0.0475917942822] [0.0456471033394]
0.0475036446005 [0.0475983060896] [0.0474089831114]
0.0490696132183 [0.0489023141563] [0.0492369122803]
0.0503662005067 [0.0505877174437] [0.0501446835697]
0.05062744393945 [0.0513728186488] [0.0498820692301]
0.0493515618145 [0.0501271821558] [0.0485759414732]
0.047027140855799995 [0.0470122024417] [0.0470420792699]
0.04465452209115 [0.0433334074914] [0.0459756366909]
0.04322323203085 [0.0401877053082] [0.0462587587535]
0.04278295114635 [0.038244985044] [0.0473209172487]
0.043427625671050005 [0.0380462519825] [0.0488089993596]
0.0449649300426 [0.0398350432515] [0.0500948168337]
0.04749686829745 [0.0436278767884] [0.0513658598065]
0.05065749399365 [0.0487524829805] [0.0525625050068]
0.0542453080416 [0.0539794638753] [0.0545111522079]
0.05721004493535 [0.0583223067224] [0.0560977831483]
0.0587786026299 [0.0611823834479] [0.0563748218119]
0.0590203944594 [0.0627069845796] [0.0553338043392]
0.0582541432232 [0.0635194629431] [0.0529888235033]
0.056506192311649994 [0.0635225996375] [0.0494897849858]
0.0549122467637 [0.0639014542103] [0.0459230393171]
0.0543524697423 [0.0658569931984] [0.0428479462862]
0.05520570091905 [0.0698878839612] [0.0405235178769]
0.057528058066949994 [0.0761554837227] [0.0389006324112]
0.05977733433245 [0.081818126142] [0.0377365425229]
0.0604800283909 [0.0838135182858] [0.037146538496]
0.059520741924650004 [0.0817135348916] [0.0373279489577]
0.05763174034655 [0.0774387270212] [0.0378247536719]
0.0563913397491 [0.0740474015474] [0.0387352779508]
0.05567429959775 [0.0717090889812] [0.0396395102143]
0.0554995331913 [0.0704506188631] [0.0405484475195]
0.055838534608499996 [0.0696782022715] [0.0419988669455]
0.0567683521658 [0.0691210404038] [0.0444156639278]
0.05873863585295 [0.0690949186683] [0.0483823530376]
0.0626003462821 [0.07006919384] [0.0551314987242]
0.069494176656 [0.072095349431] [0.066893003881]
0.0798356086016 [0.0747386142612] [0.084932602942]
0.0926097705958 [0.0760105252266] [0.109209015965]
0.10259366780545 [0.0770852863789] [0.128102049232]
0.10630093142409999 [0.0765544697642] [0.136047393084]
0.10797164216630001 [0.0788296088576] [0.137113675475]
0.1102842949333 [0.0833263769746] [0.137242212892]
0.11389972642065 [0.0886338427663] [0.139165610075]
0.1184489242733 [0.0922914519906] [0.144606396556]
0.12207992747429999 [0.0928229019046] [0.151336953044]
0.12256332859399999 [0.09048063308] [0.154646024108]
0.11883549764765 [0.0857417806983] [0.151929214597]
0.10993361845615 [0.0788403972983] [0.141026839614]
0.0982720293107 [0.0707064792514] [0.12583757937]
0.08617296814924999 [0.0633700713515] [0.108975864947]
0.07601471990345 [0.0581173673272] [0.0939120724797]
0.06865784153345 [0.0550481453538] [0.0822675377131]
0.063584914431 [0.053768131882] [0.07340169698]
0.0605148859322 [0.0535907447338] [0.0674390271306]
