0.0704224444926 [0.0784037187696] [0.0624411702156]
0.06891946308315 [0.0769123211503] [0.060926605016]
0.06392696127295 [0.0711513608694] [0.0567025616765]
0.052952745929349995 [0.0583014637232] [0.0476040281355]
0.03897696360945 [0.041862308979] [0.0360916182399]
0.02824395243075 [0.0296922922134] [0.0267956126481]
0.02158913854505 [0.0225169640034] [0.0206613130867]
0.018021289259199998 [0.0188907533884] [0.01715182513]
0.01658269809555 [0.0176052562892] [0.0155601399019]
0.01643085246905 [0.0177481621504] [0.0151135427877]
0.0168738393113 [0.0185985527933] [0.0151491258293]
0.01740884175525 [0.0195620004088] [0.0152556831017]
0.017711884342100002 [0.0201647300273] [0.0152590386569]
0.017731579951950002 [0.0203071702272] [0.0151559896767]
0.01766275661065 [0.0201698318124] [0.0151556814089]
0.0176029638387 [0.0200302097946] [0.0151757178828]
0.0177548797801 [0.0201385039836] [0.0153712555766]
0.018241371959449998 [0.0206500664353] [0.0158326774836]
0.0194632727653 [0.0219617672265] [0.0169647783041]
0.022113445214900003 [0.0247003715485] [0.0195265188813]
0.027266107499599998 [0.0299409683794] [0.0245912466198]
0.036235515028249995 [0.0391568094492] [0.0333142206073]
0.0484343599528 [0.0528061501682] [0.0440625697374]
0.057853840291499994 [0.0660203918815] [0.0496872887015]
0.05875171907245 [0.0704977065325] [0.0470057316124]
0.05422273278235 [0.0666969567537] [0.041748508811]
0.05055641382935 [0.0630742684007] [0.038038559258]
0.050073845312 [0.0634157508612] [0.0367319397628]
0.0527365356684 [0.0683063492179] [0.0371667221189]
0.05742097459735 [0.0764147564769] [0.0384271927178]
0.06309397332370001 [0.0860958397388] [0.0400921069086]
0.06791935861109999 [0.0938064754009] [0.0420322418213]
0.07140521891415 [0.0991369560361] [0.0436734817922]
0.07386855781095 [0.103437200189] [0.0442999154329]
0.0748412385581 [0.105519585311] [0.0441628918052]
0.07551618479215 [0.10695527494] [0.0440770946443]
0.07666038349295 [0.108089268208] [0.0452314987779]
0.07877673394985 [0.108587473631] [0.0489659942687]
0.08012709952915001 [0.10392228514] [0.0563319139183]
0.08020406216385001 [0.0930687710643] [0.0673393532634]
0.0798825956881 [0.0798776075244] [0.0798875838518]
0.07852554693819999 [0.0674644485116] [0.0895866453648]
0.07684862799945 [0.0580830611289] [0.09561419487]
0.07450639642775 [0.0513686127961] [0.0976441800594]
0.07151538133625 [0.0460291206837] [0.0970016419888]
0.0672804992646 [0.0410650111735] [0.0934959873557]
0.0620035342872 [0.0371533110738] [0.0868537575006]
0.0562324896455 [0.0345655605197] [0.0778994187713]
0.050076479092200005 [0.0327471978962] [0.0674057602882]
0.044572642073 [0.0312442220747] [0.0579010620713]
0.040392907336349995 [0.0301808789372] [0.0506049357355]
0.0376098230481 [0.0296057537198] [0.0456138923764]
0.0360753508285 [0.0296996776015] [0.0424510240555]
0.0353710111231 [0.0307284072042] [0.040013615042]
0.035588566213849995 [0.0329888164997] [0.038188315928]
0.03652450442315 [0.0366101972759] [0.0364388115704]
0.037855256348849994 [0.0410878024995] [0.0346227101982]
0.0390605498105 [0.0451945364475] [0.0329265631735]
0.03949576616285 [0.0476913973689] [0.0313001349568]
0.0392881389707 [0.0487014763057] [0.0298748016357]
0.03909877315165 [0.0492848753929] [0.0289126709104]
0.03956163674595 [0.0502875894308] [0.0288356840611]
0.0417288672179 [0.0529088936746] [0.0305488407612]
0.046216040849700005 [0.0580616220832] [0.0343704596162]
0.05334162898365 [0.0657505989075] [0.0409326590598]
0.06241251155735 [0.074131116271] [0.0506939068437]
0.0722461044788 [0.0816663354635] [0.0628258734941]
0.0809884890914 [0.087303109467] [0.0746738687158]
0.0865300036967 [0.0900440439582] [0.0830159634352]
