0.0719212386757 [0.0896376147866] [0.0542048625648]
0.07381087541584999 [0.0924555510283] [0.0551661998034]
0.07560777291654999 [0.0953276529908] [0.0558878928423]
0.07471174560485 [0.0934322029352] [0.0559912882745]
0.071696864441 [0.0882262587547] [0.0551674701273]
0.0662274006754 [0.0787495449185] [0.0537052564323]
0.0615706406534 [0.0708535984159] [0.0522876828909]
0.05793394148350001 [0.0646276697516] [0.0512402132154]
0.05542364344 [0.0602809302509] [0.0505663566291]
0.05380767956375 [0.0574120692909] [0.0502032898366]
0.053238058462749996 [0.055858284235] [0.0506178326905]
0.05307857878505 [0.0550860092044] [0.0510711483657]
0.0531869754195 [0.0546914413571] [0.0516825094819]
0.053452339023350004 [0.0544646494091] [0.0524400286376]
0.053857296705249996 [0.0542005747557] [0.0535140186548]
0.05408394150435 [0.0536877289414] [0.0544801540673]
0.054196394979950005 [0.0526995398104] [0.0556932501495]
0.0545671787113 [0.051146492362] [0.0579878650606]
0.055570369586350005 [0.0491804480553] [0.0619602911174]
0.05803052149715 [0.0474375076592] [0.0686235353351]
0.0636161696166 [0.0471020527184] [0.0801302865148]
0.0748846959323 [0.0505944900215] [0.0991749018431]
0.0928129702805 [0.059919834137] [0.125706106424]
0.11129925772549999 [0.074916832149] [0.147681683302]
0.12268719822155 [0.0878716856241] [0.157502710819]
0.1282614096997 [0.0949196219444] [0.161603197455]
0.13332136347915 [0.0997091010213] [0.166933625937]
0.138334184885 [0.103794977069] [0.172873392701]
0.14347480982549998 [0.107599437237] [0.179350182414]
0.1491965278985 [0.112038135529] [0.186354920268]
0.155396364629 [0.116293340921] [0.194499388337]
0.1616598628465 [0.119942940772] [0.203376784921]
0.16777595505100001 [0.123674623668] [0.211877286434]
0.1716503798965 [0.126378655434] [0.216922104359]
0.173470236361 [0.127745211124] [0.219195261598]
0.1718415543435 [0.125353872776] [0.218329235911]
0.1629307083785 [0.118472523987] [0.20738889277]
0.1470614224675 [0.106942817569] [0.187180027366]
0.1265111565589 [0.0933988839388] [0.159623429179]
0.110072493553 [0.081248447299] [0.138896539807]
0.10256119072435001 [0.0721476376057] [0.132974743843]
0.09945482015634999 [0.0662990808487] [0.132610559464]
0.09874306246620002 [0.0628491416574] [0.134636983275]
0.09793409332635 [0.0599276199937] [0.135940566659]
0.09601130709055 [0.0573434308171] [0.134679183364]
0.09305872023084999 [0.0550970882177] [0.131020352244]
0.08982043527085 [0.0530646704137] [0.126576200128]
0.08650000393375 [0.0505201891065] [0.122479818761]
0.08302562497545 [0.0471496172249] [0.118901632726]
0.0793142393231 [0.0433563366532] [0.115272141993]
0.07544557191445 [0.0399750135839] [0.110916130245]
0.07234165072429999 [0.0382658839226] [0.106417417526]
0.07075586356239999 [0.0384245105088] [0.103087216616]
0.07075205072764999 [0.0399900078773] [0.101514093578]
0.07268402166685 [0.0427991114557] [0.102568931878]
0.07713584043105 [0.0456999950111] [0.108571685851]
0.0796344149859 [0.0477485395968] [0.111520290375]
0.0786032378676 [0.0488825887442] [0.108323886991]
0.077211758122 [0.049685459584] [0.10473805666]
0.07715766318145 [0.0510204620659] [0.103294864297]
0.0793285928669 [0.0537126287818] [0.104944556952]
0.08357539214205001 [0.0581453926861] [0.109005391598]
0.08779467642319999 [0.0630960166454] [0.112493336201]
0.09197155386205 [0.0686521008611] [0.115291006863]
0.0951201245191 [0.0739914998412] [0.116248749197]
0.0958422012625 [0.076278463006] [0.115405939519]
0.0944133996963 [0.0736873075366] [0.115139491856]
0.09247853979475 [0.0684613883495] [0.11649569124]
0.09217025339625 [0.0633301362395] [0.121010370553]
0.09343510307365 [0.0605490095913] [0.126321196556]
0.096222255379 [0.060012601316] [0.132431909442]
0.09973800927420001 [0.0617207437754] [0.137755274773]
0.10309063643225 [0.0644217431545] [0.14175952971]
0.10568909347080001 [0.0669658631086] [0.144412323833]
0.1064370200036 [0.0679704844952] [0.144903555512]
0.1014306917785 [0.067379668355] [0.135481715202]
0.09339830279375 [0.0658111050725] [0.120985500515]
0.08717816695575001 [0.0634858980775] [0.110870435834]
0.08526237681515 [0.0609623864293] [0.109562367201]
0.08466143347325 [0.0595196299255] [0.109803237021]
0.0841027703134 [0.0599823780358] [0.108223162591]
0.08320641703915 [0.0621856562793] [0.104227177799]
0.08242907375094999 [0.0658256411552] [0.0990325063467]
0.08226172626014999 [0.0695574432611] [0.0949660092592]
0.0824714191258 [0.0720575079322] [0.0928853303194]
0.08262781798839999 [0.0728179514408] [0.092437684536]
0.08246079832315001 [0.0723556354642] [0.0925659611821]
0.0818470455706 [0.0712100714445] [0.0924840196967]
0.08122545480730001 [0.0695979297161] [0.0928529798985]
0.0799606218934 [0.0673635080457] [0.0925577357411]
0.0778018347919 [0.0653678029776] [0.0902358666062]
0.0749591253698 [0.0636330842972] [0.0862851664424]
0.072356313467 [0.0631971955299] [0.0815154314041]
0.07228392362595 [0.0646892860532] [0.0798785611987]
0.0758428275585 [0.0679604783654] [0.0837251767516]
0.08178355917335 [0.0728005096316] [0.0907666087151]
0.0901916064322 [0.0777685791254] [0.102614633739]
0.0997770614923 [0.0818145275116] [0.117739595473]
0.10962780192475 [0.0849788710475] [0.134276732802]
0.1170830614865 [0.087695159018] [0.146470963955]
0.1216637417676 [0.0902212113142] [0.153106272221]
0.12548516318205 [0.0927905961871] [0.158179730177]
0.1302204392849 [0.0963183566928] [0.164122521877]
0.136052649468 [0.101659812033] [0.170445486903]
0.1422325409945 [0.109425373375] [0.175039708614]
0.1489277631045 [0.121106952429] [0.17674857378]
0.155379086733 [0.134616434574] [0.176141738892]
0.1598892509935 [0.141715109348] [0.178063392639]
0.161540880799 [0.139246061444] [0.183835700154]
0.1570536121725 [0.131177037954] [0.182930186391]
0.150556024164 [0.120632909238] [0.18047913909]
0.1415442749855 [0.108939066529] [0.174149483442]
0.13265600055475 [0.0965643674135] [0.168747633696]
0.12348303198835 [0.0857736617327] [0.161192402244]
0.11465340480205 [0.0778089985251] [0.151497811079]
0.1074968278406 [0.0729240179062] [0.142069637775]
0.09948316961505 [0.0705027580261] [0.128463581204]
0.0907529629768 [0.0694832503796] [0.112022675574]
0.08282793685789999 [0.0683519914746] [0.0973038822412]
0.07692802697420001 [0.0663327723742] [0.0875232815742]
0.0724948346615 [0.062701895833] [0.08228777349]
0.0691101010889 [0.0578639023006] [0.0803562998772]
0.0665429793298 [0.0529013946652] [0.0801845639944]
0.06449802219865 [0.0486490949988] [0.0803469493985]
0.0629878435284 [0.0455346144736] [0.0804410725832]
0.06221136264505 [0.0436791740358] [0.0807435512543]
0.0621364917606 [0.0427222587168] [0.0815507248044]
0.06216343864795 [0.0425489619374] [0.0817779153585]
0.06293869018555 [0.0429479032755] [0.0829294770956]
0.0634821653366 [0.0435332506895] [0.0834310799837]
0.06429473124445 [0.043671939522] [0.0849175229669]
0.06527673453090001 [0.0430082827806] [0.0875451862812]
0.06716277822854999 [0.0415965691209] [0.0927289873362]
0.0707137193531 [0.0400464572012] [0.101380981505]
0.0756105165928 [0.0394246317446] [0.111796401441]
0.0811723470687 [0.0406611934304] [0.121683500707]
0.08790134824825 [0.0439110435545] [0.131891652942]
0.09409585036335 [0.0490916259587] [0.139100074768]
0.09999256022285 [0.0552498735487] [0.144735246897]
0.1042242906988 [0.0610971972346] [0.147351384163]
0.1073818616568 [0.0655353590846] [0.149228364229]
0.1093759611249 [0.0693101286888] [0.149441793561]
0.11194335669255001 [0.0726324468851] [0.1512542665]
0.11064736917635 [0.0754595324397] [0.145835205913]
0.1021255254744 [0.0735364109278] [0.130714640021]
0.08711258322005 [0.0655823200941] [0.108642846346]
0.07158149965105 [0.0571424849331] [0.086020514369]
0.06070940755305 [0.0509068407118] [0.0705119743943]
0.053346442058649995 [0.0472666993737] [0.0594261847436]
0.04783285036685 [0.0448623932898] [0.0508033074439]
