0.0631312541664 [0.0613073855639] [0.0649551227689]
0.0563539024442 [0.0540035218] [0.0587042830884]
0.05003986880185 [0.0458997525275] [0.0541799850762]
0.044552031904499995 [0.038536105305] [0.050567958504]
0.039407728239900006 [0.0324500128627] [0.0463654436171]
0.03447768744085 [0.0282925795764] [0.0406627953053]
0.030704717151800003 [0.0262415912002] [0.0351678431034]
0.0283331461251 [0.0256371460855] [0.0310291461647]
0.027237915433950002 [0.0258886925876] [0.0285871382803]
0.027185193263 [0.026635048911] [0.027735337615]
0.027935290709149997 [0.0276541877538] [0.0282163936645]
0.0289804553613 [0.0285744648427] [0.0293864458799]
0.02975856605915 [0.0292047150433] [0.030312417075]
0.0297295078635 [0.0296878237277] [0.0297711919993]
0.02833684254435 [0.0295631829649] [0.0271105021238]
0.0260637057945 [0.0288722813129] [0.0232551302761]
0.023791429586699997 [0.0280338488519] [0.0195490103215]
0.02222406771035 [0.0275795478374] [0.0168685875833]
0.0215320615098 [0.0278131645173] [0.0152509585023]
0.02169867791235 [0.0287777595222] [0.0146195963025]
0.0226040100679 [0.0302571374923] [0.0149508826435]
0.023972362279900003 [0.031892709434] [0.0160520151258]
0.0255284542218 [0.0334097929299] [0.0176471155137]
0.02692335378375 [0.0346010252833] [0.0192456822842]
0.02792419772595 [0.035482570529] [0.0203658249229]
0.0283995810896 [0.0361128486693] [0.0206863135099]
0.028464037925 [0.036500159651] [0.020427916199]
0.0283646779135 [0.0365437492728] [0.0201856065542]
0.028707572259049997 [0.0367437563837] [0.0206713881344]
0.030384324491000002 [0.0378783047199] [0.0228903442621]
0.03431473113595 [0.0408600755036] [0.0277693867683]
0.040635257959349996 [0.046013712883] [0.0352568030357]
0.04792321659625 [0.0532641261816] [0.0425823070109]
0.0529019590467 [0.0611760802567] [0.0446278378367]
0.052390391007099996 [0.0648311749101] [0.0399496071041]
0.046796182170499995 [0.0606133267283] [0.0329790376127]
0.0386098427698 [0.0503459684551] [0.0268737170845]
0.0312361707911 [0.0400381758809] [0.0224341657013]
0.025975533761099998 [0.0322046726942] [0.019746394828]
0.022729802876699998 [0.0272575672716] [0.0182020384818]
0.02078981138765 [0.0242420975119] [0.0173375252634]
0.0193673679605 [0.0221408084035] [0.0165939275175]
0.01793589722365 [0.0201440621167] [0.0157277323306]
0.0164587511681 [0.0182059705257] [0.0147115318105]
0.01519137760625 [0.0165870953351] [0.0137956598774]
0.01440532132985 [0.0155102899298] [0.0133003527299]
0.014157014433299999 [0.0149494223297] [0.0133646065369]
0.01445327932015 [0.014827596955] [0.0140789616853]
0.01517523406075 [0.0150184258819] [0.0153320422396]
0.01617102278395 [0.0153361940756] [0.0170058514923]
0.0174089288339 [0.0156335812062] [0.0191842764616]
0.019052480347450003 [0.0162911862135] [0.0218137744814]
0.021100420504800002 [0.0173828154802] [0.0248180255294]
0.0231934823096 [0.0187241211534] [0.0276628434658]
0.0248499661684 [0.0198538843542] [0.0298460479826]
0.025784118101 [0.0203713495284] [0.0311968866736]
0.0264264103025 [0.020480453968] [0.032372366637]
0.027793342247599998 [0.0208660028875] [0.0347206816077]
0.030734827742 [0.0221300274134] [0.0393396280706]
0.03555213846265 [0.0247229374945] [0.0463813394308]
0.04152152873575 [0.0286096818745] [0.054433375597]
0.0466212742031 [0.0331853963435] [0.0600571520627]
0.04940474405885 [0.0375241078436] [0.0612853802741]
0.05088773556055 [0.0414622984827] [0.0603131726384]
0.0527897346765 [0.0454784855247] [0.0601009838283]
0.05696891620755 [0.0498728081584] [0.0640650242567]
0.0623717755079 [0.0540536791086] [0.0706898719072]
0.0673904977739 [0.0580492839217] [0.0767317116261]
0.069683810696 [0.0605803094804] [0.0787873119116]
0.0702143199742 [0.0620484650135] [0.0783801749349]
0.07161420211194999 [0.0651934668422] [0.0780349373817]
0.0749438405037 [0.0721696913242] [0.0777179896832]
0.08087043091655 [0.0841299891472] [0.0776108726859]
0.08976433426165001 [0.100683562458] [0.0788451060653]
0.09920336678604999 [0.117805883288] [0.0806008502841]
0.1060970202086 [0.129821285605] [0.0823727548122]
0.1078527122734 [0.133296564221] [0.0824088603258]
0.10449967533345 [0.129294335842] [0.0797050148249]
0.09769210591935 [0.120196603239] [0.0751876085997]
0.08720010519005 [0.104424655437] [0.0699755549431]
0.07535833120345001 [0.0884324759245] [0.0622841864824]
0.06544157117605 [0.0761460140347] [0.0547371283174]
0.05771013908085 [0.0673465579748] [0.0480737201869]
0.05263311602175 [0.0625090673566] [0.0427571646869]
0.0500525031239 [0.0608695149422] [0.0392354913056]
0.0493730660528 [0.0613216161728] [0.0374245159328]
0.049595229327649995 [0.0622956231236] [0.0368948355317]
0.049737976864 [0.0622547566891] [0.0372211970389]
0.0492446124554 [0.0606291815639] [0.0378600433469]
0.04843039996925 [0.0582846477628] [0.0385761521757]
0.046984769403949994 [0.0553125701845] [0.0386569686234]
0.04465855285525 [0.0518113300204] [0.0375057756901]
0.04088167101145 [0.0470730662346] [0.0346902757883]
0.0358174620196 [0.0413707755506] [0.0302641484886]
0.0308916345239 [0.0360983759165] [0.0256848931313]
0.0271829739213 [0.0322474613786] [0.022118486464]
