0.10154862143095 [0.156586036086] [0.0465112067759]
0.1133957318961 [0.175387829542] [0.0514036342502]
0.11912253499035 [0.184067606926] [0.0541774630547]
0.12151725031425 [0.186965420842] [0.0560690797865]
0.12213650345805001 [0.186549499631] [0.0577235072851]
0.11648089252395001 [0.172898367047] [0.0600634180009]
0.10162564739585 [0.141138792038] [0.0621125027537]
0.08064471185210001 [0.0982338264585] [0.0630555972457]
0.0648878403008 [0.0668160244823] [0.0629596561193]
0.055154219269750004 [0.0504753738642] [0.0598330646753]
0.0487244464457 [0.0436467453837] [0.0538021475077]
0.04589437320825 [0.041832242161] [0.0499565042555]
0.045212831348200005 [0.0422450117767] [0.0481806509197]
0.045202298089850004 [0.0431047305465] [0.0472998656332]
0.0448933914304 [0.0433981344104] [0.0463886484504]
0.043950574472500004 [0.0427580364048] [0.0451431125402]
0.0425187628716 [0.0413453541696] [0.0436921715736]
0.041024142876300004 [0.039617151022] [0.0424311347306]
0.03973099775615 [0.0380528457463] [0.041409149766]
0.0388745814562 [0.0370096191764] [0.040739543736]
0.0384350977838 [0.0367825329304] [0.0400876626372]
0.03888250142335 [0.0377622656524] [0.0400027371943]
0.0407565832138 [0.0403497442603] [0.0411634221673]
0.0445222556591 [0.0448030754924] [0.0442414358258]
0.0500246323645 [0.0502781048417] [0.0497711598873]
0.0560425277799 [0.0549352020025] [0.0571498535573]
0.060214569792149994 [0.0569602735341] [0.0634688660502]
0.06056867167355 [0.0548533201218] [0.0662840232253]
0.05827703140675 [0.0505918003619] [0.0659622624516]
0.05344647355375 [0.0446935370564] [0.0621994100511]
0.04570401646195 [0.0379875190556] [0.0534205138683]
0.037881435826399995 [0.0319460518658] [0.043816819787]
0.0318261710927 [0.0274660866708] [0.0361862555146]
0.0277036195621 [0.0244052279741] [0.0310020111501]
0.0252761906013 [0.0224933419377] [0.0280590392649]
0.024084408767500003 [0.0214219111949] [0.0267469063401]
0.023788550868649998 [0.0209343712777] [0.0266427304596]
0.024130039848400002 [0.0209047216922] [0.0273553580046]
0.024970625527200002 [0.0213951840997] [0.0285460669547]
0.0260297851637 [0.022291501984] [0.0297680683434]
0.027074567042250003 [0.0236072875559] [0.0305418465286]
0.027867225930049998 [0.0250072125345] [0.0307272393256]
0.028383792377999997 [0.0264061074704] [0.0303614772856]
0.02905913535505 [0.0278003141284] [0.0303179565817]
0.0305811353028 [0.0298489779234] [0.0313132926822]
0.034476064145600005 [0.0342094190419] [0.0347427092493]
0.042391810566200006 [0.0431580357254] [0.041625585407]
0.0577968657017 [0.0609371699393] [0.0546565614641]
0.08601454272865 [0.0939276739955] [0.0781014114618]
0.12665791064499998 [0.141510292888] [0.111805528402]
0.1651165783405 [0.184760823846] [0.145472332835]
0.18422766029850002 [0.207070156932] [0.161385163665]
0.1906695142385 [0.218249633908] [0.163089394569]
0.19181825220600002 [0.224426418543] [0.159210085869]
0.190174549818 [0.226937547326] [0.15341155231]
0.1862433552745 [0.223059549928] [0.149427160621]
0.17900072783249998 [0.21030703187] [0.147694423795]
0.171063154936 [0.193329960108] [0.148796349764]
0.1646456494925 [0.177878350019] [0.151412948966]
0.16097177565100002 [0.169119238853] [0.152824312449]
0.1580355986955 [0.162641063333] [0.153430134058]
0.15404582768699998 [0.154970675707] [0.153120979667]
0.148955851793 [0.144176587462] [0.153735116124]
0.14019484818 [0.131077155471] [0.149312540889]
0.12919023632999999 [0.11794757843] [0.14043289423]
0.1190705895425 [0.10647200048] [0.131669178605]
0.11144532635830001 [0.0977088585496] [0.125181794167]
0.10707135498539999 [0.0918846726418] [0.122258037329]
0.1057689525186 [0.0886543095112] [0.122883595526]
0.10593947395685 [0.0873681157827] [0.124510832131]
0.1066302619876 [0.0875208303332] [0.125739693642]
0.10657671093945 [0.0873049944639] [0.125848427415]
0.10548446327435 [0.0858615785837] [0.125107347965]
0.1032589562239 [0.0823698490858] [0.124148063362]
0.10002651065609999 [0.0775113850832] [0.122541636229]
0.09615770727405 [0.0721928402781] [0.12012257427]
0.09234769642345 [0.0671848803759] [0.117510512471]
0.08947052061579999 [0.0635193288326] [0.115421712399]
0.08803719468405 [0.0611086376011] [0.114965751767]
0.0888438783586 [0.0603085756302] [0.117379181087]
0.09202584251785 [0.0609421283007] [0.123109556735]
0.0967801883817 [0.0627371519804] [0.130823224783]
0.101123895496 [0.064479611814] [0.137768179178]
0.10336364805699999 [0.065202459693] [0.141524836421]
0.10257904976615 [0.0649710148573] [0.140187084675]
0.09718263894325 [0.0628951489925] [0.131470128894]
0.0890293903647 [0.0592382997274] [0.118820481002]
0.08250193670405 [0.0574404448271] [0.107563428581]
0.0790894478557 [0.0578848943114] [0.1002940014]
0.0774507392198 [0.0584789328277] [0.0964225456119]
0.0771767757833 [0.059540964663] [0.0948125869036]
0.0779583826661 [0.0611501485109] [0.0947666168213]
0.07937955483795 [0.0629390329123] [0.0958200767636]
0.08083027228715 [0.0644175857306] [0.0972429588437]
0.08149810507895 [0.065155595541] [0.0978406146169]
0.08143021166325 [0.0651818215847] [0.0976786017418]
0.0806299522519 [0.0646113306284] [0.0966485738754]
0.07941130921245 [0.0639945194125] [0.0948280990124]
0.07779881358145 [0.0630071982741] [0.0925904288888]
0.0759933069348 [0.0620008036494] [0.0899858102202]
0.07437426410615 [0.0613126941025] [0.0874358341098]
0.0733841136098 [0.0612354725599] [0.0855327546597]
0.0741730183363 [0.0633014664054] [0.0850445702672]
0.08074314147235 [0.0733004286885] [0.0881858542562]
0.09594825282694999 [0.0945217981935] [0.0973747074604]
0.11687283963 [0.122554264963] [0.111191414297]
0.1337468735875 [0.146172940731] [0.121320806444]
0.1429976671935 [0.160479977727] [0.12551535666]
0.1402771398425 [0.160652115941] [0.119902163744]
0.131146788597 [0.152434363961] [0.109859213233]
0.122391745448 [0.142315998673] [0.102467492223]
0.11540419980865001 [0.132455617189] [0.0983527824283]
0.1102041006088 [0.123817153275] [0.0965910479426]
0.1072974875567 [0.117978483438] [0.0966164916754]
0.10556137934345 [0.113573007286] [0.0975497514009]
0.10470176115634999 [0.110588490963] [0.0988150313497]
0.1038040332497 [0.108106583357] [0.0995014831424]
0.104237191379 [0.107871420681] [0.100602962077]
0.1044453456995 [0.107630625367] [0.101260066032]
0.1041296496985 [0.107720851898] [0.100538447499]
0.10361149162075001 [0.107859000564] [0.0993639826775]
0.1026278212667 [0.108278669417] [0.0969769731164]
0.1023441478612 [0.107879057527] [0.0968092381954]
0.1031691692767 [0.106709234416] [0.0996291041374]
0.10633231699500001 [0.107099093497] [0.105565540493]
0.11053723469349999 [0.107918195426] [0.113156273961]
0.11263393238200001 [0.105270050466] [0.119997814298]
0.10986581072195001 [0.0963008925319] [0.123430728912]
0.10543000698085 [0.0861726924777] [0.124687321484]
0.10161561518885001 [0.0780839323997] [0.125147297978]
0.09932476654629999 [0.0734001770616] [0.125249356031]
0.09813772514465 [0.0716237798333] [0.124651670456]
0.09797138348215 [0.0725224614143] [0.12342030555]
0.09886781871295 [0.0750316828489] [0.122703954577]
0.10037390142675 [0.0773867964745] [0.123361006379]
0.10353250056505 [0.0801872164011] [0.126877784729]
0.1078995466233 [0.0828297287226] [0.132969364524]
0.11076831817629999 [0.0853241086006] [0.136212527752]
0.11226283758865 [0.0883667320013] [0.136158943176]
0.11288100108490001 [0.0925104692578] [0.133251532912]
0.1142309978604 [0.0985634624958] [0.129898533225]
0.116335015744 [0.105919457972] [0.126750573516]
0.1213371418415 [0.116203136742] [0.126471146941]
0.1291550919415 [0.129981458187] [0.128328725696]
0.1396350041035 [0.14551858604] [0.133751422167]
0.14958538115050002 [0.156535074115] [0.142635688186]
0.154007419944 [0.155631184578] [0.15238365531]
0.150110639632 [0.141969531775] [0.158251747489]
0.1447071060535 [0.127612099051] [0.161802113056]
0.139471601695 [0.11756452173] [0.16137868166]
0.135146740824 [0.110642246902] [0.159651234746]
0.131683874875 [0.103923939168] [0.159443810582]
0.12990560010075 [0.0981448069215] [0.16166639328]
0.12773892655975 [0.0920448973775] [0.163432955742]
0.12374984100440001 [0.0858815982938] [0.161618083715]
0.12134908139714999 [0.0804670602083] [0.162231102586]
0.12001211568695 [0.0765308663249] [0.163493365049]
0.1200889423492 [0.0742235928774] [0.165954291821]
0.11905297636965 [0.0724285393953] [0.165677413344]
0.11574385687685 [0.0710763707757] [0.160411342978]
0.1111874021589 [0.0714246109128] [0.150950193405]
0.10743882879625 [0.0735609307885] [0.141316726804]
0.10709654539829999 [0.0781096220016] [0.136083468795]
0.1114826612176 [0.0847631767392] [0.138202145696]
0.11858040094399999 [0.092428535223] [0.144732266665]
0.12428237870325001 [0.0978342965245] [0.150730460882]
0.1273045651615 [0.101399548352] [0.153209581971]
0.127242509276 [0.104175664485] [0.150309354067]
0.1230420060455 [0.108043216169] [0.138040795922]
0.1152243614195 [0.11002420634] [0.120424516499]
0.1064302772285 [0.111835151911] [0.101025402546]
0.10291266441364999 [0.113293088973] [0.0925322398543]
0.10163420438765 [0.11421020329] [0.0890582054853]
0.1013341695072 [0.11527889967] [0.0873894393444]
0.1021953746675 [0.116695821285] [0.08769492805]
0.10539283230884999 [0.121035724878] [0.0897499397397]
