0.10986167937539999 [0.137035042048] [0.0826883167028]
0.11366601288334999 [0.137757495046] [0.0895745307207]
0.1120855584741 [0.128514930606] [0.0956561863422]
0.10029395669685 [0.104439385235] [0.0961485281587]
0.0815611183643 [0.0756112411618] [0.0875109955668]
0.06467082723975 [0.0547968149185] [0.074544839561]
0.05249647051095 [0.0419458001852] [0.0630471408367]
0.044515527784850004 [0.0340956114233] [0.0549354441464]
0.03959373012185 [0.0292816348374] [0.0499058254063]
0.03666498791425 [0.0261920709163] [0.0471379049122]
0.0349700562656 [0.0241244621575] [0.0458156503737]
0.03379454370585 [0.0225490387529] [0.0450400486588]
0.0328894900158 [0.021124066785] [0.0446549132466]
0.0320512782782 [0.0196434408426] [0.0444591157138]
0.03126021381465 [0.0181717742234] [0.0443486534059]
0.030544413253650003 [0.0167409144342] [0.0443479120731]
0.03061300050465 [0.0157687012106] [0.0454572997987]
0.03170921234415 [0.0155106103048] [0.0479078143835]
0.034035600721849996 [0.0160885639489] [0.0519826374948]
0.037661833688650004 [0.0174829885364] [0.0578406788409]
0.04236837942155 [0.0194996614009] [0.0652370974422]
0.0472019771114 [0.0217073503882] [0.0726966038346]
0.05102909356355 [0.0236310437322] [0.0784271433949]
0.052767842076750004 [0.0248113330454] [0.0807243511081]
0.05307265743615 [0.0255165845156] [0.0806287303567]
0.05260111019015 [0.0258571058512] [0.0793451145291]
0.052038838155599995 [0.0259009022266] [0.0781767740846]
0.05200332868845 [0.025554837659] [0.0784518197179]
0.05239660386 [0.0252806860954] [0.0795125216246]
0.053263700567150005 [0.0250850524753] [0.081442348659]
0.0542307542637 [0.025152342394] [0.0833091661334]
0.0549669796601 [0.025473812595] [0.0844601467252]
0.05481038801375 [0.0257403366268] [0.0838804394007]
0.05386930610985 [0.0258494224399] [0.0818891897798]
0.052936480380600004 [0.0262415129691] [0.0796314477921]
0.05344631243495 [0.0279552210122] [0.0789374038577]
0.0573137309402 [0.0327652059495] [0.0818622559309]
0.06604288704695 [0.0423085726798] [0.0897772014141]
0.0800456628205 [0.057599671185] [0.102491654456]
0.09524103254085 [0.0747107490897] [0.115771315992]
0.10727021470685 [0.0864581540227] [0.128082275391]
0.11704701930264999 [0.0941177606583] [0.139976277947]
0.12578253447999999 [0.104820653796] [0.146744415164]
0.1250640004875 [0.113550171256] [0.136577829719]
0.1136508472265 [0.114603847265] [0.112697847188]
0.09704959020025 [0.10357195884] [0.0905272215605]
0.08622504770755 [0.0940523445606] [0.0783977508545]
0.0807141661644 [0.0888196080923] [0.0726087242365]
0.07796017080545001 [0.0853501409292] [0.0705702006817]
0.0774046704173 [0.0832810178399] [0.0715283229947]
0.0781030394137 [0.0817333608866] [0.0744727179408]
0.0785968862474 [0.0791555941105] [0.0780381783843]
0.0773409344256 [0.0746383666992] [0.080043502152]
0.0757254250348 [0.068844139576] [0.0826067104936]
0.07375375553965 [0.0634341165423] [0.084073394537]
0.0719757787883 [0.0592660307884] [0.0846855267882]
0.07102033309635 [0.0571915246546] [0.0848491415381]
0.07139416225255 [0.0574893988669] [0.0852989256382]
0.073738431558 [0.0602675266564] [0.0872093364596]
0.0783170685172 [0.0650434792042] [0.0915906578302]
0.0850006081164 [0.0710751488805] [0.0989260673523]
0.09326203167444999 [0.0775664076209] [0.108957655728]
0.10209130868335001 [0.0832612663507] [0.120921351016]
0.1080675274132 [0.0858496278524] [0.130285426974]
0.10720281675464999 [0.0840482339263] [0.130357399583]
0.10052959620945 [0.0762796029449] [0.124779589474]
0.0951610319315 [0.070337831974] [0.119984231889]
0.09402476251110001 [0.0682411640882] [0.119808360934]
0.0976489558815 [0.06999348104] [0.125304430723]
0.1033263467253 [0.0743013992906] [0.13235129416]
0.1093377657235 [0.079593770206] [0.139081761241]
0.11366746202129999 [0.0835951045156] [0.143739819527]
0.1143640801311 [0.0849550366402] [0.143773123622]
0.1117662563921 [0.0838925093412] [0.139640003443]
0.1077453568577 [0.0814217180014] [0.134068995714]
0.104524053633 [0.078898280859] [0.130149826407]
0.1025361455977 [0.0772085115314] [0.127863779664]
0.10141441971064999 [0.0768849998713] [0.12594383955]
0.1004234589637 [0.0773455128074] [0.12350140512]
0.097910247743 [0.077753610909] [0.118066884577]
0.09198692440985 [0.0771451741457] [0.106828674674]
0.08500209823249999 [0.0735485255718] [0.0964556708932]
0.078728813678 [0.068012624979] [0.089445002377]
0.0734822265804 [0.0627775490284] [0.0841869041324]
0.06873666867615 [0.0574221163988] [0.0800512209535]
0.06556045077745 [0.0538640506566] [0.0772568508983]
0.0636133104563 [0.0513916090131] [0.0758350118995]
0.06289810501035001 [0.0498034022748] [0.0759928077459]
0.06272133067249999 [0.0487031713128] [0.0767394900322]
0.06248281337325 [0.0477856881917] [0.0771799385548]
0.0618240982294 [0.0467877238989] [0.0768604725599]
0.060827327892199995 [0.0457047261298] [0.0759499296546]
0.05984140373765 [0.0445973314345] [0.0750854760408]
0.05959896557034999 [0.0439261980355] [0.0752717331052]
0.06001376733185 [0.0435618981719] [0.0764656364918]
0.0618029721081 [0.0444742888212] [0.079131655395]
0.06555406562985 [0.0479074604809] [0.0832006707788]
0.07188626006245 [0.0551926791668] [0.0885798409581]
0.08025934919715 [0.066247433424] [0.0942712649703]
0.08830032870175 [0.0771672278643] [0.0994334295392]
0.0909400060772 [0.0808144658804] [0.101065546274]
0.08574878424405 [0.0776120945811] [0.093885473907]
0.08068360388279999 [0.073905043304] [0.0874621644616]
0.07776156812905 [0.0722000449896] [0.0833230912685]
0.07657812163235 [0.0716360732913] [0.0815201699734]
0.0770193934441 [0.0711539536715] [0.0828848332167]
0.07826996967194999 [0.0697453841567] [0.0867945551872]
0.07890759408475 [0.065205834806] [0.0926093533635]
0.0782424248755 [0.057197034359] [0.099287815392]
0.07683656923495 [0.0482393242419] [0.105433814228]
0.07579356804485 [0.0410142093897] [0.1105729267]
0.07558585703395 [0.0363279953599] [0.114843718708]
0.0765216238795 [0.03393291682] [0.119110330939]
0.0785437542945 [0.033248718828] [0.123838789761]
0.08181287348249999 [0.033682346344] [0.129943400621]
0.08658433891839999 [0.0349206663668] [0.13824801147]
0.0930652841927 [0.0368762761354] [0.14925429225]
0.10013918019855 [0.0394750572741] [0.160803303123]
0.10780110396445 [0.0425432063639] [0.173059001565]
0.11461879313015 [0.0456704050303] [0.18356718123]
0.12019609287395 [0.0486701801419] [0.191722005606]
0.1265384200962 [0.0518196709454] [0.201257169247]
0.1341565661133 [0.0564186796546] [0.211894452572]
0.14281185716365 [0.0650484859943] [0.220575228333]
0.1516132093968 [0.0803327187896] [0.222893700004]
0.1641766801475 [0.104099214077] [0.224254146218]
0.1756795570255 [0.13061131537] [0.220747798681]
0.180713094771 [0.147506415844] [0.213919773698]
0.176960363984 [0.147668138146] [0.206252589822]
0.1691594049335 [0.13973505795] [0.198583751917]
0.161370329559 [0.133102864027] [0.189637795091]
0.1548146009445 [0.128406822681] [0.181222379208]
0.15073315054199998 [0.127545922995] [0.173920378089]
0.149615108967 [0.129526078701] [0.169704139233]
0.1485653221605 [0.133085519075] [0.164045125246]
0.145112670958 [0.137056604028] [0.153168737888]
0.1393286809325 [0.13956810534] [0.139089256525]
0.133837580681 [0.139668554068] [0.128006607294]
0.1286538653075 [0.138008266687] [0.119299463928]
0.12285413593050001 [0.135823532939] [0.109884738922]
0.1183915287255 [0.135053321719] [0.101729735732]
0.11590373143575 [0.135785132647] [0.0960223302245]
0.11712606623745 [0.14113523066] [0.0931169018149]
0.12331031262885 [0.152667745948] [0.0939528793097]
0.13525054603835002 [0.171362742782] [0.0991383492947]
0.1495970711115 [0.194658711553] [0.10453543067]
0.163653045893 [0.218587741256] [0.10871835053]
0.1725641563535 [0.233436152339] [0.111692160368]
0.1733781285585 [0.232443481684] [0.114312775433]
0.16790875792499999 [0.218186065555] [0.117631450295]
0.159744761884 [0.201407328248] [0.11808219552]
