0.08887507766465 0.0908973403273 0.0927755087615 0.0948767885566 0.09669771790485 0.09885128960020001 0.10187637060875 0.105885338038 0.1091853231195 0.10882789269109999 0.1059686765075 0.1025718599558 0.0997730046509 0.09934332966815 0.101460568607 
0.10534360632315 0.10235239006595 0.10000743158175 0.0984277222307 0.09752261638654999 0.09713124297575 0.0508177448064 0.0583630502224 0.06315476074815 0.0648503229022 0.0642048381269 0.063238484785 0.0623322557658 0.06193968467410001 0.061949437484100006 
0.0625257492065 0.063847951591 0.06581494398415 0.07549923472105 0.0818653944881 0.0829494968058 0.08053880557435 0.0771542061118 0.07444622181355 0.07561588287355 0.0787033420056 0.0843952447176 0.09257851168515 0.10120852664135 0.10591816902185 
0.10635806247585 0.10526172816735 0.10486533865335 0.10633001103985 0.10937606170785 0.11251840740435 0.11385154724135 0.11377320438635 0.11347147822385001 0.11230257526035001 0.11136315017935 0.11129958555085001 0.11211505159735 0.11270415037885 0.10989014059285 
0.10343090444785 0.09595319628715 0.0896193049848 0.08511318638920001 0.08238150924445001 0.080554259941 0.0792150553316 0.0781651213765 0.07750024087725 0.0771888885647 0.07720244862140001 0.07759618759155 0.0782959125936 0.07976910471915 0.08249162882565 
0.08692280575635 0.09296220541 0.09973185136915 0.10525927692635001 0.10863747075185001 0.10990906134235001 0.1966292113065 0.192214310169 0.19132789969449998 0.1908550411465 0.189281448722 0.186700731516 0.1834814064205 0.1799261420965 0.174923028797 
0.1687881797552 0.1628304682672 0.1588005386293 0.1504289731383 0.1469455845656 0.148984927684 0.1509565152227 0.15354257076970002 0.15656102076165002 0.15915654972185 0.1609463915228 0.16145550832145 0.1613476686179 0.1609517224132 0.1619269400834 
0.1647570505735 0.17006155475950002 0.177140802145 0.184056557715 0.1878644153475 0.186494477093 0.1814334094525 0.17576704174250002 0.17168750613900002 0.16836720705000002 0.1656788773835 0.16347809508435002 0.1613935865461 0.1577258743345 0.15205159038295002 
0.146540980786 0.14255268871775 0.14017116464665 0.13898717053225002 0.13844716548910002 0.13805939815930002 0.13788682594885002 0.13790102861815 0.1381310429423 0.13847086019805 0.13892480731 0.13962918147435 0.14058789983385 0.14182123169295 0.14392705447965 
0.14773681387295 0.1538203842937 0.16205997392525 0.170316223055 0.1758905276655 0.178873337805 0.17961873859150002 0.1781320273875 0.177008539438 0.17748199403300002 0.177100099623 0.17595982179050002 0.174767784774 0.174405571073 0.17527479678400001 
0.1770751550795 0.178672425449 0.17986767739050002 0.1810935884715 0.1820485293865 0.182443983853 0.181647181511 0.1805443391205 0.1803471297025 0.1842513158915 0.1909392029045 0.1969691216945 0.199752919376 0.19985472410900001 0.199387356639 
0.1986888870595 0.1979937702415 0.198442943394 0.199390269816 0.20022784173500002 0.201128363609 0.2016532346605 0.2012107670305 0.1991508826615 0.19625819474450001 0 0 0 0 0 
