0.05279970075935 [0.0200231354684] [0.0855762660503]
0.05139967612925 [0.0191035307944] [0.0836958214641]
0.04781455546615 [0.0183617919683] [0.077267318964]
0.04456303920595 [0.0192557480186] [0.0698703303933]
0.04412417672575 [0.0227495618165] [0.065498791635]
0.045399306342 [0.0279016308486] [0.0628969818354]
0.0471495781094 [0.0330622531474] [0.0612369030714]
0.04843218810855 [0.0367364287376] [0.0601279474795]
0.04880722612145 [0.0386810898781] [0.0589333623648]
0.0479370560497 [0.0393153950572] [0.0565587170422]
0.0459507871419 [0.0394551604986] [0.0524464137852]
0.0435714349151 [0.039626672864] [0.0475161969662]
0.041602935642 [0.0399278737605] [0.0432779975235]
0.04021675139665 [0.040019813925] [0.0404136888683]
0.03916055336595 [0.0392868258059] [0.039034280926]
0.0378356538713 [0.0373657979071] [0.0383055098355]
0.0359609387815 [0.0346439220011] [0.0372779555619]
0.0333621930331 [0.0316266715527] [0.0350977145135]
0.03020417504015 [0.0282634459436] [0.0321449041367]
0.026841714978200003 [0.0244205165654] [0.029262913391]
0.0236640451476 [0.0202787742019] [0.0270493160933]
0.02082383446395 [0.0161788649857] [0.0254688039422]
0.018477509263900002 [0.0126125151291] [0.0243425033987]
0.01665795827285 [0.0100941425189] [0.0232217740268]
0.015456738881755 [0.00887591764331] [0.0220375601202]
0.014814157504585 [0.00871566403657] [0.0209126509726]
0.01462649740281 [0.00907627865672] [0.0201767161489]
0.01490286830814 [0.00994044356048] [0.0198652930558]
0.0156586202793 [0.0113397622481] [0.0199774783105]
0.0167774464935 [0.0131288636476] [0.0204260293394]
0.0180659233592 [0.0151253053918] [0.0210065413266]
0.0195453846827 [0.0170213896781] [0.0220693796873]
0.02077540010215 [0.0182514693588] [0.0232993308455]
0.02183981705455 [0.0188166722655] [0.0248629618436]
0.0228508366272 [0.0187436472625] [0.0269580259919]
0.02377452515065 [0.0184618122876] [0.0290872380137]
0.0247382801026 [0.0180650167167] [0.0314115434885]
0.026024232618500003 [0.0176248271018] [0.0344236381352]
0.02752791438255 [0.0170581992716] [0.0379976294935]
0.0296866958961 [0.0166802573949] [0.0426931343973]
0.03263781312855 [0.0163687486202] [0.0489068776369]
0.0359298372641 [0.0159443262964] [0.0559153482318]
0.03814841806885 [0.0152025930583] [0.0610942430794]
0.03798385104165 [0.0139357885346] [0.0620319135487]
0.03570889495315 [0.0122931264341] [0.0591246634722]
0.0327387228608 [0.0106039755046] [0.054873470217]
0.030092335771764997 [0.00933146383613] [0.0508532077074]
0.028844844549904998 [0.00888033211231] [0.0488093569875]
0.029222621582424998 [0.00907233171165] [0.0493729114532]
0.031175252981459997 [0.00981574691832] [0.0525347590446]
0.0332950367592 [0.0106254694983] [0.0559646040201]
0.0339253325947 [0.0113749885932] [0.0564756765962]
0.0328566599637 [0.0120998546481] [0.0536134652793]
0.03139745723455 [0.0131011959165] [0.0496937185526]
0.030214027036 [0.0143367359415] [0.0460913181305]
0.02961617102845 [0.0153898363933] [0.0438425056636]
0.029398038052 [0.0164955984801] [0.0423004776239]
0.029361654073 [0.0172166079283] [0.0415067002177]
0.03009394928815 [0.0181121826172] [0.0420757159591]
0.0322401942685 [0.0197704490274] [0.0447099395096]
0.035819338634600004 [0.0222286917269] [0.0494099855423]
0.0409677904099 [0.0267956331372] [0.0551399476826]
0.043480662629 [0.0267941094935] [0.0601672157645]
0.0451764976606 [0.026928184554] [0.0634248107672]
0.04615731630475 [0.0268529523164] [0.0654616802931]
0.0466861622408 [0.0262221042067] [0.0671502202749]
0.0468960804865 [0.0254228617996] [0.0683692991734]
0.04692835453895 [0.0247796643525] [0.0690770447254]
0.04681044258175 [0.0244399271905] [0.069180957973]
0.0468430118635 [0.0243944544345] [0.0692915692925]
0.047245558351249994 [0.0245337858796] [0.0699573308229]
0.0482595702633 [0.0247142668813] [0.0718048736453]
0.0494804959744 [0.0246394239366] [0.0743215680122]
0.05095433071255 [0.024324439466] [0.0775842219591]
0.052166387438800005 [0.0236680209637] [0.0806647539139]
0.05238572135565 [0.0225299298763] [0.082241512835]
0.051247108727649995 [0.0212091505527] [0.0812850669026]
0.04881405550985 [0.0199312735349] [0.0776968374848]
0.04590881988405 [0.0191215723753] [0.0726960673928]
0.042943360284000004 [0.0189834572375] [0.0669032633305]
0.0407237811014 [0.0195696968585] [0.0618778653443]
0.0398415746167 [0.0206966716796] [0.0589864775538]
0.0401365552098 [0.0218611247838] [0.0584119856358]
0.0411187130958 [0.0224553719163] [0.0597820542753]
0.042241115123049996 [0.0227286145091] [0.061753615737]
0.04341913945975 [0.0228286199272] [0.0640096589923]
0.04449823498725 [0.0227271392941] [0.0662693306804]
0.044683014974 [0.0220151953399] [0.0673508346081]
0.044105431065 [0.0206943266094] [0.0675165355206]
0.043456614017500006 [0.0192902237177] [0.0676230043173]
0.04336529783905001 [0.0183130167425] [0.0684175789356]
0.04429890029135 [0.0178191699088] [0.0707786306739]
0.0463553154841 [0.017709011212] [0.0750016197562]
0.049568062648149995 [0.0177123211324] [0.0814238041639]
0.05368582438675 [0.0174432750791] [0.0899283736944]
