0.047796934843100006 [0.0263643264771] [0.0692295432091]
0.048058074899 [0.0261779222637] [0.0699382275343]
0.0486661856994 [0.0260020922869] [0.0713302791119]
0.04903507512065 [0.0255561526865] [0.0725139975548]
0.0487829390913 [0.0243277363479] [0.0732381418347]
0.0469758948311 [0.0222826208919] [0.0716691687703]
0.0433405498043 [0.0199247617275] [0.0667563378811]
0.038298521190850005 [0.0180641338229] [0.0585329085588]
0.033381244167649995 [0.0174152255058] [0.0493472628295]
0.030023216269899997 [0.0182284954935] [0.0418179370463]
0.028674506582300002 [0.0204514991492] [0.0368975140154]
0.02855680231005 [0.0231081638485] [0.0340054407716]
0.028399080969399998 [0.0242263544351] [0.0325718075037]
0.02732717990875 [0.023064956069] [0.0315894037485]
0.0256716776639 [0.0210833661258] [0.030259989202]
0.0238767582923 [0.0193300396204] [0.0284234769642]
0.022366549819700002 [0.0183415263891] [0.0263915732503]
0.021283669397250002 [0.0180312395096] [0.0245360992849]
0.02047838363795 [0.0178568847477] [0.0230998825282]
0.01999722700565 [0.017683558166] [0.0223108958453]
0.01989248767495 [0.0174164604396] [0.0223685149103]
0.02029881905765 [0.0170869119465] [0.0235107261688]
0.02139926701785 [0.0167117547244] [0.0260867793113]
0.02337153907865 [0.0162813458592] [0.0304617322981]
0.026393593288950003 [0.0159578341991] [0.0368293523788]
0.03041560482235 [0.0159230735153] [0.0449081361294]
0.0347665436566 [0.0163783431053] [0.0531547442079]
0.03849915601315 [0.0172833129764] [0.0597149990499]
0.0413187015802 [0.0183695815504] [0.06426782161]
0.04373255092655 [0.0193422455341] [0.068122856319]
0.04652227368205 [0.0199737530202] [0.0730707943439]
0.049881574697799996 [0.0203071627766] [0.079455986619]
0.0535806417465 [0.020598039031] [0.086563244462]
0.05701766069980001 [0.020904077217] [0.0931312441826]
0.05974695365875 [0.0217364486307] [0.0977574586868]
0.06177173741145 [0.0235229767859] [0.100020498037]
0.06358880084005 [0.0264082085341] [0.100769393146]
0.06656177714445 [0.0302265584469] [0.102896995842]
0.07222468219719999 [0.0349273718894] [0.109521992505]
0.07859500870115 [0.0395510420203] [0.117638975382]
0.0824687052518 [0.0415560789406] [0.123381331563]
0.08079991489645 [0.0394879132509] [0.122111916542]
0.07632766664054999 [0.0362079739571] [0.116447359324]
0.07092833332699999 [0.033608738333] [0.108247928321]
0.06643996015195 [0.0324397236109] [0.100440196693]
0.06312873773274999 [0.0320080257952] [0.0942494496703]
0.061873437836750006 [0.0320378579199] [0.0917090177536]
0.0621023904532 [0.0322995148599] [0.0919052660465]
0.063643341884 [0.0323729030788] [0.0949137806892]
0.06580146588385 [0.0320887826383] [0.0995141491294]
0.067969271913 [0.031456310302] [0.104482233524]
0.06841357704265 [0.0305277388543] [0.106299415231]
0.06780214607724999 [0.0292804166675] [0.106323875487]
0.0670725451781 [0.0277649257332] [0.106380164623]
0.0668242927639 [0.0261955223978] [0.10745306313]
0.06770866736755 [0.0248572900891] [0.110560044646]
0.06990912277235 [0.0239200089127] [0.115898236632]
0.07401493750505 [0.0233913548291] [0.124638520181]
0.08008391875765 [0.0232598427683] [0.136907994747]
0.08760346844785 [0.0235931947827] [0.151613742113]
0.0950232846662 [0.0238886680454] [0.166157901287]
0.10065851733105 [0.0240387991071] [0.177278235555]
0.1043104678395 [0.024037078023] [0.184583857656]
0.1067795595155 [0.024212969467] [0.189346149564]
0.10951030440605 [0.0244820900261] [0.194538518786]
0.1125705586745 [0.024813586846] [0.200327530503]
0.1169113358484 [0.0252319406718] [0.208590731025]
0.12076970655495001 [0.0259347204119] [0.215604692698]
0.12523245532045 [0.0271464530379] [0.223318457603]
0.12816910259449998 [0.028958465904] [0.227379739285]
0.1297507341951 [0.0311029665172] [0.228398501873]
0.1277162730695 [0.032866448164] [0.222566097975]
0.12308779731395 [0.0336637124419] [0.212511882186]
0.11627443321065001 [0.0332580395043] [0.199290826917]
0.10823575034755001 [0.0319623276591] [0.184509173036]
0.0999667393043 [0.0302187595516] [0.169714719057]
0.09192225895825 [0.0283752940595] [0.155469223857]
0.0852283379061 [0.0260448288172] [0.144411846995]
0.08040768373769999 [0.0235179457814] [0.137297421694]
0.07768942229440001 [0.0208743475378] [0.134504497051]
0.07663337700049999 [0.01863957569] [0.134627178311]
0.07711576111615 [0.0171151794493] [0.137116342783]
0.0786037556827 [0.0161733552814] [0.141034156084]
0.0798561526462 [0.0156790371984] [0.144033268094]
0.08035092009235 [0.0153899183497] [0.145311921835]
0.0802863216959 [0.0151646686718] [0.14540797472]
0.07964112935595001 [0.0148868178949] [0.144395440817]
0.0783338043838 [0.0147296376526] [0.141937971115]
0.0763437002899 [0.0149330496788] [0.137754350901]
0.07491823658365 [0.0156067684293] [0.134229704738]
0.07443541102095 [0.0167271159589] [0.132143706083]
0.07470069732535 [0.0180165152997] [0.131384879351]
0.07290169317254999 [0.0191581491381] [0.126645237207]
0.07041137199855 [0.0197379272431] [0.121084816754]
0.0686136269942 [0.0197979751974] [0.117429278791]
