0.01306856982412 [0.00633111037314] [0.0198060292751]
0.015409667277695 [0.00733119668439] [0.023488137871]
0.019448365550495 [0.00905241537839] [0.0298443157226]
0.02505811396985 [0.0113464798778] [0.0387697480619]
0.0301425307989 [0.0120559334755] [0.0482291281223]
0.033645285293450004 [0.0126504078507] [0.0546401627362]
0.0357213881798 [0.0132341952994] [0.0582085810602]
0.03772652940825 [0.0140038663521] [0.0614491924644]
0.04093451891095 [0.0149693656713] [0.0668996721506]
0.0475029516965 [0.0182795040309] [0.0767263993621]
0.0564298545942 [0.0230573471636] [0.0898023620248]
0.06622886005795 [0.0285768155009] [0.103880904615]
0.07416114024825 [0.0341455079615] [0.114176772535]
0.07961704023175 [0.0399217791855] [0.119312301278]
0.08444441854965 [0.0468331947923] [0.122055642307]
0.0898215398191 [0.0528809130192] [0.126762166619]
0.09402268938745001 [0.0568330995739] [0.131212279201]
0.09502971172345 [0.0571726262569] [0.13288679719]
0.09340982139105 [0.0565309077501] [0.130288735032]
0.09063264913845 [0.0567008219659] [0.124564476311]
0.08946322277205 [0.0579306259751] [0.120995819569]
0.09019903093595 [0.0593319833279] [0.121066078544]
0.0921611227097 [0.0597344338894] [0.12458781153]
0.09458219259975 [0.0588638186455] [0.130300566554]
0.09729954041529999 [0.0571767278016] [0.137422353029]
0.10127111338104999 [0.0557175241411] [0.146824702621]
0.10660354234285001 [0.0546337403357] [0.15857334435]
0.11274984292700001 [0.054365362972] [0.171134322882]
0.11782208457605 [0.0548341646791] [0.180810004473]
0.12114297971145 [0.0556559637189] [0.186629995704]
0.12128535099315 [0.0567435212433] [0.185827180743]
0.11761130765065 [0.0586239621043] [0.176598653197]
0.11487197317205 [0.0615035481751] [0.168240398169]
0.113651789725 [0.063923433423] [0.163380146027]
0.11139719188220001 [0.0646698474884] [0.158124536276]
0.1074732914565 [0.064154997468] [0.150791585445]
0.1018833275884 [0.0624034963548] [0.141363158822]
0.09578589536265 [0.0591338016093] [0.132437989116]
0.09075737930844999 [0.0553806014359] [0.126134157181]
0.08720169030145 [0.0526114888489] [0.121791891754]
0.0846898704765 [0.05076687783] [0.118612863123]
0.08268797956415 [0.0494974143803] [0.115878544748]
0.0796633381396 [0.0480131916702] [0.111313484609]
0.07534297369415 [0.0463876985013] [0.104298248887]
0.07015490531919999 [0.0446301028132] [0.0956797078252]
0.0660646948963 [0.0443307049572] [0.0877986848354]
0.06426354125145 [0.0452440083027] [0.0832830742002]
0.06403720006345001 [0.0462092980742] [0.0818651020527]
0.0639968328178 [0.0461321398616] [0.081861525774]
0.0639528799802 [0.0454175136983] [0.0824882462621]
0.06425380147995 [0.0448281429708] [0.0836794599891]
0.06474945880475 [0.0447476245463] [0.0847512930632]
0.0654945895076 [0.0456513538957] [0.0853378251195]
0.0670774169266 [0.0476548373699] [0.0864999964833]
0.06813331507145 [0.0498507358134] [0.0864158943295]
0.0695084631443 [0.0533444732428] [0.0856724530458]
0.07331459783015 [0.0611604489386] [0.0854687467217]
0.0799059830606 [0.073294326663] [0.0865176394582]
0.08766028285025 [0.0857829079032] [0.0895376577973]
0.09406240284440001 [0.093999736011] [0.0941250696778]
0.0983717702329 [0.0980112105608] [0.098732329905]
0.100467503071 [0.0993430987] [0.101591907442]
0.10058147087685 [0.0996703132987] [0.101492628455]
0.09955060482035 [0.0990131422877] [0.100088067353]
0.0964545942843 [0.0945053696632] [0.0984038189054]
0.09062302485109999 [0.0867581367493] [0.0944879129529]
0.0842482559383 [0.0778079852462] [0.0906885266304]
0.07928110286590001 [0.0699994936585] [0.0885627120733]
0.07648305594925 [0.0645802766085] [0.08838583529]
0.07616667449475001 [0.0614658147097] [0.0908675342798]
0.0778466500342 [0.0597802698612] [0.0959130302072]
0.08003110438595 [0.0579936057329] [0.102068603039]
0.08128022029985 [0.0548019632697] [0.10775847733]
0.0808475725351 [0.0501148551702] [0.1115802899]
0.07858742028455 [0.0442078560591] [0.11296698451]
0.07540304400015 [0.0384996645153] [0.112306423485]
0.0716497004032 [0.0343745946884] [0.108924806118]
0.06715482659635 [0.0322329364717] [0.102076716721]
0.06053281016645 [0.0315889306366] [0.0894766896963]
0.05349546484645 [0.0316193066537] [0.0753716230392]
0.0488006360829 [0.032493583858] [0.0651076883078]
0.0464972574264 [0.0346271507442] [0.0583673641086]
0.04603739641605 [0.037816748023] [0.0542580448091]
0.04664643853905 [0.0413245148957] [0.0519683621824]
0.0464767962694 [0.0431233681738] [0.049830224365]
0.044747505337000004 [0.0421754308045] [0.0473195798695]
0.04205571301285 [0.0393928550184] [0.0447185710073]
0.039252096787099996 [0.0360176898539] [0.0424865037203]
0.037119815126050004 [0.0332227014005] [0.0410169288516]
0.0358114140108 [0.0311825778335] [0.0404402501881]
0.03608695976435 [0.0317436419427] [0.040430277586]
0.038114640861749996 [0.035172495991] [0.0410567857325]
0.0434029456228 [0.0443470478058] [0.0424588434398]
0.0462449751794 [0.0476221591234] [0.0448677912354]
0.04859807901085 [0.048549965024] [0.0486461929977]
0.05025366134945 [0.0458956845105] [0.0546116381884]
0.0525881703943 [0.041131015867] [0.0640453249216]
0.056752493605 [0.0367296747863] [0.0767753124237]
0.0629538297653 [0.0339967086911] [0.0919109508395]
0.0696140527723 [0.0329129993916] [0.106315106153]
0.07625837810319999 [0.0328124277294] [0.119704328477]
0.08039168454685 [0.0339370705187] [0.126846298575]
0.08227627165625 [0.0366342402995] [0.127918303013]
0.08385476656255 [0.0402259714901] [0.127483561635]
0.08598554693174999 [0.0457704775035] [0.12620061636]
0.0882791746409 [0.0522174872458] [0.124340862036]
0.08941143564859999 [0.0573337562382] [0.121489115059]
0.0891094692053 [0.0603813156486] [0.117837622762]
0.08767580427205 [0.0617410801351] [0.113610528409]
0.08547644875935 [0.0624377317727] [0.108515165746]
0.0837029218672 [0.0636339336634] [0.103771910071]
0.08327205479125 [0.0662039890885] [0.100340120494]
0.0842332020402 [0.0701836496592] [0.0982827544212]
0.08619033917784999 [0.0755041018128] [0.0968765765429]
0.08890392631295 [0.082106821239] [0.0957010313869]
0.09115175157785 [0.088429145515] [0.0938743576407]
0.09025206416845 [0.090575709939] [0.0899284183979]
0.0838191434741 [0.0835965797305] [0.0840417072177]
0.07432603091000001 [0.0700765997171] [0.0785754621029]
0.06586926989255 [0.0564766861498] [0.0752618536353]
0.06037739478055 [0.046127114445] [0.0746276751161]
0.056894827634100004 [0.03878942132] [0.0750002339482]
0.05357036367055 [0.0327586829662] [0.0743820443749]
0.05029094684865 [0.028060356155] [0.0725215375423]
0.047643963247550006 [0.0246745944023] [0.0706133320928]
