0.0616145245731 [0.0810958594084] [0.0421331897378]
0.06496423110365 [0.0852912068367] [0.0446372553706]
0.06834487989545 [0.0882904157043] [0.0483993440866]
0.0717807412148 [0.0895503610373] [0.0540111213923]
0.07405343092975 [0.0892805084586] [0.0588263534009]
0.07470557652415 [0.0885254740715] [0.0608856789768]
0.07455061376095 [0.0878959074616] [0.0612053200603]
0.0742423199117 [0.0867761746049] [0.0617084652185]
0.07277369126675001 [0.0826525762677] [0.0628948062658]
0.06884936243295 [0.073106624186] [0.0645921006799]
0.0631280634552 [0.0597587637603] [0.0664973631501]
0.0571721754968 [0.046216443181] [0.0681279078126]
0.0525932237506 [0.0352084115148] [0.0699780359864]
0.04937122203405 [0.0271440185606] [0.0715984255075]
0.04679531324655 [0.0220408830792] [0.0715497434139]
0.0445177983493 [0.0191566087306] [0.069878987968]
0.0409686602652 [0.0176625475287] [0.0642747730017]
0.0357869742438 [0.0171085540205] [0.0544653944671]
0.030739251524199998 [0.0170053169131] [0.0444731861353]
0.02731218375265 [0.0172473378479] [0.0373770296574]
0.025543598458149998 [0.0176554583013] [0.033431738615]
0.02494077011945 [0.018169939518] [0.0317116007209]
0.024825803004200002 [0.0185348223895] [0.0311167836189]
0.024538568221 [0.0186747666448] [0.0304023697972]
0.023933227174 [0.0188300199807] [0.0290364343673]
0.0235719559714 [0.0196639392525] [0.0274799726903]
0.02359571494165 [0.0213813260198] [0.0258101038635]
0.023502340540300003 [0.0229956228286] [0.024009058252]
0.0233273301274 [0.0246255062521] [0.0220291540027]
0.02319783717395 [0.0259039141238] [0.0204917602241]
0.02322889585045 [0.0266173984855] [0.0198403932154]
0.023875839076900003 [0.0273505337536] [0.0204011444002]
0.02530350442975 [0.0281280726194] [0.0224789362401]
0.0275247609243 [0.0289929993451] [0.0260565225035]
0.0305409273133 [0.03016673401] [0.0309151206166]
0.033703410998 [0.0316573083401] [0.0357495136559]
0.0358308553696 [0.0334668569267] [0.0381948538125]
0.036567887291300005 [0.0354446209967] [0.0376911535859]
0.036980550736200005 [0.0375235788524] [0.03643752262]
0.03755039162935 [0.0392792373896] [0.0358215458691]
0.03774145059285 [0.0399432554841] [0.0355396457016]
0.0370355974883 [0.038444776088] [0.0356264188886]
0.0357298888266 [0.0349374040961] [0.0365223735571]
0.03540434874595 [0.030966386199] [0.0398423112929]
0.036267946474249996 [0.0279404763132] [0.0445954166353]
0.0377966724336 [0.0252974294126] [0.0502959154546]
0.03910348098725 [0.0236165951937] [0.0545903667808]
0.039419339038450005 [0.0225758049637] [0.0562628731132]
0.039435598999250004 [0.0217739343643] [0.0570972636342]
0.03916992247105 [0.0210110545158] [0.0573287904263]
0.03903418593105 [0.0202520601451] [0.057816311717]
0.0400068368763 [0.019530761987] [0.0604829117656]
0.042463630437849995 [0.0188819169998] [0.0660453438759]
0.04627380799505 [0.0182798933238] [0.0742677226663]
0.0505955033004 [0.0177530944347] [0.0834379121661]
0.055459626019 [0.01730556041] [0.093613691628]
0.06250794511265 [0.0173585694283] [0.107657320797]
0.07190135587005 [0.0179238561541] [0.125878855586]
0.08281423710300001 [0.019184615463] [0.146443858743]
0.09540314320490001 [0.0214217174798] [0.16938456893]
0.10734442062665 [0.0249947942793] [0.189694046974]
0.11481046024705 [0.0301033873111] [0.199517533183]
0.1216213442383 [0.0363750234246] [0.206867665052]
0.12580136954765 [0.0434729605913] [0.208129778504]
0.1274382825942 [0.0506273023784] [0.20424926281]
0.12807871587565 [0.0568365193903] [0.199320912361]
0.12832250632345 [0.0600727982819] [0.196572214365]
0.12935577891765 [0.0614414922893] [0.197270065546]
0.1297097578645 [0.060114517808] [0.199304997921]
0.12858738377700002 [0.057232119143] [0.199942648411]
0.12669140659255002 [0.0548751913011] [0.198507621884]
0.12416539527465 [0.0539414919913] [0.194389298558]
0.1207566820084 [0.0533291772008] [0.188184186816]
0.11642205901434999 [0.0510323680937] [0.181811749935]
0.11026844941069999 [0.0423854999244] [0.178151398897]
0.10389428399494999 [0.0317131541669] [0.176075413823]
0.09993962757284999 [0.0237089060247] [0.176170349121]
0.10146127361825 [0.0193149689585] [0.183607578278]
0.1047160979362 [0.0168802402914] [0.192551955581]
0.10642912937335 [0.0153993507847] [0.197458907962]
0.10556853702305001 [0.0144960163161] [0.19664105773]
0.1029217676259 [0.0138790132478] [0.191964522004]
0.10136836068725 [0.0133250514045] [0.18941166997]
0.10278955567605 [0.0127981100231] [0.192781001329]
0.1046801242044 [0.0122528439388] [0.19710740447]
0.10538936359805 [0.0117407878861] [0.19903793931]
0.1049892278387 [0.0113685075194] [0.198609948158]
0.101968784351 [0.011230670847] [0.192706897855]
0.0959627330301 [0.0109303295612] [0.180995136499]
0.08918111026304999 [0.0106679648161] [0.16769425571]
0.08265594672394999 [0.0105208810419] [0.154791012406]
0.0758524066766 [0.0105401827022] [0.141164630651]
0.07131608808395 [0.0107758687809] [0.131856307387]
0.0695736189375 [0.011068568565] [0.12807866931]
0.07030359702165001 [0.0111829498783] [0.129424244165]
0.07186965970325 [0.0109702711925] [0.132769048214]
0.0740546355954 [0.0104732802138] [0.137635990977]
0.0753933638335 [0.010087236762] [0.140699490905]
0.07574793882685 [0.0100236721337] [0.14147220552]
0.07552301324885001 [0.0100236721337] [0.141022354364]
0.07588714547435 [0.0100236721337] [0.141750618815]
0.07649372704335 [0.0100236721337] [0.142963781953]
0.07744100876135 [0.0100236721337] [0.144858345389]
0.076609512325285 [0.00805295538157] [0.145166069269]
0.0759307583795 [0.008580384776] [0.143281131983]
0.07455640984718999 [0.00912931468338] [0.139983505011]
0.07305991929007499 [0.00947870872915] [0.136641129851]
0.07183357793848501 [0.00964608229697] [0.13402107358]
0.07097704941423 [0.00959542859346] [0.132358670235]
0.070313766132855 [0.00942155625671] [0.131205976009]
0.06993685383341501 [0.00920354761183] [0.130670160055]
0.070579882245645 [0.00898412521929] [0.132175639272]
0.071324116084515 [0.00882492680103] [0.133823305368]
0.07076529040943 [0.00873067229986] [0.132799908519]
0.06866732239709 [0.00874091684818] [0.128593727946]
0.06525978771961 [0.00900949444622] [0.121510080993]
0.061002275906315 [0.00927047990263] [0.11273407191]
0.05794883845383 [0.00935000088066] [0.106547676027]
0.05718442471708 [0.00920744333416] [0.1051614061]
0.058557971380894996 [0.00896030478179] [0.10815563798]
0.061330742668315 [0.00876603927463] [0.113895446062]
0.06489939661714 [0.00872088316828] [0.121077910066]
0.06734467344358 [0.00867968890816] [0.126009657979]
0.069138157181435 [0.00878425501287] [0.12949205935]
0.07000722456727501 [0.00892388261855] [0.131090566516]
0.07089126203218 [0.00907209701836] [0.132710427046]
0.07264761487029 [0.00924318749458] [0.136052042246]
0.075782322790565 [0.00940215867013] [0.142162486911]
0.080503551289485 [0.00954119488597] [0.151465907693]
0.084173873532335 [0.00933311972767] [0.159014627337]
0.08508908702054001 [0.00877661909908] [0.161401554942]
0.08085508970536 [0.00808488484472] [0.153625294566]
0.07305385498306999 [0.00743255671114] [0.138675153255]
0.06498250062569 [0.00697348406538] [0.122991517186]
0.058220583014265 [0.00672381930053] [0.109717346728]
0.05357648129596 [0.00663168122992] [0.100521281362]
0.050951495999495 [0.00661858962849] [0.0952844023705]
0.049227069597715 [0.00669449474663] [0.0917596444488]
0.047810274409135 [0.00681786844507] [0.0888026803732]
0.046552328625674995 [0.00693251611665] [0.0861721411347]
0.045037032570705 [0.00704619567841] [0.083027869463]
0.043261822080245003 [0.00715167028829] [0.0793719738722]
0.04072167817503 [0.00727018900216] [0.0741731673479]
0.037833102280294996 [0.00745288329199] [0.0682133212686]
0.03510863659903 [0.00783550646156] [0.0623817667365]
0.033146707806755 [0.00880227703601] [0.0574911385775]
0.0325076226145 [0.0104023180902] [0.0546129271388]
0.03309279540555 [0.0122461849824] [0.0539394058287]
0.03460081806405 [0.0140983974561] [0.055103238672]
