0.0510171521455 [0.0322467051446] [0.0697875991464]
0.052756847813700006 [0.0341569520533] [0.0713567435741]
0.05435454286635 [0.036510605365] [0.0721984803677]
0.0560239627957 [0.0392941087484] [0.072753816843]
0.05860088951885 [0.0426121987402] [0.0745895802975]
0.062865678221 [0.0468677580357] [0.0788635984063]
0.0686914306134 [0.0522803924978] [0.085102468729]
0.07399495877325 [0.060010176152] [0.0879797413945]
0.0742066055536 [0.0680506825447] [0.0803625285625]
0.06909966468815 [0.0697488188744] [0.0684505105019]
0.06314182281495 [0.0675911232829] [0.058692522347]
0.05895011126995 [0.0659727528691] [0.0519274696708]
0.05534074641765 [0.0640237405896] [0.0466577522457]
0.0502610784024 [0.0592559464276] [0.0412662103772]
0.0452730730176 [0.054299198091] [0.0362469479442]
0.041517723351699995 [0.0500967428088] [0.0329387038946]
0.03903924673795 [0.0466482117772] [0.0314302816987]
0.0376726463437 [0.0437181666493] [0.0316271260381]
0.0367884319276 [0.0406759604812] [0.032900903374]
0.035843033343550004 [0.0373394116759] [0.0343466550112]
0.03473922796545 [0.033901669085] [0.0355767868459]
0.0335640022531 [0.0305896978825] [0.0365383066237]
0.032674594782300004 [0.027403106913] [0.0379460826516]
0.032454772852400005 [0.0242925602943] [0.0406169854105]
0.032954729162150004 [0.0213496405631] [0.0445598177612]
0.0342593602836 [0.0188064016402] [0.049712318927]
0.03621994331475 [0.0165566951036] [0.0558831915259]
0.0392169076949 [0.0145387984812] [0.0638950169086]
0.044501252938050004 [0.012747974135] [0.0762545317411]
0.053787986282250004 [0.0112918885425] [0.096284084022]
0.06730832718315 [0.0102531276643] [0.124363526702]
0.082777597010105 [0.00969834625721] [0.155856847763]
0.09532211022462 [0.00943504367024] [0.181209176779]
0.10134231625112501 [0.00923880096525] [0.193445831537]
0.09972460567938 [0.00897623598576] [0.190472975373]
0.09375439072008501 [0.00862327683717] [0.178885504603]
0.09141171444198999 [0.00834819115698] [0.174475237727]
0.09115796955285001 [0.0082024121657] [0.17411352694]
0.09132528444758001 [0.00827621202916] [0.174374356866]
0.092049971688665 [0.00862886104733] [0.17547108233]
0.09277843497677 [0.00918931886554] [0.176367551088]
0.092213297262655 [0.00998749211431] [0.174439102411]
0.090155367274 [0.010904350318] [0.16940638423]
0.08729970734584999 [0.0120065119117] [0.16259290278]
0.0839796126821 [0.0133214415982] [0.154637783766]
0.08075712993735 [0.0146498456597] [0.146864414215]
0.0783023070543 [0.0158489756286] [0.14075563848]
0.07665326539430001 [0.0163443852216] [0.136962145567]
0.0758208194746 [0.0162850935012] [0.135356545448]
0.07543804962185001 [0.0161620471627] [0.134714052081]
0.07602957915515 [0.0163220521063] [0.135737106204]
0.0783952921628 [0.0169130563736] [0.139877527952]
0.07990936003645 [0.0178085081279] [0.142010211945]
0.07949691545205 [0.0184962805361] [0.140497550368]
0.07753202132880001 [0.0184604786336] [0.136603564024]
0.07491548731905 [0.0177981927991] [0.132032781839]
0.0715218754486 [0.0165970418602] [0.126446709037]
0.06618416029955 [0.0153828430921] [0.116985477507]
0.0588845284654 [0.0144465584308] [0.1033224985]
0.0508342268877 [0.0138661330566] [0.0878023207188]
0.043947376776450005 [0.0137924784794] [0.0741022750735]
0.039465871639549996 [0.0142262447625] [0.0647054985166]
0.0368367889896 [0.0151368547231] [0.0585367232561]
0.03616334870455 [0.0166950188577] [0.0556316785514]
0.03699450101705 [0.0190949160606] [0.0548940859735]
0.03860711865125 [0.0218072682619] [0.0554069690406]
0.04006278142335 [0.0241444632411] [0.0559810996056]
0.04067762196065 [0.0254749134183] [0.055880330503]
0.04008853435515 [0.0255525745451] [0.0546244941652]
0.0386813366786 [0.0250113476068] [0.0523513257504]
0.0373384617269 [0.0245380662382] [0.0501388572156]
0.03666645661 [0.024704489857] [0.048628423363]
0.036865526810299996 [0.0252900570631] [0.0484409965575]
0.0366856502369 [0.0248787570745] [0.0484925433993]
0.03479034546765 [0.0214848350734] [0.0480958558619]
0.030338347889499996 [0.0164315123111] [0.0442451834679]
0.025437853299050003 [0.0125807728618] [0.0382949337363]
0.021520999725900002 [0.0103234304115] [0.0327185690403]
0.018867005594060002 [0.00912420079112] [0.028609810397]
0.01698428671807 [0.00853862799704] [0.0254299454391]
0.015941775869595 [0.00834693294019] [0.023536618799]
0.015570413786929999 [0.00831380393356] [0.0228270236403]
0.015766573138525 [0.00859889015555] [0.0229342561215]
0.016178139951055 [0.00911346171051] [0.0232428181916]
0.01672062557189 [0.00999429821968] [0.0234469529241]
0.017251467332249998 [0.0111184101552] [0.0233845245093]
0.01781812682745 [0.0123759228736] [0.0232603307813]
0.0184240974486 [0.0135440975428] [0.0233040973544]
0.01921861292795 [0.0144819309935] [0.0239552948624]
0.0205699549988 [0.0155301652849] [0.0256097447127]
0.0228166664019 [0.0170926135033] [0.0285407193005]
0.026179378852250003 [0.0194310471416] [0.0329277105629]
0.030655683949549997 [0.0220069289207] [0.0393044389784]
0.0370534975082 [0.0239212624729] [0.0501857325435]
0.04484196286645 [0.0244797300547] [0.0652041956782]
0.05103385448455 [0.0240781977773] [0.0779895111918]
0.05486135743555 [0.0232906900346] [0.0864320248365]
0.056798015721149994 [0.0222744662315] [0.0913215652108]
0.05808552354575 [0.0213259533048] [0.0948450937867]
0.059745377861 [0.0202826764435] [0.0992080792785]
0.06173308100535 [0.0190088879317] [0.104457274079]
0.06407052557910001 [0.0175543930382] [0.11058665812]
0.06629578396695 [0.0162627547979] [0.116328813136]
0.06854698341314999 [0.0154975187033] [0.121596448123]
0.0690158028158 [0.0149667449296] [0.123064860702]
0.0668983221988 [0.0144856469706] [0.119310997427]
0.06467083469015 [0.0140850767493] [0.115256592631]
0.06395455170445 [0.0137508008629] [0.114158302546]
0.0646220557391 [0.0136727243662] [0.115571387112]
0.06661995314075 [0.0140226222575] [0.119217284024]
0.06851466232930001 [0.0147591875866] [0.122270137072]
0.06852506566795 [0.0157677549869] [0.121282376349]
0.06461086403579999 [0.0164292734116] [0.11279245466]
0.056433245539650005 [0.0159291625023] [0.096937328577]
0.04547690087925 [0.0143165113404] [0.0766372904181]
0.0361510282382 [0.0123721156269] [0.0599299408495]
0.029919775668499998 [0.0108764702454] [0.0489630810916]
0.026320572942500002 [0.009989798069] [0.042651347816]
0.024564696941535 [0.00963651109487] [0.0394928827882]
0.024160102475435 [0.00970647204667] [0.0386137329042]
0.0245777340606 [0.0100706014782] [0.039084866643]
