0.01646596705539 [0.00884877052158] [0.0240831635892]
0.016935872845355 [0.00915741920471] [0.024714326486]
0.017694928683365 [0.00968975760043] [0.0257000997663]
0.01889989944175 [0.0104332109913] [0.0273665878922]
0.02088607568295 [0.0114930737764] [0.0302790775895]
0.0241837380454 [0.0131018850952] [0.0352655909956]
0.02937972079965 [0.0156479161233] [0.043111525476]
0.03637349698695 [0.0192184429616] [0.0535285510123]
0.0435951240361 [0.0234507620335] [0.0637394860387]
0.04767374508085 [0.0271533094347] [0.068194180727]
0.048521494492849995 [0.0298887826502] [0.0671542063355]
0.047709036618449996 [0.0323232859373] [0.0630947872996]
0.0466248188168 [0.0350955016911] [0.0581541359425]
0.046381995081899996 [0.0388917848468] [0.053872205317]
0.046973602846250004 [0.042685944587] [0.0512612611055]
0.0479801930487 [0.0455133244395] [0.0504470616579]
0.04948181845245 [0.0476668961346] [0.0512967407703]
0.05148014985025 [0.0496530868113] [0.0533072128892]
0.0538036003709 [0.0518099293113] [0.0557972714305]
0.0558624640107 [0.0536322891712] [0.0580926388502]
0.05693586170675 [0.0545788481832] [0.0592928752303]
0.0565517004579 [0.0537177175283] [0.0593856833875]
0.055361598730050005 [0.0518455393612] [0.0588776580989]
0.0538266506046 [0.0489521659911] [0.0587011352181]
0.05197568424045 [0.045356977731] [0.0585943907499]
0.049561074003550004 [0.0413389727473] [0.0577831752598]
0.0479870196432 [0.0375895984471] [0.0583844408393]
0.047779383137850004 [0.0350129902363] [0.0605457760394]
0.048925302922700004 [0.033929400146] [0.0639212056994]
0.050920272246 [0.0345474295318] [0.0672931149602]
0.0524273533374 [0.0358947999775] [0.0689599066973]
0.05231404863295 [0.0366274155676] [0.0680006816983]
0.050903584808100005 [0.0366276577115] [0.0651795119047]
0.04881638288495 [0.0364138819277] [0.0612188838422]
0.04687884449955 [0.0363951362669] [0.0573625527322]
0.0454213973135 [0.0364622883499] [0.0543805062771]
0.044262476265450004 [0.0364332124591] [0.0520917400718]
0.042690442875 [0.0355522111058] [0.0498286746442]
0.041188027709699995 [0.0344202183187] [0.0479558371007]
0.0404975861311 [0.0338223353028] [0.0471728369594]
0.040208701044349995 [0.0331637039781] [0.0472536981106]
0.03972908761355 [0.0306963603944] [0.0487618148327]
0.039173953235149994 [0.0272374115884] [0.0511104948819]
0.0383370602503 [0.0239555817097] [0.0527185387909]
0.0375707540661 [0.021569378674] [0.0535721294582]
0.03690401278435 [0.0196257568896] [0.0541822686791]
0.0364139387384 [0.0178252775222] [0.0550025999546]
0.03601575642825 [0.0159310102463] [0.0561005026102]
0.03577203536405 [0.0143915498629] [0.0571525208652]
0.03586544003335 [0.0134896431118] [0.0582412369549]
0.0361836240627 [0.0131359966472] [0.0592312514782]
0.0372549002059 [0.0130988368765] [0.0614109635353]
0.0395310805179 [0.013027776964] [0.0660343840718]
0.04263003496455 [0.0131442686543] [0.0721158012748]
0.04568155668675 [0.0131109543145] [0.078252159059]
0.04817418707535 [0.0130145242438] [0.0833338499069]
0.0501899700612 [0.0131557621062] [0.0872241780162]
0.05258200643585 [0.0133626153693] [0.0918013975024]
0.055622195825000005 [0.0136997513473] [0.0975446403027]
0.059189212974250005 [0.0141819817945] [0.104196444154]
0.0621553910896 [0.0148461069912] [0.109464675188]
0.06411316618305 [0.0157376080751] [0.112488724291]
0.0664068013429 [0.0168580710888] [0.115955531597]
0.06997264921665 [0.0180060714483] [0.121939226985]
0.07522627059380001 [0.0189106781036] [0.131541863084]
0.08130102884045 [0.0193866696209] [0.14321538806]
0.08919332735235 [0.0197209380567] [0.158665716648]
0.1002252995968 [0.0204278081656] [0.180022791028]
0.11340092495064999 [0.0211528614163] [0.205648988485]
0.120834665373 [0.021716658026] [0.21995267272]
0.11676817201074999 [0.0222290717065] [0.211307272315]
0.1056453501808 [0.0225310306996] [0.188759669662]
0.0885563064368 [0.0225676484406] [0.154544964433]
0.06855153851185 [0.0220167972147] [0.115086279809]
0.05219358485195 [0.0208844225854] [0.0835027471185]
0.0416047172621 [0.0194920692593] [0.0637173652649]
0.03547661658375 [0.0181196015328] [0.0528336316347]
0.0317956134677 [0.0168721601367] [0.0467190667987]
0.02943478804085 [0.0159031208605] [0.0429664552212]
0.027827843092400002 [0.0153680872172] [0.0402875989676]
0.0267911236733 [0.0152656175196] [0.038316629827]
0.026173880789450002 [0.015495528467] [0.0368522331119]
0.025691906921599998 [0.0156771000475] [0.0357067137957]
0.024755684658899997 [0.0152686908841] [0.0342426784337]
0.0235207485966 [0.0144819533452] [0.032559543848]
0.0222963690758 [0.0135568659753] [0.0310358721763]
0.02135918755085 [0.0127369668335] [0.0299814082682]
0.021019505336900002 [0.0121871754527] [0.0298518352211]
0.02164045535025 [0.0119366496801] [0.0313442610204]
0.0234233364463 [0.0119183920324] [0.0349282808602]
0.02638776134695 [0.0120991710573] [0.0406763516366]
0.03029431961475 [0.0124278850853] [0.0481607541442]
0.0344427479431 [0.0128913056105] [0.0559941902757]
0.038115602918 [0.0132888723165] [0.0629423335195]
0.040256647858749994 [0.0135174663737] [0.0669958293438]
0.0408427431248 [0.0135919032618] [0.0680935829878]
0.03973244456575 [0.0137714734301] [0.0656934157014]
0.0383497495204 [0.0145025886595] [0.0621969103813]
0.03835253883155 [0.0160029549152] [0.0607021227479]
0.0404427861795 [0.0182886030525] [0.0625969693065]
0.0436705769971 [0.0208615455776] [0.0664796084166]
0.04778697434815 [0.0231663826853] [0.072407566011]
0.05137449223545 [0.0243077371269] [0.078441247344]
0.05319860577585 [0.0242573991418] [0.0821398124099]
