0.09968204237525 [0.0488175190985] [0.150546565652]
0.0940800849347 [0.0488628931344] [0.139297276735]
0.0887423213571 [0.0481161735952] [0.129368469119]
0.08519833162445001 [0.0474362075329] [0.122960455716]
0.0840675737711 [0.0481614731252] [0.119973674417]
0.08509646728635 [0.0509340316057] [0.119258902967]
0.08867438882595 [0.0560664534569] [0.121282324195]
0.09311235696065001 [0.0639230906963] [0.122301623225]
0.098357900977 [0.074145168066] [0.122570633888]
0.10372019186595 [0.0857607424259] [0.121679641306]
0.1089248135687 [0.0977263599634] [0.120123267174]
0.1123544834555 [0.108119919896] [0.116589047015]
0.113966308534 [0.115967825055] [0.111964792013]
0.1146531030535 [0.121325574815] [0.107980631292]
0.115496724844 [0.125382736325] [0.105610713363]
0.1177141554655 [0.129495531321] [0.10593277961]
0.12208136171100001 [0.135734394193] [0.108428329229]
0.127236355096 [0.144119277596] [0.110353432596]
0.13266366347699998 [0.153840661049] [0.111486665905]
0.136940974742 [0.161870136857] [0.112011812627]
0.139305729419 [0.167512103915] [0.111099354923]
0.138237372041 [0.167099773884] [0.109374970198]
0.134512487799 [0.160837203264] [0.108187772334]
0.129883378744 [0.151469811797] [0.108296945691]
0.124278318137 [0.138726532459] [0.109830103815]
0.1195574887095 [0.125045403838] [0.114069573581]
0.117272898555 [0.112971529365] [0.121574267745]
0.117797955871 [0.102248579264] [0.133347332478]
0.1218676455318 [0.0932027474046] [0.150532543659]
0.12663133069885002 [0.0852511301637] [0.168011531234]
0.1273455172777 [0.0776441544294] [0.177046880126]
0.12069047242385 [0.0700297802687] [0.171351164579]
0.1108945924787 [0.0623999871314] [0.159389197826]
0.10338545963155 [0.0553377941251] [0.151433125138]
0.09903918392955001 [0.0498116053641] [0.148266762495]
0.09628610871715 [0.0456218980253] [0.146950319409]
0.0942993927745 [0.042777005583] [0.145821779966]
0.0927330106495 [0.041499748826] [0.143966272473]
0.0916148498655 [0.042685508728] [0.140544191003]
0.09161422960474999 [0.0471105240285] [0.136117935181]
0.09258746914555001 [0.0538995526731] [0.131275385618]
0.0917363315822 [0.0565427690744] [0.12692989409]
0.09106375277065 [0.0583481118083] [0.123779393733]
0.09145794063820001 [0.0604528933764] [0.1224629879]
0.0932285226881 [0.0627891346812] [0.123667910695]
0.09683525934815 [0.0655814632773] [0.128089055419]
0.10263487324115 [0.0701693817973] [0.135100364685]
0.1100717931986 [0.0773431360722] [0.142800450325]
0.11856105551115 [0.0858693495393] [0.151252761483]
0.1244119778276 [0.0882357358932] [0.160588219762]
0.12118284404265 [0.0794933587313] [0.162872329354]
0.11197957769030001 [0.0651760324836] [0.158783122897]
0.1018570773303 [0.0526067242026] [0.151107430458]
0.09282871894525 [0.0435043387115] [0.142153099179]
0.0851699002086 [0.0373054221272] [0.13303437829]
0.08073149248945 [0.0332670435309] [0.128195941448]
0.07862017117419999 [0.0308324061334] [0.126407936215]
0.077385111712 [0.029257921502] [0.125512301922]
0.07548281922945 [0.0280615538359] [0.122904084623]
0.07354804687210001 [0.0275733284652] [0.119522765279]
0.0719709489496 [0.0271201692522] [0.116821728647]
0.06960641406465 [0.0265061296523] [0.112706698477]
0.06446961313505 [0.0245323032141] [0.104406923056]
0.05620301235465 [0.0208799485117] [0.0915260761976]
0.0474359197542 [0.0169479828328] [0.0779238566756]
0.04070772230625 [0.0140223279595] [0.067393116653]
0.03698475798595 [0.0122813759372] [0.0616881400347]
0.0356539306231 [0.0114555740729] [0.0598522871733]
0.03571248613295 [0.0111390352249] [0.060285937041]
0.03629360580815 [0.0111246528104] [0.0614625588059]
0.03668081061915 [0.0112271653488] [0.0621344558895]
0.0365914227441 [0.0114487987012] [0.061734046787]
0.03600852005185 [0.0116822458804] [0.0603347942233]
0.03505577472965 [0.0119209690019] [0.0581905804574]
0.03385567152875 [0.0119844125584] [0.0557269304991]
0.032768932171150005 [0.0121394153684] [0.0533984489739]
0.0318206860684 [0.0123559338972] [0.0512854382396]
0.03147850045935 [0.0127975801006] [0.0501594208181]
0.0321067101322 [0.0136546110734] [0.050558809191]
0.03369073616345 [0.0150384800509] [0.052342992276]
0.036024889908749996 [0.0169311556965] [0.055118624121]
0.03883683588355 [0.0192837510258] [0.0583899207413]
0.0415753722191 [0.0217054523528] [0.0614452920854]
0.0436297561973 [0.0236775912344] [0.0635819211602]
0.0449757864699 [0.0249391999096] [0.0650123730302]
0.04593877494335 [0.0254106223583] [0.0664669275284]
0.0464426781982 [0.0252224765718] [0.0676628798246]
0.046058882027900004 [0.0247325971723] [0.0673851668835]
0.0442365417257 [0.023877562955] [0.0645955204964]
0.040481339208799996 [0.0225079674274] [0.0584547109902]
0.03671674244105 [0.020952809602] [0.0524806752801]
0.0342478575185 [0.0195535290986] [0.0489421859384]
0.03317027539015 [0.0184992216527] [0.0478413291276]
0.033397899940599995 [0.0180040486157] [0.0487917512655]
0.03464163839815 [0.0181483142078] [0.0511349625885]
0.0362533535808 [0.0188671723008] [0.0536395348608]
