0.07018776610475 [0.0402408614755] [0.100134670734]
0.07923959009345 [0.0491472072899] [0.109331972897]
0.0827379096301 [0.0526360161602] [0.1128398031]
0.0841105803847 [0.0538497790694] [0.1143713817]
0.08543785661445 [0.0544268041849] [0.116448909044]
0.08709058538085 [0.0549629479647] [0.119218222797]
0.088006807491 [0.054697919637] [0.121315695345]
0.08721493184585 [0.0537440925837] [0.120685771108]
0.083744417876 [0.052522726357] [0.114966109395]
0.0794291980567 [0.0513537824154] [0.107504613698]
0.07467117533084999 [0.0504935607314] [0.0988487899303]
0.0700693745166 [0.0501204542816] [0.0900182947516]
0.065621972084 [0.0493341684341] [0.0819097757339]
0.06145708076655 [0.0485086105764] [0.0744055509567]
0.0577026922256 [0.0485091246665] [0.0668962597847]
0.054236315190799994 [0.0490253008902] [0.0594473294914]
0.0506188161671 [0.049201156944] [0.0520364753902]
0.04625419154765 [0.0476975813508] [0.0448108017445]
0.04112744890155 [0.0445513240993] [0.0377035737038]
0.03589971922335 [0.0401424281299] [0.0316570103168]
0.03085055295375 [0.0348587669432] [0.0268423389643]
0.0265335030854 [0.0295089967549] [0.0235580094159]
0.02328669000415 [0.0249675475061] [0.0216058325022]
0.0210786536336 [0.0216738078743] [0.0204834993929]
0.019813125953100003 [0.0194969289005] [0.0201293230057]
0.01930067967625 [0.0182515177876] [0.0203498415649]
0.0192364389077 [0.01757610403] [0.0208967737854]
0.01927744969725 [0.0171205252409] [0.0214343741536]
0.01924030762165 [0.016519902274] [0.0219607129693]
0.019135950133200002 [0.0156097263098] [0.0226621739566]
0.0192029629834 [0.0145044932142] [0.0239014327526]
0.01974857691675 [0.0134087372571] [0.0260884165764]
0.0209566974081 [0.0124537209049] [0.0294596739113]
0.02306552464145 [0.0117400782183] [0.0343909710646]
0.02608819212765 [0.0112239848822] [0.0409523993731]
0.02997708693145 [0.0109394863248] [0.0490146875381]
0.03472304530445 [0.0109550841153] [0.0584910064936]
0.0409698705189 [0.0114150857553] [0.0705246552825]
0.05005020694805 [0.0122638354078] [0.0878365784883]
0.0636204993352 [0.0132122095674] [0.114028789103]
0.07833878602835 [0.0135714244097] [0.143106147647]
0.08165867486975 [0.0133483679965] [0.149968981743]
0.07852672133590001 [0.0130711961538] [0.143982246518]
0.0746912043541 [0.0130530111492] [0.136329397559]
0.0707675521261 [0.0132229635492] [0.128312140703]
0.06523595144975 [0.0132464570925] [0.117225445807]
0.0605257535356 [0.0127767566592] [0.108274750412]
0.0569475651721 [0.0119578214362] [0.101937308908]
0.0517616914585 [0.0111783314496] [0.0923450514674]
0.05187209369615 [0.0110041806474] [0.0927400067449]
0.051925488747649996 [0.0107962284237] [0.0930547490716]
0.05187060218305 [0.010564064607] [0.0931771397591]
0.051734247710550005 [0.0103788999841] [0.093089595437]
0.051623204723 [0.0102224014699] [0.0930240079761]
0.051738150883450004 [0.0101218977943] [0.0933544039726]
0.0521765113808 [0.0101082297042] [0.0942447930574]
0.052769421134100006 [0.0100958095863] [0.0954430326819]
0.053167362697435 [0.00997312553227] [0.0963615998626]
0.053000084124525 [0.00963579677045] [0.0963643714786]
0.052058994304415004 [0.00905503239483] [0.095062956214]
0.052058994304415004 [0.00905503239483] [0.095062956214]
0.052058994304415004 [0.00905503239483] [0.095062956214]
0.052058994304415004 [0.00905503239483] [0.095062956214]
0.052058994304415004 [0.00905503239483] [0.095062956214]
0.052058994304415004 [0.00905503239483] [0.095062956214]
0.052058994304415004 [0.00905503239483] [0.095062956214]
0.052058994304415004 [0.00905503239483] [0.095062956214]
0.052058994304415004 [0.00905503239483] [0.095062956214]
0.022849423345165 [0.00905503239483] [0.0366438142955]
0.0311448834836 [0.0243139378726] [0.0379758290946]
0.0315525829792 [0.0238222256303] [0.0392829403281]
0.03213685378435 [0.023523170501] [0.0407505370677]
0.0323974844068 [0.0228835381567] [0.0419114306569]
0.03262974787505 [0.0221173707396] [0.0431421250105]
0.0327944951132 [0.0214331615716] [0.0441558286548]
0.0328897163272 [0.0209754481912] [0.0448039844632]
0.032909922301799996 [0.0207414478064] [0.0450783967972]
0.0327923679724 [0.0206059608608] [0.044978775084]
0.0325214089826 [0.0205155629665] [0.0445272549987]
0.0320974048227 [0.0204383470118] [0.0437564626336]
0.0336512234062 [0.0203892365098] [0.0469132103026]
0.03559734951705 [0.0196072924882] [0.0515874065459]
0.038361568003900004 [0.019620615989] [0.0571025200188]
0.0402578152716 [0.0199184566736] [0.0605971738696]
0.0417472785339 [0.0201553311199] [0.0633392259479]
0.04265099857 [0.0204928088933] [0.0648091882467]
0.04309992305935 [0.0213794000447] [0.064820446074]
0.04402914084494999 [0.0236065499485] [0.0644517317414]
0.04541789833455 [0.0275775808841] [0.063258215785]
0.0471377596259 [0.0323844924569] [0.0618910267949]
0.048181526362900004 [0.036286316812] [0.0600767359138]
0.047336531803 [0.0371967405081] [0.0574763230979]
0.0459098778665 [0.0368881300092] [0.0549316257238]
0.0450535677373 [0.0357970744371] [0.0543100610375]
0.04471111111345 [0.0339809842408] [0.0554412379861]
0.04457634314895 [0.0304426848888] [0.0587100014091]
0.04475018754605 [0.0259813293815] [0.0635190457106]
0.045185397379100004 [0.0224358197302] [0.067934975028]
0.045081150718 [0.0202119592577] [0.0699503421783]
0.04403926432135 [0.0190795809031] [0.0689989477396]
0.042527815327049995 [0.0186108835042] [0.0664447471499]
0.04103666357695 [0.0184258259833] [0.0636475011706]
0.0396584765986 [0.0183122325689] [0.0610047206283]
0.0383714009076 [0.0185563676059] [0.0581864342093]
0.0372967552394 [0.0195156298578] [0.055077880621]
0.036728432402049996 [0.0215938650072] [0.0518629997969]
0.03675171360375 [0.0247385390103] [0.0487648881972]
0.0371234090999 [0.0281178932637] [0.0461289249361]
0.0375424362719 [0.0310360863805] [0.0440487861633]
0.0377461798489 [0.0333617888391] [0.0421305708587]
0.0379708521068 [0.0356030091643] [0.0403386950493]
0.03849544748665 [0.0383560098708] [0.0386348851025]
0.039538694545599995 [0.0416205599904] [0.0374568291008]
0.04045911878345 [0.0441050715744] [0.0368131659925]
0.040606705471849996 [0.0445429123938] [0.0366704985499]
0.03991161845625 [0.04292518273] [0.0368980541825]
0.03908239118755 [0.0408240668476] [0.0373407155275]
0.03833369724455 [0.0389020740986] [0.0377653203905]
0.037766071036449994 [0.0372911021113] [0.0382410399616]
0.0371154025197 [0.0355723500252] [0.0386584550142]
0.03626388311385 [0.0332472771406] [0.0392804890871]
0.0353807993233 [0.0304410122335] [0.0403205864131]
0.0348272724077 [0.0275332983583] [0.0421212464571]
