M B1 B2
0.1383878551423 [0.0834025517106] [0.193373158574]
0.14157924056065 [0.0862707793713] [0.19688770175]
0.1470871940254 [0.0910154432058] [0.203158944845]
0.15068510174740002 [0.0957867652178] [0.205583438277]
0.1491715274749 [0.0987165048718] [0.199626550078]
0.14301255345355002 [0.0994910597801] [0.186534047127]
0.13224352896225 [0.0990902632475] [0.165396794677]
0.11526186391705001 [0.0959777310491] [0.134545996785]
0.09289052709935 [0.0873067229986] [0.0984743312001]
0.07090631127355 [0.0715456008911] [0.070267021656]
0.052642628550500004 [0.0532390847802] [0.0520461723208]
0.0401873346418 [0.0387488119304] [0.0416258573532]
0.0332183232531 [0.0297709014267] [0.0366657450795]
0.02984645217655 [0.0247681699693] [0.0349247343838]
0.0281941620633 [0.0221590641886] [0.034229259938]
0.02677229885015 [0.0209897886962] [0.0325548090041]
0.02477808110415 [0.0205114800483] [0.02904468216]
0.02240748517215 [0.0201900973916] [0.0246248729527]
0.02021830901505 [0.0197629891336] [0.0206736288965]
0.018550932407400002 [0.019225332886] [0.0178765319288]
0.0173226892948 [0.0186156630516] [0.016029715538]
0.0162565908395 [0.0178204420954] [0.0146927395836]
0.01527746161445 [0.0170040875673] [0.0135508356616]
0.01442550588395 [0.0163041464984] [0.0125468652695]
0.01393399806695 [0.0160887129605] [0.0117792831734]
0.01399317849425 [0.0167875625193] [0.0111987944692]
0.01469356333835 [0.0187534019351] [0.0106337247416]
0.015968742314735 [0.0220538750291] [0.00988360960037]
0.017318134196110002 [0.0256730951369] [0.00896317325532]
0.01781232282521 [0.0275952946395] [0.00802935101092]
0.017236200859755 [0.0271657798439] [0.00730662187561]
0.016335899708774998 [0.0257507562637] [0.00692104315385]
0.015737770590915 [0.0246441569179] [0.00683138426393]
0.015438567847029998 [0.0239477772266] [0.00692935846746]
0.015227732714285 [0.0233277305961] [0.00712773483247]
0.015143423341215 [0.0228103287518] [0.00747651793063]
0.015379856806255001 [0.0226223897189] [0.00813732389361]
0.01627095602451 [0.0231875106692] [0.00935440137982]
0.0178457899019 [0.024443494156] [0.0112480856478]
0.01967610092835 [0.0256341099739] [0.0137180918828]
0.0210151253268 [0.0257048923522] [0.0163253583014]
0.02153383754195 [0.0247338488698] [0.0183338262141]
0.02138321474195 [0.0232690330595] [0.0194973964244]
0.021248486824350002 [0.0222521778196] [0.0202447958291]
0.021357718855149997 [0.0217642430216] [0.0209511946887]
0.02178810723125 [0.021764812991] [0.0218114014715]
0.02246315125375 [0.0219875257462] [0.0229387767613]
0.0232412936166 [0.0220790784806] [0.0244035087526]
0.02429510932415 [0.0223031081259] [0.0262871105224]
0.02568208705635 [0.0228713639081] [0.0284928102046]
0.0272737676278 [0.0237558074296] [0.030791727826]
0.028722310438750003 [0.0248303040862] [0.0326143167913]
0.02950810827315 [0.0255665704608] [0.0334496460855]
0.02971195057035 [0.0260969474912] [0.0333269536495]
0.02982600405815 [0.0267852060497] [0.0328668020666]
0.03049106057735 [0.0281637404114] [0.0328183807433]
0.03214746713635 [0.0305814221501] [0.0337135121226]
0.03502883017065 [0.0340384617448] [0.0360191985965]
0.0391871538013 [0.0381604172289] [0.0402138903737]
0.04381712339815 [0.0419703647494] [0.0456638820469]
0.047687804326450006 [0.044116396457] [0.0512592121959]
0.0510818660259 [0.0460875034332] [0.0560762286186]
0.0547621194273 [0.049151789397] [0.0603724494576]
0.0603169426322 [0.055374212563] [0.0652596727014]
0.06754241138695 [0.0642115473747] [0.0708732753992]
0.07561627402900001 [0.0751534104347] [0.0760791376233]
0.0838633403182 [0.086541518569] [0.0811851620674]
0.09201768413184999 [0.098363161087] [0.0856722071767]
0.0991946943102 [0.108510933816] [0.0898784548044]
0.104927778244 [0.115969710052] [0.093885846436]
0.10785776749244999 [0.120935037732] [0.0947804972529]
0.10974165424715 [0.124026976526] [0.0954563319683]
0.11224609240885 [0.127316892147] [0.0971752926707]
0.1177242919805 [0.134094104171] [0.10135447979]
0.1253421865405 [0.142666012049] [0.108018361032]
0.131814971566 [0.146114811301] [0.117515131831]
0.1302003227175 [0.141282573342] [0.119118072093]
0.12197452038500001 [0.130814746022] [0.113134294748]
0.1100045368075 [0.117968931794] [0.102040141821]
0.09806201234465 [0.104814387858] [0.0913096368313]
0.08889439702035 [0.0929243564606] [0.0848644375801]
0.08258534967895001 [0.0824436768889] [0.082727022469]
0.0795348584652 [0.0739518776536] [0.0851178392768]
0.07872854918239999 [0.0677854567766] [0.0896716415882]
0.07889469712975 [0.063752040267] [0.0940373539925]
0.07971149869265 [0.06159343943] [0.0978295579553]
0.07932045310735 [0.0597909763455] [0.0988499298692]
0.07685268297795 [0.0576135143638] [0.0960918515921]
0.07021292112765 [0.0533044822514] [0.0871213600039]
0.06022369116545 [0.0468422397971] [0.0736051425338]
0.05110944435 [0.040995631367] [0.061223257333]
0.04547999985515 [0.0379896387458] [0.0529703609645]
0.043808309361349995 [0.0387018471956] [0.0489147715271]
0.04563902877275 [0.0432834066451] [0.0479946509004]
0.04998117499055 [0.0510375387967] [0.0489248111844]
0.0551342088729 [0.0600478723645] [0.0502205453813]
0.0593215189874 [0.0679236128926] [0.0507194250822]
0.06184031628075 [0.0732175111771] [0.0504631213844]
0.062232173979300004 [0.0751348882914] [0.0493294596672]
0.06101458333435 [0.0743851512671] [0.0476440154016]
0.0580555461347 [0.0710313171148] [0.0450797751546]
0.053837634623049996 [0.0657684952021] [0.041906774044]
0.0488348621875 [0.0591935254633] [0.0384761989117]
0.0445482674986 [0.0534978881478] [0.0355986468494]
0.041635107249 [0.0493381358683] [0.0339320786297]
0.0402677301317 [0.0468354709446] [0.0336999893188]
0.04001247882845 [0.0455107651651] [0.0345141924918]
0.040151184424750005 [0.044461030513] [0.0358413383365]
0.040020376443849995 [0.0430338606238] [0.0370068922639]
0.0395016577095 [0.0411918014288] [0.0378115139902]
0.0388246104121 [0.0392413139343] [0.0384079068899]
0.03818035870795 [0.0375529006124] [0.0388078168035]
0.037205509841450005 [0.036074180156] [0.0383368395269]
0.0362127926201 [0.0351985059679] [0.0372270792723]
0.03497498109935 [0.0345532558858] [0.0353967063129]
0.033576775342199994 [0.0338377803564] [0.033315770328]
0.0321448314935 [0.03282732144] [0.031462341547]
0.0313914539292 [0.032169252634] [0.0306136552244]
0.0319130457938 [0.0325387604535] [0.0312873311341]
0.034042442217449995 [0.0343822427094] [0.0337026417255]
0.03768766485155 [0.0377944670618] [0.0375808626413]
0.04181477613745 [0.0418010242283] [0.0418285280466]
0.04495290108025 [0.0449191555381] [0.0449866466224]
