M B1 B2
0.07327219843864999 [0.0813959166408] [0.0651484802365]
0.0759478136897 [0.081402502954] [0.0704931244254]
0.0745299048722 [0.0830968618393] [0.0659629479051]
0.06910987943409999 [0.0870829671621] [0.0511367917061]
0.0649429690093 [0.0929887443781] [0.0368971936405]
0.06364341825245 [0.099707365036] [0.0275794714689]
0.06196298263985 [0.101306214929] [0.0226197503507]
0.0594495953992 [0.0989177003503] [0.0199814904481]
0.053245284594600005 [0.0882573798299] [0.0182331893593]
0.0450145415962 [0.0734891444445] [0.0165399387479]
0.0374911664985 [0.0597329996526] [0.0152493333444]
0.03177004819735 [0.049635104835] [0.0139049915597]
0.02790543064475 [0.0431055910885] [0.012705270201]
0.025401279795899998 [0.0390732586384] [0.0117293009534]
0.0243053692393 [0.0376991704106] [0.010911568068]
0.023324525915099998 [0.0364613458514] [0.0101877059788]
0.022354755550605 [0.0351137295365] [0.00959578156471]
0.021374079864454998 [0.0334998592734] [0.00924830045551]
0.020444911438985 [0.0315759778023] [0.00931384507567]
0.019546828698375 [0.0293450728059] [0.00974858459085]
0.01879353122785 [0.0269112829119] [0.0106757795438]
0.01806595455855 [0.0244742147624] [0.0116576943547]
0.0188461006619 [0.0224119089544] [0.0152802923694]
0.02048210799695 [0.0210904181004] [0.0198737978935]
0.0230573890731 [0.0207700747997] [0.0253447033465]
0.02323969360445 [0.0207700747997] [0.0257093124092]
0.023247320204999998 [0.0207700747997] [0.0257245656103]
0.023355966433899998 [0.0207700747997] [0.0259418580681]
0.0236381078139 [0.0207700747997] [0.0265061408281]
0.02401923481375 [0.0207700747997] [0.0272683948278]
0.024289221502849997 [0.0207700747997] [0.027808368206]
0.02430892828855 [0.0207700747997] [0.0278477817774]
0.02411654312165 [0.0207700747997] [0.0274630114436]
0.0239020250738 [0.0207700747997] [0.0270339753479]
0.0254091965035 [0.0207700747997] [0.0300483182073]
0.026886975392699998 [0.0234804470092] [0.0302935037762]
0.028352439403499997 [0.0258290879428] [0.0308757908642]
0.0296666305512 [0.0283661559224] [0.03096710518]
0.03059630841015 [0.0309319589287] [0.0302606578916]
0.031034293584550003 [0.0335507504642] [0.0285178367049]
0.030926993116750002 [0.0361226163805] [0.025731369853]
0.030589725822250002 [0.0384595766664] [0.0227198749781]
0.03039996977895 [0.0404225587845] [0.0203773807734]
0.0304801883176 [0.0419567450881] [0.0190036315471]
0.030733987689 [0.0431599356234] [0.0183080397546]
0.030963399447499998 [0.0442636907101] [0.0176631081849]
0.031299810856549995 [0.0454427041113] [0.0171569176018]
0.0346109382808 [0.0523891635239] [0.0168327130377]
0.04091540072115 [0.0652489885688] [0.0165818128735]
0.0511139957234 [0.086116053164] [0.0161119382828]
0.0613920656033 [0.107619471848] [0.0151646593586]
0.07279476197444999 [0.131613507867] [0.0139760160819]
0.0850843507797 [0.157367065549] [0.0128016360104]
0.09889511298380001 [0.185918420553] [0.0118718054146]
0.11351603223034999 [0.215646475554] [0.0113855889067]
0.12619895767435 [0.240844279528] [0.0115536358207]
0.1375983143224 [0.256091982126] [0.0191046465188]
0.1460549440237 [0.257986158133] [0.0341237299144]
0.15278307721009998 [0.244308143854] [0.0612580105662]
0.1556564494968 [0.223418980837] [0.0878939181566]
0.13156153261644998 [0.197925791144] [0.0651972740889]
0.10928075946855 [0.171220526099] [0.0473409928381]
0.0916324593129 [0.148698613048] [0.0345663055778]
0.07941773068135 [0.132219061255] [0.0266164001077]
0.07170192711045 [0.121230125427] [0.0221737287939]
0.0668317703532 [0.113408096135] [0.0202554445714]
0.06356886681195 [0.107030242682] [0.0201074909419]
0.0606652954593 [0.100236006081] [0.0210945848376]
0.05822923220695 [0.0938951820135] [0.0225632824004]
0.0562845757231 [0.0886228457093] [0.0239463057369]
0.0551514243707 [0.0852153450251] [0.0250875037163]
0.053693715482949995 [0.0832944661379] [0.024092964828]
0.053026306442950005 [0.0821807160974] [0.0238718967885]
0.053173732012550004 [0.0818107053638] [0.0245367586613]
0.0541788218543 [0.0827705338597] [0.0255871098489]
0.05578746832905 [0.085010074079] [0.0265648625791]
0.0570595934987 [0.0867376700044] [0.027381516993]
0.0582343759015 [0.087747015059] [0.028721736744]
0.0595105495304 [0.087611541152] [0.0314095579088]
0.0610493440181 [0.086348682642] [0.0357500053942]
0.0629404783249 [0.0846437737346] [0.0412371829152]
0.06458933465185 [0.0831043869257] [0.046074282378]
0.06525880284605 [0.0818635225296] [0.0486540831625]
0.0652398020029 [0.0810663625598] [0.049413241446]
0.06523966789245 [0.080617390573] [0.0498619452119]
0.0651129391044 [0.0802241042256] [0.0500017739832]
0.0638140682131 [0.0790888443589] [0.0485392920673]
0.06125229410825 [0.077329903841] [0.0451746843755]
0.0577712729573 [0.0751779079437] [0.0403646379709]
0.054192423820500005 [0.0734359622002] [0.0349488854408]
0.05154866259545 [0.0729364976287] [0.0301608275622]
0.0503145912662 [0.0736938044429] [0.0269353780895]
0.0505741853267 [0.0759408995509] [0.0252074711025]
0.05286807194355 [0.0808790177107] [0.0248571261764]
0.0570639045909 [0.0887313038111] [0.0253965053707]
