M B1 B2
0.01759839756413 [0.00789465848356] [0.0273021366447]
0.016940537840105 [0.00862079486251] [0.0252602808177]
0.01661638496441 [0.00955907721072] [0.0236736927181]
0.01612455258145 [0.0106318304315] [0.0216172747314]
0.01557069411505 [0.0119057586417] [0.0192356295884]
0.015233581885699999 [0.0136048793793] [0.0168622843921]
0.01506100874395 [0.0158430468291] [0.0142789706588]
0.015456282533699999 [0.0185779966414] [0.012334568426]
0.0163094867021 [0.021561473608] [0.0110574997962]
0.01743965782225 [0.0245101060718] [0.0103692095727]
0.01865076087415 [0.0271966550499] [0.0101048666984]
0.019686682615435 [0.029503390193] [0.00986997503787]
0.022261558566235 [0.0346393547952] [0.00988376233727]
0.02591999573635 [0.0417057685554] [0.0101342229173]
0.03338021039965 [0.0565854199231] [0.0101750008762]
0.04812727542595 [0.0861983597279] [0.010056191124]
0.07221955154099 [0.134634897113] [0.00980420596898]
0.09747005440315 [0.184484213591] [0.0104558952153]
0.11014081863665 [0.209167540073] [0.0111140972003]
0.11505746282655 [0.21851451695] [0.0116004087031]
0.12058133212855 [0.229263842106] [0.0118988221511]
0.13056152733055 [0.248867467046] [0.0122555876151]
0.14548472268495 [0.277759671211] [0.0132097741589]
0.1638974910601 [0.313541293144] [0.0142536889762]
0.16407534247254998 [0.313541293144] [0.0146093918011]
0.1640961677766 [0.313541293144] [0.0146510424092]
0.1632015397771 [0.313541293144] [0.0128617864102]
0.1632015397771 [0.313541293144] [0.0128617864102]
0.014311443083 [0.0157610997558] [0.0128617864102]
0.0156121556647 [0.0176733378321] [0.0135509734973]
0.0171031821519 [0.0198067091405] [0.0143996551633]
0.01852324046195 [0.0221543461084] [0.0148921348155]
0.01962147653105 [0.0247779488564] [0.0144650042057]
0.0205681696534 [0.0278047993779] [0.0133315399289]
0.02170799393205 [0.0313275568187] [0.0120884310454]
0.0233051115647 [0.0355171263218] [0.0110930968076]
0.0252514523454 [0.0402713045478] [0.010231600143]
0.02772278385235 [0.0452139675617] [0.010231600143]
0.029983088839800002 [0.0497345775366] [0.010231600143]
0.031719105783849996 [0.0532066114247] [0.010231600143]
0.0371514488943 [0.0640712976456] [0.010231600143]
0.04437949927525 [0.0785273984075] [0.010231600143]
0.055098362732649994 [0.0999651253223] [0.010231600143]
0.069379061926 [0.128526523709] [0.010231600143]
0.08469541417450001 [0.159159228206] [0.010231600143]
0.095889114309 [0.181546628475] [0.010231600143]
0.1969406604765 [0.186055853963] [0.20782546699]
0.203078068793 [0.187149599195] [0.219006538391]
0.190512821078 [0.186430573463] [0.194595068693]
0.16064433008450002 [0.183131322265] [0.138157337904]
0.1321440972388 [0.176617205143] [0.0876709893346]
0.11056006327255 [0.161721974611] [0.0593981519341]
0.09465692192335001 [0.14333704114] [0.0459768027067]
0.08400588482594999 [0.128088086843] [0.0399236828089]
0.0767673179509 [0.115927293897] [0.0376073420048]
0.07292765378975 [0.10866111517] [0.0371941924095]
0.07199335657065001 [0.106361553073] [0.0376251600683]
0.07325263321415 [0.108200259507] [0.0383050069213]
0.0751450322566 [0.112371332943] [0.0379187315702]
0.07556951604795001 [0.114284321666] [0.0368547104299]
0.07480105385194999 [0.114134937525] [0.0354671701789]
0.07298289984445 [0.111982002854] [0.0339837968349]
0.0711113400757 [0.109196409583] [0.0330262705684]
0.07031818665585 [0.107752040029] [0.0328843332827]
0.07168508693555 [0.109378226101] [0.0339919477701]
0.07542556338 [0.114029638469] [0.036821488291]
0.0805101450533 [0.118580646813] [0.0424396432936]
0.08205531165005 [0.11122199893] [0.0528886243701]
0.07918578013774999 [0.0889797583222] [0.0693918019533]
0.0729538835585 [0.0627186819911] [0.0831890851259]
0.06533030979335 [0.047707606107] [0.0829530134797]
0.057434437796449994 [0.0417064167559] [0.073162458837]
0.053124306723500006 [0.0411143191159] [0.0651342943311]
0.05272394046185 [0.0437184795737] [0.06172940135]
0.0547422319651 [0.0476301237941] [0.0618543401361]
0.05708137527105 [0.0510277971625] [0.0631349533796]
0.0585650410503 [0.0529086999595] [0.0642213821411]
0.05806501582265 [0.0524797141552] [0.0636503174901]
0.0546684022993 [0.049500271678] [0.0598365329206]
0.04908017069105 [0.0446702577174] [0.0534900836647]
0.04271857626735 [0.0400145314634] [0.0454226210713]
0.0372692961246 [0.0370626971126] [0.0374758951366]
0.03358758985995 [0.0360117666423] [0.0311634130776]
0.03178618848325 [0.0369183570147] [0.0266540199518]
0.031936551444200004 [0.0396187677979] [0.0242543350905]
0.03353527653965 [0.0437135063112] [0.0233570467681]
0.03581032156945 [0.0482963174582] [0.0233243256807]
0.03733709547665 [0.0511982515454] [0.0234759394079]
0.0368703976274 [0.0504903197289] [0.0232504755259]
0.034373284317550004 [0.0462799668312] [0.0224666018039]
0.03096717223525 [0.0406884029508] [0.0212459415197]
0.0276183504611 [0.0354534871876] [0.0197832137346]
0.025121320970349997 [0.0319059416652] [0.0183367002755]
0.023950443603100002 [0.0304490365088] [0.0174518506974]
0.024158350192050003 [0.0311002004892] [0.0172164998949]
0.025582079775599998 [0.0334348492324] [0.0177293103188]
0.02809288073335 [0.0371267870069] [0.0190589744598]
0.0312925120816 [0.0410499684513] [0.0215350557119]
0.0350059811026 [0.0443079657853] [0.0257039964199]
0.03951483778655 [0.0466527491808] [0.0323769263923]
0.04485850594935 [0.0485424660146] [0.0411745458841]
0.0495056714863 [0.0498791188002] [0.0491322241724]
0.0519328340888 [0.0506411232054] [0.0532245449722]
0.0519836731255 [0.0500013940036] [0.0539659522474]
0.0496177058667 [0.0471865646541] [0.0520488470793]
0.04663988761605 [0.0438301637769] [0.0494496114552]
0.04478559829295 [0.0419216603041] [0.0476495362818]
0.04483743757005 [0.0420341417193] [0.0476407334208]
0.0456046368927 [0.043554533273] [0.0476547405124]
0.045885849744099996 [0.0456803105772] [0.046091388911]
0.04475239105525 [0.0473452880979] [0.0421594940126]
0.0426266472787 [0.0481691285968] [0.0370841659606]
0.04061342030765 [0.0484570749104] [0.0327697657049]
0.03924879897385 [0.0486140884459] [0.0298835095018]
0.03841223940255 [0.0485847219825] [0.0282397568226]
0.0377549361438 [0.048098217696] [0.0274116545916]
0.03698712959885 [0.0469512231648] [0.0270230360329]
0.03580031730235 [0.0447717607021] [0.0268288739026]
0.03443745337425 [0.0420928299427] [0.0267820768058]
0.03359620366245 [0.0401417724788] [0.0270506348461]
0.03423166275025 [0.0405350700021] [0.0279282554984]
0.036082185804849995 [0.0427380613983] [0.0294263102114]
0.03850652370605 [0.0457901693881] [0.031222878024]
0.040892057120800004 [0.0484470278025] [0.0333370864391]
0.0427333675325 [0.0496731065214] [0.0357936285436]
0.0443493835628 [0.0493924468756] [0.03930632025]
0.0464994776994 [0.0480283685029] [0.0449705868959]
0.0496688205749 [0.0459688305855] [0.0533688105643]
0.0531384777278 [0.0436924733222] [0.0625844821334]
0.05406858026980001 [0.0416627898812] [0.0664743706584]
0.050969716161500006 [0.0405016951263] [0.0614377371967]
0.0466018617153 [0.0404432117939] [0.0527605116367]
0.0434832703322 [0.0415241084993] [0.0454424321651]
0.042151318863 [0.04359299317] [0.040709644556]
0.042599864304099996 [0.0472451448441] [0.0379545837641]
0.045323504135 [0.0540201850235] [0.0366268232465]
0.04974698089060001 [0.0634205266833] [0.0360734350979]
0.054392505437150004 [0.0733260884881] [0.0354589223862]
0.056163473054799996 [0.0773683190346] [0.034958627075]
0.0558469388634 [0.0770385339856] [0.0346553437412]
0.0549962688237 [0.0755299031734] [0.034462634474]
0.05423074401915 [0.0744362324476] [0.0340252555907]
0.05374413914975 [0.0740234777331] [0.0334648005664]
0.05364041402935 [0.0739633440971] [0.0333174839616]
0.0540458727628 [0.0737032294273] [0.0343885160983]
0.0552680399269 [0.0729765444994] [0.0375595353544]
0.05801988951865 [0.0723195448518] [0.0437202341855]
0.0635942462832 [0.0733962133527] [0.0537922792137]
0.07249462604525 [0.0769578367472] [0.0680314153433]
0.0849512517452 [0.0842739641666] [0.0856285393238]
0.0985913313924 [0.0965900495648] [0.10059261322]
0.108815740794 [0.107113189995] [0.110518291593]
