M B1 B2
0.1253277175126 [0.0690305754542] [0.181624859571]
0.12197191640725 [0.0655060485005] [0.178437784314]
0.12093862146125 [0.0641004145145] [0.177776828408]
0.122629158199 [0.063670873642] [0.181587442756]
0.125498972833 [0.063748717308] [0.187249228358]
0.12820687145015 [0.0640979856253] [0.192315757275]
0.12970624491585 [0.0650174096227] [0.194395080209]
0.12794701009985 [0.0658630281687] [0.190030992031]
0.11961589381115 [0.0656264796853] [0.173605307937]
0.10250800102964999 [0.0638741850853] [0.141141816974]
0.08127905614655001 [0.0604817382991] [0.102076373994]
0.0665927026421 [0.0569582991302] [0.076227106154]
0.058898717165 [0.0548781752586] [0.0629192590714]
0.0556798316538 [0.0551064237952] [0.0562532395124]
0.05563529208305 [0.0576502494514] [0.0536203347147]
0.0577460434288 [0.0618579685688] [0.0536341182888]
0.0607637297362 [0.0667048022151] [0.0548226572573]
0.06283470243215 [0.0698715373874] [0.0557978674769]
0.06380006484685 [0.0715424120426] [0.0560577176511]
0.06386885233220001 [0.0724438950419] [0.0552938096225]
0.06307111121715 [0.0722071900964] [0.0539350323379]
0.06222056783735 [0.0716391578317] [0.052801977843]
0.06203487887975 [0.0716745406389] [0.0523952171206]
0.0628090575337 [0.072902187705] [0.0527159273624]
0.0647926069796 [0.07580576092] [0.0537794530392]
0.06855129823085 [0.0808877497911] [0.0562148466706]
0.07502490654585 [0.0886523798108] [0.0613974332809]
0.0857412666082 [0.0979193076491] [0.0735632255673]
0.1009623967112 [0.106276728213] [0.0956480652094]
0.1143165491525 [0.108270041645] [0.12036305666]
0.11603806540350001 [0.103267662227] [0.12880846858]
0.1087035611272 [0.0958350747824] [0.121572047472]
0.09976289793875 [0.0891709029675] [0.11035489291]
0.09443716332305 [0.0860031917691] [0.102871134877]
0.0951644927262 [0.0888672694564] [0.101461715996]
0.10241458937545 [0.0973253473639] [0.107503831387]
0.113839413971 [0.107730023563] [0.119948804379]
0.126961234957 [0.117725498974] [0.13619697094]
0.140025503933 [0.125813812017] [0.154237195849]
0.1532409787175 [0.131689354777] [0.174792602658]
0.16226375103000001 [0.136191159487] [0.188336342573]
0.1696641147135 [0.140621066093] [0.198707163334]
0.173466689885 [0.144403651357] [0.202529728413]
0.17765813320899998 [0.148529097438] [0.20678716898]
0.18260643631200002 [0.154990673065] [0.210222199559]
0.190445438027 [0.166959226131] [0.213931649923]
0.20207940042 [0.185883447528] [0.218275353312]
0.2140371948485 [0.206858620048] [0.221215769649]
0.2222597450015 [0.224461302161] [0.220058187842]
0.2239734604955 [0.234556168318] [0.213390752673]
0.2176636904475 [0.235211253166] [0.200116127729]
0.201852977276 [0.222712785006] [0.180993169546]
0.1810675114395 [0.198257356882] [0.163877665997]
0.163714393973 [0.17465634644] [0.152772441506]
0.151050671935 [0.154264748096] [0.147836595774]
0.1451804190875 [0.143440619111] [0.146920219064]
0.143870674074 [0.140865981579] [0.146875366569]
0.1469683647155 [0.146145507693] [0.147791221738]
0.15333361178600002 [0.153816312551] [0.152850911021]
0.1613712608815 [0.160812005401] [0.161930516362]
0.16785180568699998 [0.164115220308] [0.171588391066]
0.172115303576 [0.162739336491] [0.181491270661]
0.174713745713 [0.158142983913] [0.191284507513]
0.175225265324 [0.152466773987] [0.197983756661]
0.173446327448 [0.147564068437] [0.199328586459]
0.17161323875200002 [0.144396826625] [0.198829650879]
0.170836314559 [0.142719909549] [0.198952719569]
0.1708289980885 [0.142698422074] [0.198959574103]
0.17203399539 [0.144740283489] [0.199327707291]
0.1729760318995 [0.148898839951] [0.197053223848]
0.17588708549749998 [0.154720410705] [0.19705376029]
0.179382652044 [0.158426299691] [0.200339004397]
0.182192765176 [0.156117007136] [0.208268523216]
0.184206865728 [0.151665180922] [0.216748550534]
0.179885774851 [0.141895577312] [0.21787597239]
0.170433849096 [0.132770836353] [0.208096861839]
0.156292244792 [0.125181883574] [0.18740260601]
0.14223147183700002 [0.119978293777] [0.164484649897]
0.1323274709285 [0.117260046303] [0.147394895554]
0.1274222098295 [0.116460077465] [0.138384342194]
0.126150935888 [0.11455245316] [0.137749418616]
0.126153755933 [0.110253565013] [0.142053946853]
0.1260686591265 [0.105344727635] [0.146792590618]
0.1212772130966 [0.0984448939562] [0.144109532237]
0.10607717931285 [0.0867211967707] [0.125433161855]
0.08232614025474999 [0.0702127963305] [0.094439484179]
0.0617030933499 [0.0547129437327] [0.0686932429671]
0.048344992101199996 [0.0439154468477] [0.0527745373547]
0.0409803558141 [0.0377669408917] [0.0441937707365]
0.0371571872383 [0.034771900624] [0.0395424738526]
0.0354094952345 [0.0337519571185] [0.0370670333505]
0.0340375341475 [0.0334527157247] [0.0346223525703]
