M B1 B2
0.02592427656055 [0.0355982258916] [0.0162503272295]
0.02891372237355 [0.0406343899667] [0.0171930547804]
0.0329955937341 [0.0473403148353] [0.0186508726329]
0.037217441014949997 [0.0541193895042] [0.0203154925257]
0.0410630144179 [0.0604350566864] [0.0216909721494]
0.04265234991905 [0.0629143938422] [0.0223903059959]
0.04254173953085 [0.0625714585185] [0.0225120205432]
0.041835785843450005 [0.0610379204154] [0.0226336512715]
0.04037912003695 [0.0582168698311] [0.0225413702428]
0.03676536399875 [0.0520312674344] [0.0214994605631]
0.03259161673485 [0.0450385771692] [0.0201446563005]
0.0293580731377 [0.0398130789399] [0.0189030673355]
0.02773144468665 [0.0371881648898] [0.0182747244835]
0.027677421458099996 [0.0369174741209] [0.0184373687953]
0.028065495193 [0.0369696728885] [0.0191613174975]
0.028058541007350002 [0.0361633524299] [0.0199537295848]
0.0272126728669 [0.0341484695673] [0.0202768761665]
0.0260307630524 [0.0319101810455] [0.0201513450593]
0.025061226449899998 [0.0303993821144] [0.0197230707854]
0.0245508234948 [0.0297114942223] [0.0193901527673]
0.0243004579097 [0.0295448619872] [0.0190560538322]
0.0239276830107 [0.0292286332697] [0.0186267327517]
0.023039862513550002 [0.0280941259116] [0.0179855991155]
0.02189397532495 [0.0262630861253] [0.0175248645246]
0.02123099658635 [0.0248856823891] [0.0175763107836]
0.0211487598717 [0.0240415856242] [0.0182559341192]
0.021497264504449998 [0.0235959105194] [0.0193986184895]
0.0218337876722 [0.0231449715793] [0.0205226037651]
0.0217757597566 [0.0224163345993] [0.0211351849139]
0.0213174503297 [0.0215201377869] [0.0211147628725]
0.020773463882500003 [0.0207882076502] [0.0207587201148]
0.02030275017025 [0.020404079929] [0.0202014204115]
0.01963832974435 [0.0200331620872] [0.0192434974015]
0.01853310223665 [0.019242670387] [0.0178235340863]
0.017124754376749998 [0.0180461686105] [0.016203340143]
0.016167293302749998 [0.0170552823693] [0.0152793042362]
0.0159832187928 [0.0167567376047] [0.0152096999809]
0.0165525842458 [0.0171249136329] [0.0159802548587]
0.017848117277 [0.0181589890271] [0.0175372455269]
0.0196978515014 [0.0196414850652] [0.0197542179376]
0.02145829983055 [0.0210690721869] [0.0218475274742]
0.022807084955299997 [0.0221591871232] [0.0234549827874]
0.0235874215141 [0.0227893292904] [0.0243855137378]
0.0238175271079 [0.0229878500104] [0.0246472042054]
0.02350461483 [0.0226375348866] [0.0243716947734]
0.02284422516825 [0.0218159630895] [0.023872487247]
0.0222423244268 [0.0208602640778] [0.0236243847758]
0.02217013109475 [0.0202465653419] [0.0240936968476]
0.02281050942835 [0.0201514381915] [0.0254695806652]
0.0241245422512 [0.0205020084977] [0.0277470760047]
0.0259311245754 [0.0209979601204] [0.0308642890304]
0.0276973480359 [0.0213585365564] [0.0340361595154]
0.02869055233895 [0.0214761830866] [0.0359049215913]
0.028790415264699998 [0.0212593544275] [0.0363214761019]
0.0281728245318 [0.0207160376012] [0.0356296114624]
0.02662544883785 [0.0191457942128] [0.0341051034629]
0.024985588155699998 [0.017561359331] [0.0324098169804]
0.023818429559450002 [0.0164724513888] [0.0311644077301]
0.023494245484449998 [0.0160570796579] [0.030931411311]
0.02419262286275 [0.0163894388825] [0.031995806843]
0.025790374726050003 [0.0173931606114] [0.0341875888407]
0.02843021508305 [0.0191359762102] [0.0377244539559]
0.03212806303055 [0.0217273440212] [0.0425287820399]
0.036888578906649996 [0.0250842012465] [0.0486929565668]
0.0421649198979 [0.0281372964382] [0.0561925433576]
0.04671923443675 [0.0299709811807] [0.0634674876928]
0.04928542952985 [0.0304258223623] [0.0681450366974]
0.0492988415062 [0.0295782834291] [0.0690193995833]
0.0480266101658 [0.0282142013311] [0.0678390190005]
0.04673327878115 [0.0272726342082] [0.0661939233541]
0.04591010604055 [0.0271693561226] [0.0646508559585]
0.04572013393045 [0.0282109603286] [0.0632293075323]
0.0465410295874 [0.030583973974] [0.0624980852008]
0.048792442306849995 [0.0346502996981] [0.0629345849156]
0.052912365645150006 [0.0408343449235] [0.0649903863668]
0.05912089347835 [0.0493830889463] [0.0688586980104]
0.06897638365625 [0.0627301707864] [0.0752225965261]
0.0819049067795 [0.0810610502958] [0.0827487632632]
0.09248774498699999 [0.0988293066621] [0.0861461833119]
0.09797438606635 [0.112336687744] [0.0836120843887]
0.1026782095435 [0.123303033412] [0.082053385675]
0.10604136064655 [0.12925003469] [0.0828326866031]
0.1101253330709 [0.133664980531] [0.0865856856108]
0.11556981876515 [0.137868136168] [0.0932715013623]
0.1209202855825 [0.139858692884] [0.101981878281]
0.12602461501950002 [0.14120927453] [0.110839955509]
0.1299989670515 [0.141883179545] [0.118114754558]
0.132675804198 [0.142059758306] [0.12329185009]
0.135341964662 [0.143630921841] [0.127053007483]
0.141219891608 [0.150409832597] [0.132029950619]
0.155063785613 [0.163814529777] [0.146313041449]
0.170950435102 [0.171906620264] [0.16999424994]
0.184462197125 [0.173499286175] [0.195425108075]
0.1898875758055 [0.16876873374] [0.211006417871]
0.1887965798375 [0.158862158656] [0.218731001019]
0.187083810568 [0.148207873106] [0.22595974803]
0.18242453038700002 [0.137650310993] [0.227198749781]
0.176335863769 [0.128209635615] [0.224462091923]
0.16929070279 [0.118598900735] [0.219982504845]
0.157863739878 [0.110070593655] [0.205656886101]
0.147327195853 [0.103311173618] [0.191343218088]
0.1407237015663 [0.0995316430926] [0.18191576004]
0.1368635371328 [0.0988898575306] [0.174837216735]
0.1353285871448 [0.0999187007546] [0.170738473535]
0.13468601182099998 [0.10014333576] [0.169228687882]
0.13355149701255 [0.0980018600821] [0.169101133943]
0.1317805387082 [0.0940804705024] [0.169480606914]
0.13001563027515 [0.0901888236403] [0.16984243691]
0.12863783165804998 [0.0877393558621] [0.169536307454]
0.1273677945135 [0.086856380105] [0.167879208922]
0.12548803910609999 [0.0868257507682] [0.164150327444]
0.12311819940805001 [0.0877169370651] [0.158519461751]
0.12167425453675 [0.0899833887815] [0.153365120292]
0.1222364604472 [0.0947477668524] [0.149725154042]
0.125491179526 [0.102991208434] [0.147991150618]
0.1322433277965 [0.114123091102] [0.150363564491]
0.13956862315500002 [0.124604053795] [0.154533192515]
0.143639460206 [0.131342798471] [0.155936121941]
0.1435574293135 [0.131255865097] [0.15585899353]
0.1418122053145 [0.129158139229] [0.1544662714]
0.1407253071665 [0.128232747316] [0.153217867017]
0.140939451754 [0.129817575216] [0.152061328292]
0.143879726529 [0.136524006724] [0.151235446334]
0.147660218179 [0.144200488925] [0.151119947433]
0.1513841748235 [0.150715664029] [0.152052685618]
0.154582440853 [0.15465632081] [0.154508560896]
0.158341012895 [0.158529192209] [0.158152833581]
0.1606359183785 [0.158815309405] [0.162456527352]
0.156406611204 [0.154792279005] [0.158020943403]
0.149173758924 [0.14933013916] [0.149017378688]
0.14526794105750002 [0.14781036973] [0.142725512385]
0.1463555023075 [0.148388490081] [0.144322514534]
0.1483903303745 [0.148929655552] [0.147851005197]
0.1505410000685 [0.14920796454] [0.151874035597]
0.15245832502849999 [0.149269834161] [0.155646815896]
0.153927601874 [0.149085342884] [0.158769860864]
0.15129371732500002 [0.144497647882] [0.158089786768]
0.133465256542 [0.124591745436] [0.142338767648]
0.08862575143575 [0.0815995559096] [0.0956519469619]
0.050093671307 [0.0474016219378] [0.0527857206762]
0.030715494416650002 [0.0301217455417] [0.0313092432916]
0.0219677016139 [0.0224779415876] [0.0214574616402]
0.01772117894145 [0.0188535768539] [0.016588781029]
