M B1 B2
0.01514276023955 [0.0105288513005] [0.0197566691786]
0.01376253366475 [0.0103235021234] [0.0172015652061]
0.01273971702905 [0.0101834461093] [0.0152959879488]
0.0123307965696 [0.0102696828544] [0.0143919102848]
0.01258595567195 [0.0107355620712] [0.0144363492727]
0.0133391129784 [0.0115207182243] [0.0151575077325]
0.014333869796249999 [0.0125519735739] [0.0161157660186]
0.01545923622325 [0.0139273004606] [0.0169911719859]
0.01681819092485 [0.0160959940404] [0.0175403878093]
0.0188838178292 [0.0199551116675] [0.0178125239909]
0.0222988864407 [0.0268030744046] [0.0177946984768]
0.02592449262735 [0.0341839343309] [0.0176650509238]
0.0278686936945 [0.0382781289518] [0.0174592584372]
0.02823976334185 [0.039215259254] [0.0172642674297]
0.027972252108150002 [0.0386766530573] [0.017267851159]
0.0277347993106 [0.0378799363971] [0.0175896622241]
0.02846347726885 [0.0381743051112] [0.0187526494265]
0.031035063788299996 [0.0406245179474] [0.0214456096292]
0.0369721278548 [0.0468782261014] [0.0270660296082]
0.04913517832755 [0.0594177804887] [0.0388525761664]
0.0700808912516 [0.0783095210791] [0.0618522614241]
0.0980812571943 [0.0963548794389] [0.0998076349497]
0.11697817966349999 [0.104703553021] [0.129252806306]
0.1234771944585 [0.106916315854] [0.140038073063]
0.1256672292945 [0.108228355646] [0.143106102943]
0.12674384564149999 [0.108783081174] [0.144704610109]
0.127400517464 [0.109007313848] [0.14579372108]
0.1286313086745 [0.10908511281] [0.148177504539]
0.12928494438549998 [0.108563862741] [0.15000602603]
0.1298956647515 [0.107639044523] [0.15215228498]
0.132680807263 [0.109616197646] [0.15574541688]
0.1373294964435 [0.11470168829] [0.159957304597]
0.14282368868599998 [0.121478244662] [0.16416913271]
0.1495701521635 [0.129760012031] [0.169380292296]
0.160108692944 [0.138880729675] [0.181336656213]
0.1683414056895 [0.141198515892] [0.195484295487]
0.1644508466125 [0.133119314909] [0.195782378316]
0.1394997425375 [0.113249160349] [0.165750324726]
0.1100348457692 [0.0916818231344] [0.128387868404]
0.0893018804492 [0.0755610987544] [0.103042662144]
0.07679628953334999 [0.0662645548582] [0.0873280242085]
0.070316221565 [0.0627088174224] [0.0779236257076]
0.0673712231219 [0.0626667663455] [0.0720756798983]
0.0662854611874 [0.0641923695803] [0.0683785527945]
0.0656417757273 [0.0656097084284] [0.0656738430262]
0.0648635812104 [0.0664823353291] [0.0632448270917]
0.06381424143915 [0.0666990205646] [0.0609294623137]
0.062458319589499996 [0.0663988888264] [0.0585177503526]
0.0608354471624 [0.0653626769781] [0.0563082173467]
0.05914233997465 [0.0638167411089] [0.0544679388404]
0.0579350851476 [0.062778532505] [0.0530916377902]
0.0578678175807 [0.0635626837611] [0.0521729514003]
0.059839867055399995 [0.068019464612] [0.0516602694988]
0.0647662132978 [0.077883914113] [0.0516485124826]
0.07390119880439999 [0.0950953140855] [0.0527070835233]
0.08820718713129999 [0.121196456254] [0.0552179180086]
0.10691487416605 [0.154109716415] [0.0597200319171]
0.11963729932895 [0.17453366518] [0.0647409334779]
0.1227245964108 [0.178312733769] [0.0671364590526]
0.12269379943629999 [0.173622399569] [0.0717651993036]
0.12226998060925 [0.165330290794] [0.0792096704245]
0.1229558102786 [0.158216536045] [0.0876950845122]
0.1244768314066 [0.151985123754] [0.0969685390592]
0.1294504888355 [0.151946544647] [0.106954433024]
0.13584323972450002 [0.154481932521] [0.117204546928]
0.14232721924800001 [0.159373804927] [0.125280633569]
0.1489451527595 [0.165646135807] [0.132244169712]
0.15493517368999998 [0.170555785298] [0.139314562082]
0.1611540466545 [0.174207895994] [0.148100197315]
0.1682584807275 [0.177193671465] [0.15932328999]
0.17511050403099998 [0.179604500532] [0.17061650753]
0.1812516227365 [0.181330949068] [0.181172296405]
0.18541046977050002 [0.18266184628] [0.188159093261]
0.187765970826 [0.185457989573] [0.190073952079]
0.18978269398199998 [0.188762128353] [0.190803259611]
0.188691444695 [0.185383290052] [0.191999599338]
0.1848044246435 [0.175446465611] [0.194162383676]
0.180834002793 [0.162642195821] [0.199025809765]
0.17383068799950002 [0.1481731534] [0.199488222599]
0.16411677748 [0.134810328484] [0.193423226476]
0.139629907906 [0.121367037296] [0.157892778516]
0.1132973767815 [0.115356132388] [0.111238621175]
0.0992423668503 [0.116444647312] [0.0820400863886]
0.09619305282845 [0.123941227794] [0.0684448778629]
0.0948813781142 [0.130290299654] [0.0594724565744]
0.09021778590965 [0.13060323894] [0.0498323328793]
0.0800459869205 [0.120759308338] [0.039332665503]
0.0671812994406 [0.103804551065] [0.0305580478162]
0.056091244332449997 [0.0874081254005] [0.0247743632644]
0.048113689757850006 [0.0748639181256] [0.0213634613901]
0.0423941295594 [0.065247900784] [0.0195403583348]
0.03818672988565 [0.0579077862203] [0.018465673551]
0.034975098446 [0.0522939302027] [0.0176562666893]
0.0327977994457 [0.0486478582025] [0.0169477406889]
