M B1 B2
0.0160745177418 [0.0215535983443] [0.0105954371393]
0.013714720495055 [0.0181170254946] [0.00931241549551]
0.01272951485588 [0.016597924754] [0.00886110495776]
0.012468826491385001 [0.0161061976105] [0.00883145537227]
0.012499666307135001 [0.0160437896848] [0.00895554292947]
0.012622572947315 [0.016159625724] [0.00908552017063]
0.01274554338305 [0.0163021944463] [0.0091888923198]
0.01279853936283 [0.0164621416479] [0.00913493707776]
0.012827467173345 [0.0167587529868] [0.00889618135989]
0.01288173580542 [0.0172424186021] [0.00852105300874]
0.013301854953165 [0.0181539710611] [0.00844973884523]
0.014052833430484999 [0.0195339303464] [0.00857173651457]
0.01524398010223 [0.0215681735426] [0.00891978666186]
0.016892100684330003 [0.0243043657392] [0.00947983562946]
0.01864947238935 [0.027259780094] [0.0100391646847]
0.019790305756 [0.029161022976] [0.010419588536]
0.01926493411885 [0.0280888173729] [0.0104410508648]
0.017728980630650003 [0.0252783410251] [0.0101796202362]
0.01606034440919 [0.0223377663642] [0.00978292245418]
0.01471259770916 [0.020141992718] [0.00928320270032]
0.01373491436241 [0.0186602864414] [0.00880954228342]
0.01309975516051 [0.0177236776799] [0.00847583264112]
0.01280629588289 [0.0172516405582] [0.00836095120758]
0.0127204153687 [0.0170134864748] [0.0084273442626]
0.012647076975560001 [0.016698602587] [0.00859555136412]
0.01244419487194 [0.0162077471614] [0.00868064258248]
0.012124280445295 [0.0155761893839] [0.00867237150669]
0.0118024055846 [0.0150424959138] [0.0085623152554]
0.01166168926284 [0.0148243168369] [0.00849906168878]
0.01196577074006 [0.0151471896097] [0.00878435187042]
0.012758903205395 [0.0160847492516] [0.00943305715919]
0.01393904862925 [0.0175266861916] [0.0103514110669]
0.0153466765769 [0.019325690344] [0.0113676628098]
0.0171805424616 [0.0215822141618] [0.0127788707614]
0.02013137051835 [0.0250189024955] [0.0152438385412]
0.02521935570985 [0.0304535329342] [0.0199851784855]
0.03383128065615 [0.0388976968825] [0.0287648644298]
0.0445331130177 [0.0477184131742] [0.0413478128612]
0.0538194011897 [0.054490249604] [0.0531485527754]
0.059331459924549995 [0.0584268569946] [0.0602360628545]
0.06377168558535 [0.0615203119814] [0.0660230591893]
0.07111970335244999 [0.0673379972577] [0.0749014094472]
0.08317216113209999 [0.0759102255106] [0.0904340967536]
0.10102606192220001 [0.0887482464314] [0.113303877413]
0.118304349482 [0.102266699076] [0.134341999888]
0.128374375403 [0.115965530276] [0.14078322053]
0.135188512504 [0.125872656703] [0.144504368305]
0.1418769657615 [0.132888630033] [0.15086530149]
0.1518149897455 [0.139469787478] [0.164160192013]
0.16540578007700002 [0.147240459919] [0.183571100235]
0.1810257807375 [0.158286720514] [0.203764840961]
0.186065658927 [0.163331538439] [0.208799779415]
0.186598755419 [0.165302738547] [0.207894772291]
0.188971579075 [0.167712047696] [0.210231110454]
0.1882670000195 [0.166091874242] [0.210442125797]
0.1858084499835 [0.163145542145] [0.208471357822]
0.1826373413205 [0.160396963358] [0.204877719283]
0.1791155934335 [0.158200621605] [0.200030565262]
0.1758379265665 [0.156736627221] [0.194939225912]
0.173102557659 [0.156230017543] [0.189975097775]
0.1701941266655 [0.154543578625] [0.185844674706]
0.1667905822395 [0.151059612632] [0.182521551847]
0.159731514752 [0.142086774111] [0.177376255393]
0.1477372273805 [0.122853279114] [0.172621175647]
0.135449953377 [0.10352191329] [0.167377993464]
0.1233188807964 [0.0848567336798] [0.161781027913]
0.11182342469715001 [0.0694395005703] [0.154207348824]
0.09791219979545 [0.0545012205839] [0.141323179007]
0.07872976548975 [0.0419610999525] [0.115498431027]
0.05939653515814999 [0.0318841338158] [0.0869089365005]
0.04496143385765 [0.0248746052384] [0.0650482624769]
0.03671197313815 [0.0207136217505] [0.0527103245258]
0.032215627841649996 [0.0183219444007] [0.0461093112826]
0.02985602524135 [0.0169494133443] [0.0427626371384]
0.0286890445277 [0.0161326844245] [0.0412454046309]
0.02761642448605 [0.0154949612916] [0.0397378876805]
0.0256178029813 [0.0146475369111] [0.0365880690515]
0.02260944852605 [0.0135066593066] [0.0317122377455]
0.0193340438418 [0.012191564776] [0.0264765229076]
0.0165859754197 [0.0110218496993] [0.0221501011401]
0.01460770564155 [0.0101782986894] [0.0190371125937]
0.013363138306905 [0.00975789409131] [0.0169683825225]
0.012650775723169999 [0.00977323018014] [0.0155283212662]
0.012356551364049999 [0.0101553220302] [0.0145577806979]
0.01255813706665 [0.010887905024] [0.0142283691093]
0.0133835100569 [0.0120110753924] [0.0147559447214]
0.0151927894913 [0.013808795251] [0.0165767837316]
0.0177274672315 [0.0161962229759] [0.0192587114871]
0.019627419300350002 [0.0181208066642] [0.0211340319365]
0.0198432095349 [0.0187709834427] [0.0209154356271]
0.018232971429800002 [0.0179606005549] [0.0185053423047]
0.0161259318702 [0.0169468857348] [0.0153049780056]
0.014181035105150001 [0.015917038545] [0.0124450316653]
0.01275915373115 [0.0152895664796] [0.0102287409827]
0.011768538504855 [0.0149236256257] [0.00861345138401]
0.0110979664605 [0.0147982900962] [0.0073976428248]
0.01061413926073 [0.0146070867777] [0.00662119174376]
0.01035098079594 [0.0144883487374] [0.00621361285448]
0.010256121633555 [0.0144403968006] [0.00607184646651]
0.010180728277205 [0.0143720628694] [0.00598939368501]
0.010065999114875 [0.0142714269459] [0.00586057128385]
0.009837228572 [0.0140601778403] [0.0056142793037]
0.009527801070349999 [0.0137661444023] [0.0052894577384]
0.00924514909273 [0.0134839667007] [0.00500633148476]
0.00916966050862 [0.0134654138237] [0.00487390719354]
0.009444464230925 [0.0139241665602] [0.00496476190165]
0.01013935636728 [0.0149554768577] [0.00532323587686]
0.011304262559875 [0.0165918953717] [0.00601662974805]
0.013036301359525 [0.0188682451844] [0.00720435753465]
0.01571822026743 [0.022092198953] [0.00934424158186]
0.0206216857769 [0.0277205947787] [0.0135227767751]
0.030762956477700002 [0.0389127545059] [0.0226131584495]
0.0534748453647 [0.063806809485] [0.0431428812444]
0.10210837423810001 [0.117240868509] [0.0869758799672]
0.157445266843 [0.177766814828] [0.137123718858]
0.1792114302515 [0.199654966593] [0.15876789391]
0.185290895402 [0.203004866838] [0.167576923966]
0.18670905381449998 [0.20112863183] [0.172289475799]
0.1890300288795 [0.200551390648] [0.177508667111]
0.1923956647515 [0.199446320534] [0.185345008969]
0.1942614614965 [0.191407546401] [0.197115376592]
0.196158081293 [0.179586544633] [0.212729617953]
0.194161951542 [0.169623434544] [0.21870046854]
0.189252518117 [0.163129791617] [0.215375244617]
0.18067125231 [0.158139839768] [0.203202664852]
0.1738841459155 [0.152501598001] [0.19526669383]
0.167647600174 [0.145088583231] [0.190206617117]
0.162671342492 [0.136470913887] [0.188871771097]
0.1590499654415 [0.128226593137] [0.189873337746]
0.157438322902 [0.122700095177] [0.192176550627]
0.157160229981 [0.121056362987] [0.193264096975]
0.15730378031699999 [0.121843770146] [0.192763790488]
0.1571378707885 [0.123685479164] [0.190590262413]
0.1561693027615 [0.12532402575] [0.187014579773]
0.15370075404650002 [0.125679835677] [0.181721672416]
0.149029869586 [0.124746032059] [0.173313707113]
0.142398606986 [0.122619144619] [0.162178069353]
0.1347883231935 [0.120462723076] [0.149113923311]
0.1274842880665 [0.118246413767] [0.136722162366]
0.12259247154 [0.116616755724] [0.128568187356]
0.12161719054 [0.115730062127] [0.127504318953]
0.1239360645415 [0.116171106696] [0.131701022387]
0.1271344944835 [0.118481308222] [0.135787680745]
0.12996434792849998 [0.121522210538] [0.138406485319]
0.133018657565 [0.125634416938] [0.140402898192]
0.1369515657425 [0.131414607167] [0.142488524318]
0.141320116818 [0.137403801084] [0.145236432552]
0.139330610633 [0.137031018734] [0.141630202532]
0.127194270492 [0.127205178142] [0.127183362842]
0.0921921022238 [0.100202225149] [0.0841819792986]
0.0561470668763 [0.0675257220864] [0.0447684116662]
0.03432863485065 [0.0435566306114] [0.0251006390899]
0.0234235441312 [0.0304481089115] [0.0163989793509]
0.01799995172765 [0.0236321855336] [0.0123677179217]
