0.1234861202536 [0.174621596932] [0.0723506435752]
0.1383960843086 [0.191357538104] [0.0854346305132]
0.155946765095 [0.206800833344] [0.105092696846]
0.175947524607 [0.219943240285] [0.131951808929]
0.194797873497 [0.231651097536] [0.157944649458]
0.197907179594 [0.235180139542] [0.160634219646]
0.1865235194565 [0.23547385633] [0.137573182583]
0.166645377874 [0.226055219769] [0.107235535979]
0.1463180184365 [0.207303106785] [0.085332930088]
0.1316929459572 [0.191328406334] [0.0720574855804]
0.121549036354 [0.177998453379] [0.065099619329]
0.11459027230735 [0.167018726468] [0.0621618181467]
0.10955234058185 [0.157742604613] [0.0613620765507]
0.10529401525865001 [0.14923812449] [0.0613499060273]
0.101443272084 [0.141317486763] [0.061569057405]
0.0971479676665 [0.13296020031] [0.061335735023]
0.09340855292959999 [0.126257061958] [0.0605600439012]
0.0888077598067 [0.119243986905] [0.0583715327084]
0.0830460656436 [0.111551806331] [0.0545403249562]
0.07641472481215 [0.103084288538] [0.0497451610863]
0.0697446782142 [0.0937855765224] [0.045703779906]
0.0649862997234 [0.0864760428667] [0.0434965565801]
0.06104623153805 [0.0786513760686] [0.0434410870075]
0.0574728362262 [0.0697257965803] [0.0452198758721]
0.054688051343 [0.0613748505712] [0.0480012521148]
0.052505210042 [0.0548682510853] [0.0501421689987]
0.050404660403749996 [0.0506875179708] [0.0501218028367]
0.048616522923149996 [0.0487331822515] [0.0484998635948]
0.04732105508445 [0.0483727492392] [0.0462693609297]
0.04654895327985 [0.0489654056728] [0.0441325008869]
0.04596677981315 [0.0498360954225] [0.0420974642038]
0.04527894966305 [0.0505970641971] [0.039960835129]
0.04447145573795 [0.0511901341379] [0.037752777338]
0.04366972111165 [0.051392018795] [0.0359474234283]
0.043577568605549996 [0.051629152149] [0.0355259850621]
0.044263416901250005 [0.0523198731244] [0.0362069606781]
0.04563012346625 [0.0537952110171] [0.0374650359154]
0.04733316414055 [0.0559376478195] [0.0387286804616]
0.04893295280635 [0.0581246390939] [0.0397412665188]
0.0503659043461 [0.0601538531482] [0.040577955544]
0.051909016445250006 [0.0620750710368] [0.0417429618537]
0.05343668535355 [0.0633260458708] [0.0435473248363]
0.055026458576349996 [0.0640961825848] [0.0459567345679]
0.056601032614699995 [0.0642459616065] [0.0489561036229]
0.05802883952855 [0.0636109113693] [0.0524467676878]
0.059279169887300004 [0.0625752657652] [0.0559830740094]
0.061260567978 [0.0618917159736] [0.0606294199824]
0.06468508392570001 [0.0623292252421] [0.0670409426093]
0.0704360306263 [0.0643674507737] [0.0765046104789]
