0.13994593918315001 [0.0514175593853] [0.228474318981]
0.1395606789737 [0.0506470389664] [0.228474318981]
0.13905184529715 [0.0496293716133] [0.228474318981]
0.1384380813687 [0.0484018437564] [0.228474318981]
0.1379250213503 [0.0473757237196] [0.228474318981]
0.13804548047475002 [0.0476166419685] [0.228474318981]
0.13868513517075 [0.0488959513605] [0.228474318981]
0.13972331769755 [0.0509723164141] [0.228474318981]
0.1411989014595 [0.053923483938] [0.228474318981]
0.1425267606973 [0.0565792024136] [0.228474318981]
0.14421425759785 [0.0599541962147] [0.228474318981]
0.14597734063855 [0.0634803622961] [0.228474318981]
0.14748320356005 [0.0664920881391] [0.228474318981]
0.14870881289235 [0.0689433068037] [0.228474318981]
0.14950584992760002 [0.0705373808742] [0.228474318981]
0.14983160793775002 [0.0711888968945] [0.228474318981]
0.1501027867197 [0.0717312544584] [0.228474318981]
0.1510010622441 [0.0735278055072] [0.228474318981]
0.15295988693825002 [0.0774454548955] [0.228474318981]
0.1566747277974 [0.0848751366138] [0.228474318981]
0.16203441470855 [0.0955945104361] [0.228474318981]
0.167556185275 [0.106638051569] [0.228474318981]
0.1707361526785 [0.112997986376] [0.228474318981]
0.16963258013100002 [0.110790841281] [0.228474318981]
0.1652155928315 [0.101956866682] [0.228474318981]
0.1604562960564 [0.0924382731318] [0.228474318981]
0.1572353951632 [0.0859964713454] [0.228474318981]
0.15612556785335002 [0.0837768167257] [0.228474318981]
0.15688116103400002 [0.085288003087] [0.228474318981]
0.15848522633305 [0.0884961336851] [0.228474318981]
0.1595312729477 [0.0905882269144] [0.228474318981]
0.1600561067461 [0.0916378945112] [0.228474318981]
0.1596743427216 [0.0908743664622] [0.228474318981]
0.1585308946668 [0.0885874703526] [0.228474318981]
0.1567276939749 [0.0849810689688] [0.228474318981]
0.15410338342180002 [0.0797324478626] [0.228474318981]
0.1516377590596 [0.0748011991382] [0.228474318981]
0.15060640871515002 [0.0727384984493] [0.228474318981]
0.15142640098920002 [0.0743784829974] [0.228474318981]
0.15414686873545 [0.0798194184899] [0.228474318981]
0.1580604352056 [0.0876465514302] [0.228474318981]
0.1624610759317 [0.0964478328824] [0.228474318981]
0.166417058557 [0.104359798133] [0.228474318981]
0.1701653040945 [0.111856289208] [0.228474318981]
0.173479951918 [0.118485584855] [0.228474318981]
0.176112707704 [0.123751096427] [0.228474318981]
0.1773507148025 [0.126227110624] [0.228474318981]
0.177856206894 [0.127238094807] [0.228474318981]
0.177934013307 [0.127393707633] [0.228474318981]
0.177891999483 [0.127309679985] [0.228474318981]
0.1759150624275 [0.123355805874] [0.228474318981]
