0.0841549113393 [0.0726880282164] [0.0956217944622]
0.09602061659085001 [0.0816417112947] [0.110399521887]
0.10603536665435001 [0.0926157981157] [0.119454935193]
0.10920730605750001 [0.10066215694] [0.117752455175]
0.1031134948133 [0.0994897186756] [0.106737270951]
0.09405013918874999 [0.0931387543678] [0.0949615240097]
0.08643262460824999 [0.0857284814119] [0.0871367678046]
0.08089921995995 [0.0786500871181] [0.0831483528018]
0.0781830176711 [0.0737435594201] [0.0826224759221]
0.07725105434655 [0.0711370334029] [0.0833650752902]
0.0767194852233 [0.0708328038454] [0.0826061666012]
0.07525259628895001 [0.0717384591699] [0.078766733408]
0.07251865044235001 [0.0726592764258] [0.0723780244589]
0.0694372840226 [0.0731040388346] [0.0657705292106]
0.06714672967795 [0.0735223218799] [0.060771137476]
0.06637819856405 [0.074982047081] [0.0577743500471]
0.0674723722041 [0.0783096328378] [0.0566351115704]
0.07051808945835 [0.0834160968661] [0.0576200820506]
0.07536715641615 [0.0897137895226] [0.0610205233097]
0.0817515403032 [0.096436612308] [0.0670664682984]
0.0884352885187 [0.102676331997] [0.0741942450404]
0.0941609442234 [0.107680208981] [0.0806416794658]
0.0956633500753 [0.108282729983] [0.0830439701676]
0.09286880865715 [0.105805292726] [0.0799323245883]
0.08864545449615 [0.102003403008] [0.0752875059843]
0.08601159229875 [0.099687859416] [0.0723353251815]
0.08578384295105 [0.0987310484052] [0.0728366374969]
0.0864327326417 [0.0968631282449] [0.0760023370385]
0.08852596208455 [0.0958168804646] [0.0812350437045]
0.09111242368815001 [0.0948842167854] [0.0873406305909]
0.0936352275312 [0.0940341874957] [0.0932362675667]
0.09526048973199999 [0.0927497372031] [0.0977712422609]
0.0957334563136 [0.0908131673932] [0.100653745234]
0.09478874504555 [0.0883466079831] [0.101230882108]
0.09298252686854999 [0.0861543715] [0.0998106822371]
0.09144300222394999 [0.0852868929505] [0.0975991114974]
0.09098530188199999 [0.0863476246595] [0.0956229791045]
0.09294748678805001 [0.0894808545709] [0.0964141190052]
0.0968136228622 [0.0928541347384] [0.100773110986]
0.10148654505605001 [0.0950730964541] [0.107899993658]
0.10452637448885 [0.0933177545667] [0.115734994411]
0.10538290813574999 [0.0909044370055] [0.119861379266]
0.10422106832245 [0.0887331366539] [0.119708999991]
0.10173061862585 [0.0867076069117] [0.11675363034]
0.09921300038705 [0.0851452797651] [0.113280721009]
0.09692239761339999 [0.0835698023438] [0.110274992883]
0.09490275010445 [0.0812934115529] [0.108512088656]
0.0938131920994 [0.0781873762608] [0.109439007938]
0.09405744448289999 [0.0747708454728] [0.113344043493]
0.09556105732935 [0.0720804333687] [0.11904168129]
0.09762249141915 [0.0707467347383] [0.1244982481]
0.09956911578800001 [0.071097843349] [0.128040388227]
0.10151096060895 [0.0721717402339] [0.130850180984]
0.10327006503935 [0.0732762292027] [0.133263900876]
0.10381472855804999 [0.0741604268551] [0.133469030261]
0.1032927259804 [0.0761879384518] [0.130397513509]
0.10238052532065 [0.0821644440293] [0.122596606612]
0.10300084576035 [0.0944735631347] [0.111528128386]
0.1047959700228 [0.109668157995] [0.0999237820506]
0.10683101415650001 [0.122784353793] [0.09087767452]
0.10768068581795001 [0.13005849719] [0.0853028744459]
0.10696376860145 [0.131704941392] [0.0822225958109]
0.10604077577615 [0.132421150804] [0.0796604007483]
0.1047629341481 [0.132708445191] [0.0768174231052]
0.10204808041435 [0.130694583058] [0.0734015777707]
0.09845187887555001 [0.126489147544] [0.0704146102071]
0.0953531414271 [0.121984794736] [0.0687214881182]
0.09419700503355 [0.119474604726] [0.0689194053411]
0.0947084389625 [0.11892735213] [0.070489525795]
0.09800431132295 [0.123039938509] [0.0729686841369]
0.10263406485325 [0.128578528762] [0.0766896009445]
0.1081621907651 [0.134002700448] [0.0823216810822]
0.11451943963764999 [0.138655424118] [0.0903834551573]
0.1194339208305 [0.138005554676] [0.100862286985]
0.1224376186725 [0.132092952728] [0.112782284617]
0.12415349855999999 [0.124019138515] [0.124287858605]
0.125563438982 [0.117636345327] [0.133490532637]
0.127371698618 [0.115206986666] [0.13953641057]
0.129619210958 [0.116876751184] [0.142361670732]
0.13055559247749998 [0.120492875576] [0.140618309379]
0.130345158279 [0.124907776713] [0.135782539845]
0.1287332698705 [0.128299430013] [0.129167109728]
0.1269360259175 [0.131044685841] [0.122827365994]
0.123914606869 [0.129893198609] [0.117936015129]
0.1195644885305 [0.124167516828] [0.114961460233]
0.1144624613225 [0.115067213774] [0.113857708871]
0.111245132983 [0.107890658081] [0.114599607885]
0.1099761389195 [0.103135727346] [0.116816550493]
0.10749040544025 [0.0976563841105] [0.11732442677]
0.10179447755195001 [0.0905958563089] [0.112993098795]
0.0931768342851 [0.0831134021282] [0.103240266442]
0.0832944586873 [0.0760005861521] [0.0905883312225]
0.0744732096791 [0.0698881372809] [0.0790582820773]
0.06771517172460001 [0.0644955337048] [0.0709348097444]
0.0628765504807 [0.0593963228166] [0.0663567781448]
