0.05294957756995 [0.069039657712] [0.0368594974279]
0.05188788846135 [0.0674568414688] [0.0363189354539]
0.0509559772909 [0.0669721439481] [0.0349398106337]
0.050690617412349995 [0.0684111043811] [0.0329701304436]
0.051318016834550007 [0.0718593075871] [0.030776726082]
0.05215058196335 [0.0756819099188] [0.0286192540079]
0.05339742358775 [0.0797673538327] [0.0270274933428]
0.054850209504349996 [0.0834415256977] [0.026258893311]
0.056561046279950004 [0.0866611599922] [0.0264609325677]
0.05768769793215 [0.0878089591861] [0.0275664366782]
0.059571405872699996 [0.0898065641522] [0.0293362475932]
0.06173296459015 [0.0923979580402] [0.0310679711401]
0.06401329860089999 [0.0959078595042] [0.0321187376976]
0.0666323341431 [0.100817382336] [0.0324472859502]
0.0698129814117 [0.10742855072] [0.0321974121034]
0.07327131740745 [0.114835076034] [0.0317075587809]
0.07693669199965 [0.122696988285] [0.0311763957143]
0.08056133799255 [0.130287528038] [0.0308351479471]
0.0833700234073 [0.13569906354] [0.0310409832746]
0.08598928898595 [0.139925077558] [0.0320535004139]
0.08773200027645 [0.141432762146] [0.0340312384069]
0.08533553406585 [0.1337005198] [0.0369705483317]
0.07998269796375 [0.119634449482] [0.0403309464455]
0.07291726209205 [0.102051094174] [0.0437834300101]
0.068054176867 [0.0892618149519] [0.0468465387821]
0.06515714898705 [0.0812152028084] [0.0490990951657]
0.06336817890405 [0.0761328339577] [0.0506035238504]
0.06224610470235 [0.0728193819523] [0.0516728274524]
0.06159362755715 [0.0701429322362] [0.0530443228781]
0.061755325645250006 [0.0678189992905] [0.055691652]
0.06369842216375 [0.0669134631753] [0.0604833811522]
0.0680068805814 [0.0677642077208] [0.068249553442]
0.07404421269895001 [0.0690523013473] [0.0790361240506]
0.08076141029595 [0.0697872042656] [0.0917356163263]
0.08673634752635 [0.0694775283337] [0.103995166719]
0.09129189699875 [0.0686096176505] [0.113974176347]
0.0949861258268 [0.0678060278296] [0.122166223824]
0.09881293401125 [0.0687581673265] [0.128867700696]
0.10173546522855001 [0.0711475461721] [0.132323384285]
0.10431806370635 [0.0752354487777] [0.133400678635]
0.10650910437114999 [0.0795027911663] [0.133515417576]
0.10752802714705001 [0.0820416584611] [0.133014395833]
0.10850813984855001 [0.0836260765791] [0.133390203118]
0.10969121009104998 [0.0849181413651] [0.134464278817]
0.11060617119085 [0.0856673568487] [0.135544985533]
0.1104101948441 [0.0848602429032] [0.135960146785]
0.10879967734234999 [0.0823721066117] [0.135227248073]
0.10614547505985 [0.0790218934417] [0.133269056678]
0.1028176471591 [0.0753114372492] [0.130323857069]
0.0999850183725 [0.072947576642] [0.127022460103]
0.09825243800885 [0.0724294558167] [0.124075420201]
0.09799753874555 [0.0745308026671] [0.121464274824]
0.0984939709305 [0.078031077981] [0.11895686388]
0.099517546594 [0.081798389554] [0.117236703634]
0.10041784122575 [0.0858500003815] [0.11498568207]
0.10087470337724999 [0.0892241075635] [0.112525299191]
0.10121644288315 [0.0925306230783] [0.109902262688]
0.1019615381958 [0.0964829325676] [0.107440143824]
0.1040180474515 [0.101784266531] [0.106251828372]
0.1079448387025 [0.108682438731] [0.107207238674]
0.113690648228 [0.117278344929] [0.110102951527]
0.120310354978 [0.126885429025] [0.113735280931]
0.12600617855750001 [0.135300427675] [0.11671192944]
0.1296164132655 [0.141328126192] [0.117904700339]
0.1310099475085 [0.145265907049] [0.116753987968]
0.1307011954485 [0.147368475795] [0.114033915102]
0.1285452842715 [0.147719472647] [0.109371095896]
0.123680882156 [0.145804971457] [0.101556792855]
0.11659636348505001 [0.142214417458] [0.0909783095121]
0.1085625700653 [0.137909218669] [0.0792159214616]
0.10063532739869999 [0.132643342018] [0.0686273127794]
0.0939930304884 [0.127424687147] [0.0605613738298]
0.087909422815 [0.120898805559] [0.054920040071]
0.08201620168965 [0.113033816218] [0.0509985871613]
0.07729539461445 [0.106541335583] [0.0480494536459]
0.07367094047389999 [0.101902507246] [0.0454393737018]
0.070813247934 [0.0987199917436] [0.0429065041244]
0.0677427034825 [0.0952845290303] [0.0402008779347]
0.0647411979735 [0.0917559489608] [0.0377264469862]
0.0626178830862 [0.0893349573016] [0.0359008088708]
0.06195702776315 [0.0886908769608] [0.0352231785655]
0.06264791823925 [0.0894181728363] [0.0358776636422]
0.06489644199610001 [0.0917351469398] [0.0380577370524]
0.06820398941635 [0.0944594666362] [0.0419485121965]
0.0718243271112 [0.095935344696] [0.0477133095264]
0.07479548826815 [0.0944122448564] [0.0551787316799]
0.07669630274175 [0.089858263731] [0.0635343417525]
0.0779414027929 [0.084468960762] [0.0714138448238]
0.07877268642185001 [0.0806517973542] [0.0768935754895]
0.07874614372845 [0.0781667605042] [0.0793255269527]
0.07907388359305001 [0.0778752788901] [0.080272488296]
0.0805738605559 [0.0795605480671] [0.0815871730447]
0.08428402617575001 [0.0828004926443] [0.0857675597072]
0.0887142717838 [0.0853470638394] [0.0920814797282]
0.09209888800975 [0.0859550759196] [0.0982427000999]
0.09283699840305 [0.0847064033151] [0.100967593491]
