0.1089499350639 [0.0620768032968] [0.155823066831]
0.1028032153843 [0.0494567900896] [0.156149640679]
0.0999973714351 [0.0442056506872] [0.155789092183]
0.09923144802440001 [0.0431350842118] [0.155327811837]
0.09911079891005 [0.0422758795321] [0.155945718288]
0.10017731040735 [0.0415356755257] [0.158818945289]
0.1027371790258 [0.0410186611116] [0.16445569694]
0.10562517680205 [0.0407002009451] [0.170550152659]
0.10411321558035 [0.0405225791037] [0.167703852057]
0.09336573071769999 [0.0401791222394] [0.146552339196]
0.07731532678005 [0.0393322557211] [0.115298397839]
0.06270785257219999 [0.0381126180291] [0.0873030871153]
0.05278661102055 [0.037151388824] [0.0684218332171]
0.04712394438685 [0.0372043848038] [0.0570435039699]
0.044300405308649995 [0.0383143909276] [0.0502864196897]
0.04214074835185 [0.0378556698561] [0.0464258268476]
0.040682945400450005 [0.0371006838977] [0.0442652069032]
0.039574733004 [0.0361911579967] [0.0429583080113]
0.039266342297199996 [0.0366261713207] [0.0419065132737]
0.03968952782455 [0.0383989736438] [0.0409800820053]
0.04014635272325 [0.0400224253535] [0.040270280093]
0.0399578101933 [0.0399169027805] [0.0399987176061]
0.03947402723135 [0.0386074818671] [0.0403405725956]
0.039400944486250006 [0.0373572856188] [0.0414446033537]
0.040648534894 [0.0372019149363] [0.0440951548517]
0.0444588623941 [0.039291113615] [0.0496266111732]
0.049893479794250004 [0.039291113615] [0.0604958459735]
0.05978509411215 [0.039291113615] [0.0802790746093]
0.07427399233 [0.039291113615] [0.109256871045]
0.08945959806449999 [0.039291113615] [0.139628082514]
0.09992811083799999 [0.039291113615] [0.160565108061]
0.103129990399 [0.039291113615] [0.166968867183]
0.10260504484149999 [0.039291113615] [0.165918976068]
0.101796872914 [0.039291113615] [0.164302632213]
0.1025433167815 [0.039291113615] [0.165795519948]
0.10484328866 [0.039291113615] [0.170395463705]
0.107386678457 [0.039291113615] [0.175482243299]
0.10869708657249999 [0.039291113615] [0.17810305953]
0.11830183491095 [0.0593040212989] [0.177299648523]
0.1176589783282 [0.0611352436244] [0.174182713032]
0.1178068853916 [0.0648771300912] [0.170736640692]
0.1169068925081 [0.0648771300912] [0.168936654925]
0.1154189668596 [0.0648771300912] [0.165960803628]
0.1137185879051 [0.0648771300912] [0.162560045719]
0.1137863434851 [0.0648771300912] [0.162695556879]
0.1173433549701 [0.0648771300912] [0.169809579849]
0.12481334432959999 [0.0648771300912] [0.184749558568]
0.1352150477471 [0.0648771300912] [0.205552965403]
0.14616695418960002 [0.0648771300912] [0.227456778288]
0.15325513109560002 [0.0648771300912] [0.2416331321]
0.15669762343159999 [0.0731609463692] [0.240234300494]
0.1513560935857 [0.0785322487354] [0.224179938436]
0.15115836635255 [0.0781367942691] [0.224179938436]
0.1501435786488 [0.0761072188616] [0.224179938436]
0.14912963658595002 [0.0740793347359] [0.224179938436]
0.1478874050083 [0.0715948715806] [0.224179938436]
0.1493946723642 [0.0746094062924] [0.224179938436]
0.120783533901 [0.076833344996] [0.164733722806]
0.12450486421585 [0.0775835365057] [0.171426191926]
0.12343097105645001 [0.0772215947509] [0.169640347362]
0.11943994462515 [0.0765650570393] [0.162314832211]
0.11537893489025 [0.0762153193355] [0.154542550445]
0.1131542734804 [0.0763364508748] [0.149972096086]
0.1128196753563 [0.0769610628486] [0.148678287864]
0.11377337574935 [0.0778888761997] [0.149657875299]
0.11543269082895 [0.0791016891599] [0.151763692498]
0.1189379058779 [0.0840025171638] [0.153873294592]
0.12288941815495 [0.0901500508189] [0.155628785491]
0.1255175918343 [0.0939330905676] [0.157102093101]
0.12619215622555 [0.0926707908511] [0.1597135216]
0.12226120010025 [0.0872518494725] [0.157270550728]
0.1140981316565 [0.078996732831] [0.149199530482]
0.10533483698945001 [0.0722497627139] [0.138419911265]
0.09845093637685001 [0.0685644745827] [0.128337398171]
0.0938412211835 [0.06612110883] [0.121561333537]
0.09180334582915001 [0.0646385475993] [0.118968144059]
0.09112073853595001 [0.0629712119699] [0.119270265102]
0.0907535683364 [0.0608122386038] [0.120694898069]
0.0908341910691 [0.0587472431362] [0.122921139002]
0.09172556921865001 [0.0573140457273] [0.12613709271]
0.0936552360652 [0.0563182234764] [0.130992248654]
0.09577126428459999 [0.0551535710692] [0.1363889575]
0.09732553549129999 [0.0537491478026] [0.14090192318]
0.09828787483265 [0.0524125881493] [0.144163161516]
0.0996774453671 [0.0512946732342] [0.1480602175]
0.10233202762905 [0.0503180958331] [0.154345959425]
0.10567035153505 [0.0493858829141] [0.161954820156]
0.10445200465645 [0.0481080077589] [0.160796001554]
0.10827348753795 [0.0468528494239] [0.169694125652]
0.11173863895235 [0.0445681400597] [0.178909137845]
0.11595110781485 [0.0441619493067] [0.187740266323]
0.11974239721885001 [0.0440893545747] [0.195395439863]
0.1220748815685 [0.044439766556] [0.199709996581]
0.12289581634125 [0.0444507189095] [0.201340913773]
0.1211993489417 [0.0431932099164] [0.199205487967]
