0.08824983984215 [0.116889454424] [0.0596102252603]
0.0930969063193 [0.12678283453] [0.0594109781086]
0.0972158517691 [0.135441705585] [0.0589899979532]
0.1013501975688 [0.142614871264] [0.0600855238736]
0.10488155111655 [0.14716117084] [0.0626019313931]
0.10701993107815 [0.146582052112] [0.0674578100443]
0.10734552144984999 [0.139916375279] [0.0747746676207]
0.10718391463175 [0.131902560592] [0.0824652686715]
0.10518789291380001 [0.124113664031] [0.0862621217966]
0.0992791317403 [0.116710782051] [0.0818474814296]
0.09043365716935 [0.110682092607] [0.0701852217317]
0.08123582601524999 [0.105550229549] [0.0569214224815]
0.073258386925 [0.100164048374] [0.046352725476]
0.06647286750375 [0.0934986025095] [0.039447132498]
0.06055604293939999 [0.085776515305] [0.0353355705738]
0.056148059666149996 [0.0791082009673] [0.033187918365]
0.053337439894699995 [0.0743347331882] [0.0323401466012]
0.05186778865755 [0.0713667869568] [0.0323687903583]
0.051268830895400005 [0.0698293074965] [0.0327083542943]
0.05153544433415 [0.0701209008694] [0.0329499877989]
0.05256043747065001 [0.0723485946655] [0.0327722802758]
0.0545129198581 [0.0768035054207] [0.0322223342955]
0.057988179847600005 [0.0842756927013] [0.0317006669939]
0.06310048326845 [0.0945087447762] [0.0316922217607]
0.0695580225438 [0.106160543859] [0.0329555012286]
0.0760537013412 [0.116290472448] [0.0358169302344]
0.08389874734 [0.126339092851] [0.041458401829]
0.09299769252555001 [0.135194346309] [0.0508010387421]
0.10314723476765 [0.141889706254] [0.0644047632813]
0.1139581799507 [0.148205652833] [0.0797107070684]
0.1239435337485 [0.156941637397] [0.0909454301]
0.13218227028845 [0.168961495161] [0.0954030454159]
0.1382883712649 [0.182335153222] [0.0942415893078]
0.13989266753195 [0.189004138112] [0.0907811969519]
0.1330981813371 [0.180331453681] [0.0858649089932]
0.12105897068970001 [0.163237184286] [0.0788807570934]
0.10602563992130001 [0.14284068346] [0.0692105963826]
0.09060982055955 [0.122775107622] [0.0584445334971]
0.07779974862925 [0.10634701699] [0.0492524802685]
0.0689481794834 [0.0949554219842] [0.0429409369826]
0.063539436087 [0.0876681879163] [0.0394106842577]
0.0607455894351 [0.083818346262] [0.0376728326082]
0.059427160769700005 [0.081968292594] [0.0368860289454]
0.058734154328699995 [0.0808003246784] [0.036667983979]
0.05827071890235 [0.0791266933084] [0.0374147444963]
0.057733917608899996 [0.0763206854463] [0.0391471497715]
0.0569226108491 [0.072302930057] [0.0415422916412]
0.055923882871900005 [0.0676854848862] [0.0441622808576]
0.0552367903292 [0.0637125149369] [0.0467610657215]
0.05543905124065 [0.0613413751125] [0.0495367273688]
0.05699498020115 [0.0611179061234] [0.0528720542789]
0.06054525636135 [0.0636494681239] [0.0574410445988]
0.0671405903995 [0.0705929920077] [0.0636881887913]
0.07612630724905001 [0.0812225490808] [0.0710300654173]
0.08646100386975 [0.0949441939592] [0.0779778137803]
0.0959830060602 [0.108844920993] [0.0831210911274]
0.1027867235243 [0.119399562478] [0.0861738845706]
0.10615490749485 [0.12477632612] [0.0875334888697]
0.10821420699380001 [0.128013491631] [0.0884149223566]
0.11204757913970001 [0.134328886867] [0.0897662714124]
0.11588495969765 [0.140776619315] [0.0909933000803]
0.12145194038755 [0.151897609234] [0.0910062715411]
0.1271257847548 [0.164576381445] [0.0896751880646]
0.13099024072295 [0.174133911729] [0.0878465697169]
0.1347076408567 [0.182732984424] [0.0866822972894]
0.1386115700008 [0.190153166652] [0.0870699733496]
0.14309516549095 [0.196855485439] [0.0893348455429]
0.1482579298318 [0.203457504511] [0.0930583551526]
0.1533585339786 [0.209582269192] [0.0971347987652]
0.1580177024005 [0.215158075094] [0.100877329707]
0.1623270437125 [0.219522595406] [0.105131492019]
0.168220605701 [0.222631499171] [0.113809712231]
0.176269963384 [0.223644241691] [0.128895685077]
0.1860305592415 [0.222676709294] [0.149384409189]
0.19161052256799999 [0.21335093677] [0.169870108366]
0.1858149915935 [0.189883708954] [0.181746274233]
0.17687259614450002 [0.168060287833] [0.185684904456]
0.167938046157 [0.145765662193] [0.190110430121]
0.16226778924500002 [0.126563638449] [0.197971940041]
0.1584199219945 [0.112844988704] [0.203994855285]
0.154890011996 [0.103852875531] [0.205927148461]
0.1494492404164 [0.0984530374408] [0.200445443392]
0.1409647986291 [0.0931541323662] [0.188775464892]
0.13150820136075 [0.0879272818565] [0.175089120865]
0.1234590150417 [0.0843193754554] [0.162598654628]
0.11820057407005 [0.0822299644351] [0.154171183705]
0.11603819578899999 [0.082033470273] [0.150042921305]
0.11592974141235 [0.0835628584027] [0.148296624422]
0.11595612391829999 [0.0858690068126] [0.146043241024]
0.116018489003 [0.088904723525] [0.143132254481]
0.11815293505795 [0.0922416523099] [0.144064217806]
0.1220110207797 [0.0963700413704] [0.147652000189]
0.127924591303 [0.102757617831] [0.153091564775]
0.1344828270375 [0.110940478742] [0.158025175333]
0.1389648132025 [0.117429278791] [0.160500347614]
0.1377514228225 [0.117167875171] [0.158334970474]
0.133812252432 [0.11327046901] [0.154354035854]
0.13102529943000002 [0.110910460353] [0.151140138507]
0.1305264644325 [0.111454598606] [0.149598330259]
0.1318865045905 [0.113797187805] [0.149975821376]
0.13354132697 [0.115685887635] [0.151396766305]
0.1344759985805 [0.115952536464] [0.152999460697]
0.1347477175295 [0.115082077682] [0.154413357377]
0.134793352336 [0.113612212241] [0.155974492431]
0.13350554928199998 [0.112585373223] [0.154425725341]
0.1314129680395 [0.114976868033] [0.147849068046]
0.1270110942425 [0.120967112482] [0.133055076003]
0.1235572844745 [0.127965644002] [0.119148924947]
0.12182935327250001 [0.133121013641] [0.110537692904]
0.1218216009435 [0.137496203184] [0.106146998703]
0.122387278825 [0.140530332923] [0.104244224727]
0.12217901647099999 [0.141580864787] [0.102777168155]
0.121636040509 [0.141700729728] [0.10157135129]
0.1206999532875 [0.141322523355] [0.10007738322]
0.12004835531125 [0.141682520509] [0.0984141901135]
0.12045572325585 [0.143665343523] [0.0972461029887]
0.1211022138596 [0.144920796156] [0.0972836315632]
0.12244557961815 [0.145903289318] [0.0989878699183]
0.1244264543055 [0.146675467491] [0.10217744112]
0.1267120316625 [0.147099286318] [0.106324777007]
0.1288408376275 [0.146650493145] [0.11103118211]
0.130664892495 [0.144806981087] [0.116522803903]
0.1332965865735 [0.143342778087] [0.12325039506]
0.1382781267165 [0.142425969243] [0.13413028419]
