0.0569147188216 [0.0447844676673] [0.0690449699759]
0.056882003322250005 [0.0473313964903] [0.0664326101542]
0.057975668460099994 [0.050630018115] [0.0653213188052]
0.0596790816635 [0.0540368445218] [0.0653213188052]
0.06108891405165 [0.0568565092981] [0.0653213188052]
0.06226553954185 [0.0592097602785] [0.0653213188052]
0.06379711441694999 [0.0622729100287] [0.0653213188052]
0.08002019301055 [0.0666625872254] [0.0933777987957]
0.0816231071949 [0.0736698359251] [0.0895763784647]
0.08507731184365 [0.0839764997363] [0.086178123951]
0.0908855609596 [0.098681896925] [0.0830892249942]
0.09734226763225 [0.115876987576] [0.0788075476885]
0.1017907522618 [0.12980286777] [0.0737786367536]
0.10186264663915 [0.13555188477] [0.0681734085083]
0.0988195687531 [0.134695485234] [0.0629436522722]
0.09574018418805 [0.132520347834] [0.0589600205421]
0.0938959643246 [0.131315276027] [0.0564766526222]
0.0927323773505 [0.130082368851] [0.05538238585]
0.09337927028525 [0.131263464689] [0.0554950758815]
0.09400844201434999 [0.133571013808] [0.0544458702207]
0.09547047875815001 [0.135451376438] [0.0554895810783]
0.09521535038975 [0.131543681026] [0.0588870197535]
0.08981319889405001 [0.116167709231] [0.0634586885571]
0.07869787141685 [0.0908086150885] [0.0665871277452]
0.0663207024336 [0.0657224431634] [0.0669189617038]
0.056205192580849994 [0.0479394756258] [0.0644709095359]
0.04865046963095 [0.0374496728182] [0.0598512664437]
0.0439736023545 [0.0319960899651] [0.0559511147439]
0.0416000857949 [0.0297195985913] [0.0534805729985]
0.04124170262365 [0.0294149760157] [0.0530684292316]
0.04198471922425 [0.0302562918514] [0.0537131465971]
0.0434525050223 [0.0316209308803] [0.0552840791643]
0.045126171782600005 [0.0333019345999] [0.0569504089653]
0.04663515836 [0.0349129065871] [0.0583574101329]
0.0475912876427 [0.0362183637917] [0.0589642114937]
0.048190180212249994 [0.0373012945056] [0.0590790659189]
0.04835876449945 [0.0384058952332] [0.0583116337657]
0.048668146133399995 [0.0403696261346] [0.0569666661322]
0.049930699169599996 [0.0442346744239] [0.0556267239153]
0.053041206672800004 [0.0513216033578] [0.0547608099878]
0.05881886556745 [0.0631296634674] [0.0545080676675]
0.0679831393063 [0.0812425687909] [0.0547237098217]
0.0798503626137 [0.104670576751] [0.0550301484764]
0.09095205925385 [0.126408487558] [0.0554956309497]
0.09686110168709999 [0.137459650636] [0.0562625527382]
0.09750551357840001 [0.137867301702] [0.0571437254548]
0.0956618301571 [0.13372258842] [0.0576010718942]
0.0946134440601 [0.129901573062] [0.0593253150582]
0.0953876674176 [0.129126802087] [0.0616485327482]
0.1005141995846 [0.132047563791] [0.0689808353782]
0.10947966575599999 [0.136482045054] [0.082477286458]
0.1216594204306 [0.143620058894] [0.0996987819672]
0.132830094546 [0.151581004262] [0.11407918483]
0.14248489216 [0.16148082912] [0.1234889552]
0.1545573249455 [0.175828158855] [0.133286491036]
0.1697959452865 [0.195172265172] [0.144419625401]
0.18595980107799998 [0.215090826154] [0.156828776002]
0.1969979777935 [0.223970770836] [0.170025184751]
0.1831098645925 [0.181674227118] [0.184545502067]
0.15886038541800002 [0.123717784882] [0.194002985954]
0.14448788017025 [0.0933301746845] [0.195645585656]
0.13560718297975 [0.0828331410885] [0.188381224871]
0.13061315566325 [0.0820208489895] [0.179205462337]
0.12735116854314998 [0.0814440324903] [0.173258304596]
0.12492923438525 [0.0798702687025] [0.169988200068]
0.1227011159061 [0.0781970322132] [0.167205199599]
0.11989260837429999 [0.0769445225596] [0.162840694189]
0.1156858988104 [0.0762344822288] [0.155137315392]
0.11127261444935 [0.0758312419057] [0.146713986993]
0.1074972450733 [0.0754387676716] [0.139555722475]
0.1042605526747 [0.0749479308724] [0.133573174477]
0.101863525808 [0.074432477355] [0.129294574261]
0.100112453103 [0.073834002018] [0.126390904188]
0.0987316779794 [0.0728108286858] [0.124652527273]
0.09826431795974999 [0.0707083418965] [0.125820294023]
0.09922825545095 [0.0669400990009] [0.131516411901]
0.10105638764824999 [0.0613012723625] [0.140811502934]
0.10439739562549999 [0.057967428118] [0.150827363133]
0.1098632626238 [0.0602078959346] [0.159518629313]
0.11824833229195 [0.0727842673659] [0.163712397218]
0.12470170483005 [0.0848193690181] [0.164584040642]
0.12777885049575 [0.0898510962725] [0.165706604719]
0.1313127316533 [0.0917641595006] [0.170861303806]
0.1357596144078 [0.0913817733526] [0.180137455463]
0.1404426209627 [0.0900666192174] [0.190818622708]
0.1444030143321 [0.0886431708932] [0.200162857771]
0.14616486802715 [0.0874942168593] [0.204835519195]
0.14640668407065 [0.0868003442883] [0.206013023853]
0.14468950778255 [0.0872597098351] [0.20211930573]
0.14222554117425001 [0.0900302529335] [0.194420829415]
0.1396425664423 [0.0963861495256] [0.182898983359]
0.13884134963150002 [0.108983434737] [0.168699264526]
0.14408940076850002 [0.132909074426] [0.155269727111]
0.149941153824 [0.153481468558] [0.14640083909]
0.1486740484835 [0.15667206049] [0.140676036477]
0.13720097392800001 [0.138911366463] [0.135490581393]
0.1249787248675 [0.120276756585] [0.12968069315]
