0.10245830193155 [0.131854996085] [0.0730616077781]
0.1049400120974 [0.136370971799] [0.0735090523958]
0.10871389880765 [0.139916077256] [0.0775117203593]
0.1130804605783 [0.140055537224] [0.0861053839326]
0.1183248758315 [0.134590446949] [0.102059304714]
0.12741386145349998 [0.129237189889] [0.125590533018]
0.139812536538 [0.125450715423] [0.154174357653]
0.150875642896 [0.12425339222] [0.177497893572]
0.157189626247 [0.124323613942] [0.190055638552]
0.157570336014 [0.124340750277] [0.190799921751]
0.1535080820325 [0.122198969126] [0.184817194939]
0.1469120196995 [0.118433333933] [0.175390705466]
0.14029594510750001 [0.113461002707] [0.167130887508]
0.1353050284085 [0.108750246465] [0.161859810352]
0.131841626018 [0.104446493089] [0.159236758947]
0.129495024681 [0.100861147046] [0.158128902316]
0.12732537835820001 [0.0970757454634] [0.157575011253]
0.12432270869605 [0.0936674997211] [0.154977917671]
0.12039714679130001 [0.0916869714856] [0.149107322097]
0.11516979336755001 [0.0911181718111] [0.139221414924]
0.10934785753505 [0.0911616235971] [0.127534091473]
0.10402349010105 [0.0905710533261] [0.117475926876]
0.10032333433615 [0.0892330110073] [0.111413657665]
0.09836018085465001 [0.0873442292213] [0.109376132488]
0.0982709676025 [0.086760789156] [0.109781146049]
0.10021248459814999 [0.0886013507843] [0.111823618412]
0.1041746772824 [0.0932680293918] [0.115081325173]
0.1091907583175 [0.100055038929] [0.118326477706]
0.1145184114575 [0.107910402119] [0.121126420796]
0.1192235723135 [0.115332730114] [0.123114414513]
0.1231503523885 [0.12212780863] [0.124172896147]
0.128247320652 [0.131179824471] [0.125314816833]
0.1361986994745 [0.143766924739] [0.12863047421]
0.1456212997435 [0.156045526266] [0.135197073221]
0.15202163159850002 [0.16029779613] [0.143745467067]
0.1573659032585 [0.160513907671] [0.154217898846]
0.162035919726 [0.158458173275] [0.165613666177]
0.164680622518 [0.15339012444] [0.175971120596]
0.1663576886055 [0.150080412626] [0.182634964585]
0.16525300592199998 [0.148330152035] [0.182175859809]
0.1606350168585 [0.146293386817] [0.1749766469]
0.154350578785 [0.142673999071] [0.166027158499]
0.1482039242985 [0.1381187886] [0.158289059997]
0.14332610368749998 [0.133030474186] [0.153621733189]
0.139891371131 [0.128942146897] [0.150840595365]
0.13852150738250002 [0.126413494349] [0.150629520416]
0.137421391904 [0.123853549361] [0.150989234447]
0.136391285807 [0.120491616428] [0.152290955186]
0.1345650553705 [0.116220697761] [0.15290941298]
0.131722476333 [0.111290760338] [0.152154192328]
0.128429006785 [0.107157550752] [0.149700462818]
0.1259709596635 [0.105090737343] [0.146851181984]
0.124417625368 [0.104947060347] [0.143888190389]
0.1222134642305 [0.105282388628] [0.139144539833]
0.1201882362365 [0.106710538268] [0.133665934205]
0.11855038627949999 [0.109558574855] [0.127542197704]
0.11713007465 [0.113820016384] [0.120440132916]
0.11564888432600001 [0.117404028773] [0.113893739879]
0.110383965075 [0.111667983234] [0.109099946916]
0.09858867898595 [0.0912627801299] [0.105914577842]
0.0872668027879 [0.0709538459778] [0.103579759598]
0.08011837303645 [0.0591453462839] [0.101091399789]
0.0766712706536 [0.0552369765937] [0.0981055647135]
0.07562784850595 [0.0552265048027] [0.0960291922092]
0.07598460279405 [0.0559860654175] [0.0959831401706]
0.0777090322226 [0.0564365647733] [0.0989814996719]
0.0802138410507 [0.0565695762634] [0.103858105838]
0.08274955675015 [0.0564321503043] [0.109066963196]
0.08429355360560001 [0.0560367368162] [0.112550370395]
