0.10234521329415 [0.0628672093153] [0.141823217273]
0.1025555580852 [0.0615182071924] [0.143592908978]
0.10305334255109999 [0.0596603229642] [0.146446362138]
0.10323995910585 [0.0578866563737] [0.148593261838]
0.1013429090379 [0.0564239174128] [0.146261900663]
0.09772420488300002 [0.055337574333] [0.140110835433]
0.09378654323515001 [0.0545380674303] [0.13303501904]
0.09048820100745 [0.0541138164699] [0.126862585545]
0.0879236683251 [0.0540532246232] [0.121794112027]
0.0854825526477 [0.0541837736964] [0.116781331599]
0.08278178982414999 [0.0544148497283] [0.11114872992]
0.07971575856195 [0.0542516261339] [0.10517989099]
0.0772422421726 [0.0536233447492] [0.100861139596]
0.0760123934597 [0.0526987425983] [0.0993260443211]
0.0762661807239 [0.0527356788516] [0.0997966825962]
0.07833526097235 [0.0572922490537] [0.099378272891]
0.08305021747944999 [0.0709376186132] [0.0951628163457]
0.0916185453534 [0.0963327586651] [0.0869043320417]
0.0966836437581 [0.117454923689] [0.0759123638272]
0.09440683946 [0.12138723582] [0.0674264431]
0.0892549231649 [0.115407139063] [0.0631027072668]
0.08467599190765 [0.107705131173] [0.0616468526423]
0.0823935419323 [0.101830273867] [0.0629568099976]
0.08218302205205 [0.0978132411838] [0.0665528029203]
0.08368954062459999 [0.0957348272204] [0.0716442540288]
0.0862182304263 [0.0952076911926] [0.07722876966]
0.0888451486826 [0.0955989062786] [0.0820913910866]
0.0907747745514 [0.0961614474654] [0.0853881016374]
0.09199799224735 [0.0971056222916] [0.0868903622031]
0.09240677580235 [0.0981330350041] [0.0866805166006]
0.09140961989759999 [0.0978067666292] [0.085012473166]
0.08983261138205001 [0.0965462699533] [0.0831189528108]
0.08931505307555 [0.0961629524827] [0.0824671536684]
0.0905467271805 [0.0981964543462] [0.0828970000148]
0.0934360958636 [0.102164067328] [0.0847081243992]
0.0985143855213 [0.107846572995] [0.0891821980476]
0.10512145236125 [0.115327991545] [0.0949149131775]
0.11137586086995 [0.123633414507] [0.0991183072329]
0.1152505241334 [0.130787461996] [0.0997135862708]
0.11701653525215 [0.135024309158] [0.0990087613463]
0.11738837510345 [0.135852754116] [0.0989239960909]
0.1170504167675 [0.133938923478] [0.100161910057]
0.1167144812645 [0.130820974708] [0.102607987821]
0.116623289883 [0.127491727471] [0.105754852295]
0.11708277836450001 [0.124762900174] [0.109402656555]
0.11793530359900001 [0.122023954988] [0.11384665221]
0.12061605229950001 [0.119838528335] [0.121393576264]
0.12828949466349998 [0.119620852172] [0.136958137155]
0.14359921217 [0.125577360392] [0.161621063948]
0.1662943437695 [0.142915710807] [0.189672976732]
0.1921960860495 [0.170713603497] [0.213678568602]
0.2165038585665 [0.20008353889] [0.232924178243]
0.236986599863 [0.225551322103] [0.248421877623]
0.251231573522 [0.242007061839] [0.260456085205]
0.25784210115649997 [0.244436725974] [0.271247476339]
0.2539124712345 [0.232951030135] [0.274873912334]
0.2422172427175 [0.213351368904] [0.271083116531]
0.230660676956 [0.193893611431] [0.267427742481]
0.2234748452905 [0.178909212351] [0.26804047823]
0.2220250591635 [0.169618144631] [0.274431973696]
0.22314132750049998 [0.163827419281] [0.28245523572]
0.22365031391399998 [0.159269705415] [0.288030922413]
0.220960751176 [0.152993112803] [0.288928389549]
0.215086825192 [0.145756140351] [0.284417510033]
0.208296187222 [0.138979777694] [0.27761259675]
0.2021044716235 [0.13492770493] [0.269281238317]
0.194590307772 [0.132988527417] [0.256192088127]
0.18392578512399999 [0.131612703204] [0.236238867044]
0.172103151679 [0.129064723849] [0.215141579509]
0.1625434234735 [0.125691771507] [0.19939507544]
0.156706791371 [0.124069057405] [0.189344525337]
0.15430336445550002 [0.125836148858] [0.182770580053]
0.1536627784375 [0.130927756429] [0.176397800446]
0.1518654450775 [0.137096390128] [0.166634500027]
0.1472175493835 [0.142224356532] [0.152210742235]
0.1396477371455 [0.14378413558] [0.135511338711]
0.13295643031600002 [0.143427684903] [0.122485175729]
0.129123356193 [0.143290057778] [0.114956654608]
0.1282374486325 [0.144205853343] [0.112269043922]
0.1288842186335 [0.145214825869] [0.112553611398]
0.129913892597 [0.1452999264] [0.114527858794]
0.1306668147445 [0.144122034311] [0.117211595178]
0.1323696151375 [0.14217106998] [0.122568160295]
0.1376328840855 [0.143319293857] [0.131946474314]
0.1456677094105 [0.146933138371] [0.14440228045]
0.15390664339049998 [0.150708928704] [0.157104358077]
0.1587090641265 [0.152761176229] [0.164656952024]
0.161724977195 [0.155557245016] [0.167892709374]
0.1653074324135 [0.159432381392] [0.171182483435]
0.168461501598 [0.159445673227] [0.177477329969]
0.17102722078600002 [0.159065663815] [0.182988777757]
0.17138874530749998 [0.156559437513] [0.186218053102]
0.168041609228 [0.152412489057] [0.183670729399]
0.162343017757 [0.147138476372] [0.177547559142]
0.1558332890275 [0.142239034176] [0.169427543879]
0.150432743132 [0.138599708676] [0.162265777588]
0.14538536220800002 [0.135422945023] [0.155347779393]
0.1397320851685 [0.131445705891] [0.148018464446]
0.1323851794 [0.126103803515] [0.138666555285]
0.1235239319505 [0.119716770947] [0.127331092954]
0.11406235769350001 [0.112592592835] [0.115532122552]
0.104552876204 [0.10535851866] [0.103747233748]
0.0957474336028 [0.0991335362196] [0.092361330986]
0.088853366673 [0.0959129482508] [0.0817937850952]
0.0839603729546 [0.0951805636287] [0.0727401822805]
0.0811624787748 [0.0962384492159] [0.0660865083337]
0.0800823792815 [0.0985713228583] [0.0615934357047]
0.08051545917985 [0.102823331952] [0.0582075864077]
0.0813525319101 [0.107941143215] [0.0547639206052]
0.0823062155395 [0.113860927522] [0.050751503557]
0.0819508153945 [0.117083415389] [0.0468182154]
0.0810442846266 [0.118084326386] [0.0440042428672]
0.08106668107199999 [0.119674682617] [0.042458679527]
0.0820704530923 [0.122286610305] [0.0418542958796]
0.08318235538915 [0.124793224037] [0.0415714867413]
0.08444160595545 [0.127949178219] [0.0409340336919]
0.08630646765255 [0.132587820292] [0.0400251150131]
0.08865399844960001 [0.138650119305] [0.0386578775942]
0.09115532413124999 [0.145185187459] [0.0371254608035]
0.09337758272880001 [0.150942519307] [0.0358126461506]
0.09371156990549999 [0.152502983809] [0.034920156002]
0.09268849529345 [0.150644436479] [0.0347325541079]
0.09167763777075 [0.147828310728] [0.0355269648135]
0.0909459777177 [0.144431680441] [0.0374602749944]
0.09149058163149999 [0.142473876476] [0.040507286787]
0.093225542456 [0.142280817032] [0.04417026788]
0.09482019953415001 [0.142118990421] [0.0475214086473]
0.09840738028285001 [0.146523758769] [0.0502910017967]
0.1022646501661 [0.15190204978] [0.0526272505522]
0.1063479557635 [0.15712068975] [0.055575221777]
0.11169674247485 [0.163194686174] [0.0601987987757]
0.1170204617084 [0.166172116995] [0.0678688064218]
0.1238466426729 [0.166986197233] [0.0807070881128]
0.1306339725852 [0.162326619029] [0.0989413261414]
0.1343462355435 [0.149808481336] [0.118883989751]
0.1336304917935 [0.132610559464] [0.134650424123]
0.127514671534 [0.115845389664] [0.139183953404]
0.1185347363355 [0.102326497436] [0.134742975235]
0.11059285327769999 [0.0929594263434] [0.128226280212]
0.10504983738080001 [0.0868423357606] [0.123257339001]
0.10214474052200001 [0.08351213485] [0.120777346194]
0.10014115646499999 [0.081644050777] [0.118638262153]
0.09808089211595 [0.0810984075069] [0.115063376725]
0.0953705050053 [0.0807902663946] [0.109950743616]
0.0925306864082 [0.0795181915164] [0.1055431813]
0.08897019922745 [0.0760010331869] [0.101939365268]
0.0853279605508 [0.0722760409117] [0.0983798801899]
0.0827599018812 [0.0700777620077] [0.0954420417547]
0.0815126225352 [0.0695348381996] [0.0934904068708]
0.08172053843735 [0.0693799033761] [0.0940611734986]
0.08323995769025 [0.0697083324194] [0.0967715829611]
0.0853957273067 [0.0705319941044] [0.100259460509]
0.0869978517295 [0.071718595922] [0.102277107537]
0.08730575442300001 [0.07287607342] [0.101735435426]
0.08670336753130001 [0.0734636709094] [0.0999430641532]
0.0854964517057 [0.0721172615886] [0.0988756418228]
0.08394341170785 [0.0683024600148] [0.0995843634009]
0.08295732364069999 [0.0639434829354] [0.101971164346]
0.0827434509992 [0.0605867505074] [0.104900151491]
0.0826851036401 [0.0579615794122] [0.107408627868]
0.0826441962273 [0.0558204613626] [0.109467931092]
0.0816237386318 [0.0539502613246] [0.109297215939]
0.07925402186835001 [0.0524226538837] [0.106085389853]
