0.07456152513625 0.0753367729485 0.07641089707609999 0.07772444561125 0.07919028773905 0.08073703944685 0.0821925252676 0.08340227976440001 0.08365374803545 0.0807064510882 0.07158729061485 0.055089293047749996 0.03894971404225 0.03000236768275 0.02610576804725 
0.024876668583605002 0.024769028648725 0.02476439066233 0.024494811426825 0.02393492963163 0.023201418109225 0.022381605114809997 0.021531528793254998 0.020764995366325 0.020261846017085 0.02034072112293 0.021215632092189997 0.02309483941645 0.0257936026901 0.0291284089908 
0.03313796408475 0.03752571158115 0.0404502730817 0.04170819371935 0.0419269800186 0.0424344632775 0.0433237999678 0.044498650357150005 0.044709032401449994 0.04327055811885 0.04079497791825 0.038591629825500004 0.03699202556165 0.03614843357355 0.0358899952844 
0.03599009010945 0.0364243220538 0.0374555019662 0.0394948581234 0.04205205198375 0.0442959899083 0.0454422514886 0.045542976819 0.0459594465792 0.048443160019849996 0.0553182270378 0.07060302793975 0.09598573111005 0.12212436832465 0.1347916256636 
0.1355983652172 0.13307793997235 0.12908570282179999 0.12626818753785002 0.12650993838910002 0.1299067586661 0.13608350977305 0.1426009051505 0.14672046154750001 0.1475237235425 0.145434692502 0.14411603659400002 0.1453159078955 0.14825757592900002 0.1519888564945 
0.1556450873615 0.15572760254149998 0.1563794612885 0.1439149975775 0.1238536909224 0.11269801855074998 0.10942463018005 0.1095435470343 0.1100838556884 0.1095720436423 0.10848994925605 0.10632934607585 0.1049073040485 0.1049048136921 0.1065355688334 
0.10872128233295 0.11066318675879999 0.1117539759724 0.11187250167115 0.10988308116795001 0.10881924070425 0.10906329564725001 0.11089866980924999 0.1154771484434 0.1250431817025 0.135196007788 0.139131821692 0.13894466310725 0.1344324201344 0.12810810655354998 
0.1233927421273 0.12141543626785 0.1218964457514 0.1246969252827 0.1266091130676 0.12741377204659998 0.12712884321835 0.12746176868655001 0.1283241882918 0.12902809679515 0.12789189070475 0.12671138346209998 0.1269470974801 0.12909132242225 0.13336181640630002 
0.1398021169005 0.14613625407199998 0.147265598178 0.1349245905875 0.1130235008895 0.0944603234528 0.08192645572145 0.07439441233875 0.0702045392245 0.06880155950785 0.0691135451198 0.0703802984208 0.07170983590185 0.0722921788695 0.07150739803915 
0.06888793595135 0.06453402712945 0.05921374075115 0.054604489356299996 0.0516552571207 0.0507437698543 0.05230502597985 0.056178217753749995 0.0621972661465 0.06874922849235 0.07246292568745 0.07428950816395 0.075753506273 0.07706263661384999 0.07819164544345 
0.079219147563 0.08027347922325 0.0819476656616 0.0846352763474 0.0882354453208 0.09290345385665 0.09806951880465001 0.1040501855315 0.1120288930835 0.12197494134299999 0.1307308748365 0.1315593421455 0.126151636243 0.12052939832199999 0.11857573688035 
0.11815261095735 0.118955653161 0.11810179799775 0.1160926036539 0.1130053102969 0.108911585063 0.1059353165327 0.10445827245695 0.10510515421630001 0.10781340301055 0.11159017309565 0.11613491550085 0.1203186847272 0.12331937998539999 0.12458382919415001 
0.12282174080604999 0.12019772082559999 0 0 0 0 0 0 0 0 0 0 0 0 0 
