0.1564907990395 0.1630624122915 0.169609673321 0.1738514266905 0.1734466068445 0.17137113213549998 0.1686458699405 0.1641103066504 0.1604211516677 0.158113580197 0.157526846975 0.1556987203655 0.1520505473015 0.146719098091 0.140580907464 
0.133879799396 0.1283342801035 0.12512922287 0.1243766397235 0.1270081177355 0.13224871456600001 0.138228751719 0.144048936665 0.149844020605 0.1542947292325 0.1570026651025 0.16083461791300002 0.1553003415465 0.130173485726 0.0840165689588 
0.04985165596005 0.0315895108506 0.02266861870885 0.0183450495824 0.016289215534900002 0.015430944040400001 0.01514542708175 0.015001324471050001 0.0147852213122 0.014478331897400002 0.0141632524319 0.0138545548543 0.013497100211650001 0.01313660666345 0.01278870552775 
0.01275257766245 0.0131300222129 0.01391546428205 0.0149215008132 0.0157247516327 0.015993075910950002 0.0158928334713 0.01578400749715 0.0161296376027 0.0168706360273 0.01779260719195 0.0186539608985 0.0194887504913 0.02060057222845 0.02252347394825 
0.02593460679055 0.03209309186785 0.0430117622018 0.06237459927795 0.09436856955305001 0.135258551687 0.17040207982049999 0.170717269182 0.14133655279899998 0.10221951827430001 0.0705054886639 0.0507781226188 0.0397784654051 0.03392860479655 0.0306923445314 
0.029044481925649998 0.02810746338215 0.02703078091145 0.0254555121064 0.02357606310395 0.021938187070150002 0.02101647108795 0.0208137128502 0.0211248714477 0.02163773123175 0.0222177533433 0.02294203825295 0.02397385891525 0.0254573766142 0.0269675813615 
0.0278413463384 0.02800462394955 0.02820115163925 0.029392329975950003 0.0323155131191 0.0375460237265 0.0440625380725 0.04999785963445 0.053696770221 0.0563857490197 0.0603028777987 0.067174810916 0.07790670171395 0.0926845297219 0.10931714624175 
0.12482955679305 0.13563398271799998 0.1406871415675 0.1402922794225 0.13677100464699998 0.13232652843 0.1282748691735 0.125207003206 0.125353462994 0.1275369711225 0.130436334759 0.13173567876199999 0.1316146701575 0.129550304264 0.12419714406150001 
0.11933217197649999 0.11682945117349999 0.11618101224300001 0.10958440974375 0.09408485144385001 0.07477010041475 0.0591088458896 0.04994310811165 0.04585251025855 0.04465655982495 0.04533092491325 0.04681478254495 0.0481584183872 0.0489956103265 0.0494187567383 
0.049677146598649996 0.0500145405531 0.050457863137150005 0.0512272212654 0.0530194155872 0.0571170691401 0.0650686994195 0.0780629180372 0.0899281799793 0 0 0 0 0 0 
