0.1067007817327 0.10668883100165 0.10748347640055 0.10927269607790001 0.11141699925085 0.11491029709600001 0.12004690244775 0.12657400965694998 0.128290642053 0.1227288618685 0.1057111397388 0.07900890894234999 0.05515132471919999 0.03937726747245 0.030178732238700004 
0.0252366596833 0.0230430471711 0.02250356413425 0.0227186055854 0.0230989977717 0.023465313017349998 0.0237601399422 0.024013849906650002 0.0242459559813 0.02455731481315 0.02522331569345 0.02690395805985 0.0305777704343 0.03772623464465 0.050745483487850004 
0.0724765304476 0.10144105553635 0.1253800652921 0.1357615105809 0.1382635533808 0.13611133396625 0.13191715627915002 0.12880511954435 0.1267192289234 0.1253735460343 0.12488862127085 0.1260103620589 0.12804964184735 0.1308812759815 0.1347253844142 
0.1353109888733 0.1342520676555 0.133005980402 0.1331971623005 0.1364998146891 0.1435662843289 0.152165569365 0.15989764034749998 0.1664658822115 0.1734394207595 0.1787120178345 0.17726607620700002 0.16062328219400002 0.12674346938755 0.09153417125364999 
0.06948137655855 0.05576242133975 0.04605214856565 0.0384510513395 0.032542344182699995 0.02837958745655 0.02586586028335 0.02448733896015 0.023811592720449998 0.02340871840715 0.0229830238968 0.022565077990299998 0.02236465830355 0.0226000454277 0.0234916508198 
0.025106151588249997 0.0275563709438 0.03104249574245 0.0359962172806 0.0433598589152 0.05346908047795 0.06449049711225 0.07201190665365001 0.0752334445715 0.07548904791475 0.07496805861594999 0.07460436969995 0.07484661415220001 0.0762845538557 0.07929077371955001 
0.0840669535101 0.09063805267215 0.09911613538860001 0.1125810593365 0.13414793089 0.1549239978195 0.1716698780655 0.1796006932855 0.179638952017 0.1756480783225 0.1723839640615 0.1695025339725 0.169601291418 0.16919595748150001 0.16693958640099998 
0.16458399593849998 0.1606102362275 0.1582231521605 0.158461764455 0.159652620554 0.16183381527649998 0.164585515857 0.1686630994085 0.175543859601 0.18527760356700002 0.19643081724650002 0.2063360735775 0.2125403136015 0.2179910838605 0.22216798365149998 
0.2245698571205 0.21987558156300002 0.2023477107285 0.1792607828975 0.1606680825355 0.14819454401749999 0.13963839411759998 0.13438229262815 0.13158918172105 0.129660949111 0.12777196615914999 0.12546351551985 0.1232249736784 0.12121779844175 0.11914025247075 
0.11678686737995 0.11424849182380001 0.11267992481595 0.11373471096175 0.11801683902759999 0.12182670831664999 0.1098494827748 0.0803118702024 0.057623744010899994 0.04361605551095 0.034601977095 0.0283243469894 0.02399626839905 0 0 
