M B1 B2
0.09564874507495 [0.0476398356259] [0.143657654524]
0.09650957770655 [0.0494757629931] [0.14354339242]
0.0954822879283 [0.0492813549936] [0.141683220863]
0.0928218234328 [0.0468781776726] [0.138765469193]
0.08943945542 [0.043412335217] [0.135466575623]
0.08595987223085 [0.0400272272527] [0.131892517209]
0.0824717022481 [0.0373962894082] [0.127547115088]
0.07847173884515 [0.0355307608843] [0.121412716806]
0.07400088757285 [0.0342661365867] [0.113735638559]
0.06925772316735 [0.0334015525877] [0.105113893747]
0.06495559215544999 [0.0325873419642] [0.0973238423467]
0.0614192252979 [0.0312125515193] [0.0916258990765]
0.0590389799327 [0.0290612317622] [0.0890167281032]
0.057589327916500004 [0.0265503264964] [0.0886283293366]
0.057337606325749996 [0.0243524722755] [0.090322740376]
0.0577177368104 [0.0233422145247] [0.0920932590961]
0.0591089744121 [0.0238111577928] [0.0944067910314]
0.06197628472 [0.0265276823193] [0.0974248871207]
0.06705312617135 [0.0319399423897] [0.102166309953]
0.07416903413845 [0.0404225774109] [0.107915490866]
0.08229414187350001 [0.051150906831] [0.113437376916]
0.08967381529515 [0.0613177083433] [0.118029922247]
0.09455058723705 [0.0676525682211] [0.121448606253]
0.0972773022952 [0.0699478536844] [0.124606750906]
0.09888279065505 [0.0702830627561] [0.127482518554]
0.10058832541085 [0.0703802779317] [0.13079637289]
0.10274570807795 [0.0713575109839] [0.134133905172]
0.10506504401545 [0.0732107982039] [0.136919289827]
0.106643911451 [0.075463347137] [0.137824475765]
0.10702032223329999 [0.0774909481406] [0.136549696326]
0.10694876685765001 [0.0793792381883] [0.134518295527]
0.10855435207504999 [0.0820183679461] [0.135090336204]
0.11611611396069998 [0.0891048014164] [0.143127426505]
0.13185049966 [0.104379691184] [0.159321308136]
0.1535482779145 [0.130115270615] [0.176981285214]
0.174569942057 [0.158384799957] [0.190755084157]
0.1899005770685 [0.179595202208] [0.200205951929]
0.19733867794249998 [0.187621042132] [0.207056313753]
0.2006605938075 [0.187565490603] [0.213755697012]
0.1994318962095 [0.182248160243] [0.216615632176]
0.198119185865 [0.178014814854] [0.218223556876]
0.1980929672715 [0.176480978727] [0.219704955816]
0.198046959937 [0.177135586739] [0.218958333135]
0.19652496278300002 [0.177719414234] [0.215330511332]
0.195477873087 [0.178613781929] [0.212341964245]
0.19569388031950002 [0.18079662323] [0.210591137409]
0.197531409562 [0.182541638613] [0.212521180511]
0.19728285074250002 [0.181032046676] [0.213533654809]
0.19543225318149998 [0.179437488317] [0.211427018046]
0.19122067838899998 [0.175331175327] [0.207110181451]
0.18950240314 [0.174117356539] [0.204887449741]
0.1891171336175 [0.173111006618] [0.205123260617]
0.186346903443 [0.171897768974] [0.200796037912]
0.181508213282 [0.171661153436] [0.191355273128]
0.175688870251 [0.173837006092] [0.17754073441]
0.173974052072 [0.178966313601] [0.168981790543]
0.1755821704865 [0.186831504107] [0.164332836866]
0.1773754283785 [0.195066437125] [0.159684419632]
0.179437920451 [0.199521914124] [0.159353926778]
0.18073390424250002 [0.199805960059] [0.161661848426]
0.18096628785149999 [0.196397587657] [0.165534988046]
0.179194614291 [0.190429076552] [0.16796015203]
0.177057005465 [0.182968989015] [0.171145021915]
0.1746215373275 [0.174758389592] [0.174484685063]
0.17350811511300002 [0.168880879879] [0.178135350347]
0.175196714699 [0.169063404202] [0.181330025196]
0.179146841168 [0.17454200983] [0.183751672506]
0.183315947652 [0.180060580373] [0.186571314931]
0.187905669212 [0.18493309617] [0.190878242254]
0.1930440962315 [0.188976421952] [0.197111770511]
0.2002682983875 [0.19062371552] [0.209912881255]
