M B1 B2
0.04551991447805 [0.0366782918572] [0.0543615370989]
0.049278480932149996 [0.0374097451568] [0.0611472167075]
0.05307544395325 [0.0376114994287] [0.0685393884778]
0.05538820289075 [0.0363874845207] [0.0743889212608]
0.0561921857297 [0.0341865047812] [0.0781978666782]
0.05479085072875 [0.0315896123648] [0.0779920890927]
0.0514221191406 [0.0291873067617] [0.0736569315195]
0.0474465629086 [0.0270708259195] [0.0678222998977]
0.04365822672845 [0.0252556167543] [0.0620608367026]
0.04076504241675 [0.0235242079943] [0.0580058768392]
0.03916854038835 [0.0220169275999] [0.0563201531768]
0.0391393192112 [0.0210770592093] [0.0572015792131]
0.04040819592775 [0.0208271034062] [0.0599892884493]
0.041755855083450005 [0.0210736580193] [0.0624380521476]
0.042105961590999996 [0.0213473513722] [0.0628645718098]
0.04138951469215 [0.021521801129] [0.0612572282553]
0.04051716253165 [0.0218098573387] [0.0592244677246]
0.040138170123099996 [0.0223747752607] [0.0579015649855]
0.039943035692 [0.0227912589908] [0.0570948123932]
0.03909533377735 [0.022537978366] [0.0556526891887]
0.037867648527050005 [0.0215715579689] [0.0541637390852]
0.0370525782928 [0.0204698164016] [0.053635340184]
0.036371614784 [0.0195883475244] [0.0531548820436]
0.03517544362695 [0.0189632643014] [0.0513876229525]
0.03300906997175 [0.0184463951737] [0.0475717447698]
0.0301936995238 [0.0179968252778] [0.0423905737698]
0.02780634630475 [0.017731288448] [0.0378814041615]
0.02648109011355 [0.0178582258523] [0.0351039543748]
0.0262304684147 [0.0183512996882] [0.0341096371412]
0.0267331181094 [0.0191571954638] [0.034309040755]
0.0274007460102 [0.0198605228215] [0.0349409691989]
0.027885627932850002 [0.0201891604811] [0.0355820953846]
0.02779649943115 [0.0197391808033] [0.035853818059]
0.0274350028485 [0.0190053991973] [0.0358646064997]
0.02724676392975 [0.0184931494296] [0.0360003784299]
0.027265693992349998 [0.0184594839811] [0.0360719040036]
0.02753524295985 [0.0189694836736] [0.0361010022461]
0.02808298263695 [0.0197925213724] [0.0363734439015]
0.02954172343015 [0.0210437066853] [0.038039740175]
0.0328992558643 [0.0231036413461] [0.0426948703825]
0.03891388792545 [0.0263048317283] [0.0515229441226]
0.0481103267521 [0.0305848307908] [0.0656358227134]
0.05886009708045 [0.0349116325378] [0.0828085616231]
0.06785416789355 [0.0382064841688] [0.0975018516183]
0.07310464046885 [0.0400452949107] [0.106163986027]
0.07484876364444999 [0.0410237982869] [0.108673729002]
0.07485379837435 [0.0413126833737] [0.108394913375]
0.0740694236012 [0.0418811775744] [0.106257669628]
0.07376460917305 [0.0443407632411] [0.103188455105]
0.076192660257 [0.051615152508] [0.100770168006]
0.08266222476974999 [0.0625064745545] [0.102817974985]
0.09501018747675 [0.0799921527505] [0.110028222203]
0.10755274444825 [0.0982199683785] [0.116885520518]
0.112973332405 [0.107983842492] [0.117962822318]
0.1114653237165 [0.106860332191] [0.116070315242]
0.1077985875305 [0.101444840431] [0.11415233463]
0.10386630892755 [0.0950862616301] [0.112646356225]
0.1000087112188 [0.0895861685276] [0.11043125391]
0.09593656286575 [0.0847366303205] [0.107136495411]
0.09313272684825 [0.0817008167505] [0.104564636946]
0.09219072759159999 [0.0809734985232] [0.10340795666]
0.09215845167629999 [0.0805830582976] [0.103733845055]
0.0930086784067 [0.0806385055184] [0.105378851295]
0.0951530523599 [0.0817958712578] [0.108510233462]
0.0975358635189 [0.0822223126888] [0.112849414349]
0.0986445620658 [0.0805178806186] [0.116771243513]
0.09875620156525 [0.0776164233685] [0.119895979762]
0.09877759218235 [0.0751365348697] [0.122418649495]
0.09867625683549999 [0.073390558362] [0.123961955309]
0.0984428897501 [0.0728663355112] [0.124019443989]
0.09845660626905 [0.0735267773271] [0.123386435211]
0.0984097085891 [0.0746073499322] [0.122212067246]
0.09904403612025 [0.0755378603935] [0.122550211847]
0.1009792909024 [0.0764379948378] [0.125520586967]
0.10515469685205 [0.0780737474561] [0.132235646248]
0.1109757460654 [0.0799671337008] [0.14198435843]
0.1180235594512 [0.0821058899164] [0.153941228986]
0.12341930717230001 [0.0841528624296] [0.162685751915]
0.1268406547607 [0.0862088128924] [0.167472496629]
0.1293518431483 [0.0891570076346] [0.169546678662]
0.13234147056915002 [0.0930206999183] [0.17166224122]
0.1363839656116 [0.0972931534052] [0.175474777818]
0.1408515013755 [0.102055452764] [0.179647549987]
0.146241206676 [0.107619814575] [0.184862598777]
0.1532433144745 [0.112390182912] [0.194096446037]
0.162621729076 [0.115548491478] [0.209694966674]
0.1713605374095 [0.115625992417] [0.227095082402]
0.175052519888 [0.109302170575] [0.240802869201]
0.16833503171785 [0.0988444313407] [0.237825632095]
0.1556515768171 [0.0869297981262] [0.224373355508]
0.14448945969325 [0.0775445997715] [0.211434319615]
0.13643338903795 [0.0715955421329] [0.201271235943]
0.13195158168659998 [0.0691795870662] [0.194723576307]
0.1302911564707 [0.0688110888004] [0.191771224141]
0.1305665299297 [0.0693983733654] [0.191734686494]
