M B1 B2
0.06518656387909999 [0.100041106343] [0.0303320214152]
0.0663186144084 [0.0963844507933] [0.0362527780235]
0.0718344859779 [0.0972026884556] [0.0464662835002]
0.082019805908 [0.101509056985] [0.062530554831]
0.0940467976036 [0.106115572155] [0.0819780230522]
0.1022099107502 [0.110073573887] [0.0943462476134]
0.09927320107835 [0.110443145037] [0.0881032571197]
0.08698531985295 [0.103298313916] [0.0706723257899]
0.07172182574864999 [0.0890896990895] [0.0543539524078]
0.057717915624350004 [0.0720376744866] [0.0433981567621]
0.0467047635466 [0.0563810914755] [0.0370284356177]
0.0408197902143 [0.0478699579835] [0.0337696224451]
0.0402288772166 [0.0476469360292] [0.032810818404]
0.04379332624375 [0.0542652346194] [0.0333214178681]
0.049589417874849995 [0.0648282170296] [0.0343506187201]
0.056450970470899996 [0.0774698033929] [0.0354321375489]
0.0631133504212 [0.0902197659016] [0.0360069349408]
0.06863356940465 [0.101293228567] [0.0359739102423]
0.07249657437195 [0.109630346298] [0.0353628024459]
0.0749091897162 [0.115170091391] [0.0346482880414]
0.0764337759467 [0.118246763945] [0.0346207879484]
0.0783436018974 [0.120273038745] [0.0364141650498]
0.081387342885 [0.121558204293] [0.041216481477]
0.08633532933875 [0.122697331011] [0.0499733276665]
0.0938192307947 [0.124688647687] [0.0629498139024]
0.10378205776214999 [0.128960698843] [0.0786034166813]
0.1150019057097 [0.136570900679] [0.0934329107404]
0.1274963468315 [0.149576470256] [0.105416223407]
0.1445281654595 [0.171656385064] [0.117399945855]
0.1611761152745 [0.193657189608] [0.128695040941]
0.17323528230149998 [0.201551944017] [0.144918620586]
0.177033223212 [0.195230558515] [0.158835887909]
0.1758489757775 [0.183682024479] [0.168015927076]
0.17487453669300002 [0.171541646123] [0.178207427263]
0.175779886544 [0.161900594831] [0.189659178257]
0.1771710887555 [0.155183449388] [0.199158728123]
0.17927023023400002 [0.151731476188] [0.20680898428]
0.1833301484585 [0.153186142445] [0.213474154472]
0.190620876849 [0.161504417658] [0.21973733604]
0.2007944136855 [0.175017878413] [0.226570948958]
0.21137920022 [0.188395231962] [0.234363168478]
0.21948965638899998 [0.196669355035] [0.242309957743]
0.2220768406985 [0.195887893438] [0.248265787959]
0.217177607119 [0.185255229473] [0.249099984765]
0.20229639857999998 [0.168485894799] [0.236106902361]
0.1835980415345 [0.151010647416] [0.216185435653]
0.1644188985225 [0.134324997663] [0.194512799382]
0.143614720553 [0.117716394365] [0.169513046741]
0.123910937458 [0.101685814559] [0.146136060357]
0.10683595016625 [0.0877838507295] [0.125888049603]
0.0929855071008 [0.0767759010196] [0.109195113182]
0.0829354710877 [0.068947173655] [0.0969237685204]
0.07600377872585001 [0.0630529522896] [0.0889546051621]
0.07084403000775 [0.0579728074372] [0.0837152525783]
0.06657083891335 [0.0531145371497] [0.080027140677]
0.0628858041018 [0.048603285104] [0.0771683230996]
0.05979563854635 [0.0444176532328] [0.0751736238599]
0.0571541059762 [0.0407214350998] [0.0735867768526]
0.054758872836800004 [0.037655711174] [0.0718620344996]
0.0525057688355 [0.0352124497294] [0.0697990879416]
0.050840886309750005 [0.0335266552866] [0.0681551173329]
0.050147866830200005 [0.0324388183653] [0.0678569152951]
0.05063215829435 [0.0319861583412] [0.0692781582475]
0.05205257236955 [0.0321239456534] [0.0719811990857]
0.054528510198 [0.0332184545696] [0.0758385658264]
0.0580990873277 [0.0351917296648] [0.0810064449906]
0.061420917510949996 [0.0379598587751] [0.0848819762468]
0.06396270915865 [0.0407756045461] [0.0871498137712]
0.06500746309755 [0.0427647382021] [0.087250187993]
0.064444122836 [0.0435020364821] [0.0853862091899]
0.06267437525095 [0.0431595183909] [0.082189232111]
0.06039059534669999 [0.0424375161529] [0.0783436745405]
0.05835241638125 [0.041807230562] [0.0748976022005]
0.056939749047200006 [0.0413388796151] [0.0725406184793]
0.0560557954013 [0.0408443883061] [0.0712672024965]
0.0552512668073 [0.0401496514678] [0.0703528821468]
0.0539807938039 [0.0394733548164] [0.0684882327914]
0.05223013833165 [0.0392837300897] [0.0651765465736]
0.0505923703313 [0.0399877764285] [0.0611969642341]
0.0496191009879 [0.0413795560598] [0.057858645916]
0.049225568771349995 [0.0422027185559] [0.0562484189868]
0.04900539852675 [0.0418772064149] [0.0561335906386]
0.04812897369265 [0.0399003885686] [0.0563575588167]
0.0473354216665 [0.0375991128385] [0.0570717304945]
0.0473846588284 [0.0362474508584] [0.0585218667984]
0.048552913591249997 [0.036412037909] [0.0606937892735]
0.050923045724600005 [0.038337521255] [0.0635085701942]
0.0542651116848 [0.0417876690626] [0.066742554307]
0.058764308691 [0.0463457405567] [0.0711828768253]
0.06453089602295001 [0.0518720261753] [0.0771897658706]
0.07270008325575 [0.0596067532897] [0.0857934132218]
0.08599309623240001 [0.0725478604436] [0.0994383320212]
0.10733405500644999 [0.0940834283829] [0.12058468163]
0.13971344381599998 [0.128771454096] [0.150655433536]
0.17809634655700002 [0.173169761896] [0.183022931218]
0.202664144337 [0.201413601637] [0.203914687037]
0.19763802737 [0.192856118083] [0.202419936657]
0.177370123565 [0.166405290365] [0.188334956765]
0.1584211215375 [0.143525868654] [0.173316374421]
0.147582903504 [0.129576593637] [0.165589213371]
0.144115317613 [0.123249895871] [0.164980739355]
0.144796859473 [0.12134667486] [0.168247044086]
0.1460859142245 [0.120959736407] [0.171212092042]
0.1471961662175 [0.118938744068] [0.175453588367]
0.148327663541 [0.116380378604] [0.180274948478]
0.1511006318035 [0.115390248597] [0.18681101501]
0.1543546058235 [0.115930832922] [0.192778378725]
0.15620109438899998 [0.116474613547] [0.195927575231]
0.156625725329 [0.117064550519] [0.196186900139]
0.1565541327 [0.118317976594] [0.194790288806]
0.158972803503 [0.12137363106] [0.196571975946]
0.1648022010925 [0.1285187006] [0.201085701585]
0.174919784069 [0.1421726197] [0.207666948438]
0.18903144449 [0.160190224648] [0.217872664332]
0.203449502587 [0.177912920713] [0.228986084461]
0.2109587192535 [0.184044033289] [0.237873405218]
0.21046572178599998 [0.175619184971] [0.245312258601]
0.2018465846775 [0.155252858996] [0.248440310359]
0.1915240287785 [0.137884601951] [0.245163455606]
0.184552937746 [0.126550719142] [0.24255515635]
0.1783943511545 [0.117994643748] [0.238794058561]
0.1746854931115 [0.111498877406] [0.237872108817]
0.1735556945205 [0.106296092272] [0.240815296769]
0.169655881822 [0.10180683434] [0.237504929304]
0.16725661605595 [0.0980230569839] [0.236490175128]
0.16500011831515 [0.0938027203083] [0.236197516322]
0.1624929942189 [0.0891683027148] [0.235817685723]
0.1607392430307 [0.0850088596344] [0.236469626427]
0.15921824052914998 [0.0824798569083] [0.23595662415]
0.1583396717907 [0.0818858742714] [0.23479346931]
0.1573216244576 [0.0832246094942] [0.231418639421]
0.15401415899374998 [0.0861237719655] [0.221904546022]
0.15151661634425 [0.0899509340525] [0.213082298636]
0.14957053214319999 [0.0947536826134] [0.204387381673]
0.1439147703351 [0.0942034050822] [0.193626135588]
0.13471836224205 [0.0887241438031] [0.180712580681]
0.1238212324677 [0.0813555791974] [0.166286885738]
0.11222305521375 [0.0735209956765] [0.150925114751]
0.1030094996095 [0.065946444869] [0.14007255435]
0.0957581251858 [0.0592210292816] [0.13229522109]
0.09008144773554999 [0.0541869141161] [0.125975981355]
0.085198452696 [0.050784189254] [0.119612716138]
0.08203486725664999 [0.0488091111183] [0.115260623395]
0.08043619617844999 [0.0478877872229] [0.112984605134]
0.0804964825513 [0.0477837622166] [0.113209202886]
0.08114000409825001 [0.0485527813435] [0.113727226853]
0.0830132029952 [0.0500633344054] [0.115963071585]
0.08556831628085 [0.0516571626067] [0.119479469955]
0.08919753693044999 [0.0530587695539] [0.125336304307]
0.0934926867483 [0.0541448295116] [0.132840543985]
0.098671440035 [0.055091150105] [0.142251729965]
0.10525435954314999 [0.0563856065273] [0.154123112559]
0.11152361519615 [0.0584701634943] [0.164577066898]
0.1157585792245 [0.061742477119] [0.16977468133]
0.11525001376855 [0.0632512867451] [0.167248740792]
