M B1 B2
0.0464624837041 [0.0381314381957] [0.0547935292125]
0.04682209715245 [0.0382099598646] [0.0554342344403]
0.0466295685619 [0.0382714420557] [0.0549876950681]
0.0459442324936 [0.0382672064006] [0.0536212585866]
0.0457158554345 [0.0390430577099] [0.0523886531591]
0.04731313884255 [0.0420299209654] [0.0525963567197]
0.051742112263999995 [0.048395127058] [0.05508909747]
0.05937685631215 [0.0585235394537] [0.0602301731706]
0.06942275166510001 [0.0708708539605] [0.0679746493697]
0.07747016474605001 [0.0753278136253] [0.0796125158668]
0.07883805036545 [0.0632006824017] [0.0944754183292]
0.0780674032865 [0.048569843173] [0.1075649634]
0.0759844891728 [0.0393114611506] [0.112657517195]
0.07248646579689999 [0.0346508733928] [0.110322058201]
0.06719478592265 [0.0325982123613] [0.101791359484]
0.0636152867228 [0.0316710956395] [0.0955594778061]
0.060508203692700005 [0.0307540465146] [0.0902623608708]
0.05729886796325 [0.0294526796788] [0.0851450562477]
0.05427835136655 [0.0278398394585] [0.0807168632746]
0.051576245576149995 [0.02616982162] [0.0769826695323]
0.0496020046994 [0.0249392595142] [0.0742647498846]
0.04847024567425 [0.0243485830724] [0.0725919082761]
0.0479590846226 [0.0244913902134] [0.0714267790318]
0.048101070337 [0.025189531967] [0.071012608707]
0.04927422385665 [0.0264902915806] [0.0720581561327]
0.052145761437749995 [0.0288236755878] [0.0754678472877]
0.05760281533 [0.0330801233649] [0.0821255072951]
0.06605399027469999 [0.0399580895901] [0.0921498909593]
0.07737069204455 [0.0493011623621] [0.105440221727]
0.0900663025675 [0.058538377285] [0.12159422785]
0.1010468304158 [0.0658379644156] [0.136255696416]
0.1045412011446 [0.0688259080052] [0.140256494284]
0.0941958315671 [0.0580301955342] [0.1303614676]
0.08898494765145 [0.0612547472119] [0.116715148091]
0.0856297202411 [0.0649278312922] [0.10633160919]
0.08426160737855 [0.0674195662141] [0.101103648543]
0.08430182188755 [0.0679342448711] [0.100669398904]
0.08597183972610001 [0.0668519809842] [0.105091698468]
0.08962918817995 [0.0646082311869] [0.114650145173]
0.0949948355554 [0.0619309097528] [0.128058761358]
0.1007380727679 [0.0592772252858] [0.14219892025]
0.1052994243803 [0.0569437518716] [0.153655096889]
0.1079810820522 [0.0548530593514] [0.161109104753]
0.141489807516 [0.117191560566] [0.165788054466]
0.161209926009 [0.152737304568] [0.16968254745]
0.17520138621300002 [0.176209554076] [0.17419321835]
0.1919047534465 [0.203825160861] [0.179984346032]
0.259967379272 [0.331979721785] [0.187955036759]
0.26311417669049997 [0.326101452112] [0.200126901269]
0.2701512798665 [0.322182238102] [0.218120321631]
0.281877607107 [0.321380406618] [0.242374807596]
0.29635302722449997 [0.322341412306] [0.270364642143]
0.3096886128185 [0.322023063898] [0.297354161739]
0.320205330849 [0.321854412556] [0.318556249142]
0.326659977436 [0.323093831539] [0.330226123333]
0.3312512785195 [0.324806630611] [0.337695926428]
0.337140336633 [0.326684981585] [0.347595691681]
0.3450931757685 [0.328232645988] [0.361953705549]
0.35243062675000003 [0.328165769577] [0.376695483923]
0.354408442974 [0.325507968664] [0.383308917284]
0.349979043007 [0.318583190441] [0.381374895573]
0.33960054814850005 [0.306700021029] [0.372501075268]
0.327536791563 [0.294547140598] [0.360526442528]
0.3176515102385 [0.286246329546] [0.349056690931]
0.311476379633 [0.282810688019] [0.340142071247]
0.30656485259550004 [0.279715627432] [0.333414077759]
0.30235934257499997 [0.277609735727] [0.327108949423]
0.29731708765 [0.275283128023] [0.319351047277]
0.292375728488 [0.271442770958] [0.313308686018]
0.2872353196145 [0.268255263567] [0.306215375662]
0.280921280384 [0.265563368797] [0.296279191971]
0.2746155560015 [0.262058645487] [0.287172466516]
0.26891453564150003 [0.256932526827] [0.280896544456]
0.2641583010555 [0.249811604619] [0.278504997492]
0.261903136969 [0.244527190924] [0.279279083014]
0.26389675587399997 [0.244404003024] [0.283389508724]
0.2713619023565 [0.251611977816] [0.291111826897]
0.2837218642235 [0.265907973051] [0.301535755396]
0.2990230619905 [0.282656788826] [0.315389335155]
0.31221139431 [0.295997679234] [0.328425109386]
0.322535470128 [0.306188613176] [0.33888232708]
0.331270262599 [0.315423935652] [0.347116589546]
0.3388980478045 [0.325439840555] [0.352356255054]
0.3431746065615 [0.332634568214] [0.353714644909]
0.3465531170365 [0.338227242231] [0.354878991842]
0.345863804221 [0.338786303997] [0.352941304445]
0.34296888113 [0.332582056522] [0.353355705738]
0.34060557186600005 [0.322928220034] [0.358282923698]
0.34252610802649996 [0.317876785994] [0.367175430059]
0.3463071882725 [0.317545354366] [0.375069022179]
0.351942509413 [0.319732010365] [0.384153008461]
0.35923820734 [0.322067648172] [0.396408766508]
0.36479808390150004 [0.321068942547] [0.408527225256]
0.36807961761950003 [0.318715572357] [0.417443662882]
0.3690664172175 [0.316302329302] [0.421830505133]
0.368590414524 [0.314494341612] [0.422686487436]
0.3670535832645 [0.315396606922] [0.418710559607]
0.366385623813 [0.319637089968] [0.413134157658]
0.367173269391 [0.325087696314] [0.409258842468]
0.36832652986049996 [0.329825729132] [0.406827330589]
0.36884260177600003 [0.333705097437] [0.403980106115]
0.367674976587 [0.336371272802] [0.398978680372]
0.365719169378 [0.342338234186] [0.38910010457]
0.360978141427 [0.350254356861] [0.371701925993]
0.3491016328335 [0.347425192595] [0.350778073072]
0.32645802199850005 [0.323354035616] [0.329562008381]
0.3010573983195 [0.290615320206] [0.311499476433]
0.277215287089 [0.25861659646] [0.295813977718]
0.259884566069 [0.23364263773] [0.286126494408]
0.248950377107 [0.214558362961] [0.283342391253]
0.2431300356985 [0.201434209943] [0.284825861454]
0.239232286811 [0.191643476486] [0.286821097136]
0.236048385501 [0.18351945281] [0.288577318192]
0.2340197712185 [0.175944954157] [0.29209458828]
0.231904029846 [0.168629020452] [0.29517903924]
0.230219036341 [0.162876695395] [0.297561377287]
0.22935373336099998 [0.158372655511] [0.300334811211]
0.2276414632795 [0.155102342367] [0.300180584192]
0.220873467624 [0.152873530984] [0.288873404264]
0.214626736939 [0.151884838939] [0.277368634939]
0.20752050727600002 [0.152346715331] [0.262694299221]
