0.1128192171452 0.1123975142834 0.11235408112385001 0.11260327137985 0.11258009076095 0.1118078641591 0.11065292544640001 0.10969402268505 0.10926011949755 0.10957218892850001 0.11074694804825 0.11245848610975001 0.11396486684655001 0.11468291468895 0.11474286764835001 
0.11443068273340001 0.11398526467360001 0.11353380233025001 0.11367799341655001 0.11457146145380001 0.11681780219055 0.12038590013955 0.1241679564116 0.1248317174611 0.1202895157037 0.11495158635055 0.11203644983445 0.11125780269480001 0.0711274445057 0.0689012873918 
0.0677581615746 0.0678432844579 0.06881658919155 0.07005644962195 0.0712605305016 0.0720371678474 0.07335644401605 0.0740487966688 0.07450919225825 0.07490375824285 0.0753384344282 0.07608296722165 0.0771185625345 0.0784002337603 0.07979942206295 
0.0813906956462 0.08330197446035001 0.08449059724795 0.08655203972014999 0.09115305729215 0.1112030632794 0.11508320271945001 0.11765492334965 0.11874929815515 0.1190821938214 0.1194402128459 0.12127554044120001 0.1259486749769 0.1334102265538 0.1425282172861 
0.15148810297255 0.1623955331742 0.1699771545825 0.174489557743 0.1748258173465 0.1726727038625 0.1706093288955 0.170522864908 0.1746035590765 0.1823276355865 0.189924739301 0.1942284479735 0.1969222873445 0.2002827599645 0.203585475683 
0.205535657704 0.2053094059225 0.204435288906 0.2064798921345 0.209093600512 0.21055559068899998 0.21451987326150002 0.2226724997165 0.2283919751645 0.231206573546 0.23103647679099998 0.227755784988 0.221871055663 0.21352747827750002 0.204511791468 
0.1981622576715 0.1944482028485 0.1922645270825 0.1899284869435 0.18619337677949999 0.180505156517 0.17382816225300002 0.1705281063915 0.16890135407450002 0.16484616696850002 0.163109757006 0.167715445161 0.177447758615 0.187741957605 0.1958849057555 
0.2005807012315 0.2028021737935 0.2047804519535 0.2064908891915 0.208504669368 0.2121238037945 0.215799666941 0.2174290418625 0.21693491190699998 0.2142398655415 0.210563316941 0.207269586623 0.206084690988 0.2051069289445 0.20591235905900002 
0.210525639355 0.216839142144 0.22247312963000002 0.224644973874 0.2250309586525 0.2225081846115 0.22069463133849998 0.220524817705 0.2214163541795 0.2230218946935 0.22454090416400002 0.22518920153349997 0.223617874086 0.2188113108275 0.2124026343225 
0.20759254694 0.204266630113 0.205470621586 0.20843611657599997 0.212858475745 0.215350240469 0.216067004949 0.21494558826100002 0.214263733476 0.21566939353960002 0.21792141720655 0.219627391547 0.22076276317225002 0.22165996208789998 0.2236984930935 
