0.18052563071225 0.1904725320635 0.201744236052 0.205141313374 0.199510857463 0.1886029094455 0.177054293454 0.1642790660265 0.15296870842600002 0.14331393688900002 0.13446400687100002 0.126297786832 0.1181677170099 0.11013952270149999 0.1032619662584 
0.09772343933565 0.09422695264205 0.09298671409495 0.0938176289201 0.09661557152860001 0.10112741962085 0.1072175651791 0.1152040511368 0.124952901155 0.136439561844 0.14926737546899999 0.16164739429949998 0.173029668629 0.1834617629645 0.1917807906865 
0.197862930596 0.20068773627300002 0.2024751752615 0.202908501029 0.199887290597 0.19370266795149998 0.185063876212 0.17571228742599998 0.16494914889349999 0.1527564376595 0.1424080878495 0.1338666714725 0.12781345099199998 0.12357519194485 0.12048605084395 
0.11829259246585 0.11706423014385 0.11692005395880001 0.1161632835865 0.113679520786 0.1100733838975 0.10678511112905001 0.10465390235205 0.10391800850640001 0.10472519695765001 0.10684914514425 0.1100526899099 0.11350617185220001 0.1148935183881 0.11159645766045 
0.1046118512749 0.09597823023805 0.0876323729755 0.08099822700025 0.0771713666618 0.07672628760335 0.0787979215384 0.0816049426794 0.08282311633225001 0.08271718025205 0.08234395831825 0.081276640296 0.07927760854365 0.0763942748308 0.073343552649 
0.0710866339505 0.0695818848908 0.06915149465205 0.0693196989596 0.0693064890802 0.068468760699 0.06680547073485 0.06508311256765 0.0639888513833 0.0634079705924 0.06327316351235 0.06282806396485 0.0627317856997 0.06396171078085 0.06790769472715 
0.0763708539307 0.08951674029225 0.10316377505685001 0.11413031443945001 0.120805632323 0.128449101001 0.1397845968605 0.1516493856905 0.1613906919955 0.166857764125 0.169487603009 0.1716167852285 0.17547790706150002 0.17815832793699998 0.1802661418915 
0.1820106580855 0.183389350772 0.18595669418549998 0.1906878724695 0.19198836386200002 0.1931074410675 0.196297109127 0.20251930505 0.2095286771655 0.215040899813 0.21894344687450001 0.2199923917655 0.2208065465095 0.2196092531085 0.21723102778199999 
0.21196118742249997 0.20617166906599999 0.20040614902999998 0.19550757855200002 0.1920172572135 0.188197478652 0.18367114663099998 0.1783988028765 0.1734160333875 0.168970249593 0.16481624543649998 0.16045361757249998 0.1560740172865 0.152860172093 0.15188921987999998 
0.15179689973600002 0.15284579247199997 0.1524417772885 0.15212291479099999 0.15437977388500002 0.1571872793135 0.159613214433 0.1596261300145 0.1592801101505 0.1584272421895 0.156802095473 0.15456392616050002 0.150811843574 0 0 
