0.06263840571045 0.0651240311563 0.06692223995925 0.06754567101595 0.0673696808517 0.06623743660745 0.06444314122200001 0.06249079667035 0.06013053655625 0.057715928182 0.05557525902985 0.053671937435850005 0.051759686321000004 0.049761300906499994 0.04862864874305 
0.05102065019304999 0.059486217796799995 0.0715377666056 0.076251901686 0.07405365258464999 0.0683048851788 0.0627836845815 0.057695027440800004 0.054865235462800005 0.0537188798189 0.053629467263799996 0.055431637913 0.0588836744428 0.0633928254247 0.06845231354235 
0.07345260679725 0.0777293294668 0.08050686866045 0.0826264359057 0.08441281318665 0.08658608794215 0.0913005210459 0.09793644025920001 0.10558568686255 0.1117043942213 0.1067880354819 0.0880202315748 0.07330575585365001 0.065879881382 0.0631796605885 
0.06175112538040001 0.06134170852605 0.06198820844295 0.0634645670652 0.0654129758477 0.06769502907990001 0.0704373382032 0.0737641081214 0.07758006453515001 0.08169579133390001 0.0864235386252 0.09235165268164999 0.0999541617929 0.11044342815875 0.1202720627188 
0.119543854147 0.10697322897620001 0.09284923225649999 0.0817407164722 0.07364524714625 0.06721363402899999 0.061069818213600004 0.0549374129623 0.049105834215850006 0.0443557854742 0.041078195907150006 0.03958978597075 0.0399697404355 0.041843015700550004 0.044738130644 
0.0485555753112 0.05306568928065 0.05782237276435 0.06217311695215 0.0655149295926 0.06780805066225 0.0693076774478 0.07044096663595001 0.0718406364322 0.07417133823035 0.07801815867425 0.08259307593125001 0.0881765186788 0.0963468886912 0.10538742318725 
0.11271721124664999 0.11263721808815 0.10659938305594999 0.0984422303736 0.0918307043612 0.08848351612665 0.08722781203665 0.08587378077195 0.0834123007953 0.08048107847575 0.0780110899357 0.0769570246339 0.0774849578738 0.0787195414305 0.07977639138695 
0.0805964581668 0.08117251843215001 0.0825742445886 0.08427403494715 0.08478240668775 0.08493092656135 0.0855830535293 0.0879813581705 0.09419528767485 0.10507566109284999 0.11909957602599999 0.1333977617325 0.14457395300249998 0.1511884480715 0.1531151011585 
0.1511650197205 0.1483776122335 0.146461956203 0.1478285714985 0.1507357507945 0.15576197952050003 0.16316330432850001 0.169088296592 0.1710293665525 0.169659167528 0.1673288866875 0.1640157923105 0.15861807018500002 0.15305068343900002 0.149045072496 
0.1472619324925 0.1472655013205 0.14969071745899998 0.154012709856 0.15833712369199998 0.159386128187 0.15467244386700002 0.14724265784 0.13954575359799998 0.131677903235 0.124616917223 0.12023802101600001 0.12002763152149999 0.1239214725795 0.13020978868 
0.13531284034250002 0.136926293373 0.134073588997 0.1303497590125 0.12815879285350001 0.128428786993 0.1332674026485 0.1436986923215 0.160696774721 0.1826556101445 0 0 0 0 0 
