0.0715672969818 [0.0737589299679] [0.0693756639957]
0.0661795772612 [0.0634054914117] [0.0689536631107]
0.06153951212765 [0.055194362998] [0.0678846612573]
0.057931248098649996 [0.0492074862123] [0.066655009985]
0.05560561828315 [0.0453612096608] [0.0658500269055]
0.0540579557419 [0.043496273458] [0.0646196380258]
0.05385445058345 [0.0432006418705] [0.0645082592964]
0.05482750944795 [0.0438842363656] [0.0657707825303]
0.05624890699980001 [0.0449990108609] [0.0674988031387]
0.05746088922025 [0.0460457727313] [0.0688760057092]
0.058221248909850004 [0.0470000691712] [0.0694424286485]
0.0587539412081 [0.0482558235526] [0.0692520588636]
0.059519963339000004 [0.0503463558853] [0.0686935707927]
0.061757132411 [0.0537814423442] [0.0697328224778]
0.06607486121355 [0.0590339116752] [0.0731158107519]
0.07318487390875 [0.0675204694271] [0.0788492783904]
0.08323009684685001 [0.0802630707622] [0.0861971229315]
0.09622019156815 [0.0987032130361] [0.0937371701002]
0.11170339956865 [0.123456008732] [0.0999507904053]
0.1299363933505 [0.155859231949] [0.104013554752]
0.14853920415049998 [0.190123170614] [0.106955237687]
0.1650353036825 [0.217167153955] [0.11290345341]
0.175616174936 [0.22819212079] [0.123040229082]
0.1797058582305 [0.229683890939] [0.129727825522]
0.183659926057 [0.228555992246] [0.138763859868]
0.187877684832 [0.226821109653] [0.148934260011]
0.193924792111 [0.2248993963] [0.162950187922]
0.2030557766555 [0.228175908327] [0.177935644984]
0.214900076389 [0.236714273691] [0.193085879087]
0.2306656986475 [0.24854567647] [0.212785720825]
0.248771235347 [0.262614607811] [0.234927862883]
0.266397371888 [0.275413870811] [0.257380872965]
0.27120180427999996 [0.280616253614] [0.261787354946]
0.261048309505 [0.27257925272] [0.24951736629]
0.23717331886299997 [0.252085953951] [0.222260683775]
0.2064662352205 [0.226301714778] [0.186630755663]
0.177737645805 [0.202351972461] [0.153123319149]
0.15578023344300002 [0.183981508017] [0.127578958869]
0.141429826617 [0.172419697046] [0.110439956188]
0.13217374309875002 [0.164542779326] [0.0998047068715]
0.12618224695320002 [0.157523497939] [0.0948409959674]
0.1234882026911 [0.152992412448] [0.0939839929342]
0.12401720508935 [0.152382016182] [0.0956523939967]
0.12760520726465 [0.156812652946] [0.0983977615833]
0.1340555511415 [0.164421334863] [0.10368976742]
0.14350935444250001 [0.175511941314] [0.111506767571]
0.1547178030015 [0.189217850566] [0.120217755437]
0.1653159037235 [0.201008498669] [0.129623308778]
0.1749778389935 [0.210436329246] [0.139519348741]
0.1855326890945 [0.219725176692] [0.151340201497]
0.20068140327950001 [0.233549818397] [0.167812988162]
0.222374379635 [0.251674413681] [0.193074345589]
0.249547734857 [0.270900756121] [0.228194713593]
0.28132207691699995 [0.290658414364] [0.27198573947]
0.311653956771 [0.309187740088] [0.314120173454]
0.33197471499450004 [0.322220504284] [0.341728925705]
0.335013702512 [0.324613630772] [0.345413774252]
0.32319229841249997 [0.314977347851] [0.331407248974]
0.303815692663 [0.294680982828] [0.312950402498]
0.27761059999500004 [0.25816872716] [0.29705247283]
0.247703075409 [0.213817507029] [0.281588643789]
0.21786203235399998 [0.172975227237] [0.262748837471]
0.190288774669 [0.13961404562] [0.240963503718]
0.1690361537035 [0.113977886736] [0.224094420671]
0.15492387488485 [0.0975389555097] [0.21230879426]
0.1478056609632 [0.0903377085924] [0.205273613334]
0.14653999358425 [0.0899453908205] [0.203134596348]
0.1486351229252 [0.0930327251554] [0.204237520695]
0.15209734812370002 [0.0966883674264] [0.207506328821]
0.15521341189725 [0.0978466793895] [0.212580144405]
0.15773842856295 [0.0960158929229] [0.219460964203]
0.16072589904095 [0.0943366289139] [0.227115169168]
0.16433430090555 [0.0945918336511] [0.23407676816]
0.16802764311415 [0.0966932550073] [0.239362031221]
0.173216704279 [0.101265095174] [0.245168313384]
0.1779996976255 [0.107995465398] [0.248003929853]
0.185637418181 [0.117351062596] [0.253923773766]
0.19532240182149999 [0.128352329135] [0.262292474508]
0.2061760649085 [0.14172463119] [0.270627498627]
0.214564345777 [0.153450235724] [0.27567845583]
0.21479970216799998 [0.158763557673] [0.270835846663]
0.2074161022905 [0.154911130667] [0.259921073914]
0.1925832405685 [0.144191727042] [0.240974754095]
0.178046323359 [0.131748735905] [0.224343910813]
0.167011771351 [0.121512822807] [0.212510719895]
0.158529058099 [0.11485606432] [0.202202051878]
0.1523191183805 [0.111864373088] [0.192773863673]
0.1477119550105 [0.110966533422] [0.184457376599]
0.144250515848 [0.111836366355] [0.176664665341]
0.1396898552775 [0.111302092671] [0.168077617884]
0.13179467991 [0.105436645448] [0.158152714372]
0.12473249807949999 [0.100378103554] [0.149086892605]
0.11906025558715 [0.0950928479433] [0.143027663231]
0.11620017886155 [0.0922813713551] [0.140118986368]
0.1169931404292 [0.0928629115224] [0.141123369336]
0.1216656081379 [0.0973229333758] [0.1460082829]
0.127030327916 [0.102212175727] [0.151848480105]
0.1322704441845 [0.108272723854] [0.156268164515]
0.13823550567 [0.114376761019] [0.162094250321]
0.143625549972 [0.119432508945] [0.167818590999]
0.14959519356450002 [0.123168930411] [0.176021456718]
0.15740140527500002 [0.12865626812] [0.18614654243]
0.1662030890585 [0.138035014272] [0.194371163845]
0.17879935354 [0.15201023221] [0.20558847487]
0.1943069696425 [0.168206140399] [0.220407798886]
0.211309947073 [0.184333890676] [0.23828600347]
0.229315161705 [0.202210813761] [0.256419509649]
0.244659639895 [0.219179227948] [0.270140051842]
0.2536062970755 [0.230803325772] [0.276409268379]
0.2550879344345 [0.232109501958] [0.278066366911]
0.260776631534 [0.233741864562] [0.287811398506]
0.270984016359 [0.239041671157] [0.302926361561]
0.275845862925 [0.243029281497] [0.308662444353]
0.279298260808 [0.246858656406] [0.31173786521]
0.28263416886299997 [0.250932306051] [0.314336031675]
0.2866677194835 [0.255331248045] [0.318004190922]
0.288916915655 [0.25505399704] [0.32277983427]
0.2866646647455 [0.247932612896] [0.325396716595]
0.276059553027 [0.239242553711] [0.312876552343]
0.260820031166 [0.227323144674] [0.294316917658]
0.2350907996295 [0.218573793769] [0.25160780549]
0.2078076526525 [0.212664961815] [0.20295034349]
0.18828789889800002 [0.210093945265] [0.166481852531]
0.1782334819435 [0.208617404103] [0.147849559784]
0.174651876092 [0.207736358047] [0.141567394137]
0.170392103493 [0.202321395278] [0.138462811708]
0.1701565757395 [0.201888486743] [0.138424664736]
0.1731055006385 [0.206742748618] [0.139468252659]
0.17609937489049998 [0.211931303144] [0.140267446637]
0.1780383735895 [0.216287851334] [0.139788895845]
0.1771427094935 [0.217085003853] [0.137200415134]
0.1750167384745 [0.216127932072] [0.133905544877]
0.172833517194 [0.21460236609] [0.131064668298]
0.17082615196700002 [0.213309913874] [0.12834239006]
0.16952384263300002 [0.212814539671] [0.126233145595]
0.1691970303655 [0.213467642665] [0.124926418066]
0.169958036393 [0.215474173427] [0.124441899359]
0.172337934375 [0.218894258142] [0.125781610608]
0.1794556230305 [0.226691767573] [0.132219478488]
0.19470834732050002 [0.239224553108] [0.150192141533]
0.2093536257745 [0.248509019613] [0.170198231936]
0.21582888066800002 [0.256708145142] [0.174949616194]
0.2195942401885 [0.264409303665] [0.174779176712]
0.2204753682015 [0.267849564552] [0.173101171851]
0.22051713615649998 [0.267457455397] [0.173576816916]
0.22052898258 [0.264194875956] [0.176863089204]
0.22072092443750002 [0.260266900063] [0.181174948812]
0.21852090954749998 [0.256101250648] [0.180940568447]
0.21527690440449998 [0.25553599] [0.175017818809]
0.2107517272235 [0.256464093924] [0.165039360523]
