0.2243374809625 [0.23688210547] [0.211792856455]
0.200442627072 [0.203557103872] [0.197328150272]
0.1905267611145 [0.203557103872] [0.177496418357]
0.1784056797625 [0.191137135029] [0.165674224496]
0.1716711446645 [0.181841507554] [0.161500781775]
0.16845831275 [0.177149266005] [0.159767359495]
0.166048459709 [0.175896137953] [0.156200781465]
0.1625856906175 [0.176299989223] [0.148871392012]
0.1587878316645 [0.177383050323] [0.140192613006]
0.155262306333 [0.178583517671] [0.131941094995]
0.152928709984 [0.179474130273] [0.126383289695]
0.1519233509895 [0.180159002542] [0.123687699437]
0.1523130089045 [0.181514725089] [0.12311129272]
0.152930498123 [0.181514725089] [0.124346271157]
0.1530779600145 [0.181514725089] [0.12464119494]
0.15401762723899998 [0.181514725089] [0.126520529389]
0.154962994158 [0.181514725089] [0.128411263227]
0.15515217930050001 [0.181514725089] [0.128789633512]
0.15419114381049998 [0.181514725089] [0.126867562532]
0.140288040042 [0.158927902579] [0.121648177505]
0.1301562450825 [0.145270988345] [0.11504150182]
0.12498570233600001 [0.140970468521] [0.109000936151]
0.1240235902365 [0.143372610211] [0.104674570262]
0.125627338886 [0.149454131722] [0.10180054605]
0.12789565324809998 [0.15633481741] [0.0994564890862]
0.12944785133015 [0.161298915744] [0.0975967869163]
0.1305944919588 [0.165438011289] [0.0957509726286]
0.13135544583215 [0.168352544308] [0.0943583473563]
0.13221199810530002 [0.17078126967] [0.0936427265406]
0.13397147879005 [0.172734990716] [0.0952079668641]
0.1383454166355 [0.176196187735] [0.100494645536]
0.1433755792675 [0.177810385823] [0.108940772712]
0.152903795242 [0.18318785727] [0.122619733214]
0.173950575292 [0.199035286903] [0.148865863681]
0.2073018923405 [0.22303237021] [0.191571414471]
0.2524290382865 [0.254271179438] [0.250586897135]
0.296640112996 [0.282301336527] [0.310978889465]
0.3234771192075 [0.295853376389] [0.351100862026]
0.331811651587 [0.295481473207] [0.368141829967]
0.3304289877415 [0.289515078068] [0.371342897415]
0.328846871853 [0.28680613637] [0.370887607336]
0.331507906318 [0.288021117449] [0.374994695187]
0.3370950073005 [0.291391849518] [0.382798165083]
0.3414476811885 [0.291796892881] [0.391098469496]
0.343056589365 [0.288578897715] [0.397534281015]
0.3444548994305 [0.287003427744] [0.401906371117]
0.34572644531749996 [0.286026388407] [0.405426502228]
0.34791631996600003 [0.28878685832] [0.407045781612]
0.347552642226 [0.294862002134] [0.400243282318]
0.3382366150615 [0.300699561834] [0.375773668289]
0.31975401938000003 [0.302470505238] [0.337037533522]
0.301069378853 [0.299910783768] [0.302227973938]
0.2892064601185 [0.298611611128] [0.279801309109]
0.28427220881 [0.297131896019] [0.271412521601]
0.2850265353915 [0.296705573797] [0.273347496986]
0.2867618352175 [0.294644892216] [0.278878778219]
0.28617669642 [0.291862100363] [0.280491292477]
0.282298654318 [0.289147794247] [0.275449514389]
0.2787946760655 [0.291283339262] [0.266306012869]
0.2780703008175 [0.299339354038] [0.256801247597]
0.279684789479 [0.311158061028] [0.24821151793]
0.280933238566 [0.322134822607] [0.239731654525]
0.27883102744849997 [0.327750384808] [0.229911670089]
0.265601232648 [0.312481433153] [0.218721032143]
0.245896153152 [0.285917371511] [0.205874934793]
0.2277745679025 [0.2589443326] [0.196604803205]
0.2173751220105 [0.241402506828] [0.193347737193]
0.2126872390505 [0.230301737785] [0.195072740316]
0.20565810799599998 [0.222970485687] [0.188345730305]
0.19313181191700002 [0.213803634048] [0.172459989786]
0.1814567223195 [0.20297113061] [0.159942314029]
0.1700923889875 [0.190652698278] [0.149532079697]
0.1591934785245 [0.177731156349] [0.1406558007]
0.1494870483875 [0.164484351873] [0.134489744902]
0.1411497965455 [0.15156558156] [0.130734011531]
0.1341370046135 [0.140562817454] [0.127711191773]
0.1276874653995 [0.131072282791] [0.124302648008]
0.1219420544805 [0.123093374074] [0.120790734887]
0.1171309165655 [0.116027779877] [0.118234053254]
0.113634251058 [0.109734982252] [0.117533519864]
0.112202201039 [0.105309709907] [0.119094692171]
0.1126164980235 [0.103938728571] [0.121294267476]
0.113833922893 [0.105053506792] [0.122614338994]
0.118283264339 [0.113072432578] [0.1234940961]
0.1261494494975 [0.127325072885] [0.12497382611]
0.1410072147845 [0.15011832118] [0.131896108389]
0.1601821482185 [0.177484199405] [0.142880097032]
0.1765135005115 [0.199296668172] [0.153730332851]
0.186574585736 [0.217661127448] [0.155488044024]
0.1922924220565 [0.231334999204] [0.153249844909]
0.193554356694 [0.239217892289] [0.147890821099]
0.1920150220395 [0.242421105504] [0.141608938575]
0.18698305636649998 [0.240971624851] [0.132994487882]
0.1780291460455 [0.23342551291] [0.122632779181]
0.165206335485 [0.219693213701] [0.110719457269]
