0.11834682524199999 [0.153077840805] [0.083615809679]
0.1221381872892 [0.153077840805] [0.0911985337734]
0.126985952258 [0.153077840805] [0.100894063711]
0.1326902881265 [0.153077840805] [0.112302735448]
0.1394271478055 [0.153077840805] [0.125776454806]
0.1471350193025 [0.153077840805] [0.1411921978]
0.15351578593249998 [0.153077840805] [0.15395373106]
0.15592394769200002 [0.153077840805] [0.158770054579]
0.15539778769 [0.153077840805] [0.157717734575]
0.1521221622825 [0.153077840805] [0.15116648376]
0.1485769972205 [0.153077840805] [0.144076153636]
0.1455568298695 [0.153077840805] [0.138035818934]
0.1432957574725 [0.153077840805] [0.13351367414]
0.1417372599245 [0.153077840805] [0.130396679044]
0.1400689557195 [0.153077840805] [0.127060070634]
0.1366418376565 [0.153077840805] [0.120205834508]
0.1311288438735 [0.153077840805] [0.109179846942]
0.12376401573415 [0.153077840805] [0.0944501906633]
0.11628806963560001 [0.153077840805] [0.0794982984662]
0.10997634008525001 [0.153077840805] [0.0668748393655]
0.10497746057805 [0.153077840805] [0.0568770803511]
0.10068196989595 [0.153077840805] [0.0482860989869]
0.0971429534256 [0.153077840805] [0.0412080660462]
0.0945727918297 [0.153077840805] [0.0360677428544]
0.0934105534106 [0.153077840805] [0.0337432660162]
0.094007467851 [0.153077840805] [0.034937094897]
0.09673290140925 [0.153077840805] [0.0403879620135]
0.10115141794085 [0.153077840805] [0.0492249950767]
0.10578534193335 [0.153077840805] [0.0584928430617]
0.1090993918478 [0.153077840805] [0.0651209428906]
0.110700443387 [0.153077840805] [0.068323045969]
0.11117789521810001 [0.153077840805] [0.0692779496312]
0.11152252554889999 [0.153077840805] [0.0699672102928]
0.11238311231135001 [0.153077840805] [0.0716883838177]
0.1139572560787 [0.153077840805] [0.0748366713524]
0.11615887284275 [0.153077840805] [0.0792399048805]
0.11896246671675001 [0.153077840805] [0.0848470926285]
0.1226352714002 [0.153077840805] [0.0921927019954]
0.12742953375 [0.153077840805] [0.101781226695]
0.1324594318865 [0.153077840805] [0.111841022968]
0.1361876167355 [0.153077840805] [0.119297392666]
0.1371558345855 [0.153077840805] [0.121233828366]
0.135574940592 [0.153077840805] [0.118072040379]
0.133498389274 [0.153077840805] [0.113918937743]
0.13261750340450001 [0.153077840805] [0.112157166004]
0.1328418143095 [0.153077840805] [0.112605787814]
0.1322195604445 [0.153077840805] [0.111361280084]
0.128400977701 [0.153077840805] [0.103724114597]
0.1225547790527 [0.153077840805] [0.0920317173004]
0.11728313565250001 [0.153077840805] [0.0814884305]
0.11359863728280001 [0.153077840805] [0.0741194337606]
0.1113652028143 [0.153077840805] [0.0696525648236]
0.1104010790586 [0.153077840805] [0.0677243173122]
0.10992097109555 [0.153077840805] [0.0667641013861]
0.10941627994175 [0.153077840805] [0.0657547190785]
0.10871547460555 [0.153077840805] [0.0643531084061]
0.1074860859662 [0.153077840805] [0.0618943311274]
0.1056533437222 [0.153077840805] [0.0582288466394]
0.10356671363115 [0.153077840805] [0.0540555864573]
0.1019200645387 [0.153077840805] [0.0507622882724]
0.10146927461025 [0.153077840805] [0.0498607084155]
0.1027938816696 [0.153077840805] [0.0525099225342]
0.1063168905675 [0.153077840805] [0.05955594033]
0.1120812781155 [0.153077840805] [0.071084715426]
0.11930800974365 [0.153077840805] [0.0855381786823]
0.126764215529 [0.153077840805] [0.100450590253]
0.1319235526025 [0.153077840805] [0.1107692644]
0.1349012330175 [0.153077840805] [0.11672462523]
0.1373994611205 [0.153077840805] [0.121721081436]
0.1403938755395 [0.153077840805] [0.127709910274]
0.144177287817 [0.153077840805] [0.135276734829]
0.1492120474575 [0.153077840805] [0.14534625411]
0.156259730458 [0.153077840805] [0.159441620111]
0.16499099880450002 [0.153077840805] [0.176904156804]
0.1702110618355 [0.153077840805] [0.187344282866]
0.165592111647 [0.153077840805] [0.178106382489]
0.17017430812099998 [0.153077840805] [0.187270775437]
0.1723889485 [0.153077840805] [0.191700056195]
0.172827102244 [0.153077840805] [0.192576363683]
0.1724664345385 [0.153077840805] [0.191855028272]
0.1721854507925 [0.153077840805] [0.19129306078]
0.17214187979700002 [0.153077840805] [0.191205918789]
0.17201258987200002 [0.153077840805] [0.190947338939]
0.17134509235599998 [0.153077840805] [0.189612343907]
0.1695249527695 [0.153077840805] [0.185972064734]
0.16560146212600002 [0.153077840805] [0.178125083447]
0.1582149267195 [0.153077840805] [0.163352012634]
0.1582149267195 [0.153077840805] [0.163352012634]
0.1582149267195 [0.153077840805] [0.163352012634]
0.1582149267195 [0.153077840805] [0.163352012634]
0.1582149267195 [0.153077840805] [0.163352012634]
0.1582149267195 [0.153077840805] [0.163352012634]
0.1582149267195 [0.153077840805] [0.163352012634]
0.1582149267195 [0.153077840805] [0.163352012634]
0.1582149267195 [0.153077840805] [0.163352012634]
0.1582149267195 [0.153077840805] [0.163352012634]
0.1582149267195 [0.153077840805] [0.163352012634]
0.1582149267195 [0.153077840805] [0.163352012634]
0.1582149267195 [0.153077840805] [0.163352012634]
0.1582149267195 [0.153077840805] [0.163352012634]
0.1582149267195 [0.153077840805] [0.163352012634]
0.1582149267195 [0.153077840805] [0.163352012634]
0.1582149267195 [0.153077840805] [0.163352012634]
0.1582149267195 [0.153077840805] [0.163352012634]
0.1582149267195 [0.153077840805] [0.163352012634]
0.1582149267195 [0.153077840805] [0.163352012634]
0.1582149267195 [0.153077840805] [0.163352012634]
0.1582149267195 [0.153077840805] [0.163352012634]
0.1582149267195 [0.153077840805] [0.163352012634]
0.1582149267195 [0.153077840805] [0.163352012634]
0.1582149267195 [0.153077840805] [0.163352012634]
0.1582149267195 [0.153077840805] [0.163352012634]
0.1582149267195 [0.153077840805] [0.163352012634]
0.1582149267195 [0.153077840805] [0.163352012634]
0.1582149267195 [0.153077840805] [0.163352012634]
0.163846001029 [0.153077840805] [0.174614161253]
0.17061989754450002 [0.153077840805] [0.188161954284]
0.1792057976125 [0.153077840805] [0.20533375442]
0.186712168157 [0.153077840805] [0.220346495509]
0.191382341087 [0.153077840805] [0.229686841369]
0.1925531327725 [0.153077840805] [0.23202842474]
0.19161053746950002 [0.153077840805] [0.230143234134]
0.190174587071 [0.153077840805] [0.227271333337]
0.18929836154000002 [0.153077840805] [0.225518882275]
0.1893137842415 [0.153077840805] [0.225549727678]
0.190143108368 [0.153077840805] [0.227208375931]
0.19168908149 [0.153077840805] [0.230300322175]
0.198219768703 [0.153077840805] [0.243361696601]
0.206754207611 [0.153077840805] [0.260430574417]
0.216699272394 [0.153077840805] [0.280320703983]
0.22661210596550002 [0.153077840805] [0.300146371126]
0.23384809494000003 [0.153077840805] [0.314618349075]
0.238841637969 [0.153077840805] [0.324605435133]
0.24381703138350003 [0.153077840805] [0.334556221962]
0.2507356107235 [0.153077840805] [0.348393380642]
0.259656280279 [0.153077840805] [0.366234719753]
0.2656777352095 [0.153077840805] [0.378277629614]
0.27001398801800003 [0.153077840805] [0.386950135231]
0.27286694943900003 [0.153077840805] [0.392656058073]
0.27482201159 [0.153077840805] [0.396566182375]
0.2757836580275 [0.153077840805] [0.39848947525]
0.275620892644 [0.153077840805] [0.398163944483]
0.2734585553405 [0.153077840805] [0.393839269876]
0.269039466977 [0.153077840805] [0.385001093149]
0.2622271627185 [0.153077840805] [0.371376484632]
0.2527135014535 [0.153077840805] [0.352349162102]
0.24187475442900003 [0.153077840805] [0.330671668053]
0.23097126185900002 [0.153077840805] [0.308864682913]
0.221316128969 [0.153077840805] [0.289554417133]
0.21403329074400002 [0.153077840805] [0.274988740683]
0.2088370770215 [0.153077840805] [0.264596313238]
0.2048809081315 [0.153077840805] [0.256683975458]
0.201565235853 [0.153077840805] [0.250052630901]
0.198432467878 [0.153077840805] [0.243787094951]
0.194588497281 [0.153077840805] [0.236099153757]
0.193115070462 [0.153077840805] [0.233152300119]
0.191095672548 [0.153077840805] [0.229113504291]
0.18934115767499998 [0.153077840805] [0.225604474545]
0.1880494579675 [0.153077840805] [0.22302107513]
0.1881931498645 [0.153077840805] [0.223308458924]
0.19056927412750002 [0.153077840805] [0.22806070745]
0.19474575668549998 [0.153077840805] [0.236413672566]
0.200377382338 [0.153077840805] [0.247676923871]
0.2042202204465 [0.153077840805] [0.255362600088]
0.20533527433850002 [0.153077840805] [0.257592707872]
0.20501519739649998 [0.153077840805] [0.256952553988]
0.20461593568300002 [0.153077840805] [0.256154030561]
0.20519195497050002 [0.153077840805] [0.257306069136]
0.208078607917 [0.153077840805] [0.263079375029]
0.21185661852350002 [0.153077840805] [0.270635396242]
0.2175251841545 [0.153077840805] [0.281972527504]
0.224430397153 [0.153077840805] [0.295782953501]
0.2324081361295 [0.153077840805] [0.311738431454]
0.24020372331150003 [0.153077840805] [0.327329605818]
0.245548695326 [0.153077840805] [0.338019549847]
0.2478665560485 [0.153077840805] [0.342655271292]
0.246085822582 [0.153077840805] [0.339093804359]
0.243392944336 [0.153077840805] [0.333708047867]
0.2426287829875 [0.153077840805] [0.33217972517]
0.24124757945550002 [0.153077840805] [0.329417318106]
0.2364551723005 [0.153077840805] [0.319832503796]
0.2299422323705 [0.153077840805] [0.306806623936]
0.22163884341700002 [0.153077840805] [0.290199846029]
