0.0401482041925 [0.0378519967198] [0.0424444116652]
0.0405952222645 [0.0385573431849] [0.0426331013441]
0.0410798508674 [0.0386348068714] [0.0435248948634]
0.04190413095055 [0.0383190959692] [0.0454891659319]
0.0435393359512 [0.0382931604981] [0.0487855114043]
0.0465579684824 [0.0393458195031] [0.0537701174617]
0.0510882716626 [0.0418731532991] [0.0603033900261]
0.05641795508565001 [0.0459731705487] [0.0668627396226]
0.0610399134457 [0.0503730177879] [0.0717068091035]
0.06369959004225 [0.0526006482542] [0.0747985318303]
0.0648400317878 [0.0520581491292] [0.0776219144464]
0.06519121676685 [0.0503543689847] [0.080028064549]
0.06471733376380001 [0.0484208539128] [0.0810138136148]
0.0629703998566 [0.0449726879597] [0.0809681117535]
0.060138873755950006 [0.0405210629106] [0.0797566846013]
0.05706801079215 [0.0357444621623] [0.078391559422]
0.054689174517949996 [0.0320220328867] [0.0773563161492]
0.0536249363795 [0.0298896599561] [0.0773602128029]
0.053787843324250004 [0.0291636157781] [0.0784120708704]
0.054748108610499994 [0.0293091274798] [0.0801870897412]
0.05572727601975 [0.0292654167861] [0.0821891352534]
0.056678940542000004 [0.0290446747094] [0.0843132063746]
0.05616481415925 [0.0261647813022] [0.0861648470163]
0.055148262530549996 [0.023111872375] [0.0871846526861]
0.0536352926865 [0.0210099760443] [0.0862606093287]
0.0521184289828 [0.020079286769] [0.0841575711966]
0.05061087105425 [0.0199493933469] [0.0812723487616]
0.0498046381399 [0.0203539412469] [0.0792553350329]
0.04949942510575 [0.0211748909205] [0.077823959291]
0.0500952983275 [0.0226473528892] [0.0775432437658]
0.0525290109217 [0.0251251980662] [0.0799328237772]
0.056066607125100004 [0.0285802651197] [0.0835529491305]
0.06014737300575 [0.0326497294009] [0.0876450166106]
0.0640601720661 [0.0366188846529] [0.0915014594793]
0.06752346642314999 [0.0401245839894] [0.0949223488569]
0.07120778411625 [0.043860822916] [0.0985547453165]
0.07459251768865 [0.0465275608003] [0.102657474577]
0.08201009593895 [0.0553900338709] [0.108630158007]
0.0947770550849 [0.0713992789388] [0.118154831231]
0.11574250087145 [0.0998040065169] [0.131680995226]
0.14636610448350001 [0.145602881908] [0.147129327059]
0.1821777671575 [0.2017005831] [0.162654951215]
0.2091547846795 [0.240617454052] [0.177692115307]
0.22379685193300003 [0.253744900227] [0.193848803639]
0.233542278409 [0.25529846549] [0.211786091328]
0.24447859823700002 [0.255350798368] [0.233606398106]
0.256159216166 [0.254864096642] [0.25745433569]
0.2667523026465 [0.252335697412] [0.281168907881]
0.2755237072705 [0.248581290245] [0.302466124296]
0.281275227666 [0.24508997798] [0.317460477352]
0.2799838334325 [0.240674853325] [0.31929281354]
0.2723738104105 [0.235608518124] [0.309139102697]
0.2612986937165 [0.230869337916] [0.291728049517]
0.25286766141649997 [0.229364588857] [0.276370733976]
0.248142339289 [0.228972867131] [0.267311811447]
0.2494504749775 [0.234674572945] [0.26422637701]
0.2532813623545 [0.248193398118] [0.258369326591]
0.252907641232 [0.258037686348] [0.247777596116]
0.2438298687335 [0.254817575216] [0.232842162251]
0.232349418104 [0.247717857361] [0.216980978847]
0.22024379670650002 [0.237380638719] [0.203106954694]
0.2091995924715 [0.226902738214] [0.191496446729]
0.200182519853 [0.217772141099] [0.182592898607]
0.19276612252 [0.21015354991] [0.17537869513]
0.187308162451 [0.204041093588] [0.170575231314]
0.18493532389400003 [0.200357079506] [0.169513568282]
0.1847134679555 [0.19881105423] [0.170615881681]
0.1862222850325 [0.200596511364] [0.171848058701]
0.186328820884 [0.203948110342] [0.168709531426]
