0.25169299542949997 [0.319612115622] [0.183773875237]
0.2352166324855 [0.283732056618] [0.186701208353]
0.20656327903299998 [0.224180594087] [0.188945963979]
0.176892504096 [0.161731183529] [0.192053824663]
0.1574153751135 [0.119855731726] [0.194975018501]
0.14917851611965 [0.0962660834193] [0.20209094882]
0.14722058922065 [0.0838883519173] [0.210552826524]
0.1484851203861 [0.0780920609832] [0.218878179789]
0.15104918554434998 [0.0756987705827] [0.226399600506]
0.1538812592626 [0.0749115347862] [0.232850983739]
0.15504343435165 [0.0716048255563] [0.238482043147]
0.15524770692 [0.067831389606] [0.242664024234]
0.15425276756305 [0.0639314800501] [0.244574055076]
0.1515693981202 [0.0599952824414] [0.243143513799]
0.14659078791715 [0.0561205223203] [0.237061053514]
0.14256531931435001 [0.0527382083237] [0.232392430305]
0.1404487099499 [0.0504963509738] [0.230401068926]
0.1354618258775 [0.050728701055] [0.2201949507]
0.1322326194493 [0.0551770590246] [0.209288179874]
0.1310548819602 [0.0654678568244] [0.196641907096]
0.13454743474725 [0.0829388052225] [0.186156064272]
0.1393746510145 [0.102835103869] [0.17591419816]
0.137691039592 [0.115774460137] [0.159607619047]
0.12967602163550002 [0.11560946703] [0.143742576241]
0.1183314695955 [0.106746688485] [0.129916250706]
0.1066074110566 [0.0956818386912] [0.117532983422]
0.09435859322555 [0.0859341770411] [0.10278300941]
0.08294226229189999 [0.0788563191891] [0.0870282053947]
0.07325503975155 [0.073512069881] [0.0729980096221]
0.06629279628394999 [0.0697774887085] [0.0628081038594]
0.0623110923916 [0.0677072033286] [0.0569149814546]
0.06046731770035 [0.0666216164827] [0.054313018918]
0.059315772727149996 [0.0656807348132] [0.0529508106411]
0.0572010744363 [0.0637404844165] [0.0506616644561]
0.0533206909895 [0.0600534565747] [0.0465879254043]
0.0482989419252 [0.0551003366709] [0.0414975471795]
0.043627543374900005 [0.0503767319024] [0.0368783548474]
0.040473440661999996 [0.0472542531788] [0.0336926281452]
0.0392730329186 [0.0465568341315] [0.0319892317057]
0.0397853460163 [0.0483624562621] [0.0312082357705]
0.0414043357596 [0.0521307140589] [0.0306779574603]
0.0441186511889 [0.0575933791697] [0.0306439232081]
0.048066923394799996 [0.0644273236394] [0.0317065231502]
0.05409055575725 [0.07338616997] [0.0347949415445]
0.062405411154 [0.0845666006207] [0.0402442216873]
0.07119733653964999 [0.0954828411341] [0.0469118319452]
0.07792790420365 [0.103736445308] [0.0521193630993]
0.08164488710445 [0.108133807778] [0.0551559664309]
0.0847389120609 [0.110769852996] [0.0587079711258]
0.0895625762642 [0.113777935505] [0.0653472170234]
0.09816198423485001 [0.119590580463] [0.0767333880067]
0.1092823557558 [0.126670390368] [0.0918943211436]
0.117819197476 [0.13338136673] [0.102257028222]
0.1212460435925 [0.139712512493] [0.102779574692]
0.12210606038595001 [0.146967157722] [0.0972449630499]
0.1239924393596 [0.155962660909] [0.0920222178102]
0.12717659026375 [0.166893750429] [0.0874594300985]
0.1305439583958 [0.177172124386] [0.0839157924056]
0.1319677904247 [0.18375249207] [0.0801830887794]
0.1309428215027 [0.186588332057] [0.0752973109484]
0.1286925636232 [0.186588332057] [0.0707967951894]
0.126845408231 [0.186588332057] [0.067102484405]
0.12630965560675 [0.186588332057] [0.0660309791565]
0.12771148607135002 [0.186588332057] [0.0688346400857]
0.1310561224818 [0.186588332057] [0.0755239129066]
0.1357641816139 [0.186588332057] [0.0849400311708]
0.1414781473577 [0.186588332057] [0.0963679626584]
0.148441337049 [0.186588332057] [0.110294342041]
0.15709772706050001 [0.186588332057] [0.127607122064]
0.1671026423575 [0.186588332057] [0.147616952658]
0.177920989692 [0.186588332057] [0.169253647327]
0.18645361065850002 [0.186588332057] [0.18631888926]
0.13847216218715 [0.0792935937643] [0.19765073061]
0.14279113709915 [0.0792935937643] [0.206288680434]
0.14612810313715 [0.0792935937643] [0.21296261251]
0.15147102624165 [0.0792935937643] [0.223648458719]
0.16105552017665 [0.0792935937643] [0.242817446589]
0.17574083060015 [0.0792935937643] [0.272188067436]
0.19198469072565 [0.0792935937643] [0.304675787687]
0.20662067085515 [0.0792935937643] [0.333947747946]
0.21634135395265 [0.0792935937643] [0.353389114141]
0.22277484089115002 [0.0792935937643] [0.366256088018]
0.23230165988215 [0.0792935937643] [0.385309726]
0.24791137129065 [0.0792935937643] [0.416529148817]
0.26788084954015 [0.0792935937643] [0.456468105316]
0.28780140727764997 [0.0792935937643] [0.496309220791]
0.30232637375615 [0.0792935937643] [0.525359153748]
0.30939009040615 [0.0792935937643] [0.539486587048]
0.31005736440415 [0.0792935937643] [0.540821135044]
0.30451773852115 [0.0792935937643] [0.529741883278]
0.29910760372865003 [0.0792935937643] [0.518921613693]
0.29751717299215 [0.0792935937643] [0.51574075222]
0.29585396498465 [0.0792935937643] [0.512414336205]
0.29172020405515 [0.0792935937643] [0.504146814346]
0.3181795924905 [0.142018914223] [0.494340270758]
0.312223933637 [0.136701837182] [0.487746030092]
0.3083295300605 [0.131303444505] [0.485355615616]
0.3041148558255 [0.126951500773] [0.481278210878]
0.2946967110035 [0.123780623078] [0.465612798929]
0.279721725732 [0.122149951756] [0.437293499708]
0.25995029136549996 [0.120847426355] [0.399053156376]
0.236760463566 [0.118109337986] [0.355411589146]
0.213105041534 [0.112761922181] [0.313448160887]
0.193269621581 [0.105704031885] [0.280835211277]
0.17698391899445 [0.0981677696109] [0.255800068378]
0.16415973007680001 [0.0908277630806] [0.237491697073]
0.1504324600102 [0.0819725841284] [0.218892335892]
0.14159873500464998 [0.0748661085963] [0.208331361413]
0.13515977188949999 [0.070263274014] [0.200056269765]
0.12857484817505 [0.0677863359451] [0.189363360405]
0.1226049289106 [0.0665705353022] [0.178639322519]
0.1169322356583 [0.0664550215006] [0.167409449816]
0.1113551817836 [0.0666963979602] [0.156013965607]
0.10535878315585 [0.0668791159987] [0.143838450313]
0.1000845730307 [0.0671852976084] [0.132983848453]
0.0966149829327 [0.0683739706874] [0.124855995178]
0.09501248970625001 [0.0709630176425] [0.11906196177]
0.0956144854427 [0.0751042962074] [0.116124674678]
0.0992828682064 [0.0803330168128] [0.1182327196]
0.1055063419042 [0.0863658711314] [0.124646812677]
0.11352166906025 [0.0945444479585] [0.132498890162]
0.123517818749 [0.104740083218] [0.14229555428]
0.13629059866100002 [0.118212722242] [0.15436847508]
0.149388179183 [0.133715614676] [0.16506074369]
0.1603632718325 [0.148405522108] [0.172321021557]
0.166671030223 [0.156835466623] [0.176506593823]
0.1726734787225 [0.162371709943] [0.182975247502]
0.182915650308 [0.168532863259] [0.197298437357]
0.19791454076749998 [0.179692238569] [0.216136842966]
0.2160167396065 [0.196320623159] [0.235712856054]
0.2350629121065 [0.215772718191] [0.254353106022]
0.251297675073 [0.231344923377] [0.271250426769]
0.2641075104475 [0.241112411022] [0.287102609873]
0.274873703718 [0.247042715549] [0.302704691887]
0.284933000803 [0.252544254065] [0.317321747541]
0.291774019599 [0.252910375595] [0.330637663603]
0.30060951411750003 [0.256748914719] [0.344470113516]
0.3122573792935 [0.269443482161] [0.355071276426]
0.3230520933865 [0.282171100378] [0.363933086395]
0.33138884603950003 [0.29083648324] [0.371941208839]
0.3319903761145 [0.29693031311] [0.367050439119]
0.32771237194549996 [0.300901055336] [0.354523688555]
0.3180998265745 [0.300963521004] [0.335236132145]
0.309296786785 [0.298053830862] [0.320539742708]
0.3018092662095 [0.293820977211] [0.309797555208]
0.294243067503 [0.29072329402] [0.297762840986]
0.283978149295 [0.287229090929] [0.280727207661]
0.271767705679 [0.28350096941] [0.260034441948]
0.2590878382325 [0.279801249504] [0.238374426961]
0.24598760902900002 [0.275140374899] [0.216834843159]
0.23194999247800002 [0.267522066832] [0.196377918124]
0.2141418382525 [0.256198853254] [0.172084823251]
