0.167868897319 [0.153077840805] [0.182659953833]
0.159281052649 [0.153077840805] [0.165484264493]
0.155284062028 [0.153077840805] [0.157490283251]
0.1536018177865 [0.153077840805] [0.154125794768]
0.15306764096 [0.153077840805] [0.153057441115]
0.1523313745855 [0.153077840805] [0.151584908366]
0.15060326457 [0.153077840805] [0.148128688335]
0.14791386574499998 [0.153077840805] [0.142749890685]
0.1450054869055 [0.153077840805] [0.136933133006]
0.14281019568449999 [0.153077840805] [0.132542550564]
0.1417264416815 [0.153077840805] [0.130375042558]
0.1413912028075 [0.153077840805] [0.12970456481]
0.1399394124745 [0.153077840805] [0.126800984144]
0.1368365883825 [0.153077840805] [0.12059533596]
0.132816925645 [0.153077840805] [0.112556010485]
0.1289282925425 [0.153077840805] [0.10477874428]
0.126838095486 [0.153077840805] [0.100598350167]
0.127140931785 [0.153077840805] [0.101204022765]
0.12587897107 [0.153077840805] [0.098680101335]
0.12250069156285001 [0.153077840805] [0.0919235423207]
0.11872566118835 [0.153077840805] [0.0843734815717]
0.11570846661925 [0.153077840805] [0.0783390924335]
0.11384335160255 [0.153077840805] [0.0746088624001]
0.11273229867215001 [0.153077840805] [0.0723867565393]
0.11157384887335 [0.153077840805] [0.0700698569417]
0.10994763299820001 [0.153077840805] [0.0668174251914]
0.1077225208282 [0.153077840805] [0.0623672008514]
0.1057029608637 [0.153077840805] [0.0583280809224]
0.1057029608637 [0.153077840805] [0.0583280809224]
0.1057029608637 [0.153077840805] [0.0583280809224]
0.1057029608637 [0.153077840805] [0.0583280809224]
0.1057029608637 [0.153077840805] [0.0583280809224]
0.1057029608637 [0.153077840805] [0.0583280809224]
0.1057029608637 [0.153077840805] [0.0583280809224]
0.1057029608637 [0.153077840805] [0.0583280809224]
0.1057029608637 [0.153077840805] [0.0583280809224]
0.1057029608637 [0.153077840805] [0.0583280809224]
0.1057029608637 [0.153077840805] [0.0583280809224]
0.1057029608637 [0.153077840805] [0.0583280809224]
0.1057029608637 [0.153077840805] [0.0583280809224]
0.1069230418652 [0.153077840805] [0.0607682429254]
0.10938461497425 [0.153077840805] [0.0656913891435]
0.11188616231080001 [0.153077840805] [0.0706944838166]
0.11457012221215 [0.153077840805] [0.0760624036193]
0.1170839294791 [0.153077840805] [0.0810900181532]
0.1191986016929 [0.153077840805] [0.0853193625808]
0.12061208114025 [0.153077840805] [0.0881463214755]
0.1212934106588 [0.153077840805] [0.0895089805126]
0.12128326296805 [0.153077840805] [0.0894886851311]
0.12129935622215 [0.153077840805] [0.0895208716393]
0.1215610131621 [0.153077840805] [0.0900441855192]
0.12213551998135 [0.153077840805] [0.0911931991577]
0.12813973426800002 [0.153077840805] [0.103201627731]
0.134151317179 [0.153077840805] [0.115224793553]
0.1397197172045 [0.153077840805] [0.126361593604]
0.145379051566 [0.153077840805] [0.137680262327]
0.1504552215335 [0.153077840805] [0.147832602262]
0.153314359486 [0.153077840805] [0.153550878167]
0.153857164085 [0.153077840805] [0.154636487365]
0.15282169729450001 [0.153077840805] [0.152565553784]
0.152066923678 [0.153077840805] [0.151056006551]
0.153110168874 [0.153077840805] [0.153142496943]
0.1570696532725 [0.153077840805] [0.16106146574]
0.16481512039899998 [0.153077840805] [0.176552399993]
0.17735016346 [0.153077840805] [0.201622486115]
0.186526328325 [0.153077840805] [0.219974815845]
0.19209413230400002 [0.153077840805] [0.231110423803]
0.19293541461250002 [0.153077840805] [0.23279298842]
0.18858823180200002 [0.153077840805] [0.224098622799]
0.18312709033500002 [0.153077840805] [0.213176339865]
0.177968598902 [0.153077840805] [0.202859356999]
0.17531371861700001 [0.153077840805] [0.197549596429]
0.1733959317205 [0.153077840805] [0.193714022636]
0.1719943434 [0.153077840805] [0.190910845995]
0.17131870985050002 [0.153077840805] [0.189559578896]
0.17060934752200002 [0.153077840805] [0.188140854239]
0.16913322359299998 [0.153077840805] [0.185188606381]
0.1665225178005 [0.153077840805] [0.179967194796]
0.1632629558445 [0.153077840805] [0.173448070884]
0.1603257507085 [0.153077840805] [0.167573660612]
0.15862155705699998 [0.153077840805] [0.164165273309]
0.160088159144 [0.153077840805] [0.167098477483]
0.1638618558645 [0.153077840805] [0.174645870924]
0.167182095349 [0.153077840805] [0.181286349893]
0.171894170344 [0.153077840805] [0.190710499883]
0.177584297955 [0.153077840805] [0.202090755105]
0.18143594265000001 [0.153077840805] [0.209794044495]
0.1860515400765 [0.153077840805] [0.219025239348]
0.189698778093 [0.153077840805] [0.226319715381]
0.19347412884249998 [0.153077840805] [0.23387041688]
0.1941158026455 [0.153077840805] [0.235153764486]
0.1956547126175 [0.153077840805] [0.23823158443]
0.198832258582 [0.153077840805] [0.244586676359]
0.19783032685500002 [0.153077840805] [0.242582812905]
0.19791226089 [0.153077840805] [0.242746680975]
0.1987681388855 [0.153077840805] [0.244458436966]
