0.11568883806465 [0.153077840805] [0.0782998353243]
0.11568883806465 [0.153077840805] [0.0782998353243]
0.11568883806465 [0.153077840805] [0.0782998353243]
0.11568883806465 [0.153077840805] [0.0782998353243]
0.11568883806465 [0.153077840805] [0.0782998353243]
0.11568883806465 [0.153077840805] [0.0782998353243]
0.11568883806465 [0.153077840805] [0.0782998353243]
0.11568883806465 [0.153077840805] [0.0782998353243]
0.11568883806465 [0.153077840805] [0.0782998353243]
0.11568883806465 [0.153077840805] [0.0782998353243]
0.11568883806465 [0.153077840805] [0.0782998353243]
0.11568883806465 [0.153077840805] [0.0782998353243]
0.11568883806465 [0.153077840805] [0.0782998353243]
0.11568883806465 [0.153077840805] [0.0782998353243]
0.11568883806465 [0.153077840805] [0.0782998353243]
0.11568883806465 [0.153077840805] [0.0782998353243]
0.11568883806465 [0.153077840805] [0.0782998353243]
0.11568883806465 [0.153077840805] [0.0782998353243]
0.221714645624 [0.153077840805] [0.290351450443]
0.21634627878649998 [0.153077840805] [0.279614716768]
0.212412968278 [0.153077840805] [0.271748095751]
0.208835840225 [0.153077840805] [0.264593839645]
0.2023234665395 [0.153077840805] [0.251569092274]
0.19631168991300002 [0.153077840805] [0.239545539021]
0.19391990453000002 [0.153077840805] [0.234761968255]
0.195859275758 [0.153077840805] [0.238640710711]
0.2002872005105 [0.153077840805] [0.247496560216]
0.2045551240445 [0.153077840805] [0.256032407284]
0.20663514733299998 [0.153077840805] [0.260192453861]
0.20622308552250002 [0.153077840805] [0.25936833024]
0.20515072345750002 [0.153077840805] [0.25722360611]
0.1982920989395 [0.153077840805] [0.243506357074]
0.19028047472249998 [0.153077840805] [0.22748310864]
0.180624201894 [0.153077840805] [0.208170562983]
0.1712074950335 [0.153077840805] [0.189337149262]
0.159567564726 [0.153077840805] [0.166057288647]
0.1486677229405 [0.153077840805] [0.144257605076]
0.14017778635 [0.153077840805] [0.127277731895]
0.1344583258035 [0.153077840805] [0.115838810802]
0.1298802755775 [0.153077840805] [0.10668271035]
0.12519656866785 [0.153077840805] [0.0973152965307]
0.11989966034885 [0.153077840805] [0.0867214798927]
0.11436929553745001 [0.153077840805] [0.0756607502699]
0.10905683785675 [0.153077840805] [0.0650358349085]
0.103544248268 [0.153077840805] [0.054010655731]
0.0977923069149 [0.153077840805] [0.0425067730248]
0.09293290413915001 [0.153077840805] [0.0327879674733]
0.08941445313390001 [0.153077840805] [0.0257510654628]
0.08708954043685001 [0.153077840805] [0.0211012400687]
0.08577704988415 [0.153077840805] [0.0184762589633]
0.0851682377979 [0.153077840805] [0.0172586347908]
0.08492385316635 [0.153077840805] [0.0167698655277]
0.0847858265042 [0.153077840805] [0.0164938122034]
0.0846912274137 [0.153077840805] [0.0163046140224]
0.08464066684245 [0.153077840805] [0.0162034928799]
0.084757364355 [0.153077840805] [0.016436887905]
0.08511333260685 [0.153077840805] [0.0171488244087]
0.0857744812965 [0.153077840805] [0.018471121788]
0.08670856896785001 [0.153077840805] [0.0203392971307]
0.08794798608865 [0.153077840805] [0.0228181313723]
0.08967475127425001 [0.153077840805] [0.0262716617435]
0.09218119829890001 [0.153077840805] [0.0312845557928]
0.09581675007935 [0.153077840805] [0.0385556593537]
0.10088811069725 [0.153077840805] [0.0486983805895]
0.10690902546045 [0.153077840805] [0.0607402101159]
0.11321569606660001 [0.153077840805] [0.0733535513282]
0.11999302357435 [0.153077840805] [0.0869082063437]
0.12707564234750002 [0.153077840805] [0.10107344389]
0.1346968226135 [0.153077840805] [0.116315804422]
0.14200867712499998 [0.153077840805] [0.130939513445]
0.1477846205235 [0.153077840805] [0.142491400242]
0.15017028898 [0.153077840805] [0.147262737155]
0.149161271751 [0.153077840805] [0.145244702697]
0.1448731422425 [0.153077840805] [0.13666844368]
0.1393708512185 [0.153077840805] [0.125663861632]
0.1339349746705 [0.153077840805] [0.114792108536]
0.1339349746705 [0.153077840805] [0.114792108536]
0.1339349746705 [0.153077840805] [0.114792108536]
0.1339349746705 [0.153077840805] [0.114792108536]
0.1339349746705 [0.153077840805] [0.114792108536]
0.1339349746705 [0.153077840805] [0.114792108536]
0.1339349746705 [0.153077840805] [0.114792108536]
0.1339349746705 [0.153077840805] [0.114792108536]
0.1339349746705 [0.153077840805] [0.114792108536]
0.1339349746705 [0.153077840805] [0.114792108536]
0.1339349746705 [0.153077840805] [0.114792108536]
0.1339349746705 [0.153077840805] [0.114792108536]
0.1339349746705 [0.153077840805] [0.114792108536]
0.1339349746705 [0.153077840805] [0.114792108536]
0.1339349746705 [0.153077840805] [0.114792108536]
0.1339349746705 [0.153077840805] [0.114792108536]
0.1339349746705 [0.153077840805] [0.114792108536]
0.1339349746705 [0.153077840805] [0.114792108536]
0.1339349746705 [0.153077840805] [0.114792108536]
0.0896813236178 [0.0645705386996] [0.114792108536]
0.09065061807645 [0.0665091276169] [0.114792108536]
0.09151360020055 [0.0682350918651] [0.114792108536]
0.0411594668403 [0.0665196999907] [0.0157992336899]
0.0365171683952 [0.0572351031005] [0.0157992336899]
0.02939304243775 [0.0429868511856] [0.0157992336899]
0.023264892399299998 [0.0307305511087] [0.0157992336899]
0.019335555844 [0.0228718779981] [0.0157992336899]
0.01715165376665 [0.0185040738434] [0.0157992336899]
0.01715165376665 [0.0185040738434] [0.0157992336899]
0.01715165376665 [0.0185040738434] [0.0157992336899]
0.01715165376665 [0.0185040738434] [0.0157992336899]
0.016119929030549998 [0.0164406243712] [0.0157992336899]
0.01545992679895 [0.015120619908] [0.0157992336899]
0.0149622121826 [0.0141251906753] [0.0157992336899]
0.014587864745400001 [0.0133764958009] [0.0157992336899]
0.01431959541515 [0.0128399571404] [0.0157992336899]
0.01409892039375 [0.0123986070976] [0.0157992336899]
0.01400703843685 [0.0122148431838] [0.0157992336899]
0.014243603218350002 [0.0126879727468] [0.0157992336899]
0.0151377050206 [0.0144761763513] [0.0157992336899]
0.01737455651165 [0.0189498793334] [0.0157992336899]
0.02342255972325 [0.0310458857566] [0.0157992336899]
0.0576156610623 [0.0994320884347] [0.0157992336899]
0.057236184366050005 [0.0986731350422] [0.0157992336899]
0.057231605984250006 [0.0986639782786] [0.0157992336899]
0.05735126603395001 [0.098903298378] [0.0157992336899]
0.057351299561549995 [0.0989033654332] [0.0157992336899]
0.062494372017450006 [0.109189510345] [0.0157992336899]
