0.12446771189575 [0.167840063572] [0.0810953602195]
0.12134125456215 [0.167840063572] [0.0748424455523]
0.11944903805854999 [0.167840063572] [0.0710580125451]
0.11674182862044999 [0.167840063572] [0.0656435936689]
0.11392046324909999 [0.167840063572] [0.0600008629262]
0.11065161041919999 [0.167840063572] [0.0534631572664]
0.10724774561825 [0.167840063572] [0.0466554276645]
0.1039657685906 [0.167840063572] [0.0400914736092]
0.10096627473834999 [0.167840063572] [0.0340924859047]
0.09864354971799999 [0.167840063572] [0.029447035864]
0.0968440957368 [0.167840063572] [0.0258481279016]
0.0956118209288 [0.167840063572] [0.0233835782856]
0.09487838111819999 [0.167840063572] [0.0219166986644]
0.09463540371509999 [0.167840063572] [0.0214307438582]
0.09486284945165 [0.167840063572] [0.0218856353313]
0.0955296540633 [0.167840063572] [0.0232192445546]
0.096457364969 [0.167840063572] [0.025074666366]
0.0973058668897 [0.167840063572] [0.0267716702074]
0.09770357888195 [0.167840063572] [0.0275670941919]
0.09753320645545 [0.167840063572] [0.0272263493389]
0.09750839229675 [0.167840063572] [0.0271767210215]
0.09764576796444999 [0.167840063572] [0.0274514723569]
0.09789649397139999 [0.167840063572] [0.0279529243708]
0.09828384034339999 [0.167840063572] [0.0287276171148]
0.09905002731835 [0.167840063572] [0.0302599910647]
0.10057240724564999 [0.167840063572] [0.0333047509193]
0.10310365818445 [0.167840063572] [0.0383672527969]
0.10647804290059999 [0.167840063572] [0.0451160222292]
0.10974600724879999 [0.167840063572] [0.0516519509256]
0.11163559183479999 [0.167840063572] [0.0554311200976]
0.11163559183479999 [0.167840063572] [0.0554311200976]
0.11163559183479999 [0.167840063572] [0.0554311200976]
0.11163559183479999 [0.167840063572] [0.0554311200976]
0.11163559183479999 [0.167840063572] [0.0554311200976]
0.11163559183479999 [0.167840063572] [0.0554311200976]
0.11163559183479999 [0.167840063572] [0.0554311200976]
0.11163559183479999 [0.167840063572] [0.0554311200976]
0.11163559183479999 [0.167840063572] [0.0554311200976]
0.11163559183479999 [0.167840063572] [0.0554311200976]
0.136116106063 [0.167840063572] [0.104392148554]
0.12273626402025 [0.167840063572] [0.0776324644685]
0.11306444741789999 [0.167840063572] [0.0582888312638]
0.10693501308565 [0.167840063572] [0.0460299625993]
0.10369242541495 [0.167840063572] [0.0395447872579]
0.10251395218079999 [0.167840063572] [0.0371878407896]
0.10278741270305 [0.167840063572] [0.0377347618341]
0.10393835231665 [0.167840063572] [0.0400366410613]
0.1054404228926 [0.167840063572] [0.0430407822132]
0.10690295509999999 [0.167840063572] [0.045965846628]
0.10809768550099999 [0.167840063572] [0.04835530743]
0.10901674814524999 [0.167840063572] [0.0501934327185]
0.10904143936934999 [0.167840063572] [0.0502428151667]
0.10889535024764999 [0.167840063572] [0.0499506369233]
0.1087046992034 [0.167840063572] [0.0495693348348]
0.1091648321599 [0.167840063572] [0.0504896007478]
0.11073579080405 [0.167840063572] [0.0536315180361]
0.11383039131764999 [0.167840063572] [0.0598207190633]
0.11742560938004999 [0.167840063572] [0.0670111551881]
0.12024957686665 [0.167840063572] [0.0726590901613]
0.12170763686305 [0.167840063572] [0.0755752101541]
0.12346887215975 [0.167840063572] [0.0790976807475]
0.12414945289495 [0.167840063572] [0.0804588422179]
0.12419941648845 [0.167840063572] [0.0805587694049]
0.12406114861374999 [0.167840063572] [0.0802822336555]
0.12386510893705 [0.167840063572] [0.0798901543021]
0.12355605140329999 [0.167840063572] [0.0792720392346]
0.12306306511165 [0.167840063572] [0.0782860666513]
0.12237716093664999 [0.167840063572] [0.0769142583013]
0.1214805915952 [0.167840063572] [0.0751211196184]
0.12022853642705 [0.167840063572] [0.0726170092821]
0.11847378313544998 [0.167840063572] [0.0691075026989]
0.11847378313544998 [0.167840063572] [0.0691075026989]
0.11847378313544998 [0.167840063572] [0.0691075026989]
0.11847378313544998 [0.167840063572] [0.0691075026989]
0.11847378313544998 [0.167840063572] [0.0691075026989]
0.19440588355049998 [0.167840063572] [0.220971703529]
0.19432920962599998 [0.167840063572] [0.22081835568]
0.19187629967949998 [0.167840063572] [0.215912535787]
0.186749711633 [0.167840063572] [0.205659359694]
0.181137032807 [0.167840063572] [0.194434002042]
0.17608701437699997 [0.167840063572] [0.184333965182]
0.1720809340475 [0.167840063572] [0.176321804523]
0.16906605660899998 [0.167840063572] [0.170292049646]
0.166938215494 [0.167840063572] [0.166036367416]
0.1650675162675 [0.167840063572] [0.162294968963]
0.1633434444665 [0.167840063572] [0.158846825361]
0.16100601106899998 [0.167840063572] [0.154171958566]
0.1554831564425 [0.167840063572] [0.143126249313]
0.145164053887 [0.167840063572] [0.122488044202]
0.13357893005014998 [0.167840063572] [0.0993177965283]
0.1238461174071 [0.167840063572] [0.0798521712422]
0.11797098815445 [0.167840063572] [0.0681019127369]
0.11531000211839999 [0.167840063572] [0.0627799406648]
0.11425148136914999 [0.167840063572] [0.0606628991663]
0.114567803219 [0.167840063572] [0.061295542866]
0.06930446252229999 [0.0739940553904] [0.0646148696542]
0.0744138769805 [0.0788139775395] [0.0700137764215]
0.07935386523599999 [0.0825080350041] [0.0761996954679]
0.08366064727305 [0.0853949487209] [0.0819263458252]
0.0876695178449 [0.087978258729] [0.0873607769608]
0.09167306497694999 [0.09046690166] [0.0928792282939]
0.09663330391040001 [0.0931387543678] [0.100127853453]
0.10363611951474999 [0.0968049019575] [0.110467337072]
0.1138833016155 [0.10233707726] [0.125429525971]
0.128316089511 [0.109663262963] [0.146968916059]
0.14566444605599999 [0.117597848177] [0.173731043935]
0.1651225462555 [0.124572947621] [0.20567214489]
