0.06983617693185 [0.0748936906457] [0.064778663218]
0.0697195492685 [0.0748936906457] [0.0645454078913]
0.06999615579845 [0.0748936906457] [0.0650986209512]
0.0709302946925 [0.0748936906457] [0.0669668987393]
0.07220543920995001 [0.0748936906457] [0.0695171877742]
0.07373490929605 [0.0748936906457] [0.0725761279464]
0.0752088278532 [0.0748936906457] [0.0755239650607]
0.07678723707795 [0.0748936906457] [0.0786807835102]
0.07897063717245001 [0.0748936906457] [0.0830475836992]
0.08207639679315 [0.0748936906457] [0.0892591029406]
0.0864275433123 [0.0748936906457] [0.0979613959789]
0.09102075919485 [0.0748936906457] [0.107147827744]
0.09566350653785 [0.0748936906457] [0.11643332243]
0.10069191083335001 [0.0748936906457] [0.126490131021]
0.10591001436135 [0.0748936906457] [0.136926338077]
0.131563346833 [0.116392485797] [0.146734207869]
0.1294724680485 [0.104557044804] [0.154387891293]
0.1299327500165 [0.101239718497] [0.158625781536]
0.13206114247450002 [0.10589107126] [0.158231213689]
0.134099394083 [0.115766495466] [0.1524322927]
0.1358699202535 [0.126619905233] [0.145119935274]
0.135673098266 [0.134271875024] [0.137074321508]
0.132987104356 [0.136663511395] [0.129310697317]
0.1284096352755 [0.133894190192] [0.122925080359]
0.1218012981115 [0.125367686152] [0.118234910071]
0.1113703995945 [0.108220279217] [0.114520519972]
0.1084731258455 [0.108220279217] [0.108725972474]
0.10194333642735 [0.105011366308] [0.0988753065467]
0.09522861242315 [0.103802248836] [0.0866549760103]
0.09054956212635 [0.105087339878] [0.0760117843747]
0.089407902211 [0.108947210014] [0.069868594408]
0.09071456268440001 [0.113795630634] [0.0676334947348]
0.09228086099044999 [0.116755485535] [0.0678062364459]
0.0920071937146 [0.115329690278] [0.0686846971512]
0.088710345328 [0.108298800886] [0.06912188977]
0.08321492746475 [0.0965487584472] [0.0698810964823]
0.07619150727985 [0.0815655738115] [0.0708174407482]
0.07715255767105 [0.0815655738115] [0.0727395415306]
0.0790592804551 [0.0815655738115] [0.0765529870987]
0.08223125338555 [0.0815655738115] [0.0828969329596]
0.0859682895243 [0.0815655738115] [0.0903710052371]
0.08977108076215 [0.0815655738115] [0.0979765877128]
0.09370542690174999 [0.0815655738115] [0.105845279992]
0.0975971594451 [0.0797292217612] [0.115465097129]
0.115276467055 [0.103000797331] [0.127552136779]
0.132650740445 [0.124526396394] [0.140775084496]
0.146138191223 [0.140077844262] [0.152198538184]
0.154669843614 [0.149582058191] [0.159757629037]
0.158516682684 [0.154227033257] [0.162806332111]
0.15920348465450002 [0.156106263399] [0.16230070591]
0.158592015505 [0.156888872385] [0.160295158625]
0.157086350024 [0.156597450376] [0.157575249672]
0.1550473049285 [0.15552854538] [0.154566064477]
0.153131134808 [0.15473768115] [0.151524588466]
0.15226021409 [0.154825389385] [0.149695038795]
0.15904161334 [0.169335260987] [0.148747965693]
0.16232909262200002 [0.176224559546] [0.148433625698]
0.1648283600805 [0.184270739555] [0.145385980606]
0.162601441145 [0.186450108886] [0.138752773404]
0.1553707793355 [0.182749152184] [0.127992406487]
0.1468769684435 [0.176749140024] [0.117004796863]
0.138222925365 [0.171055212617] [0.105390638113]
0.1317624822257 [0.166561722755] [0.0969632416964]
0.12737485021375 [0.163791790605] [0.0909579098225]
0.12648706510649999 [0.162347257137] [0.090626873076]
0.12600128725175 [0.161804676056] [0.0901978984475]
0.12599729374075 [0.163195714355] [0.0887988731265]
0.12693065777425 [0.167840063572] [0.0860212519765]
0.12478309869769999 [0.167840063572] [0.0817261338234]
0.12234838306904999 [0.167840063572] [0.0768567025661]
