0.11922477185725 [0.153077840805] [0.0853717029095]
0.118537902832 [0.153077840805] [0.083997964859]
0.1186969950795 [0.153077840805] [0.084316149354]
0.11914741247890001 [0.153077840805] [0.0852169841528]
0.11980356276035001 [0.153077840805] [0.0865292847157]
0.12014472112055 [0.153077840805] [0.0872116014361]
0.12016981095075 [0.153077840805] [0.0872617810965]
0.11938297376035001 [0.153077840805] [0.0856881067157]
0.11785619705915 [0.153077840805] [0.0826345533133]
0.1157674193382 [0.153077840805] [0.0784569978714]
0.1136370152235 [0.153077840805] [0.074196189642]
0.11225145682689999 [0.153077840805] [0.0714250728488]
0.11188357323405 [0.153077840805] [0.0706893056631]
0.11356410756705 [0.153077840805] [0.0740503743291]
0.11689056456085001 [0.153077840805] [0.0807032883167]
0.1201031655073 [0.153077840805] [0.0871284902096]
0.12257477641105 [0.153077840805] [0.0920717120171]
0.12474115565415 [0.153077840805] [0.0964044705033]
0.12626142054795 [0.153077840805] [0.0994450002909]
0.12677114456900002 [0.153077840805] [0.100464448333]
0.127068180591 [0.153077840805] [0.101058520377]
0.127622168511 [0.153077840805] [0.102166496217]
0.128878854215 [0.153077840805] [0.104679867625]
0.13104788959 [0.153077840805] [0.109017938375]
0.1343843489885 [0.153077840805] [0.115690857172]
0.1388533711435 [0.153077840805] [0.124628901482]
0.1438962370155 [0.153077840805] [0.134714633226]
0.148404248059 [0.153077840805] [0.143730655313]
0.15333027392600002 [0.153077840805] [0.153582707047]
0.1590277403595 [0.153077840805] [0.164977639914]
0.1633545681835 [0.153077840805] [0.173631295562]
0.1675563827155 [0.153077840805] [0.182034924626]
0.1681416109205 [0.153077840805] [0.183205381036]
0.1640772521495 [0.153077840805] [0.175076663494]
0.15534760803 [0.153077840805] [0.157617375255]
0.14661287516350002 [0.153077840805] [0.140147909522]
0.140318110585 [0.153077840805] [0.127558380365]
0.13591894507399999 [0.153077840805] [0.118760049343]
0.133840613067 [0.153077840805] [0.114603385329]
0.1328397504985 [0.153077840805] [0.112601660192]
0.13166896998900002 [0.153077840805] [0.110260099173]
0.130470339209 [0.153077840805] [0.107862837613]
0.1294398754835 [0.153077840805] [0.105801910162]
0.12925806641600002 [0.153077840805] [0.105438292027]
0.1293299533425 [0.153077840805] [0.10558206588]
0.129433274269 [0.153077840805] [0.105788707733]
0.129971604794 [0.153077840805] [0.106865368783]
0.131592862308 [0.153077840805] [0.110107883811]
0.1350849457085 [0.153077840805] [0.117092050612]
0.14081661403200002 [0.153077840805] [0.128555387259]
0.148027084768 [0.153077840805] [0.142976328731]
0.154336117208 [0.153077840805] [0.155594393611]
0.1565686911345 [0.153077840805] [0.160059541464]
0.1536983400585 [0.153077840805] [0.154318839312]
0.14725230634199998 [0.153077840805] [0.141426771879]
0.136328626424 [0.153077840805] [0.119579412043]
0.1261857077479 [0.153077840805] [0.0992935746908]
0.11709074303505 [0.153077840805] [0.0811036452651]
0.10984684899445 [0.153077840805] [0.0666158571839]
0.10452610626815001 [0.153077840805] [0.0559743717313]
0.10062105767425 [0.153077840805] [0.0481642745435]
0.09805402904745 [0.153077840805] [0.0430302172899]
0.0962755978107 [0.153077840805] [0.0394733548164]
0.0953060239553 [0.153077840805] [0.0375342071056]
0.0947801340371 [0.153077840805] [0.0364824272692]
0.0945452470332 [0.153077840805] [0.0360126532614]
0.0944858025759 [0.153077840805] [0.0358937643468]
0.094491161406 [0.153077840805] [0.035904482007]
0.0945859123021 [0.153077840805] [0.0360939837992]
0.09488992020485 [0.153077840805] [0.0367019996047]
0.09564655646680001 [0.153077840805] [0.0382152721286]
0.09710805304345 [0.153077840805] [0.0411382652819]
0.09950776956975001 [0.153077840805] [0.0459376983345]
0.10310689546165 [0.153077840805] [0.0531359501183]
0.10723762772975 [0.153077840805] [0.0613974146545]
0.11072460934515 [0.153077840805] [0.0683713778853]
0.1127350181341 [0.153077840805] [0.0723921954632]
0.1130083315074 [0.153077840805] [0.0729388222098]
0.11253228038545 [0.153077840805] [0.0719867199659]
0.11190253868694999 [0.153077840805] [0.0707272365689]
0.11133549734945 [0.153077840805] [0.0695931538939]
0.11105303838845 [0.153077840805] [0.0690282359719]
0.11097843945025 [0.153077840805] [0.0688790380955]
0.11119005084035 [0.153077840805] [0.0693022608757]
0.11102020740505 [0.153077840805] [0.0689625740051]
0.1108211800456 [0.153077840805] [0.0685645192862]
0.11187705025075001 [0.153077840805] [0.0706762596965]
0.11428805068135 [0.153077840805] [0.0754982605577]
0.11834058910605 [0.153077840805] [0.0836033374071]
0.1239974014461 [0.153077840805] [0.0949169620872]
0.130842950195 [0.153077840805] [0.108608059585]
0.1378190889955 [0.153077840805] [0.122560337186]
0.14352340251200002 [0.153077840805] [0.133968964219]
0.14415944367650002 [0.153077840805] [0.135241046548]
0.1378550715745 [0.153077840805] [0.122632302344]
0.1284415721895 [0.153077840805] [0.103805303574]
0.1203474253416 [0.153077840805] [0.0876170098782]
0.11524590477345001 [0.153077840805] [0.0774139687419]
0.11280249804254999 [0.153077840805] [0.0725271552801]
0.11201016232370001 [0.153077840805] [0.0709424838424]
0.11176489666100001 [0.153077840805] [0.070451952517]
0.11160660535095 [0.153077840805] [0.0701353698969]
0.11053416505455 [0.153077840805] [0.0679904893041]
0.1079354099929 [0.153077840805] [0.0627929791808]
0.1042447071522 [0.153077840805] [0.0554115734994]
0.10079541429875 [0.153077840805] [0.0485129877925]
0.09822440147395001 [0.153077840805] [0.0433709621429]
0.0968073233962 [0.153077840805] [0.0405368059874]
0.0968822278082 [0.153077840805] [0.0406866148114]
0.0990324504673 [0.153077840805] [0.0449870601296]
0.10413611121475 [0.153077840805] [0.0551943816245]
0.1135030388832 [0.153077840805] [0.0739282369614]
0.127689857036 [0.153077840805] [0.102301873267]
0.143333673477 [0.153077840805] [0.133589506149]
0.1542979180815 [0.153077840805] [0.155517995358]
0.158439412713 [0.153077840805] [0.163800984621]
0.1604179516435 [0.153077840805] [0.167758062482]
0.16328869015 [0.153077840805] [0.173499539495]
0.169361628592 [0.153077840805] [0.185645416379]
0.17589981853949999 [0.153077840805] [0.198721796274]
0.1816081777215 [0.153077840805] [0.210138514638]
0.18596252053950002 [0.153077840805] [0.218847200274]
0.188435539603 [0.153077840805] [0.223793238401]
0.1892873570325 [0.153077840805] [0.22549687326]
0.1881965771315 [0.153077840805] [0.223315313458]
0.18611280620100001 [0.153077840805] [0.219147771597]
0.183641895652 [0.153077840805] [0.214205950499]
0.18180911242949999 [0.153077840805] [0.210540384054]
0.181562848389 [0.153077840805] [0.210047855973]
0.1844363212585 [0.153077840805] [0.215794801712]
0.1898550093175 [0.153077840805] [0.22663217783]
0.1947273164985 [0.153077840805] [0.236376792192]
