0.12306920066475 [0.153077840805] [0.0930605605245]
0.12079256027935001 [0.153077840805] [0.0885072797537]
0.1203201860189 [0.153077840805] [0.0875625312328]
0.12014471367 [0.153077840805] [0.087211586535]
0.12010137364265 [0.153077840805] [0.0871249064803]
0.1198188886046 [0.153077840805] [0.0865599364042]
0.11889130249615 [0.153077840805] [0.0847047641873]
0.1172919385135 [0.153077840805] [0.081506036222]
0.11510575562715 [0.153077840805] [0.0771336704493]
0.11311947926875 [0.153077840805] [0.0731611177325]
0.1107103973627 [0.153077840805] [0.0683429539204]
0.10815564170475 [0.153077840805] [0.0632334426045]
0.1061758175492 [0.153077840805] [0.0592737942934]
0.1061758175492 [0.153077840805] [0.0592737942934]
0.1061758175492 [0.153077840805] [0.0592737942934]
0.1061758175492 [0.153077840805] [0.0592737942934]
0.1061758175492 [0.153077840805] [0.0592737942934]
0.1061758175492 [0.153077840805] [0.0592737942934]
0.1061758175492 [0.153077840805] [0.0592737942934]
0.1061758175492 [0.153077840805] [0.0592737942934]
0.1061758175492 [0.153077840805] [0.0592737942934]
0.1061758175492 [0.153077840805] [0.0592737942934]
0.1061758175492 [0.153077840805] [0.0592737942934]
0.1061758175492 [0.153077840805] [0.0592737942934]
0.1061758175492 [0.153077840805] [0.0592737942934]
0.1061758175492 [0.153077840805] [0.0592737942934]
0.1061758175492 [0.153077840805] [0.0592737942934]
0.1061758175492 [0.153077840805] [0.0592737942934]
0.1061758175492 [0.153077840805] [0.0592737942934]
0.1061758175492 [0.153077840805] [0.0592737942934]
0.1061758175492 [0.153077840805] [0.0592737942934]
0.1061758175492 [0.153077840805] [0.0592737942934]
0.1061758175492 [0.153077840805] [0.0592737942934]
0.1061758175492 [0.153077840805] [0.0592737942934]
0.1061758175492 [0.153077840805] [0.0592737942934]
0.1061758175492 [0.153077840805] [0.0592737942934]
0.1061758175492 [0.153077840805] [0.0592737942934]
0.1061758175492 [0.153077840805] [0.0592737942934]
0.1061758175492 [0.153077840805] [0.0592737942934]
0.09839632362125 [0.153077840805] [0.0437148064375]
0.0984794478863 [0.153077840805] [0.0438810549676]
0.09810602664945 [0.153077840805] [0.0431342124939]
0.0978209339082 [0.153077840805] [0.0425640270114]
0.09809936769305 [0.153077840805] [0.0431208945811]
0.09916090779005 [0.153077840805] [0.0452439747751]
0.10075113177295 [0.153077840805] [0.0484244227409]
0.1023469325155 [0.153077840805] [0.051616024226]
0.10324256308375 [0.153077840805] [0.0534072853625]
0.1036225259304 [0.153077840805] [0.0541672110558]
0.10377920418975001 [0.153077840805] [0.0544805675745]
0.10383733361955 [0.153077840805] [0.0545968264341]
0.10617217235265 [0.153077840805] [0.0592665039003]
0.1073616649955 [0.153077840805] [0.061645489186]
0.10852287709710001 [0.153077840805] [0.0639679133892]
0.10957552865145001 [0.153077840805] [0.0660732164979]
0.1105034537613 [0.153077840805] [0.0679290667176]
0.11156424507495 [0.153077840805] [0.0700506493449]
0.1130356304347 [0.153077840805] [0.0729934200644]
0.11473688110704999 [0.153077840805] [0.0763959214091]
0.11552000045775 [0.153077840805] [0.0779621601105]
0.1152505353093 [0.153077840805] [0.0774232298136]
0.11466223746535001 [0.153077840805] [0.0762466341257]
0.11432720720765 [0.153077840805] [0.0755765736103]
0.1147728562355 [0.153077840805] [0.076467871666]
0.1172127947211 [0.153077840805] [0.0813477486372]
0.12117420136925 [0.153077840805] [0.0892705619335]
0.12570616602895002 [0.153077840805] [0.0983344912529]
0.1291730217635 [0.153077840805] [0.105268202722]
0.132530108094 [0.153077840805] [0.111982375383]
0.137681402266 [0.153077840805] [0.122284963727]
0.14419391006249999 [0.153077840805] [0.13530997932]
0.149626791477 [0.153077840805] [0.146175742149]
0.153939716518 [0.153077840805] [0.154801592231]
0.1580420583485 [0.153077840805] [0.163006275892]
0.160845503211 [0.153077840805] [0.168613165617]
0.1600948646665 [0.153077840805] [0.167111888528]
0.15612661838550002 [0.153077840805] [0.159175395966]
0.148556113243 [0.153077840805] [0.144034385681]
0.1429336369035 [0.153077840805] [0.132789433002]
0.14034216105949998 [0.153077840805] [0.127606481314]
0.138936433941 [0.153077840805] [0.124795027077]
0.137882772833 [0.153077840805] [0.122687704861]
0.136883739382 [0.153077840805] [0.120689637959]
0.1357525885105 [0.153077840805] [0.118427336216]
0.134432941675 [0.153077840805] [0.115788042545]
0.133005555719 [0.153077840805] [0.112933270633]
0.130745727569 [0.153077840805] [0.108413614333]
0.1296068280935 [0.153077840805] [0.106135815382]
0.1295543834565 [0.153077840805] [0.106030926108]
0.1291996352375 [0.153077840805] [0.10532142967]
0.12879806756950002 [0.153077840805] [0.104518294334]
0.128935240209 [0.153077840805] [0.104792639613]
0.1289704181255 [0.153077840805] [0.104862995446]
