0.0973112769426 [0.0906734839082] [0.103949069977]
0.0929607115686 [0.0906734839082] [0.095247939229]
0.0895895883441 [0.0906734839082] [0.08850569278]
0.08663715794685001 [0.0906734839082] [0.0826008319855]
0.08355624601245 [0.0906734839082] [0.0764390081167]
0.08046970143915 [0.0906734839082] [0.0702659189701]
0.07765643671155001 [0.0906734839082] [0.0646393895149]
0.07548851519825 [0.0906734839082] [0.0603035464883]
0.073950342834 [0.0906734839082] [0.0572272017598]
0.0727799497545 [0.0906734839082] [0.0548864156008]
0.0721978265792 [0.0906734839082] [0.0537221692502]
0.0719912983477 [0.0906734839082] [0.0533091127872]
0.0721099637449 [0.0906734839082] [0.0535464435816]
0.07272852398455 [0.0906734839082] [0.0547835640609]
0.07392944954335 [0.0906734839082] [0.0571854151785]
0.07538996823135 [0.0906734839082] [0.0601064525545]
0.07647460885345 [0.0906734839082] [0.0622757337987]
0.07683619856835 [0.0906734839082] [0.0629989132285]
0.076878298074 [0.0906734839082] [0.0630831122398]
0.07711505517365 [0.0906734839082] [0.0635566264391]
0.0772872939706 [0.0906734839082] [0.063901104033]
0.07760291174055 [0.0906734839082] [0.0645323395729]
0.0785569548607 [0.0906734839082] [0.0664404258132]
0.07993952184915 [0.0906734839082] [0.0692055597901]
0.0817240327597 [0.0906734839082] [0.0727745816112]
0.0836263820529 [0.0906734839082] [0.0765792801976]
0.080291390419 [0.0809924677014] [0.0795903131366]
0.08195196837185001 [0.0822924301028] [0.0816115066409]
0.08138570189475 [0.0809182375669] [0.0818531662226]
0.08011930808425 [0.0783469974995] [0.081891618669]
0.07966216653585 [0.076672449708] [0.0826518833637]
0.08087338134645 [0.0771032050252] [0.0846435576677]
0.0840423218906 [0.0800269320607] [0.0880577117205]
0.0887435749173 [0.084818392992] [0.0926687568426]
0.09414995834235 [0.0906166955829] [0.0976832211018]
0.0996638573707 [0.0963691174984] [0.102958597243]
0.104499455541 [0.101422667503] [0.107576243579]
0.1082651652395 [0.105385474861] [0.111144855618]
0.112737197429 [0.112420812249] [0.113053582609]
0.11623455584049999 [0.118837967515] [0.113631144166]
0.1185676679015 [0.122665911913] [0.11446942389]
0.12014881521450001 [0.125082761049] [0.11521486938]
0.12223379686500001 [0.128660589457] [0.115807004273]
0.126429840922 [0.133352220058] [0.119507461786]
0.135423079133 [0.142168670893] [0.128677487373]
0.14824052155 [0.152435645461] [0.144045397639]
0.161207087338 [0.158541858196] [0.16387231648]
0.1678289622065 [0.155832111835] [0.179825812578]
0.166889607906 [0.145015776157] [0.188763439655]
0.16314791888000002 [0.131664052606] [0.194631785154]
0.1610250882805 [0.11996216327] [0.202088013291]
0.161590475589 [0.111264578998] [0.21191637218]
0.165155958384 [0.105498053133] [0.224813863635]
0.170391768217 [0.102158173919] [0.238625362515]
0.175758864731 [0.100737176836] [0.250780552626]
0.18024190142750002 [0.100373871624] [0.260109931231]
0.179580710828 [0.100722774863] [0.258438646793]
0.1729847230015 [0.101850531995] [0.244118914008]
0.157771587372 [0.103381589055] [0.212161585689]
0.1428828015925 [0.105045244098] [0.180720359087]
0.134024258703 [0.106871895492] [0.161176621914]
0.1311426572505 [0.110077850521] [0.15220746398]
0.133926589042 [0.11848629266] [0.149366885424]
0.1429507657885 [0.135126248002] [0.150775283575]
0.1573397666215 [0.160768613219] [0.153910920024]
0.17310258001099998 [0.191101253033] [0.155103906989]
0.183506719768 [0.213957041502] [0.153056398034]
0.18956125527599998 [0.230560466647] [0.148562043905]
0.1915620192885 [0.240016251802] [0.143107786775]
0.190021790564 [0.24255092442] [0.137492656708]
0.1866148263215 [0.240931048989] [0.132298603654]
0.182562060654 [0.236578315496] [0.128545805812]
0.178785122931 [0.23026534915] [0.127304896712]
0.176635943353 [0.224500581622] [0.128771305084]
0.176793947816 [0.221501886845] [0.132086008787]
0.179189093411 [0.220307931304] [0.138070255518]
0.18238333612649998 [0.217539593577] [0.147227078676]
0.181262619793 [0.213954299688] [0.148570939898]
0.1736050471665 [0.207655653358] [0.139554440975]
0.1618912518025 [0.194988697767] [0.128793805838]
0.149838887155 [0.178805530071] [0.120872244239]
0.1398205459115 [0.163341552019] [0.116299539804]
0.131458990276 [0.148495331407] [0.114422649145]
0.12409844622050001 [0.13415761292] [0.114039279521]
0.12117616459700001 [0.12848252058] [0.113869808614]
0.12089209258549999 [0.128434553742] [0.113349631429]
0.1218595393 [0.131904155016] [0.111814923584]
0.12389199435750001 [0.138285055757] [0.109498932958]
0.127380438149 [0.146481454372] [0.108279421926]
0.13140590116349998 [0.152795732021] [0.110016070306]
0.13566442579 [0.157738983631] [0.113589867949]
0.14049435779449998 [0.161051720381] [0.119936995208]
0.145524941385 [0.162790462375] [0.128259420395]
0.15094969421600002 [0.163954362273] [0.137945026159]
0.156210489571 [0.165338784456] [0.147082194686]
0.161454357207 [0.166940569878] [0.155968144536]
0.166194833815 [0.168989673257] [0.163399994373]
0.1700838431715 [0.170525938272] [0.169641748071]
0.17416857182950002 [0.175318688154] [0.173018455505]
0.181146733463 [0.183557480574] [0.178735986352]
0.191476128995 [0.193869695067] [0.189082562923]
0.20089797675600002 [0.195197358727] [0.206598594785]
0.212985619903 [0.193350657821] [0.232620581985]
0.224539399147 [0.18526828289] [0.263810515404]
0.23637842387000002 [0.180487915874] [0.292268931866]
0.2432200834155 [0.176483854651] [0.30995631218]
0.24208435416200003 [0.170499771833] [0.313668936491]
0.233242124319 [0.162521868944] [0.303962379694]
0.2172710895535 [0.152205944061] [0.282336235046]
0.1984114572405 [0.14010925591] [0.256713658571]
0.183060087264 [0.127787470818] [0.23833270371]
0.172094613314 [0.117020234466] [0.227168992162]
0.1660453267395 [0.108652643859] [0.22343800962]
0.163453709334 [0.102907009423] [0.224000409245]
0.1620115153492 [0.0993973985314] [0.224625632167]
0.16019208729265 [0.0973723828793] [0.223011791706]
0.15647526830455 [0.0955073386431] [0.217443197966]
0.1497261039912 [0.0923663154244] [0.207085892558]
0.13965150341385002 [0.0865741744637] [0.192728832364]
0.12850929424175 [0.0798828825355] [0.177135705948]
0.11988378688685 [0.0753715261817] [0.164396047592]
0.11603514850125 [0.0743608772755] [0.157709419727]
0.11820600926899999 [0.078496709466] [0.157915309072]
