0.0298484126106 [0.0451798476279] [0.0145169775933]
0.036255533807 [0.0579940900207] [0.0145169775933]
0.0435129767284 [0.0725089758635] [0.0145169775933]
0.0479410616681 [0.0813651457429] [0.0145169775933]
0.047845057211800004 [0.0811731368303] [0.0145169775933]
0.04620152991265 [0.077886082232] [0.0145169775933]
0.043956569395949996 [0.0733961611986] [0.0145169775933]
0.041298515163349994 [0.0680800527334] [0.0145169775933]
0.0388624249026 [0.0632078722119] [0.0145169775933]
0.037629476748400004 [0.0607419759035] [0.0145169775933]
0.038240407593550005 [0.0619638375938] [0.0145169775933]
0.040654058568199994 [0.0667911395431] [0.0145169775933]
0.04401924367995 [0.0735215097666] [0.0145169775933]
0.04676027875395 [0.0790035799146] [0.0145169775933]
0.04755393322555 [0.0805908888578] [0.0145169775933]
0.0463160602376 [0.0781151428819] [0.0145169775933]
0.04450659733265 [0.074496217072] [0.0145169775933]
0.043186715804049994 [0.0718564540148] [0.0145169775933]
0.0424149548635 [0.0703129321337] [0.0145169775933]
0.0430841622874 [0.0716513469815] [0.0145169775933]
0.044434296898549996 [0.0743516162038] [0.0145169775933]
0.0470189889893 [0.0795210003853] [0.0145169775933]
0.050099353306 [0.0856817290187] [0.0145169775933]
0.05230553727595 [0.0900940969586] [0.0145169775933]
0.05335885938255 [0.0922007411718] [0.0145169775933]
0.05288511049 [0.0912532433867] [0.0145169775933]
0.051217104308299996 [0.0879172310233] [0.0145169775933]
0.04894046019765 [0.083363942802] [0.0145169775933]
0.0463739996776 [0.0782310217619] [0.0145169775933]
0.044133192859600004 [0.0737494081259] [0.0145169775933]
0.04247751738875 [0.0704380571842] [0.0145169775933]
0.041297803632900004 [0.0680786296725] [0.0145169775933]
0.04040363337845 [0.0662902891636] [0.0145169775933]
0.03956042509525 [0.0646038725972] [0.0145169775933]
0.038788381032650004 [0.063059784472] [0.0145169775933]
0.03715831506995 [0.0597996525466] [0.0145169775933]
0.03537976462395 [0.0562425516546] [0.0145169775933]
0.0333900125697 [0.0522630475461] [0.0145169775933]
0.03180189523845 [0.0490868128836] [0.0145169775933]
0.0304983453825 [0.0464797131717] [0.0145169775933]
0.0294144982472 [0.0443120189011] [0.0145169775933]
0.02890864480285 [0.0433003120124] [0.0145169775933]
0.02893626410515 [0.043355550617] [0.0145169775933]
0.0292541841045 [0.0439913906157] [0.0145169775933]
0.02969282027335 [0.0448686629534] [0.0145169775933]
0.03007765393705 [0.0456383302808] [0.0145169775933]
0.0300006000325 [0.0454842224717] [0.0145169775933]
0.02885438967495 [0.0431918017566] [0.0145169775933]
0.027322194539 [0.0401274114847] [0.0145169775933]
0.02632413525135 [0.0381312929094] [0.0145169775933]
0.02568459231405 [0.0368522070348] [0.0145169775933]
0.02570287603885 [0.0368887744844] [0.0145169775933]
0.02641454990955 [0.0383121222258] [0.0145169775933]
0.0277959378436 [0.0410748980939] [0.0145169775933]
0.02981990855185 [0.0451228395104] [0.0145169775933]
0.032139665447149995 [0.049762353301] [0.0145169775933]
0.034414335154 [0.0543116927147] [0.0145169775933]
0.0364655861631 [0.0584141947329] [0.0145169775933]
0.036987060215350004 [0.0618939995766] [0.0120801208541]
0.03841871069745 [0.064748711884] [0.0120887095109]
0.040200979914549996 [0.0681490823627] [0.0122528774664]
0.043370537459850006 [0.0743450596929] [0.0123960152268]
0.04962009657175 [0.0866882279515] [0.012551965192]
0.060521712526749996 [0.108321376145] [0.0127220489085]
0.07841669255849999 [0.143906280398] [0.012927104719]
0.10246262140585 [0.191765919328] [0.0131593234837]
0.1268290528097 [0.240257382393] [0.0134007232264]
0.14391780924045 [0.274207562208] [0.0136280562729]
0.15356313763204998 [0.293320178986] [0.0138060962781]
0.1503467434086 [0.286755412817] [0.0139380740002]
0.14257900603095 [0.271122962236] [0.0140350498259]
0.1284092613496 [0.242355927825] [0.0144625948742]
0.10761186061435 [0.199739187956] [0.0154845332727]
0.0867149783298 [0.155868679285] [0.0175612773746]
0.07223121542475 [0.123152412474] [0.0213100183755]
0.06398721039275 [0.102521255612] [0.0254531651735]
0.059175546281050005 [0.0903986692429] [0.0279524233192]
0.055680410005150005 [0.0832404568791] [0.0281203631312]
0.053224448114650005 [0.0790032744408] [0.0274456217885]
0.05153695959600001 [0.0763878673315] [0.0266860518605]
0.050363069400199995 [0.074761338532] [0.0259648002684]
0.049863120540950004 [0.0737614408135] [0.0259648002684]
0.0496101286262 [0.073255456984] [0.0259648002684]
0.049431687220949996 [0.0728985741735] [0.0259648002684]
0.049258792772900004 [0.0725527852774] [0.0259648002684]
0.04921613819895 [0.0724674761295] [0.0259648002684]
0.04968660138545 [0.0734084025025] [0.0259648002684]
0.054685300216100005 [0.0770722553134] [0.0322983451188]
0.06009400635955 [0.0852893069386] [0.0348987057805]
0.06857842765739999 [0.100120000541] [0.0370368547738]
0.0799195300789 [0.121188297868] [0.0386507622898]
0.0913974530997 [0.143388897181] [0.0394060090184]
0.09854692593195 [0.157918348908] [0.0391755029559]
0.09983007982365 [0.161202803254] [0.0384573563933]
0.09856958128515 [0.15911257267] [0.0380265899003]
0.0976935010405 [0.157169312239] [0.038217689842]
0.09758784435675 [0.156309559941] [0.0388661287725]
0.09753567352880001 [0.155426353216] [0.0396449938416]
0.0974849145862 [0.154537275434] [0.0404325537384]
0.10036628507084999 [0.154659047723] [0.0460735224187]
0.10178421251455 [0.154355704784] [0.0492127202451]
0.10226954519725 [0.153927236795] [0.0506118535995]
0.10221374593655 [0.154501214623] [0.0499262772501]
0.10093155875804999 [0.153305888176] [0.0485572293401]
0.0967720169575 [0.146384701133] [0.047159332782]
0.0904434937983 [0.134873613715] [0.0460133738816]
0.08475350216040001 [0.123785890639] [0.0457211136818]
0.0817866586147 [0.116363175213] [0.0472101420164]
0.08156365528695 [0.111775882542] [0.0513514280319]
0.0825471654532 [0.107215121388] [0.0578792095184]
0.0830980986357 [0.10231243819] [0.0638837590814]
0.0806929282844 [0.0975020974874] [0.0638837590814]
0.0788183435798 [0.0937529280782] [0.0638837590814]
0.0776828117669 [0.0914818644524] [0.0638837590814]
0.07697094976905 [0.0900581404567] [0.0638837590814]
0.0764682777226 [0.0890527963638] [0.0638837590814]
0.07652128860355001 [0.0891588181257] [0.0638837590814]
0.07654647529125 [0.0892091915011] [0.0638837590814]
0.0760472379625 [0.0882107168436] [0.0638837590814]
0.07490060105919999 [0.085917443037] [0.0638837590814]
0.07281678169969999 [0.081749804318] [0.0638837590814]
0.0697680078447 [0.075652256608] [0.0638837590814]
0.06651403009894999 [0.0691443011165] [0.0638837590814]
0.06394936516885 [0.0640149712563] [0.0638837590814]
