0.045715979300445 [0.0867571309209] [0.00467482767999]
0.048959074774744996 [0.0931712016463] [0.00474694790319]
0.051679929485545 [0.0984842479229] [0.00487561104819]
0.054075518157565 [0.103223048151] [0.00492798816413]
0.055874089011845 [0.106734625995] [0.00501355202869]
0.05780980922298 [0.110456131399] [0.00516348704696]
0.060464561451235 [0.115282535553] [0.00564658734947]
0.06458819960257 [0.122687712312] [0.00648868689314]
0.067562704673125 [0.127593919635] [0.00753148971125]
0.068943864200375 [0.129338398576] [0.00854932982475]
0.06744366697984999 [0.125394418836] [0.0094929151237]
0.058824980631300004 [0.107270903885] [0.0103790573776]
0.04518919251855 [0.0790247097611] [0.011353675276]
0.0343996300362 [0.0561736524105] [0.0126256076619]
0.02768287807705 [0.0420470945537] [0.0133186616004]
0.024128009565150002 [0.0343793816864] [0.0138766374439]
0.02241468476135 [0.030462294817] [0.0143670747057]
0.02152543375265 [0.0281633995473] [0.014887467958]
0.02098680101335 [0.0264689605683] [0.0155046414584]
0.0202920315787 [0.0246483273804] [0.015935735777]
0.0194046990946 [0.0226848423481] [0.0161245558411]
0.0183583414182 [0.0208691563457] [0.0158475264907]
0.0172617295757 [0.0192201137543] [0.0153033453971]
0.0163572896272 [0.0177814178169] [0.0149331614375]
0.0160082071088 [0.0168657545] [0.0151506597176]
0.01569721335545 [0.0162437669933] [0.0151506597176]
0.0156425642781 [0.0161344688386] [0.0151506597176]
0.01580330962315 [0.0164559595287] [0.0151506597176]
0.0161344730295 [0.0171182863414] [0.0151506597176]
0.016326101031150002 [0.0175015423447] [0.0151506597176]
0.01558387326075 [0.0160170868039] [0.0151506597176]
0.01383599685505 [0.0125213339925] [0.0151506597176]
0.01214455952867 [0.00913845933974] [0.0151506597176]
0.011048418469715 [0.00694617722183] [0.0151506597176]
0.01049300073645 [0.0058353417553] [0.0151506597176]
0.01026375568471 [0.00537685165182] [0.0151506597176]
0.01021270849741 [0.00527475727722] [0.0151506597176]
0.010235071647905 [0.00531948357821] [0.0151506597176]
0.010292625054705 [0.00543459039181] [0.0151506597176]
0.010260296519835 [0.00536993332207] [0.0151506597176]
0.01021849666721 [0.00528633361682] [0.0151506597176]
0.010157813318065 [0.00516496691853] [0.0151506597176]
0.010095529956735001 [0.00504040019587] [0.0151506597176]
0.010056646075090001 [0.00496263243258] [0.0151506597176]
0.010046252515155 [0.00494184531271] [0.0151506597176]
0.010145066771645 [0.00513947382569] [0.0151506597176]
0.01047952263615 [0.0058083855547] [0.0151506597176]
0.0112366573885 [0.0073226550594] [0.0151506597176]
0.01280391728505 [0.0104571748525] [0.0151506597176]
0.0155695644207 [0.0159884691238] [0.0151506597176]
0.0189916905947 [0.0228327214718] [0.0151506597176]
0.02083532279355 [0.0265199858695] [0.0151506597176]
0.0209053219296 [0.0266599841416] [0.0151506597176]
0.0206358344294 [0.0261210091412] [0.0151506597176]
0.0207441379316 [0.0263376161456] [0.0151506597176]
0.02098816120995 [0.0268256627023] [0.0151506597176]
0.0214638528414 [0.0277770459652] [0.0151506597176]
0.02240598155185 [0.0296613033861] [0.0151506597176]
0.0241966587491 [0.0332426577806] [0.0151506597176]
0.02691645594315 [0.0386822521687] [0.0151506597176]
0.030256607104099997 [0.0453625544906] [0.0151506597176]
0.03362321155145 [0.0520957633853] [0.0151506597176]
0.0364733864553 [0.057796113193] [0.0151506597176]
0.03845335030925 [0.0617560409009] [0.0151506597176]
0.0392828215845 [0.0634149834514] [0.0151506597176]
0.0377676230855 [0.0603845864534] [0.0151506597176]
0.03491184161975 [0.0546730235219] [0.0151506597176]
0.03222638973965 [0.0493021197617] [0.0151506597176]
0.030573998112199997 [0.0459973365068] [0.0151506597176]
0.030132966581699998 [0.0451152734458] [0.0151506597176]
0.030407062266 [0.0456634648144] [0.0151506597176]
0.030682065058499998 [0.0462134703994] [0.0151506597176]
0.03047367045655 [0.0457966811955] [0.0151506597176]
0.029373871628200002 [0.0435970835388] [0.0151506597176]
0.027547264937300003 [0.039943870157] [0.0151506597176]
0.025470987427950002 [0.0357913151383] [0.0151506597176]
0.02363674761725 [0.0321228355169] [0.0151506597176]
0.022349789273 [0.0295489188284] [0.0151506597176]
0.02171739330515 [0.0282841268927] [0.0151506597176]
0.02178894774985 [0.0284272357821] [0.0151506597176]
0.02256816485895 [0.0299856700003] [0.0151506597176]
0.02412968920545 [0.0331087186933] [0.0151506597176]
0.0264012296684 [0.0376517996192] [0.0151506597176]
0.028969554696200002 [0.0427884496748] [0.0151506597176]
0.030829079914850004 [0.0465075001121] [0.0151506597176]
0.0311186746694 [0.0470866896212] [0.0151506597176]
0.029942287597800002 [0.044733915478] [0.0151506597176]
0.028260184917600004 [0.0413697101176] [0.0151506597176]
0.026577627751950002 [0.0380045957863] [0.0151506597176]
0.02531682373955 [0.0354829877615] [0.0151506597176]
0.024398135486999997 [0.0336456112564] [0.0151506597176]
0.023753375280650003 [0.0323560908437] [0.0151506597176]
0.023429260123500002 [0.0317078605294] [0.0151506597176]
0.023580929730100002 [0.0320111997426] [0.0151506597176]
0.02427427330985 [0.0333978869021] [0.0151506597176]
0.025329435709850003 [0.0355082117021] [0.0151506597176]
0.026429912541050003 [0.0377091653645] [0.0151506597176]
0.027334888000050003 [0.0395191162825] [0.0151506597176]
0.02797620603815 [0.0408017523587] [0.0151506597176]
0.02847859309985 [0.0418065264821] [0.0151506597176]
0.02886933879925 [0.0425880178809] [0.0151506597176]
0.02914612786845 [0.0431415960193] [0.0151506597176]
0.0293817394413 [0.043612819165] [0.0151506597176]
0.0296263792552 [0.0441020987928] [0.0151506597176]
0.029983634594800003 [0.044816609472] [0.0151506597176]
0.0304778278805 [0.0458049960434] [0.0151506597176]
0.031072354409849998 [0.0469940491021] [0.0151506597176]
0.03175262967125 [0.0483545996249] [0.0151506597176]
0.035470190458 [0.0494218990207] [0.0215184818953]
0.036120321601650004 [0.0504683889449] [0.0217722542584]
0.0366123616695 [0.0511445626616] [0.0220801606774]
0.03711240272965 [0.0514025688171] [0.0228222366422]
0.03740130364895 [0.0511186160147] [0.0236839912832]
0.037393456324949996 [0.0503345355392] [0.0244523771107]
0.0372053217143 [0.0496733002365] [0.0247373431921]
0.0372988283634 [0.0502702780068] [0.02432737872]
0.0384489847347 [0.0530589073896] [0.0238390620798]
0.040992190130049996 [0.0585726313293] [0.0234117489308]
0.0454702116549 [0.0670234784484] [0.0239169448614]
0.0507999174297 [0.077682889998] [0.0239169448614]
0.05733691435305 [0.0895413011312] [0.0251325275749]
0.06325484253475 [0.100967012346] [0.0255426727235]
0.06645765621210001 [0.106963507831] [0.0259518045932]
0.0628046449274 [0.0993289574981] [0.0262803323567]
0.053599812090400004 [0.080710850656] [0.0264887735248]
0.04407800361515 [0.0616124644876] [0.0265435427427]
0.03693590685725 [0.0477274097502] [0.0261444039643]
0.03249728493395 [0.0394850894809] [0.025509480387]
0.02999599371105 [0.0351714268327] [0.0248205605894]
0.0288892025128 [0.0332680605352] [0.0245103444904]
0.028521914966399997 [0.0325334854424] [0.0245103444904]
0.028283176012349996 [0.0320560075343] [0.0245103444904]
0.027847918681799998 [0.0311854928732] [0.0245103444904]
0.02707051858305 [0.0296306926757] [0.0245103444904]
0.0258693564683 [0.0272283684462] [0.0245103444904]
0.0244345674291 [0.0243587903678] [0.0245103444904]
0.0230995202437 [0.021688695997] [0.0245103444904]
0.02214156650005 [0.0197727885097] [0.0245103444904]
0.02168976143 [0.0188691783696] [0.0245103444904]
0.021769857034099997 [0.0190293695778] [0.0245103444904]
0.022319493815299997 [0.0201286431402] [0.0245103444904]
0.02324348781255 [0.0219766311347] [0.0245103444904]
0.024339493364099997 [0.0241686422378] [0.0245103444904]
0.02534658275545 [0.0261828210205] [0.0245103444904]
0.02585323899985 [0.0271961335093] [0.0245103444904]
0.025885925628249998 [0.0272615067661] [0.0245103444904]
0.017124389996755 [0.0268431659788] [0.00740561401471]
