0.0230938247405 [0.0135438507423] [0.0326437987387]
0.02365268440915 [0.0146615700796] [0.0326437987387]
0.02417664323 [0.0157094877213] [0.0326437987387]
0.0244208620861 [0.0161979254335] [0.0326437987387]
0.0243169488385 [0.0159900989383] [0.0326437987387]
0.0238685789518 [0.0150933591649] [0.0326437987387]
0.0234415461309 [0.0142392935231] [0.0326437987387]
0.0233469000086 [0.0140500012785] [0.0326437987387]
0.02367102354765 [0.0146982483566] [0.0326437987387]
0.0243419483304 [0.0160400979221] [0.0326437987387]
0.0251244343817 [0.0176050700247] [0.0326437987387]
0.0257032830268 [0.0187627673149] [0.0326437987387]
0.0258512580767 [0.0190587174147] [0.0326437987387]
0.02539002988485 [0.018136261031] [0.0326437987387]
0.0242297127843 [0.0158156268299] [0.0326437987387]
0.02272803196685 [0.012812265195] [0.0326437987387]
0.02142808493225 [0.0102123711258] [0.0326437987387]
0.020530165173105 [0.00841653160751] [0.0326437987387]
0.020049636485045 [0.00745547423139] [0.0326437987387]
0.019853020086875 [0.00706224143505] [0.0326437987387]
0.01986359921283 [0.00708339968696] [0.0326437987387]
0.0067584505304700004 [0.00732151698321] [0.00619538407773]
0.00684938929044 [0.00750209996477] [0.00619667861611]
0.00686755939387 [0.00758370617405] [0.00615141261369]
0.00687224348076 [0.00761909130961] [0.00612539565191]
0.00691738491878 [0.00766630610451] [0.00616846373305]
0.006971664028245001 [0.00761790480465] [0.00632542325184]
0.007020120276135 [0.00741519918665] [0.00662504136562]
0.0071817168500249995 [0.00733356038108] [0.00702987331897]
0.00756831234321 [0.00761650456116] [0.00752012012526]
0.008439116645605 [0.00889906287193] [0.00797917041928]
0.010146426502605 [0.0119993407279] [0.00829351227731]
0.01358451833951 [0.0187102798373] [0.00845875684172]
0.019529663026355 [0.0302269738168] [0.00883235223591]
0.025523219723275 [0.042297590524] [0.00874884892255]
0.02864941256123 [0.0488649271429] [0.00843389797956]
0.02924316469579 [0.0502961501479] [0.00819017924368]
0.02904628310354 [0.0497459098697] [0.00834665633738]
0.02850967273118 [0.0484318248928] [0.00858752056956]
0.02786582149565 [0.0468827933073] [0.008848849684]
0.027145929634550002 [0.0452366918325] [0.0090551674366]
0.026337029878035 [0.0435521714389] [0.00912188831717]
0.025254430714999998 [0.0415613949299] [0.0089474665001]
0.024917847942549996 [0.03970400244] [0.0101316934451]
0.024480136577049998 [0.0383500531316] [0.0106102200225]
0.024446344934400004 [0.0381803065538] [0.010712383315]
0.0247182152234 [0.0390041060746] [0.0104323243722]
0.0253742542118 [0.0404213368893] [0.0103271715343]
0.025852998252950003 [0.0415694862604] [0.0101365102455]
0.02673347853125 [0.0425131991506] [0.0109537579119]
0.027384259272349998 [0.043892249465] [0.0108762690797]
0.0287693780847 [0.0466841347516] [0.0108546214178]
0.030599565710865 [0.0512020587921] [0.00999707262963]
0.033485304564215 [0.0573692284524] [0.00960138067603]
0.037077919580045 [0.0647113993764] [0.00944443978369]
0.040301208849985004 [0.0711482465267] [0.00945417117327]
0.0432781148702 [0.0770166963339] [0.0095395334065]
0.047102006152255 [0.084462814033] [0.00974119827151]
0.05253680003805 [0.096186093986] [0.0088875060901]
0.060319527983495005 [0.112142205238] [0.00849685072899]
0.06755249341938499 [0.126703366637] [0.00840162020177]
0.07092847954503001 [0.132908508182] [0.00894845090806]
0.071057213470395 [0.132644891739] [0.00946953520179]
0.0715863578952 [0.132818803191] [0.0103539125994]
0.07510796841249999 [0.139347136021] [0.010868800804]
0.0828592646868 [0.152307495475] [0.0134110338986]
0.092469640076 [0.167202249169] [0.017737030983]
0.1017957981675 [0.179724216461] [0.023867379874]
0.10854800604260001 [0.186502590775] [0.0305934213102]
0.11245040968054999 [0.188583806157] [0.0363170132041]
0.11337527818955 [0.1860088557] [0.0407417006791]
0.1127432323991 [0.181265056133] [0.0442214086652]
0.10992103442569999 [0.172798097134] [0.0470439717174]
0.10427589155754999 [0.159830719233] [0.0487210638821]
0.09647915512345 [0.144150435925] [0.0488078743219]
0.08796800859265 [0.129251629114] [0.0466843880713]
0.08020018786195 [0.117997571826] [0.0424028038979]
0.07465867698209999 [0.113362707198] [0.0359546467662]
0.0746874064207 [0.11418607831] [0.0351887345314]
0.07393837720179999 [0.113131128252] [0.0347456261516]
0.0718996319921 [0.109346456826] [0.0344528071582]
0.068269852549 [0.102310098708] [0.03422960639]
0.06428271532055 [0.0947081595659] [0.0338572710752]
0.06082851812245 [0.0885222181678] [0.0331348180771]
0.05841148830949999 [0.0846760421991] [0.0321469344199]
0.05718587804585 [0.0834040939808] [0.0309676621109]
0.0570315923542 [0.0843870267272] [0.0296761579812]
0.0575025770813 [0.0866566672921] [0.0283484868705]
0.05841353069995 [0.0891419127584] [0.0276851486415]
0.0588379614055 [0.0909618362784] [0.0267140865326]
0.0590265840292 [0.0920710265636] [0.0259821414948]
0.0597871774808 [0.0939306840301] [0.0256436709315]
0.06575188413265 [0.0977011024952] [0.0338026657701]
0.07099891081465 [0.106007896364] [0.0359899252653]
0.07878779619955 [0.118604972959] [0.0389706194401]
0.0893395189197 [0.136357739568] [0.0423212982714]
0.1020218953492 [0.158488556743] [0.0455552339554]
0.11286171525699999 [0.180719837546] [0.045003592968]
0.1171789243815 [0.189354255795] [0.045003592968]
0.1157780736685 [0.186552554369] [0.045003592968]
0.109490469098 [0.173977345228] [0.045003592968]
0.101030997932 [0.157058402896] [0.045003592968]
0.0930029302835 [0.141002267599] [0.045003592968]
0.08765683323145 [0.128588989377] [0.0467246770859]
0.08468680642565 [0.118578627706] [0.0507949851453]
0.0843862760811 [0.112200297415] [0.0565722547472]
0.08460404723885001 [0.106006897986] [0.0632011964917]
0.08415908366444999 [0.100029245019] [0.0682889223099]
0.0832846947014 [0.0967023298144] [0.0698670595884]
0.08303650468585 [0.0962059497833] [0.0698670595884]
0.08404316753145 [0.0982192754745] [0.0698670595884]
0.0853491835297 [0.100831307471] [0.0698670595884]
0.0871997512877 [0.104532442987] [0.0698670595884]
0.08996793627720001 [0.110068812966] [0.0698670595884]
0.09378002956520001 [0.117692999542] [0.0698670595884]
0.0982820987702 [0.126697137952] [0.0698670595884]
0.10181675106270001 [0.133766442537] [0.0698670595884]
0.1033295765517 [0.136792093515] [0.0698670595884]
0.1015346720817 [0.133202284575] [0.0698670595884]
0.0982238128782 [0.126580566168] [0.0698670595884]
