0.02333069127055 [0.0316852219403] [0.0149761606008]
0.02276839315895 [0.0317239314318] [0.0138128548861]
0.0216691447422 [0.030629336834] [0.0127089526504]
0.0204324615188 [0.0289585776627] [0.0119063453749]
0.019517220556750002 [0.0276089590043] [0.0114254821092]
0.01921236887575 [0.0271992255002] [0.0112255122513]
0.01998622203245 [0.0279315710068] [0.0120408730581]
0.021081104408950002 [0.0299970544875] [0.0121651543304]
0.02295766118915 [0.03320081532] [0.0127145070583]
0.024704102426750002 [0.0355231389403] [0.0138850659132]
0.024700703565049997 [0.0337880626321] [0.015613344498]
0.022692092694349998 [0.0277278423309] [0.0176563430578]
0.0201111575589 [0.0208759196103] [0.0193463955075]
0.0180946364999 [0.0160621032119] [0.0201271697879]
0.01667983131485 [0.0131316734478] [0.0202279891819]
0.0158806061372 [0.0113451909274] [0.020416021347]
0.01590788038445 [0.0102879600599] [0.021527800709]
0.016833820380249997 [0.009710310027] [0.0239573307335]
0.016756128985415 [0.00955492723733] [0.0239573307335]
0.016889249905925 [0.00982116907835] [0.0239573307335]
0.01706107426435 [0.0101648177952] [0.0239573307335]
0.01713732117785 [0.0103173116222] [0.0239573307335]
0.0170658091083 [0.0101742874831] [0.0239573307335]
0.01681283628566 [0.00966834183782] [0.0239573307335]
0.016523072030375 [0.00908881332725] [0.0239573307335]
0.01632938347755 [0.0087014362216] [0.0239573307335]
0.0163365351036 [0.0087157394737] [0.0239573307335]
0.01660228986291 [0.00924724899232] [0.0239573307335]
0.01710834447295 [0.0102593582124] [0.0239573307335]
0.01022177329288 [0.0117078330368] [0.00873571354896]
0.01238465309145 [0.0135953454301] [0.0111739607528]
0.0145141677931 [0.0159174073488] [0.0131109282374]
0.0164566379972 [0.0185300856829] [0.0143831903115]
0.018113221041849998 [0.0207753442228] [0.0154510978609]
0.018784767948100002 [0.0212961733341] [0.0162733625621]
0.01867388002575 [0.0205679498613] [0.0167798101902]
0.01838470902295 [0.0197944752872] [0.0169749427587]
0.018252723850349997 [0.0197113528848] [0.0167940948159]
0.019135134294600002 [0.021916039288] [0.0163542293012]
0.0213903123513 [0.0270260479301] [0.0157545767725]
0.025138430763 [0.0351425297558] [0.0151343317702]
0.031158514320849998 [0.0444935671985] [0.0178234614432]
0.03518574498595 [0.050657838583] [0.0197136513889]
0.03604659345 [0.0518464334309] [0.0202467534691]
0.03480468411 [0.0495139695704] [0.0200953986496]
0.0324644614011 [0.0456260256469] [0.0193028971553]
0.02945407107475 [0.04017335549] [0.0187347866595]
0.0257373712957 [0.0331694558263] [0.0183052867651]
0.021830064244600003 [0.025849159807] [0.0178109686822]
0.018484836444250002 [0.0197344869375] [0.017235185951]
0.01583272358405 [0.0151568958536] [0.0165085513145]
0.0139519958757 [0.01214147266] [0.0157625190914]
0.01261890726165 [0.0103191519156] [0.0149186626077]
0.011918148957175 [0.00939776189625] [0.0144385360181]
0.011778300628089999 [0.00904733221978] [0.0145092690364]
0.01217942126096 [0.00916709378362] [0.0151917487383]
0.012893232982630001 [0.00964893680066] [0.0161375291646]
0.0135174933821 [0.0100422240794] [0.0169927626848]
0.013826068956400001 [0.0103095592931] [0.0173425786197]
0.01401305524635 [0.0104264756665] [0.0175996348262]
0.01427282672375 [0.0103351213038] [0.0182105321437]
0.014574206434199998 [0.0103409159929] [0.0188074968755]
0.01498931273815 [0.0105825513601] [0.0193960741162]
0.015629928093399997 [0.0110140042379] [0.0202458519489]
0.016319809947150002 [0.0119203152135] [0.0207193046808]
0.0172868468799 [0.0136097716168] [0.020963922143]
0.0186882149428 [0.0163397993892] [0.0210366304964]
0.020526801236 [0.0201245956123] [0.0209290068597]
