0.043335664086049996 [0.06622210145] [0.0204492267221]
0.049935312010300006 [0.07781855762] [0.0220520664006]
0.05742058251055 [0.0913394764066] [0.0235016886145]
0.06331800948805 [0.102213196456] [0.0244228225201]
0.06527070142335001 [0.106205917895] [0.0243354849517]
0.063283856027 [0.103377297521] [0.023190414533]
0.057828897610299995 [0.0946468710899] [0.0210109241307]
0.051357844844449996 [0.0838859826326] [0.0188297070563]
0.045876819640399996 [0.0743394345045] [0.0174142047763]
0.0416138470173 [0.0658134892583] [0.0174142047763]
0.0380914360285 [0.0587686672807] [0.0174142047763]
0.0359072983265 [0.0544003918767] [0.0174142047763]
0.0351902972907 [0.0529663898051] [0.0174142047763]
0.03527593426405 [0.0531376637518] [0.0174142047763]
0.035546489059950004 [0.0536787733436] [0.0174142047763]
0.035521773621449995 [0.0536293424666] [0.0174142047763]
0.035083493217849995 [0.0527527816594] [0.0174142047763]
0.03438491001725 [0.0513556152582] [0.0174142047763]
0.033834651112550004 [0.0502550974488] [0.0174142047763]
0.03383065201345 [0.0502470992506] [0.0174142047763]
0.0345103945583 [0.0516065843403] [0.0174142047763]
0.035841256380099995 [0.0542683079839] [0.0174142047763]
0.0372116621584 [0.0570091195405] [0.0174142047763]
0.03751327097415 [0.057612337172] [0.0174142047763]
0.035793222486999995 [0.0541722401977] [0.0174142047763]
0.032996674999600004 [0.0485791452229] [0.0174142047763]
0.03047888725995 [0.0435435697436] [0.0174142047763]
0.02872942574325 [0.0400446467102] [0.0174142047763]
0.02750753983855 [0.0376008749008] [0.0174142047763]
0.0266714375466 [0.0359286703169] [0.0174142047763]
0.019027946167610003 [0.0349713489413] [0.00308454339392]
0.01919803570489 [0.0347798131406] [0.00361625826918]
0.019709355197865 [0.0351111441851] [0.00430756621063]
0.020047472557055003 [0.0350633263588] [0.00503161875531]
0.019850176060585 [0.0338716991246] [0.00582865299657]
0.019013731740429998 [0.0313832573593] [0.00664420612156]
0.01781454449517 [0.0282445531338] [0.00738453585654]
0.0167403384112 [0.0255110189319] [0.0079696578905]
0.016277511604135 [0.0242374483496] [0.00831757485867]
0.016660075169065 [0.0248013623059] [0.00851878803223]
0.017987509723735 [0.0272787287831] [0.00869629066437]
0.020204374566689998 [0.0314679257572] [0.00894082337618]
0.02444519894195 [0.0360292010009] [0.012861196883]
0.027684694156050002 [0.0382682196796] [0.0171011686325]
0.027595432475250002 [0.0370843559504] [0.0181065090001]
0.024827683344499998 [0.034067761153] [0.015587605536]
0.02204271638765 [0.0315181352198] [0.0125672975555]
0.02025089785455 [0.0302275214344] [0.0102742742747]
0.01935128122568 [0.0299554336816] [0.00874712876976]
0.019067735411225 [0.0303940679878] [0.00774140283465]
0.01922847796232 [0.0314579717815] [0.00699898414314]
0.019701522775015 [0.033045090735] [0.00635795481503]
0.020298224408165 [0.0347959399223] [0.00580050889403]
0.020640355302035 [0.0359801873565] [0.00530052324757]
0.020475425524650002 [0.0361384302378] [0.0048124208115]
0.020023107295875 [0.0356980338693] [0.00434818072245]
0.01937697781249 [0.0348348431289] [0.00391911249608]
0.018962322617895 [0.034373767674] [0.00355087756179]
0.018904415192105003 [0.0345378890634] [0.00327094132081]
0.01919085381085 [0.0353350192308] [0.0030466883909]
0.0196043914184 [0.0363036133349] [0.0029051695019]
0.019875752972450002 [0.0369297154248] [0.0028217905201]
0.019852794474015 [0.0369557589293] [0.00274983001873]
0.01946549012789 [0.0362353213131] [0.00269565894268]
0.018858439521855 [0.0350850522518] [0.00263182679191]
0.01822313701266 [0.0338606126606] [0.00258566136472]
0.017729432554915 [0.0328685157001] [0.00259034940973]
0.0176391795976 [0.0326501354575] [0.0026282237377]
0.01810436649248 [0.033477678895] [0.00273105408996]
0.019154996145530002 [0.0353624261916] [0.00294756609946]
0.020472086034694997 [0.0378693901002] [0.00307478196919]
0.021666026092119997 [0.0401085913181] [0.00322346086614]
0.022384221432745 [0.0413756258786] [0.00339281698689]
0.022522616432975002 [0.04148266837] [0.00356256449595]
0.022392214392305 [0.041033051908] [0.00375137687661]
0.02231990103611 [0.0407533682883] [0.00388643378392]
0.02264116960579 [0.0413549654186] [0.00392737379298]
0.02348638488911 [0.0429831109941] [0.00398965878412]
0.024642956443115 [0.045135628432] [0.00415028445423]
0.0258273263462 [0.0472030118108] [0.0044516408816]
0.026920719305029997 [0.0490820407867] [0.00475939782336]
0.02777327247893 [0.0507871471345] [0.00475939782336]
0.02856210083703 [0.0523648038507] [0.00475939782336]
0.029304750496530002 [0.0538501031697] [0.00475939782336]
0.02996490173973 [0.0551704056561] [0.00475939782336]
0.030513514066130003 [0.0562676303089] [0.00475939782336]
0.03086578496733 [0.0569721721113] [0.00475939782336]
0.03175457217728 [0.0587497465312] [0.00475939782336]
0.034226021030930004 [0.0636926442385] [0.00475939782336]
0.06531498394905 [0.0733322575688] [0.0572977103293]
0.06610524095595 [0.0859950110316] [0.0462154708803]
0.06930479221045 [0.0978731587529] [0.040736425668]
0.07017399743175 [0.102723807096] [0.0376241877675]
0.06681041978310001 [0.102135166526] [0.0314856730402]
0.06079653277995 [0.099859662354] [0.0217334032059]
0.0561870317906 [0.0981777459383] [0.0141963176429]
0.0541559425183 [0.098305054009] [0.0100068310276]
0.054287614300915 [0.100671850145] [0.00790337845683]
0.056118810549415005 [0.104334242642] [0.00790337845683]
0.058034239336915 [0.108165100217] [0.00790337845683]
0.059533296152915 [0.111163213849] [0.00790337845683]
0.06018205685564 [0.112863644958] [0.00750046875328]
0.060415289132165005 [0.11374360323] [0.00708697503433]
0.060418512672165 [0.114107504487] [0.00672952085733]
0.060473093995675 [0.115033663809] [0.00591252418235]
0.06137611647112 [0.117674209177] [0.00507802376524]
0.063775395974425 [0.12321767956] [0.00433311238885]
0.06762144132536 [0.131196200848] [0.00404668180272]
0.07201872079175001 [0.140328615904] [0.0037088256795]
0.076428962638495 [0.149496078491] [0.00336184678599]
0.080933674587955 [0.158813044429] [0.00305430474691]
0.084051822661505 [0.165304079652] [0.00279956567101]
0.084485640167505 [0.166171714664] [0.00279956567101]
0.083201838075005 [0.163604110479] [0.00279956567101]
0.081233834265505 [0.15966810286] [0.00279956567101]
0.079580557882005 [0.156361550093] [0.00279956567101]
0.078752798377505 [0.154706031084] [0.00279956567101]
0.077406299649505 [0.152013033628] [0.00279956567101]
0.075899054645505 [0.14899854362] [0.00279956567101]
0.074050207971505 [0.145300850272] [0.00279956567101]
0.071187560796005 [0.139575555921] [0.00279956567101]
0.065317635773505 [0.127835705876] [0.00279956567101]
0.058234305470005 [0.113669045269] [0.00279956567101]
0.051779360859505 [0.100759156048] [0.00279956567101]
0.06491556204855 [0.0913197696209] [0.0385113544762]
0.06235904619095 [0.0862953662872] [0.0384227260947]
0.06213320046665 [0.085091419518] [0.0391749814153]
0.0642052907497 [0.0875826403499] [0.0408279411495]
0.0679001659155 [0.0931800752878] [0.0426202565432]
0.0717140100896 [0.0995458513498] [0.0438821688294]
0.07445395551645 [0.104297459126] [0.0446104519069]
0.07657223381105 [0.10793376714] [0.0452107004821]
0.0777182132004 [0.109526544809] [0.0459098815918]
0.076771756634 [0.10703266412] [0.046510849148]
0.074219113216 [0.10170917213] [0.046729054302]
0.0707483813167 [0.0949918776751] [0.0465048849583]
0.0679102651775 [0.0898449718952] [0.0459755584598]
0.0652397163212 [0.0876126885414] [0.042866744101]
0.0632133129984 [0.0894011333585] [0.0370254926383]
0.0620298227295 [0.0937611237168] [0.0302985217422]
0.06423401739449999 [0.0985509902239] [0.0299170445651]
0.066268403083 [0.103540048003] [0.028996758163]
0.06789670418945 [0.10825381428] [0.0275395940989]
0.06918485369555 [0.112590707839] [0.0257789995521]
0.07029148191205001 [0.116549387574] [0.0240335762501]
0.07136303000165001 [0.120293773711] [0.0224322862923]
0.07256879936915 [0.124186806381] [0.0209507923573]
0.0744148017839 [0.129297733307] [0.0195318702608]
0.07766002044100001 [0.137046054006] [0.018273986876]
0.0825978983196 [0.147644579411] [0.0175512172282]
0.0897052679209 [0.161719858646] [0.0176906771958]
0.09803277067845001 [0.179423749447] [0.0166417919099]
0.10703782504435 [0.2001106143] [0.0139650357887]
0.11745135020455 [0.223939374089] [0.0109633263201]
