0.0344041902572 [0.0388568639755] [0.0299515165389]
0.0350278196856 [0.0402051620185] [0.0298504773527]
0.0350711941719 [0.0405511409044] [0.0295912474394]
0.0342178400606 [0.0395214445889] [0.0289142355323]
0.0326255718246 [0.0375263132155] [0.0277248304337]
0.030818185769 [0.0355354249477] [0.0261009465903]
0.02908134646715 [0.0337391681969] [0.0244235247374]
0.028235659003300002 [0.0320477932692] [0.0244235247374]
0.02752018533645 [0.0302683841437] [0.0247719865292]
0.02675114478915 [0.0284485705197] [0.0250537190586]
0.02601900417355 [0.0270970035344] [0.0249410048127]
0.02549793384965 [0.0265673846006] [0.0244284830987]
0.02539968583735 [0.0270510092378] [0.0237483624369]
0.025642515160150002 [0.0280615352094] [0.0232234951109]
0.02581988088785 [0.0289665367454] [0.0226732250303]
0.02535379398615 [0.0291351545602] [0.0215724334121]
0.02382242120805 [0.0282788127661] [0.01936602965]
0.02132381312545 [0.0261796303093] [0.0164679959416]
0.019947658292949998 [0.0234273206443] [0.0164679959416]
0.01849565468725 [0.0205233134329] [0.0164679959416]
0.017336618155199997 [0.0182052403688] [0.0164679959416]
0.016573194414349998 [0.0166783928871] [0.0164679959416]
0.01617920119315 [0.0158904064447] [0.0164679959416]
0.01607359573245 [0.0156791955233] [0.0164679959416]
0.01608551479875 [0.0157030336559] [0.0164679959416]
0.0160716930404 [0.0156753901392] [0.0164679959416]
0.015915296506099998 [0.0153625970706] [0.0164679959416]
0.015597952995449998 [0.0147279100493] [0.0164679959416]
0.01525139808655 [0.0140348002315] [0.0164679959416]
0.0151206613518 [0.013773326762] [0.0164679959416]
0.01534244511275 [0.0142168942839] [0.0164679959416]
0.0159096084535 [0.0153512209654] [0.0164679959416]
0.0167400408536 [0.0170120857656] [0.0164679959416]
0.017831943929199998 [0.0191958919168] [0.0164679959416]
0.01905910205095 [0.0216502081603] [0.0164679959416]
0.02026772126555 [0.0240674465895] [0.0164679959416]
0.02135048061605 [0.0262329652905] [0.0164679959416]
0.02228318806735 [0.0280983801931] [0.0164679959416]
0.0229417653754 [0.0294155348092] [0.0164679959416]
0.0235648015514 [0.0306616071612] [0.0164679959416]
0.02429308928545 [0.0321181826293] [0.0164679959416]
0.024791771546 [0.0331155471504] [0.0164679959416]
0.02508601918815 [0.0337040424347] [0.0164679959416]
0.025797130539999998 [0.0351262651384] [0.0164679959416]
0.026341246441 [0.0362144969404] [0.0164679959416]
0.0264116115868 [0.036355227232] [0.0164679959416]
0.02601851336655 [0.0355690307915] [0.0164679959416]
0.02550193108615 [0.0345358662307] [0.0164679959416]
0.0252925157547 [0.0341170355678] [0.0164679959416]
0.02565618418155 [0.0348443724215] [0.0164679959416]
0.026463430374849998 [0.0364588648081] [0.0164679959416]
0.027344526722999998 [0.0382210575044] [0.0164679959416]
0.027767501771449998 [0.0390670076013] [0.0164679959416]
0.0277515351772 [0.0390350744128] [0.0164679959416]
0.0277515351772 [0.0390350744128] [0.0164679959416]
0.0277515351772 [0.0390350744128] [0.0164679959416]
0.0277515351772 [0.0390350744128] [0.0164679959416]
0.0277515351772 [0.0390350744128] [0.0164679959416]
0.0277515351772 [0.0390350744128] [0.0164679959416]
0.0277515351772 [0.0390350744128] [0.0164679959416]
0.0277515351772 [0.0390350744128] [0.0164679959416]
0.0277515351772 [0.0390350744128] [0.0164679959416]
0.04673600196835 [0.0770040079951] [0.0164679959416]
0.046015955507750006 [0.0755639150739] [0.0164679959416]
0.0464647747576 [0.0764615535736] [0.0164679959416]
0.04751235246655 [0.0785567089915] [0.0164679959416]
0.048699721693949996 [0.0809314474463] [0.0164679959416]
0.04993520304559999 [0.0834024101496] [0.0164679959416]
0.050617653876499996 [0.0847673118114] [0.0164679959416]
0.050375808030349994 [0.0842836201191] [0.0164679959416]
0.0497261062264 [0.0829842165112] [0.0164679959416]
0.04918148741125 [0.0818949788809] [0.0164679959416]
0.04874899610875 [0.0810299962759] [0.0164679959416]
0.0476205796003 [0.078773163259] [0.0164679959416]
0.0470735840499 [0.0776791721582] [0.0164679959416]
0.044910252094249994 [0.0733525082469] [0.0164679959416]
0.0432121604681 [0.0699563249946] [0.0164679959416]
0.043157819658500005 [0.0698476433754] [0.0164679959416]
0.04410041123625 [0.0717328265309] [0.0164679959416]
0.04521647468204999 [0.0739649534225] [0.0164679959416]
0.046421803533999995 [0.0763756111264] [0.0164679959416]
0.047802507877350006 [0.0791370198131] [0.0164679959416]
0.048975087702249995 [0.0814821794629] [0.0164679959416]
0.049936935305600005 [0.0834058746696] [0.0164679959416]
0.050528064370150005 [0.0845881327987] [0.0164679959416]
0.05011772364375 [0.0837674513459] [0.0164679959416]
0.04906284064055 [0.0816576853395] [0.0164679959416]
0.048078257590499995 [0.0796885192394] [0.0164679959416]
0.04798647388815 [0.0795049518347] [0.0164679959416]
0.04943940415975 [0.0824108123779] [0.0164679959416]
0.05224084481595 [0.0880136936903] [0.0164679959416]
0.0554706081748 [0.094473220408] [0.0164679959416]
0.0577364042401 [0.0990048125386] [0.0164679959416]
0.0576506964862 [0.0988333970308] [0.0164679959416]
0.055193811655049996 [0.0939196273685] [0.0164679959416]
0.05091423913835 [0.0853604823351] [0.0164679959416]
0.04674959927795 [0.0770312026143] [0.0164679959416]
0.043281838297799996 [0.070095680654] [0.0164679959416]
0.04077602177855 [0.0650840476155] [0.0164679959416]
0.0395442023873 [0.062620408833] [0.0164679959416]
0.0391002241522 [0.0617324523628] [0.0164679959416]
0.036736831068949996 [0.0570056661963] [0.0164679959416]
0.03697318211195 [0.0574783682823] [0.0164679959416]
0.0371171198785 [0.0577662438154] [0.0164679959416]
0.0369909517467 [0.0575139075518] [0.0164679959416]
0.0363439656794 [0.0562199354172] [0.0164679959416]
0.035354468971450004 [0.0542409420013] [0.0164679959416]
0.03422550112005 [0.0519830062985] [0.0164679959416]
0.033253235742449996 [0.0500384755433] [0.0164679959416]
0.032663829624650004 [0.0488596633077] [0.0164679959416]
0.032551838085049994 [0.0486356802285] [0.0164679959416]
0.032854616642 [0.0492412373424] [0.0164679959416]
0.03339038230475 [0.0503127686679] [0.0164679959416]
0.039702162146549994 [0.0629363283515] [0.0164679959416]
0.03866240382195 [0.0608568117023] [0.0164679959416]
0.0321567058563 [0.047845415771] [0.0164679959416]
0.027919393032749998 [0.0393707901239] [0.0164679959416]
0.0243413131684 [0.0322146303952] [0.0164679959416]
0.02302646078165 [0.0295849256217] [0.0164679959416]
0.02313622366635 [0.0298044513911] [0.0164679959416]
0.0240264497697 [0.0315849035978] [0.0164679959416]
0.02499710209665 [0.0335262082517] [0.0164679959416]
