0.012498528696600002 [0.0186543930322] [0.006342664361]
0.011898412369200001 [0.0174541603774] [0.006342664361]
0.01161874923855 [0.0168948341161] [0.006342664361]
0.01159861590715 [0.0168545674533] [0.006342664361]
0.0118323257193 [0.0173219870776] [0.006342664361]
0.0124429659918 [0.0185432676226] [0.006342664361]
0.013588512316349999 [0.0208343602717] [0.006342664361]
0.015359004959450001 [0.0243753455579] [0.006342664361]
0.0177189251408 [0.0290951859206] [0.006342664361]
0.020141934976 [0.033941205591] [0.006342664361]
0.0217782948166 [0.0372139252722] [0.006342664361]
0.022028202191 [0.037713740021] [0.006342664361]
0.0210796557367 [0.0358166471124] [0.006342664361]
0.01957928203045 [0.0328158996999] [0.006342664361]
0.01794291473925 [0.0295431651175] [0.006342664361]
0.01637778710575 [0.0264129098505] [0.006342664361]
0.014939722605049999 [0.0235367808491] [0.006342664361]
0.01367394067345 [0.0210052169859] [0.006342664361]
0.01274841371925 [0.0191541630775] [0.006342664361]
0.012121093459450002 [0.0178995225579] [0.006342664361]
0.01177496742455 [0.0172072704881] [0.006342664361]
0.0116116767749 [0.0168806891888] [0.006342664361]
0.011500968597849999 [0.0166592728347] [0.006342664361]
0.011395828798399999 [0.0164489932358] [0.006342664361]
0.01130769681185 [0.0162727292627] [0.006342664361]
0.011285429820400001 [0.0162281952798] [0.006342664361]
0.01140868570655 [0.0164747070521] [0.006342664361]
0.011721992865199999 [0.0171013213694] [0.006342664361]
0.0122828250751 [0.0182229857892] [0.006342664361]
0.013170185498899999 [0.0199977066368] [0.006342664361]
0.0145369619131 [0.0227312594652] [0.006342664361]
0.01668760273605 [0.0270325411111] [0.006342664361]
0.030607842840249998 [0.033784404397] [0.0274312812835]
0.03657142445445 [0.0440332628787] [0.0291095860302]
0.044040268287100004 [0.0583789199591] [0.0297016166151]
0.05190973728895 [0.075155839324] [0.0286636352539]
0.0574071770534 [0.0884515345097] [0.0263628195971]
0.0581819564104 [0.0923726484179] [0.0239912644029]
0.05552059598265 [0.0885943546891] [0.0224468372762]
0.05194416735325 [0.0818272158504] [0.0220611188561]
0.049473413266249995 [0.0761635452509] [0.0227832812816]
0.0483679883182 [0.0725758522749] [0.0241601243615]
0.04795511532575 [0.0703125298023] [0.0255977008492]
0.0475757541135 [0.0682105049491] [0.0269410032779]
0.04756966326385 [0.0661201998591] [0.0290191266686]
0.04723236337305 [0.0639148876071] [0.030549839139]
0.0462116189301 [0.0616003721952] [0.030822865665]
0.044267239980400004 [0.058788921684] [0.0297455582768]
0.0411307094619 [0.0549416430295] [0.0273197758943]
0.0372934257612 [0.0500422380865] [0.0245446134359]
0.033506288193150005 [0.0449380837381] [0.0220744926482]
0.030824397690599997 [0.041194319725] [0.0204544756562]
0.0295440191403 [0.0396775491536] [0.019410489127]
0.02968824375425 [0.0403076000512] [0.0190688874573]
0.030622298829249998 [0.0422447063029] [0.0189998913556]
0.031533844769 [0.044376630336] [0.018691059202]
0.03176775202155 [0.0456788502634] [0.0178566537797]
0.0314186736941 [0.0460131950676] [0.0168241523206]
0.0309440698475 [0.0460754707456] [0.0158126689494]
0.030525786336499997 [0.0459607280791] [0.0150908445939]
0.03020445397125 [0.0458232983947] [0.0145856095478]
0.0300094266422 [0.0457265302539] [0.0142923230305]
0.030235215090249998 [0.0461886748672] [0.0142817553133]
0.03131913160905 [0.0482120104134] [0.0144262528047]
0.034025317523599996 [0.0533398352563] [0.0147107997909]
0.0390823115595 [0.0631641224027] [0.0150005007163]
0.0471207438968 [0.0790299326181] [0.0152115551755]
0.057796124369049996 [0.100010044873] [0.0155822038651]
0.0682143084705 [0.120290145278] [0.016138471663]
0.07518185116369999 [0.133463352919] [0.0169003494084]
0.07990501914165 [0.141994550824] [0.0178154874593]
0.08713669795555 [0.155485659838] [0.0187877360731]
0.09517339151335 [0.170585736632] [0.0197610463947]
0.09964621998375 [0.178503483534] [0.0207889564335]
0.09898293763400001 [0.176126241684] [0.021839633584]
0.09461611881865001 [0.166561841965] [0.0226703956723]
0.08759921602895 [0.152441203594] [0.0227572284639]
0.0794193586334 [0.136782541871] [0.0220561753958]
0.07132822927085 [0.121571548283] [0.0210849102587]
0.06454746797695 [0.108854800463] [0.0202401354909]
0.059794587083150004 [0.0996811464429] [0.0199080277234]
0.0547980107367 [0.0894951596856] [0.0201008617878]
0.0499958312139 [0.0795045122504] [0.0204871501774]
0.04557100031525 [0.0704612284899] [0.0206807721406]
0.041648707352549996 [0.0629470273852] [0.0203503873199]
0.0382253434509 [0.0566783621907] [0.0197723247111]
0.03559916745875 [0.0516687780619] [0.0195295568556]
0.03384166117755 [0.0478166565299] [0.0198666658252]
0.03285825811325 [0.0451354011893] [0.0205811150372]
0.03239436540755 [0.0434111207724] [0.0213776100427]
0.03217959590255 [0.0421503894031] [0.022208802402]
0.0320145143196 [0.0411141552031] [0.0229148734361]
0.03188733942805 [0.0403250530362] [0.0234496258199]
0.03167108632625 [0.0394831635058] [0.0238590091467]
0.03148052841425 [0.0385936163366] [0.0243674404919]
0.03227422293275 [0.0390485189855] [0.02549992688]
0.03439945261925 [0.0415538400412] [0.0272450651973]
0.03787832614035 [0.0463293381035] [0.0294273141772]
0.040283027105049996 [0.0507779456675] [0.0297881085426]
0.040472169406699995 [0.0534931086004] [0.027451230213]
0.03808792866765 [0.0520162731409] [0.0241595841944]
0.03599148616195 [0.050727147609] [0.0212558247149]
0.03413498122245 [0.0494049042463] [0.0188650581986]
0.0328144887462 [0.0485847368836] [0.0170442406088]
0.03236080519855 [0.0489469841123] [0.0157746262848]
0.03256650688125 [0.0500132925808] [0.0151197211817]
0.03315092250705 [0.0512595623732] [0.0150422826409]
0.0340391206555 [0.0525490753353] [0.0155291659757]
0.035157577134649995 [0.0539111867547] [0.0164039675146]
0.03651750646535 [0.0555618964136] [0.0174731165171]
0.0379619859159 [0.0575712956488] [0.018352676183]
0.03926896303895 [0.0596804581583] [0.0188574679196]
0.0402230238542 [0.0616123788059] [0.0188336689025]
0.040725419297800006 [0.0629726201296] [0.018478218466]
0.041082668118150006 [0.0639891028404] [0.0181762333959]
0.0417322926223 [0.0649777576327] [0.0184868276119]
0.044121560640649995 [0.0680077895522] [0.0202353317291]
0.04899458866565 [0.0736309736967] [0.0243582036346]
0.0555599629879 [0.0794761702418] [0.031643755734]
0.06279720366 [0.0841165855527] [0.0414778217673]
0.0697673652321 [0.0876191332936] [0.0519155971706]
0.07631655968725 [0.0923069193959] [0.0603261999786]
0.0793824158609 [0.0942369252443] [0.0645279064775]
0.0805040933192 [0.0954692810774] [0.065538905561]
0.08075231313705 [0.096380546689] [0.0651240795851]
0.0820560529828 [0.0978642478585] [0.0662478581071]
0.08480734750630001 [0.0992068499327] [0.0704078450799]
0.08936243131755 [0.0994319170713] [0.0792929455638]
0.0946785956621 [0.0976974889636] [0.0916597023606]
0.09794107452035 [0.0935087427497] [0.102373406291]
0.0961098037661 [0.0877812802792] [0.104438327253]
0.08766861259940001 [0.0803518742323] [0.0949853509665]
0.0763462111354 [0.0730228871107] [0.0796695351601]
0.0662197805941 [0.0667132511735] [0.0657263100147]
0.058788126334549995 [0.0619106814265] [0.0556655712426]
0.05363338068125 [0.0581784546375] [0.049088306725]
0.0507778339088 [0.056101590395] [0.0454540774226]
0.0493788551539 [0.055209942162] [0.0435477681458]
0.04871274530885 [0.0550421774387] [0.042383313179]
0.04870423302055 [0.0555570796132] [0.0418513864279]
0.04912056028845 [0.0566926933825] [0.0415484271944]
0.049560934305200005 [0.0578185468912] [0.0413033217192]
0.0505576469004 [0.0601438768208] [0.04097141698]
0.05203699320555 [0.0632809922099] [0.0407929942012]
0.05407563969490001 [0.0668841972947] [0.0412670820951]
0.0570846833289 [0.0711566433311] [0.0430127233267]
0.0618419777602 [0.0767161399126] [0.0469678156078]
0.06942041032015 [0.0847826078534] [0.0540582127869]
0.08092006668445001 [0.0969371423125] [0.0649029910564]
0.0962155684829 [0.114015750587] [0.0784153863788]
0.1117510274054 [0.133306398988] [0.0901956558228]
0.1232061125336 [0.150659948587] [0.0957522764802]
0.1285468377172 [0.161264285445] [0.0958293899894]
0.13110483810295 [0.167949914932] [0.0942597612739]
0.1308718137444 [0.169447258115] [0.0922963693738]
0.12971937283865 [0.16918900609] [0.0902497395873]
0.12650895491245 [0.165153220296] [0.0878646895289]
0.12228631973245 [0.158570438623] [0.0860022008419]
0.11693545430895 [0.149100780487] [0.0847701281309]
0.1083082593978 [0.135631710291] [0.0809848085046]
0.09503550454955 [0.119345284998] [0.0707257241011]
0.07783617265510001 [0.101847849786] [0.0538244955242]
