0.07900321111099999 [0.019805110991] [0.138201311231]
0.0794942937793 [0.0207872763276] [0.138201311231]
0.0798183660956 [0.0214354209602] [0.138201311231]
0.08028994686919999 [0.0223785825074] [0.138201311231]
0.08115870691855 [0.0241161026061] [0.138201311231]
0.080476850271 [0.026727154851] [0.134226545691]
0.08234602492290001 [0.0295494254678] [0.135142624378]
0.084270203486 [0.031378660351] [0.137161746621]
0.08381326030935 [0.0304647739977] [0.137161746621]
0.0838613649832 [0.0269519817084] [0.140770748258]
0.08309836406255 [0.0230974946171] [0.143099233508]
0.08134069666255 [0.0199687406421] [0.142712652683]
0.0783754773438 [0.0175745263696] [0.139176428318]
0.07541366294025 [0.0160304531455] [0.134796872735]
0.07599620055424999 [0.0152912493795] [0.136701151729]
0.07596530392785 [0.0152294561267] [0.136701151729]
0.07610455015695 [0.0155079485849] [0.136701151729]
0.07626930251735 [0.0158374533057] [0.136701151729]
0.0763205317782 [0.0159399118274] [0.136701151729]
0.0761800613256 [0.0156589709222] [0.136701151729]
0.07586398767324999 [0.0150268236175] [0.136701151729]
0.0754474685529 [0.0141937853768] [0.136701151729]
0.0749895959163 [0.0132780401036] [0.136701151729]
0.07457346934845 [0.0124457869679] [0.136701151729]
0.07425961317515 [0.0118180746213] [0.136701151729]
0.07406079862284999 [0.0114204455167] [0.136701151729]
0.0739672440106 [0.0112333362922] [0.136701151729]
0.07395316008495 [0.0112051684409] [0.136701151729]
0.07391717564335 [0.0111331995577] [0.136701151729]
0.07375149149464999 [0.0108018312603] [0.136701151729]
0.0734216859566 [0.0101422201842] [0.136701151729]
0.07300686044637 [0.00931256916374] [0.136701151729]
0.072628175839965 [0.00855519995093] [0.136701151729]
0.07245604973304999 [0.0082109477371] [0.136701151729]
0.07252996647749 [0.00835878122598] [0.136701151729]
0.072847644798645 [0.00899413786829] [0.136701151729]
0.07339591486399999 [0.010090677999] [0.136701151729]
0.07416712678984999 [0.0116331018507] [0.136701151729]
0.07513603707795 [0.0135709224269] [0.136701151729]
0.0762505866589 [0.0158000215888] [0.136701151729]
0.07738099992295 [0.0180608481169] [0.136701151729]
0.07845374196785 [0.0202063322067] [0.136701151729]
0.07947220280785 [0.0222432538867] [0.136701151729]
0.08051660098155 [0.0243320502341] [0.136701151729]
0.08183452021349999 [0.026967888698] [0.136701151729]
0.0518352948129 [0.0295175909996] [0.0741529986262]
0.0518444366753 [0.0325180217624] [0.0711708515882]
0.05179923214015 [0.0358007214963] [0.067797742784]
0.05235022865235 [0.0400843732059] [0.0646160840988]
0.054686069488549996 [0.0471590086818] [0.0622131302953]
0.058953369036299996 [0.0582337118685] [0.0596730262041]
0.06344986893235 [0.071231611073] [0.0556681267917]
0.0657323542982 [0.0819066315889] [0.0495580770075]
0.0633985493332 [0.0846655666828] [0.0421315319836]
0.058724988251949994 [0.081618629396] [0.0358313471079]
0.054416039958600004 [0.0767985060811] [0.0320335738361]
0.0513744782656 [0.0726081654429] [0.0301407910883]
0.0494444211945 [0.069716617465] [0.029172224924]
0.0483651664108 [0.0679637491703] [0.0287665836513]
0.0475869616494 [0.0670007988811] [0.0281731244177]
0.0467898370698 [0.0664360448718] [0.0271436292678]
0.0462776729837 [0.0666407048702] [0.0259146410972]
0.0466888360679 [0.0688537210226] [0.0245239511132]
0.04758363589645 [0.0718307867646] [0.0233364850283]
0.04763000737875 [0.0723455324769] [0.0229144822806]
0.046878317371 [0.0701906308532] [0.0235660038888]
0.046485748142 [0.0676460117102] [0.0253254845738]
0.04745151195675 [0.0668082013726] [0.0280948225409]
0.05060998909175 [0.069122992456] [0.0320969857275]
0.056268662214250004 [0.0744441449642] [0.0380931794643]
0.0643738824874 [0.0825947001576] [0.0461530648172]
0.0736965406686 [0.0926345139742] [0.054758567363]
0.0810181833804 [0.101955793798] [0.0600805729628]
0.0848866701128 [0.10862030834] [0.0611530318856]
0.08626865409315 [0.111465767026] [0.0610715411603]
0.0872689597308 [0.11299367249] [0.0615442469716]
0.0879606995733 [0.114113852382] [0.0618075467646]
0.08840485662235001 [0.113975606859] [0.0628341063857]
0.0877616778015 [0.111213929951] [0.064309425652]
0.08587072417135 [0.10674533993] [0.0649961084127]
0.0822052694855 [0.101149462163] [0.063261076808]
0.07588720135390001 [0.0935157686472] [0.0582586340606]
0.06825926899910001 [0.0847386196256] [0.0517799183726]
0.061537718400349994 [0.0776176601648] [0.0454577766359]
0.05679374933245 [0.0724063739181] [0.0411811247468]
0.054674930870550004 [0.0692399889231] [0.040109872818]
0.05487760715185 [0.0682044327259] [0.0415507815778]
0.05625547468665 [0.068098731339] [0.0444122180343]
0.05801899358635 [0.0678732246161] [0.0481647625566]
0.0597044415772 [0.0669593736529] [0.0524495095015]
0.060785567387950004 [0.0657114982605] [0.0558596365154]
0.0609693750739 [0.0647716298699] [0.0571671202779]
0.060521248728049995 [0.0642819777131] [0.056760519743]
0.0599126443267 [0.0638846457005] [0.0559406429529]
