0.058195546269450005 [0.0679893344641] [0.0484017580748]
0.056313771754499996 [0.068518742919] [0.04410880059]
0.0565753187984 [0.0704401731491] [0.0427104644477]
0.059385566040850005 [0.0759072527289] [0.0428638793528]
0.06501803174615 [0.0856820717454] [0.0443539917469]
0.0718793049455 [0.0980756208301] [0.0456829890609]
0.07598121464235 [0.106270447373] [0.0456919819117]
0.074207559228 [0.103898972273] [0.044516146183]
0.06772035919130001 [0.0923061296344] [0.0431345887482]
0.06066009402275 [0.0795330107212] [0.0417871773243]
0.055641220882550003 [0.0702370479703] [0.0410453937948]
0.05323268473145 [0.0646317005157] [0.0418336689472]
0.053524769842600003 [0.0619321092963] [0.0451174303889]
0.056612344458700004 [0.0610670223832] [0.0521576665342]
0.06234727241099999 [0.0613181255758] [0.0633764192462]
0.07053659856319999 [0.0625389814377] [0.0785342156887]
0.07891948521135 [0.0633328557014] [0.0945061147213]
0.0850154198708 [0.0636240169406] [0.106406822801]
0.08967670425775001 [0.0626845657825] [0.116668842733]
0.09324962459495 [0.0608078502119] [0.125691398978]
0.09786055609594999 [0.0584811940789] [0.137239918113]
0.10459698550419999 [0.0569036863744] [0.152290284634]
0.11436449922629999 [0.0572206415236] [0.171508356929]
0.1230162475259 [0.0596732534468] [0.186359241605]
0.1295861415563 [0.0642466172576] [0.194925665855]
0.13769908621915 [0.0706535950303] [0.204744577408]
0.14630161970865 [0.0778332799673] [0.21476995945]
0.15266669914145 [0.0835674032569] [0.221765995026]
0.1548112183811 [0.0866699367762] [0.222952499986]
0.1495988517999 [0.0827814936638] [0.216416209936]
0.13766783475855 [0.0717911273241] [0.203544542193]
0.12368700467055 [0.0591373406351] [0.188236668706]
0.11305844411265 [0.0489624217153] [0.17715446651]
0.1075899284331 [0.0425026081502] [0.172677248716]
0.10575176961709999 [0.0388518162072] [0.172651723027]
0.10597117990260001 [0.0373257994652] [0.17461656034]
0.10688601620495 [0.0371793247759] [0.176592707634]
0.10777602717295 [0.0379320606589] [0.177619993687]
0.10867542959769999 [0.0391027219594] [0.178248137236]
0.10958319529909999 [0.0402202233672] [0.178946167231]
0.11055308021589999 [0.0408939309418] [0.18021222949]
0.1113224010913 [0.0411669425666] [0.181477859616]
0.1109217833725 [0.041179459542] [0.180664107203]
0.1111720893533 [0.0418877638876] [0.180456414819]
0.11438003741200001 [0.044387307018] [0.184372767806]
0.12135688960565 [0.0497980564833] [0.192915722728]
0.1306905001403 [0.0582671165466] [0.203113883734]
0.14424111321555 [0.0706183537841] [0.217863872647]
0.16009164601555 [0.0868392884731] [0.233344003558]
0.1770784668625 [0.106514535844] [0.247642397881]
0.191968053579 [0.128150373697] [0.255785733461]
0.1998075917365 [0.147659555078] [0.251955628395]
0.1977016627785 [0.159873411059] [0.235529914498]
0.188754759729 [0.161537885666] [0.215971633792]
0.176729373634 [0.155691236258] [0.19776751101]
0.1658487692475 [0.147335097194] [0.184362441301]
0.154051028192 [0.137366861105] [0.170735195279]
0.14272867143149998 [0.128111079335] [0.157346263528]
0.132003504783 [0.118593581021] [0.145413428545]
0.121854979545 [0.109156779945] [0.134553179145]
0.112674895674 [0.100166238844] [0.125183552504]
0.1043135486544 [0.0922714099288] [0.11635568738]
0.09707806259415 [0.0853922069073] [0.108763918281]
0.0907263569536 [0.0802957043052] [0.101157009602]
0.08419658988715 [0.0753927156329] [0.0930004641414]
0.0779863856733 [0.0708410218358] [0.0851317495108]
0.0729259252548 [0.0675425156951] [0.0783093348145]
0.06963248178365 [0.0658188313246] [0.0734461322427]
0.0687053576112 [0.0657640248537] [0.0716466903687]
0.06957579776645001 [0.0661419555545] [0.0730096399784]
0.07263273000715 [0.0670642778277] [0.0782011821866]
0.07697637751695 [0.0687507614493] [0.0852019935846]
0.0818725079298 [0.0718174427748] [0.0919275730848]
0.08824455365515 [0.0761285945773] [0.100360512733]
0.0958383642138 [0.0808705985546] [0.110806129873]
0.10495332628500001 [0.086339302361] [0.123567350209]
0.1156779602172 [0.0937483757734] [0.137607544661]
0.128812354058 [0.102919451892] [0.154705256224]
0.143320966512 [0.111831732094] [0.17481020093]
0.15647781640300001 [0.118923380971] [0.194032251835]
0.1658604331315 [0.122617639601] [0.209103226662]
0.166860185564 [0.123076230288] [0.21064414084]
0.1607002019885 [0.122277066112] [0.199123337865]
0.15199234336599998 [0.123206347227] [0.180778339505]
0.143823467195 [0.124096512794] [0.163550421596]
0.1394961625335 [0.128213688731] [0.150778636336]
0.137916520238 [0.133564382792] [0.142268657684]
0.137030541897 [0.138333722949] [0.135727360845]
0.13112394511699998 [0.13392829895] [0.128319591284]
0.115931391716 [0.114966772497] [0.116896010935]
0.09700698405495001 [0.0898968502879] [0.104117117822]
0.08168375492095001 [0.0698421373963] [0.0935253724456]
0.07301000505685 [0.0590299069881] [0.0869901031256]
0.06928212381900001 [0.0546938367188] [0.0838704109192]
0.0684611648321 [0.0540660172701] [0.0828563123941]
