0.066255312413 [0.0721624493599] [0.0603481754661]
0.06483887135985 [0.0699334815145] [0.0597442612052]
0.06491393968459999 [0.0675651952624] [0.0622626841068]
0.06588618829845 [0.0651304796338] [0.0666418969631]
0.06796447932720001 [0.0631194785237] [0.0728094801307]
0.07089594751594999 [0.0621827021241] [0.0796091929078]
0.07365026138719999 [0.0610713176429] [0.0862292051315]
0.07618246786294999 [0.0594892986119] [0.092875637114]
0.07935672439655 [0.0577005110681] [0.101012937725]
0.0839917492121 [0.0561224333942] [0.11186106503]
0.08995460905115 [0.0551125593483] [0.124796658754]
0.09529994241875 [0.0540113560855] [0.136588528752]
0.0985411833971 [0.0535758249462] [0.143506541848]
0.09931552037619999 [0.0532367900014] [0.145394250751]
0.09915627911695 [0.0535736009479] [0.144738957286]
0.09937947243445 [0.0548514872789] [0.14390745759]
0.1013283897189 [0.0562431700528] [0.146413609385]
0.10675958357740001 [0.0563185624778] [0.157200604677]
0.10454121604575001 [0.0534569993615] [0.15562543273]
0.09173551388090001 [0.0475419349968] [0.135929092765]
0.08411431312564999 [0.0415679961443] [0.126660630107]
0.08142429590245 [0.0375148206949] [0.12533377111]
0.0819151103496 [0.0361908823252] [0.127639338374]
0.08387793600579999 [0.0376249849796] [0.130130887032]
0.0873228721319 [0.0414738878608] [0.133171856403]
0.09198459237824999 [0.0474558621645] [0.136513322592]
0.0972591787576 [0.0543648004532] [0.140153557062]
0.10226187296205 [0.0602850653231] [0.144238680601]
0.10707295686025001 [0.0658508986235] [0.148295015097]
0.1119358278811 [0.0715316012502] [0.152340054512]
0.1173268333077 [0.0778979063034] [0.156755760312]
0.12384703010325 [0.0858086794615] [0.161885380745]
0.13141630962505 [0.0955355837941] [0.167297035456]
0.1405983529985 [0.108638845384] [0.172557860613]
0.15238048881299998 [0.126880437136] [0.17788054049]
0.16686691343799998 [0.148161455989] [0.185572370887]
0.1811920031905 [0.16418646276] [0.198197543621]
0.1957676932215 [0.169639676809] [0.221895709634]
0.20876605808749998 [0.169158652425] [0.24837346375]
0.216063566506 [0.166248396039] [0.265878736973]
0.21945054084100002 [0.163723930717] [0.275177150965]
0.221698395908 [0.161717608571] [0.281679183245]
0.22327506542199999 [0.158529996872] [0.288020133972]
0.223226837814 [0.154474660754] [0.291979014874]
0.219677992165 [0.14920206368] [0.29015392065]
0.2155849859115 [0.142746582627] [0.288423389196]
0.2124164775015 [0.135385259986] [0.289447695017]
0.210021875799 [0.127357169986] [0.292686581612]
0.208966575563 [0.119255885482] [0.298677265644]
0.20950670540299998 [0.112703412771] [0.306309998035]
0.2100198306145 [0.108897544444] [0.311142116785]
0.21028748527149999 [0.108871437609] [0.311703532934]
0.20760831609400002 [0.111301697791] [0.303914934397]
0.199546892196 [0.115498222411] [0.283595561981]
0.187710124999 [0.117678530514] [0.257741719484]
0.1792282499375 [0.120970465243] [0.237486034632]
0.176587283611 [0.126773521304] [0.226401045918]
0.1777045428755 [0.133758708835] [0.221650376916]
0.1803809031845 [0.139715060592] [0.221046745777]
0.182292632759 [0.142347544432] [0.222237721086]
0.18254675716149998 [0.142291039228] [0.222802475095]
0.18146853893999998 [0.142246738076] [0.220690339804]
0.17940245568750002 [0.145023956895] [0.21378095448]
0.177376776934 [0.151094272733] [0.203659281135]
0.1716789901255 [0.151945769787] [0.191412210464]
0.15773580223349998 [0.137236386538] [0.178235217929]
0.140809670091 [0.116330817342] [0.16528852284]
0.1273253522815 [0.100245155394] [0.154405549169]
