0.0970929935573 [0.0889235436916] [0.105262443423]
0.10601051896790001 [0.0857256054878] [0.126295432448]
0.11587140709145 [0.0810213088989] [0.150721505284]
0.1253193058075 [0.077490799129] [0.173147812486]
0.13267695158725 [0.0758330225945] [0.18952088058]
0.1355243101716 [0.0754176527262] [0.195630967617]
0.13710150867685 [0.0750637352467] [0.199139282107]
0.13695141300570002 [0.0731746032834] [0.200728222728]
0.13816802576179998 [0.0697602555156] [0.206575796008]
0.1368680372835 [0.065175011754] [0.208561062813]
0.1297765448688 [0.0593555271626] [0.200197562575]
0.1207956243304 [0.0533461160958] [0.188245132565]
0.1113094780595 [0.04716071859] [0.175458237529]
0.10344517976035 [0.0419390946627] [0.164951264858]
0.09688614867605 [0.0385306142271] [0.155241683125]
0.08999755978585 [0.0372717678547] [0.142723351717]
0.08284612745049999 [0.037938863039] [0.127753391862]
0.07740490138535 [0.0397655442357] [0.115044258535]
0.0743726957589 [0.0420933701098] [0.106652021408]
0.07392912916825 [0.0443891994655] [0.103469058871]
0.0751373302191 [0.0462426878512] [0.104031972587]
0.07734042592335 [0.0476062633097] [0.107074588537]
0.0796702597292 [0.0486940033734] [0.110646516085]
0.0817580483854 [0.0496700704098] [0.113846026361]
0.0828218683601 [0.0505096763372] [0.115134060383]
0.08290128968645 [0.0517724789679] [0.114030100405]
0.08282761648315 [0.0545148029923] [0.111140429974]
0.08389298804105 [0.0596676878631] [0.108118288219]
0.08711444586535 [0.0676492005587] [0.106579691172]
0.09339360147695 [0.0785119533539] [0.1082752496]
0.10269252955935 [0.0904347524047] [0.114950306714]
0.113099772483 [0.10006313771] [0.126136407256]
0.121891800314 [0.105337359011] [0.138446241617]
0.126534178853 [0.105557203293] [0.147511154413]
0.127978231758 [0.10386326164] [0.152093201876]
0.1279166452585 [0.101663298905] [0.154169991612]
0.12761804834 [0.100101657212] [0.155134439468]
0.128735970706 [0.100452102721] [0.157019838691]
0.1312815472485 [0.101174339652] [0.161388754845]
0.13614325970399999 [0.102724820375] [0.169561699033]
0.14313578605650001 [0.104397848248] [0.181873723865]
0.152486473322 [0.105870559812] [0.199102386832]
0.1630436964335 [0.10778336972] [0.218304023147]
0.1726980544625 [0.109844110906] [0.235551998019]
0.179984908551 [0.111354060471] [0.248615756631]
0.182892307639 [0.112153768539] [0.253630846739]
0.17899697273999998 [0.109537303448] [0.248456642032]
0.1739130429925 [0.107513733208] [0.240312352777]
0.1711449325085 [0.107445240021] [0.234844624996]
0.1717051379385 [0.109485007823] [0.233925268054]
0.173675503582 [0.114193476737] [0.233157530427]
0.174792099744 [0.120390854776] [0.229193344712]
0.1746096387505 [0.123905867338] [0.225313410163]
0.1738721355795 [0.126126870513] [0.221617400646]
0.169428013265 [0.127758100629] [0.211097925901]
0.1653838530185 [0.130157530308] [0.200610175729]
0.16254606843 [0.13420291245] [0.19088922441]
0.1613240838055 [0.140474095941] [0.18217407167]
0.1620575115085 [0.148889288306] [0.175225734711]
0.1635899320245 [0.157521665096] [0.169658198953]
0.165024340153 [0.16505843401] [0.164990246296]
0.1648375466465 [0.170737475157] [0.158937618136]
0.1629944965245 [0.172081977129] [0.15390701592]
0.16168686747549998 [0.173114612699] [0.150259122252]
0.16087497025699998 [0.173581495881] [0.148168444633]
0.1588704660535 [0.172603607178] [0.145137324929]
0.1543803289535 [0.168383345008] [0.140377312899]
0.1479501873255 [0.161065801978] [0.134834572673]
0.140536233783 [0.151590809226] [0.12948165834]
0.1333970800045 [0.140815958381] [0.125978201628]
0.12763967365 [0.131435394287] [0.123843953013]
0.12349350377900001 [0.12286721915] [0.124119788408]
0.12099145352849999 [0.11475686729] [0.127226039767]
0.11923628300450001 [0.107185572386] [0.131286993623]
0.11776349321 [0.100361786783] [0.135165199637]
0.11643029749370001 [0.0946740955114] [0.138186499476]
0.1148127205672 [0.0903315618634] [0.139293879271]
0.1125649176537 [0.0882931128144] [0.136836722493]
0.11083390563725 [0.0890604406595] [0.132607370615]
0.11021064966905 [0.0913136899471] [0.129107609391]
0.11109059304015001 [0.0944059044123] [0.127775281668]
0.11436726152875 [0.0993923693895] [0.129342153668]
0.11965130269499999 [0.104382008314] [0.134920597076]
0.11805004999044999 [0.0906280651689] [0.145472034812]
0.11655489355345 [0.0709403604269] [0.16216942668]
0.1220654547214 [0.0606762766838] [0.183454632759]
0.1322121843698 [0.0576050430536] [0.206819325686]
0.14024106599375 [0.0574560798705] [0.223026052117]
0.14110929518955 [0.0571649670601] [0.225053623319]
0.14033237099645 [0.0569894015789] [0.223675340414]
0.1403059866281 [0.0570151470602] [0.223596826196]
0.14340719580665 [0.0570953786373] [0.229719012976]
0.14965983852755 [0.0570933744311] [0.242226302624]
0.1573400683702 [0.0569533482194] [0.257726788521]
0.1634857691822 [0.0566183403134] [0.270353198051]
0.1659757457671 [0.0561391934752] [0.275812298059]
0.16513556614495 [0.0555770173669] [0.274694114923]
0.16136285476385 [0.0550152026117] [0.267710506916]
0.1564694177357 [0.0543271265924] [0.258611708879]
0.15055720135565 [0.0533653721213] [0.24774903059]
0.14482424594445 [0.0520217008889] [0.237626791]
0.1402680426834 [0.0515663474798] [0.228969737887]
0.1390926502645 [0.056285046041] [0.221900254488]
0.1425391547382 [0.0687347725034] [0.216343536973]
0.14877618476749999 [0.086473993957] [0.211078375578]
0.1498408243059 [0.0955197960138] [0.204161852598]
0.14520121738295 [0.0955706015229] [0.194831833243]
0.1400051154195 [0.096540696919] [0.18346953392]
0.13681875541799998 [0.097847007215] [0.175790503621]
0.1372815929355 [0.100351460278] [0.174211725593]
0.1408922746775 [0.10380205512] [0.177982494235]
0.14549254998549999 [0.106596298516] [0.184388801455]
0.150781009346 [0.108932636678] [0.192629382014]
0.15648058056800002 [0.110625684261] [0.202335476875]
0.1630558222535 [0.11256505549] [0.213546589017]
0.170055355877 [0.117254368961] [0.222856342793]
0.17617361620049998 [0.122003652155] [0.230343580246]
0.1789182052015 [0.124462544918] [0.233373865485]
0.17784923687600002 [0.122234798968] [0.233463674784]
