0.13104410096995 [0.0965566858649] [0.165531516075]
0.12563794106249998 [0.087763980031] [0.163511902094]
0.1209310665725 [0.082032173872] [0.159829959273]
0.11772507801675 [0.0793767645955] [0.156073391438]
0.11674515902989999 [0.0790363699198] [0.15445394814]
0.11713640764335 [0.0804050192237] [0.153867796063]
0.11834971979279998 [0.0823244825006] [0.154374957085]
0.1198058724403 [0.0833268910646] [0.156284853816]
0.12110105529405 [0.0830603763461] [0.159141734242]
0.1217712536452 [0.0815591812134] [0.161983326077]
0.1216035559774 [0.0796848535538] [0.163522258401]
0.11544328555475 [0.0784638002515] [0.152422770858]
0.1031655892729 [0.0779431462288] [0.128388032317]
0.0930550880731 [0.0788672417402] [0.107242934406]
0.08988833799955001 [0.0819128155708] [0.0978638604283]
0.09185295924545 [0.0880340188742] [0.0956718996167]
0.0964921601117 [0.0959247425199] [0.0970595777035]
0.101153247058 [0.101398080587] [0.100908413529]
0.104224704206 [0.102476112545] [0.105973295867]
0.10428603365995 [0.0973634719849] [0.111208595335]
0.1014451310037 [0.0870242863894] [0.115865975618]
0.09701332822445 [0.0751506537199] [0.118876002729]
0.0922191627325 [0.0647078529] [0.119730472565]
0.08757217228425 [0.0566259250045] [0.118518419564]
0.0838244389743 [0.0514952130616] [0.116153664887]
0.08165178075455 [0.0489597246051] [0.114343836904]
0.08151117712275 [0.0480835959315] [0.114938758314]
0.0833850726487 [0.0477801412344] [0.118990004063]
0.08724009059385 [0.0474562756717] [0.127023905516]
0.0941908918321 [0.0471600666642] [0.141221717]
0.10274517536149999 [0.046877682209] [0.158612668514]
0.10884934663795 [0.0468195229769] [0.170879170299]
0.11121413297975001 [0.0469175465405] [0.175510719419]
0.1107126325369 [0.0474916696548] [0.173933595419]
0.1100727729499 [0.0490611121058] [0.171084433794]
0.1104732230308 [0.0519067943096] [0.169039651752]
0.1129500661047 [0.0564387477934] [0.169461384416]
0.11704116128405 [0.0616600029171] [0.172422319651]
0.12191250547755 [0.0658148601651] [0.17801015079]
0.12497460097060001 [0.0669202506542] [0.183028951287]
0.1261145211757 [0.0649183765054] [0.187310665846]
0.1260460577904 [0.0617334917188] [0.190358623862]
0.12594266794625 [0.0591379366815] [0.192747399211]
0.12649639323345 [0.0578324273229] [0.195160359144]
0.1282175071536 [0.0574697181582] [0.198965296149]
0.13019035197785 [0.0576329417527] [0.202747762203]
0.1328813172878 [0.0581929311156] [0.20756970346]
0.1378240082414 [0.0591676868498] [0.216480329633]
0.1467808652667 [0.0601428188384] [0.233418911695]
0.1571961399166 [0.0610205940902] [0.253371685743]
0.16437630914134999 [0.0610711090267] [0.267681509256]
0.1663607489319 [0.0596825443208] [0.273038953543]
0.1643006522206 [0.0587491430342] [0.269852161407]
0.16381243243809998 [0.0605405643582] [0.267084300518]
0.16750372573715 [0.0662114545703] [0.268795996904]
0.17647853121155 [0.0755238160491] [0.277433246374]
0.18684589490305 [0.0858186706901] [0.287873119116]
0.19378735125059998 [0.0929534435272] [0.294621258974]
0.19357815757405 [0.0950556173921] [0.292100697756]
0.1890872679649 [0.0946737155318] [0.283500820398]
0.18230368569475003 [0.0932256653905] [0.271381705999]
0.17512184381505 [0.0921250581741] [0.258118629456]
0.16908923909075 [0.0915317460895] [0.246646732092]
0.16341475769890002 [0.0917110219598] [0.235118493438]
0.1588848568499 [0.0936045274138] [0.224165186286]
0.15727232024095 [0.0984711721539] [0.216073468328]
0.159882988781 [0.106884889305] [0.212881088257]
0.1663590483365 [0.120015092194] [0.212703004479]
0.17315619438899998 [0.133864730597] [0.212447658181]
0.178307116032 [0.146242886782] [0.210371345282]
0.17989242821899998 [0.153671607375] [0.206113249063]
0.1780109256505 [0.15687674284] [0.199145108461]
0.1732823327185 [0.156449764967] [0.19011490047]
0.165224611759 [0.15237647295] [0.178072750568]
0.156786650419 [0.148929014802] [0.164644286036]
0.1487321183085 [0.145678818226] [0.151785418391]
0.14182190597049998 [0.142024472356] [0.141619339585]
0.137933947146 [0.139694824815] [0.136173069477]
0.135981284082 [0.139023542404] [0.13293902576]
0.134888596833 [0.138614267111] [0.131162926555]
0.134283609688 [0.138924539089] [0.129642680287]
0.1324667036535 [0.138321936131] [0.126611471176]
0.12992449849850002 [0.137541458011] [0.122307538986]
0.1248879022895 [0.135088428855] [0.114687375724]
0.1205054856835 [0.130087852478] [0.110923118889]
0.11654778942499999 [0.122853368521] [0.110242210329]
0.11354534700499999 [0.117101229727] [0.109989464283]
0.110795084387 [0.112508803606] [0.109081365168]
0.10910425335150001 [0.110860094428] [0.107348412275]
0.10945152491349999 [0.113775379956] [0.105127669871]
0.1104054898025 [0.118018202484] [0.102792777121]
0.1086152903735 [0.116110898554] [0.101119682193]
0.104228887707 [0.107805885375] [0.100651890039]
0.09920183941715 [0.0967255681753] [0.101678110659]
0.09398937225324999 [0.0852669253945] [0.102711819112]
