0.1645404174926 [0.0849518030882] [0.244129031897]
0.164886582643 [0.08569534868] [0.244077816606]
0.16544065997000001 [0.086938790977] [0.243942528963]
0.1635237857698 [0.0889051407576] [0.238142430782]
0.1612664982677 [0.0907832831144] [0.231749713421]
0.15729980170745 [0.0914074033499] [0.223192200065]
0.153926998377 [0.090880304575] [0.216973692179]
0.1523980051281 [0.0891912132502] [0.215604797006]
0.15010114386655 [0.0864352658391] [0.213767021894]
0.14833062887165 [0.0842752307653] [0.212386026978]
0.148402798921 [0.081385217607] [0.215420380235]
0.14814459532500002 [0.077237457037] [0.219051733613]
0.14510974287985 [0.0705733448267] [0.219646140933]
0.13889293372645 [0.0630492866039] [0.214736580849]
0.1269907653333 [0.0561539679766] [0.19782756269]
0.1151867881418 [0.0511163175106] [0.179257258773]
0.1073595155031 [0.0475218184292] [0.167197212577]
0.10311666130995001 [0.0446792989969] [0.161554023623]
0.10194082371865 [0.0432542674243] [0.160627380013]
0.102689150721 [0.043971054256] [0.161407247186]
0.1042295303198 [0.0460825674236] [0.162376493216]
0.10587369278085 [0.0482547208667] [0.163492664695]
0.10846839658935 [0.0500437431037] [0.166893050075]
0.1113257743416 [0.0509964302182] [0.171655118465]
0.112678743899 [0.051070407033] [0.174287080765]
0.11462028697125 [0.0506861284375] [0.178554445505]
0.11843122914425 [0.0505535677075] [0.186308890581]
0.12490575388095 [0.0513643249869] [0.198447182775]
0.1347910910843 [0.0535980314016] [0.215984150767]
0.14847058244055 [0.0573141463101] [0.239627018571]
0.16593127138925 [0.0620719231665] [0.269790619612]
0.1834220290182 [0.0666618943214] [0.300182163715]
0.1935636065901 [0.0697304531932] [0.317396759987]
0.19584999978525 [0.0710726082325] [0.320627391338]
0.1941498033702 [0.0720596536994] [0.316239953041]
0.19026612862964998 [0.0729066058993] [0.30762565136]
0.18196456879359998 [0.0700354725122] [0.293893665075]
0.16787790134555 [0.0649354532361] [0.270820349455]
0.1492413524536 [0.0589725710452] [0.239510133862]
0.1300716940312 [0.0534905679524] [0.20665282011]
0.11519837193175 [0.0500398389995] [0.180356904864]
0.1059378124776 [0.0486499592662] [0.163225665689]
0.10126221552485 [0.0487946793437] [0.153729751706]
0.09946519881495 [0.0494841784239] [0.149446219206]
0.09902314469225 [0.0503135845065] [0.147732704878]
0.09717829711715001 [0.0510071851313] [0.143349409103]
0.09461079724155 [0.0517150945961] [0.137506499887]
0.0915429480372 [0.0523835495114] [0.130702346563]
0.08956157416105001 [0.0528412461281] [0.126281902194]
0.088013410568 [0.053019054234] [0.123007766902]
0.08723071403815 [0.0531917847693] [0.121269643307]
0.08759716339410001 [0.0542547218502] [0.120939604938]
0.08982589468365 [0.0574301555753] [0.122221633792]
0.09488369896990001 [0.0638486668468] [0.125918731093]
0.10347910597900001 [0.074418656528] [0.13253955543]
0.11527197435475 [0.0896918699145] [0.140852078795]
0.1273853071035 [0.107928581536] [0.146842032671]
0.134999215603 [0.122872069478] [0.147126361728]
0.1347075477245 [0.127197250724] [0.142217844725]
0.1287388838825 [0.122280426323] [0.135197341442]
0.1221740320325 [0.115639403462] [0.128708660603]
0.11883173882949999 [0.113465040922] [0.124198436737]
0.118405457586 [0.113983184099] [0.122827731073]
0.1200818903745 [0.115047164261] [0.125116616488]
0.1227917708455 [0.115907616913] [0.129675924778]
0.124295320362 [0.116950117052] [0.131640523672]
0.12545023113499998 [0.117620795965] [0.133279666305]
0.1263450793925 [0.117876581848] [0.134813576937]
0.127659793943 [0.118571154773] [0.136748433113]
0.1305169463155 [0.120900571346] [0.140133321285]
0.1348731964825 [0.125680655241] [0.144065737724]
0.139827184379 [0.133485153317] [0.146169215441]
0.1467320024965 [0.144593656063] [0.14887034893]
0.15716355294 [0.158832296729] [0.155494809151]
0.173177070916 [0.176368519664] [0.169985622168]
0.1951931640505 [0.198209345341] [0.19217698276]
0.217087112367 [0.218165114522] [0.216009110212]
0.232882477343 [0.234161406755] [0.231603547931]
0.2391994223 [0.243002891541] [0.235395953059]
0.2410206720235 [0.245170533657] [0.23687081039]
0.241829931736 [0.247082203627] [0.236577659845]
0.242482095957 [0.247690394521] [0.237273797393]
0.2344059124585 [0.236728161573] [0.232083663344]
0.21993589401250002 [0.217109575868] [0.222762212157]
0.203570216894 [0.192967310548] [0.21417312324]
0.190524280071 [0.172292053699] [0.208756506443]
0.18294361233700002 [0.157751470804] [0.20813575387]
0.1793219447135 [0.148354649544] [0.210289239883]
0.178334861994 [0.142841562629] [0.213828161359]
0.17922613024700002 [0.139915511012] [0.218536749482]
0.18086472153650002 [0.138102605939] [0.223626837134]
0.182237803936 [0.136058092117] [0.228417515755]
0.18275413662200002 [0.132581487298] [0.232926785946]
0.1828041374685 [0.126495867968] [0.239112406969]
0.1830303780735 [0.119779892266] [0.246280863881]
0.18447194993500002 [0.115111112595] [0.253832787275]
0.1874010413885 [0.113115042448] [0.261687040329]
0.191909350455 [0.11443631351] [0.2693823874]
0.19844806566849998 [0.120742239058] [0.276153892279]
0.2099885568025 [0.134183302522] [0.285793811083]
0.2292585745455 [0.155424073339] [0.303093075752]
0.2529140412805 [0.181998103857] [0.323829978704]
0.2713950648905 [0.203983291984] [0.338806837797]
0.27483849227449997 [0.208460003138] [0.341216981411]
0.2642744034525 [0.199466526508] [0.329082280397]
0.253875181079 [0.189356714487] [0.318393647671]
0.24369961768349999 [0.180089101195] [0.307310134172]
0.23576737195250003 [0.17393438518] [0.297600358725]
0.2305888608095 [0.170444950461] [0.290732771158]
0.226690299809 [0.168793275952] [0.284587323666]
0.22018707543599997 [0.167033061385] [0.273341089487]
0.210963368416 [0.163481414318] [0.258445322514]
0.1991338804365 [0.159383520484] [0.238884240389]
0.1842450574045 [0.151785820723] [0.216704294086]
0.17214163392749998 [0.143813356757] [0.200469911098]
0.162382207811 [0.13535541296] [0.189409002662]
0.154222138226 [0.127440974116] [0.181003302336]
0.14698431268349998 [0.121214814484] [0.172753810883]
0.1408903338015 [0.116681404412] [0.165099263191]
0.13707450032250001 [0.114214554429] [0.159934446216]
0.136236667633 [0.113168492913] [0.159304842353]
0.1370357349515 [0.112921521068] [0.161149948835]
0.13749486208 [0.112622663379] [0.162367060781]
0.1368553228675 [0.11300303787] [0.160707607865]
0.135937102139 [0.113812342286] [0.158061861992]
0.135946638882 [0.115635514259] [0.156257763505]
0.13731871917799998 [0.118127815425] [0.156509622931]
0.139961779118 [0.120202466846] [0.15972109139]
0.1450757682325 [0.124756321311] [0.165395215154]
0.1537743359805 [0.132660672069] [0.174887999892]
0.1674698665735 [0.145703360438] [0.189236372709]
0.187216296792 [0.164037376642] [0.210395216942]
0.207285478711 [0.185644611716] [0.228926345706]
0.222575224936 [0.207769453526] [0.237380996346]
0.2331300824885 [0.226623013616] [0.239637151361]
0.24068145453950002 [0.239878535271] [0.241484373808]
0.2456259727475 [0.245821550488] [0.245430395007]
0.2466402724385 [0.243299916387] [0.24998062849]
0.240656606853 [0.230509802699] [0.250803411007]
0.233642712235 [0.213479429483] [0.253805994987]
0.23199632763849998 [0.202870219946] [0.261122435331]
0.2310422956945 [0.193218827248] [0.268865764141]
0.22328680008649998 [0.174738302827] [0.271835297346]
0.204385176301 [0.147338211536] [0.261432141066]
0.17630058526999998 [0.116641581059] [0.235959589481]
0.14613159745909998 [0.0902516245842] [0.202011570334]
