0.059341179207 0.06986535713059999 0.08619133569314999 0.10838581621644999 0.13346239179379998 0.1538288854065 0.16397258639349999 0.163044400513 0.1495762392875 0.128768470138 0.10972066596169999 0.0976444482801 0.0906295515597 0.08648301288499999 0.08452967554305 
0.08524756692365 0.0888532642276 0.09473052248375 0.10200184583659999 0.10944026708589999 0.11596961691985 0.1211988851427 0.1254230253401 0.12972181662920002 0.1352193392811 0.1436486132444 0.15791835635895002 0.1808339357374 0.210482135415 0.230934027582 
0.22477917373195 0.19920262321825 0.17226529680174998 0.14613566920139998 0.1240431331098 0.10780808608999999 0.09633930446565 0.0891635529699 0.08496399223825 0.08188930945485 0.0787608907557 0.07510283775635 0.07110502570886 0.067045947536605 0.063354634214075 
0.059610882308165 0.05647073918946 0.055252638645384995 0.05511413072241 0.05542898573915 0.054686449933765 0.05214126128703 0.047644820064349995 0.0416055740789 0.0351404096 0.029271444771449998 0.02460105577485 0.021211606450400003 0.019047621637585 0.01792623242365 
0.01755414158104 0.01755600515753 0.01748475013302 0.017031789291635 0.01621778681875 0.0153515790589 0.014793854672464999 0.014746619854145 0.01518589956687 0.01591481640935 0.01657087542115 0.01687956554815 0.0168830365874 0.01684662746265 0.01707826554775 
0.0176589949988 0.01841822173445 0.01910671917725 0.0196140948683 0.0199367622845 0.0200676196255 0.020083026494849998 0.02006225241345 0.0202301121317 0.0208258531056 0.02243184298275 0.025916175916800004 0.032648970373000005 0.04387429356575 0.05767583474514999 
0.06535424664615 0.06272079236805 0.05672672577205 0.0531772766262 0.052313487976799994 0.053418189287200005 0.055592307820949996 0.0578580517322 0.058989422395800004 0.058494258672 0.05642153602095 0.053298684768399995 0.0499584637582 0.047001352533700004 0.0447481255978 
0.04330708365885 0.0425087343901 0.0424644285813 0.0431538876146 0.0440946705639 0.04438578523695 0.04376195557415 0.0424721650779 0.040883772075149996 0.03845992870625 0.034861575812100004 0.0355671085417 0.0367220994085 0.038228970020999994 0.040102554485200004 
0.04276054166255 0.04680032283065 0.05237231217325 0.0581919895485 0.0621730424464 0.061342877335850005 0.0579333724454 0.0548813808709 0.0535726817325 0.05465256702155 0.0627191644162 0.06367017142475001 0.0634291358292 0.06260765343905 0.060989135876300005 
0.0581278782338 0.054723178967850006 0.05199111998085 0.05047420412305 0.0502082388848 0.05139646679165 0.053449897095549995 0.0559204518795 0.05751325190065 0.05710439756515 0.055004701018350005 0.052341351285549995 0.05038128234445 0.0497625991702 0.05061327852305 
0.05255148373545 0.055293949320899996 0.057917060330499995 0.05981750041245 0.060618173331050004 0.0606592930853 0.060385288670700005 0.0602828077972 0.060730664059500006 0.0620503611863 0.06516437232495 0.07031090930105 0.07732755690835 0.08321371674525 0.08717592060559999 
0.08876043744374999 0.09047233499575 0.0923864934592 0.09405928105135 0.0909658689051 0.0816888585686 0.06960974074915 0.05939670465885 0.05264752823855 0.048919230699549995 0.047478371299799996 0.04748625028875 0.0481403013691 0.049008999951200005 0.0499075585976 
0.050685331225400004 0.05163167230785 0.0528816673905 0.0548921916634 0.05768116004765 0.0618774201721 0.06862330995509999 0.07987810857605 0 0 0 0 0 0 0 
