0.028506685979649997 0.028966131620099998 0.0290693230927 0.02884822152555 0.02874179556965 0.0285878488794 0.02823144942525 0.02763650286945 0.026876404881499998 0.02617587149145 0.026096817106000002 0.026739182882 0.02762172184885 0.02839068416505 0.02875350788235 
0.02864300552755 0.02824626024815 0.027648271992799997 0.026865608990199998 0.02604390401395 0.0251976745203 0.024439641274499997 0.024439641274499997 0.024439641274499997 0.024439641274499997 0.024439641274499997 0.024439641274499997 0.024439641274499997 0.024439641274499997 0.024439641274499997 
0.024439641274499997 0.08349290303875 0.07982070557774999 0.07513166032725 0.06934799812725 0.0635255742818 0.0550753604621 0.044624919071799996 0.036233067512499995 0.0307662067935 0.0274494411424 0.0255160611123 0.02437200769785 0.02311989758165 0.0224041067995 
0.0219142558053 0.02154613705353 0.021239101886755 0.02099371049554 0.020791779737929998 0.02065831562505 0.020603282842795 0.020634913351395 0.020732664503165 0.020862478762875 0.021051682531839998 0.021209590602675 0.02140050427989 0.02174605894835 0.02232860494405 
0.02314087376 0.024116337299349998 0.025204233825199998 0.026262659579499997 0.027303197421149998 0.02821534033865 0.02890189085155 0.0293253408745 0.02972752414645 0.03055092692375 0.03240979090335 0.036253508180400004 0.04369276575745 0.0561995897442 0.07131543196725 
0.08082178048775 0.08149185590425 0.07601479627175 0.06992047466324999 0.06512013264 0.06241682730615 0.061486443504700006 0.061918014660499995 0.0632809419185 0.06542962230745 0.06772532500325 0.06954173184925 0.07038491778075 0.07035390101375 0.07048063166425 
0.07106807641675 0.07173959724625 0.07338325493025 0.07574013061825 0.07840312831125 0.08038842491824999 0.07892984338125 0.07552971504625 0.07176607660975 0.06743680126975 0.0617924761027 0.0542383734137 0.04663455858825 0.04043158702555 0.0359477326274 
0.0331264063716 0.0314392540604 0.03044956643135 0.0298849567771 0.0295660989359 0.0294404709712 0.0295370379463 0.02983127254995 0.0303205130622 0.0309969112277 0.03196453489365 0.03349540010095 0.035973576828849996 0.039946272969250005 0.0465157516301 
0.05782205797735 0.07596672512574999 0.09961697272975 0.11527158878725 0.12252741120775 0.12538482062525 0.12849549762925 0.13132527284325 0.13131076656275 0.12631874345225 0.12036899290974999 0.11655182950175 0.11600029282275 0.11881631426525 0.12249228172024999 
0.12600894086075 0.12976442091175 0.13152300380175 0.13018705509625 0.11651325784625 0.09148637019075 0.06663311459125 0.051237629726549994 0.04270470887425 0.0376879218966 0.03487409092485 0.033388208597899996 0.032588208094250004 0.0320524685085 0.03155477065595 
0.0310930525884 0.0307002114132 0.030367767438299997 0.030067157931649997 0.0298686148599 0.029980687424549998 0.03080230019985 0.0329481959343 0.0377259235829 0.04692784883085 0.061048457399 0.07292972318825 0.08043443225324999 0.08549364469925 0.09101138077675 
0.09890142641975 0.10771264694624999 0.11616767756625 0.12221859954275 0.12484285794175 0.12411508522925 0.12130560539674999 0.11790884099924999 0.11522698216124999 0.11404926143574999 0.11483547650275 0.11759867332875 0.12368105165675 0.13446088694025 0.14745171926925002 
0.15723909996475002 0.15945597551775 0.15469915233575002 0.13616797886775 0.10830323956924999 0.08525997959074999 0.07108485139925 0 0 0 0 0 0 0 0 
