0.03478256054225 0.03735421411695 0.039178002625699995 0.0393976625055 0.0387404561043 0.0381744541228 0.03830821067095 0.0393306259066 0.04125340655445 0.044077347964049995 0.0474387202412 0.0507555063814 0.053024621680399994 0.05344958417119999 0.05181341059505 
0.048759916797300004 0.045924397185449994 0.04433388076725 0.044820044189699995 0.0466532446444 0.048298584297299996 0.047646423801799995 0.04516622424125 0.04243352264165 0.0404787901789 0.039493734017 0.03912345692515 0.038632825016999994 0.037630366161450005 0.036236401647349994 
0.03470080904665 0.033212732523699995 0.0318670962006 0.030694290064300002 0.029728953726599998 0.029047292657199998 0.02856008149685 0.0281308712438 0.0274176141247 0.026259242557 0.02498979028315 0.023777633905399997 0.02291533816605 0.02249859739095 0.02252183901145 
0.022981792688399998 0.02376976935195 0.024764733389049998 0.02561356220395 0.02612663432955 0.02634701505305 0.0266273515299 0.02725477702915 0.0285003343597 0.03093523159625 0.03588924743235 0.045562595129 0.062140269205 0.08313558064425 0.09448139928275 
0.09534350596374999 0.09158152155575 0.09041321836425 0.09214085154224999 0.09503300301725 0.09875808469974999 0.10231628827775 0.10590553097425 0.10911570303125 0.11152323149125 0.11337482742975 0.11456536315375 0.11538196913875 0.11601772718125 0.11522019468224999 
0.11435872875175 0.10867564193925 0.09213539771724999 0.0632855203003 0.0410259179771 0.030075973831150002 0.025221942923949997 0.023063519503949997 0.02210196154195 0.02169195422905 0.02150570275263 0.02136079687626 0.021202298346914998 0.021032088436195 0.02091479161755 
0.02088301954792 0.0209634336643 0.02112131519244 0.021403462626049998 0.0219332170673 0.02290706522765 0.024675022810699998 0.0276652891189 0.0319909816608 0.0363832283765 0.0388944428414 0.03950259462 0.03958917036655 0.0397416446358 0.03997337818145 
0.0407119244337 0.0422088392079 0.0447679422796 0.04851105995475 0.05372215248645 0.059228422120200006 0.0625947993249 0.0639879386872 0.0640982929617 0.062316978350300006 0.058022005483500005 0.05188195593655 0.046634504571549995 0.04289970360695 0.040899563580750004 
0.03975027799605 0.03896765969695 0.03853823803365 0.0383731070906 0.038365725427849995 0.038358561694650004 0.0383125189692 0.0382115636021 0.038085307925949996 0.0380232036114 0.0381083711982 0.03845123015345 0.039397420361650004 0.04161078855395 0.0466695651412 
0.05681773088875 0.07491850294175 0.09344181977225 0.10389783047125 0.10930552892374999 0.11413566581925 0.11960381828225 0.12549407593925 0.13183102570475 0.13656661473225 0.13897324912275 0 0 0 0 
