0.12105534225695 [0.154872894287] [0.0872377902269]
0.12047357112170001 [0.155350714922] [0.0855964273214]
0.1097837537525 [0.138213306665] [0.08135420084]
0.0895473435521 [0.106454052031] [0.0726406350732]
0.07015590742229999 [0.0763171464205] [0.0639946684241]
0.05704697035255 [0.0568028315902] [0.0572911091149]
0.0506161060184 [0.0492140315473] [0.0520181804895]
0.046896081417799995 [0.0457091778517] [0.0480829849839]
0.0444810278714 [0.0445774868131] [0.0443845689297]
0.0423460751772 [0.0447657443583] [0.0399264059961]
0.0399056952447 [0.045438580215] [0.0343728102744]
0.037482387386249996 [0.0460436679423] [0.0289211068302]
0.03549955412745 [0.0464144833386] [0.0245846249163]
0.0341673800722 [0.0467099361122] [0.0216248240322]
0.03351742587985 [0.047119487077] [0.0199153646827]
0.03334593120965 [0.04762840271] [0.0190634597093]
0.03173595294355 [0.0446796566248] [0.0187922492623]
0.03099575359375 [0.042815245688] [0.0191762614995]
0.03127919975665 [0.0421533733606] [0.0204050261527]
0.03295387234535 [0.0432504341006] [0.0226573105901]
0.0366984605789 [0.0472384691238] [0.026158452034]
0.043174139224 [0.055667988956] [0.030680289492]
0.0519384685904 [0.0691830515862] [0.0346938855946]
0.06118420138955 [0.0846740528941] [0.037694349885]
0.06842689961195 [0.0970207452774] [0.0398330539465]
0.07345489040035 [0.104989498854] [0.0419202819467]
0.07826417684575 [0.111845903099] [0.0446824505925]
0.0845649857075 [0.121238216758] [0.047891754657]
0.09045418351894999 [0.129648178816] [0.0512601882219]
0.0908734668047 [0.127579405904] [0.0541675277054]
0.08453906327475 [0.112898930907] [0.0561791956425]
0.077029729262 [0.0968678817153] [0.0571915768087]
0.0720915403217 [0.0866250693798] [0.0575580112636]
0.0692921578884 [0.0811415016651] [0.0574428141117]
0.06729948706925 [0.0781868249178] [0.0564121492207]
0.06574944220484999 [0.0764068439603] [0.0550920404494]
0.0641160476953 [0.0744865238667] [0.0537455715239]
0.0625215601176 [0.0720748901367] [0.0529682300985]
0.06120128929615 [0.0696246996522] [0.0527778789401]
0.06008498556915 [0.0675750151277] [0.0525949560106]
0.0591556355357 [0.0661168321967] [0.0521944388747]
0.058217478916049996 [0.0650219991803] [0.0514129586518]
0.05739940702915 [0.0641750246286] [0.0506237894297]
0.057032922282800005 [0.0637617409229] [0.0503041036427]
0.0580355450511 [0.0646830499172] [0.051388040185]
0.06168789230285 [0.0684341788292] [0.0549416057765]
0.06972813233735 [0.0770245045424] [0.0624317601323]
0.08609547838565 [0.0956540331244] [0.0765369236469]
0.11689503863449999 [0.131917357445] [0.101872719824]
0.161440268159 [0.185158640146] [0.137721896172]
0.2064467817545 [0.236842274666] [0.176051288843]
0.231235980988 [0.25949639082] [0.202975571156]
0.24000269174599997 [0.265475958586] [0.214529424906]
0.23716169595699998 [0.26387912035] [0.210444271564]
0.230410516262 [0.261830627918] [0.198990404606]
0.2253265306355 [0.26077413559] [0.189878925681]
0.2226048409935 [0.262254029512] [0.182955652475]
0.222459383309 [0.266073256731] [0.178845509887]
0.22604884952299997 [0.273201584816] [0.17889611423]
0.2337860539555 [0.284985870123] [0.182586237788]
0.23870726674800002 [0.296049594879] [0.181364938617]
0.240303173661 [0.303183585405] [0.177422761917]
0.226625777781 [0.3044231534] [0.148828402162]
0.2067586965855 [0.294798970222] [0.118718422949]
0.1840003505347 [0.272586047649] [0.0954146534204]
0.162858054042 [0.243155166507] [0.082560941577]
