0.06021360866724999 [0.0793370455503] [0.0410901717842]
0.0612271670252 [0.0813645869493] [0.0410897471011]
0.0627359021455 [0.0838119834661] [0.0416598208249]
0.0650489367545 [0.0871472358704] [0.0429506376386]
0.06904960796234999 [0.0928924307227] [0.045206785202]
0.07636426575494999 [0.103709407151] [0.0490191243589]
0.0897689312694 [0.123758681118] [0.0557791814208]
0.11322572827335001 [0.157065719366] [0.0693857371807]
0.14653842523695 [0.201901063323] [0.0911757871509]
0.181134395301 [0.242368534207] [0.119900256395]
0.1964811235665 [0.251702070236] [0.141260176897]
0.176525481045 [0.218180000782] [0.134870961308]
0.1329477876425 [0.162173107266] [0.103722468019]
0.0924389511345 [0.113479800522] [0.071398101747]
0.0664694979787 [0.0825707092881] [0.0503682866693]
0.0518909096718 [0.0652292594314] [0.0385525599122]
0.04420722275975 [0.0559245310724] [0.0324899144471]
0.04026281833645 [0.0509259961545] [0.0295996405184]
0.03818277735265 [0.0481219664216] [0.0282435882837]
0.03698913473635 [0.0464128367603] [0.0275654327124]
0.0364273590967 [0.0455519258976] [0.0273027922958]
0.0362843815237 [0.0454036518931] [0.0271651111543]
0.03649973124265 [0.0457581728697] [0.0272412896156]
0.0367961265147 [0.0461675524712] [0.0274247005582]
0.03692521248015 [0.0462325923145] [0.0276178326458]
0.0370970312506 [0.0463641360402] [0.027829926461]
0.0378356538713 [0.0472826994956] [0.028388608247]
0.040134338662050004 [0.050165373832] [0.0301033034921]
0.04524398595095 [0.0563140884042] [0.0341738834977]
0.0546505693346 [0.0671113207936] [0.0421898178756]
0.06897732242945 [0.0827930644155] [0.0551615804434]
0.0858357809484 [0.0991009473801] [0.0725706145167]
0.0980403199792 [0.108074054122] [0.0880065858364]
0.10092205554265 [0.108090989292] [0.0937531217933]
0.0986673869191 [0.10569794476] [0.0916368290782]
0.09581212699399999 [0.103753134608] [0.08787111938]
0.09433527663345001 [0.103091970086] [0.0855785831809]
0.0943507961931 [0.103453651071] [0.0852479413152]
0.095371607691 [0.104644268751] [0.086098946631]
0.0972981564699 [0.106332235038] [0.0882640779018]
0.09913343936215 [0.108137406409] [0.0901294723153]
0.1013930253684 [0.110332019627] [0.0924540311098]
0.10469644516705001 [0.113998517394] [0.0953943729401]
0.1098607927562 [0.120179101825] [0.0995424836874]
0.1176558770235 [0.129332914948] [0.105978839099]
0.1305933408435 [0.144618734717] [0.11656794697]
0.1497974246745 [0.166466981173] [0.133127868176]
0.1739087700845 [0.193249195814] [0.154568344355]
0.1981127262115 [0.218876570463] [0.17734888196]
0.216630905867 [0.235626533628] [0.197635278106]
0.22695779055350002 [0.242067590356] [0.211847990751]
0.231219880283 [0.243538171053] [0.218901589513]
0.23184511065449998 [0.24507497251] [0.218615248799]
0.2303376719355 [0.245650649071] [0.2150246948]
0.2275958806275 [0.245970800519] [0.209220960736]
0.224067956209 [0.246875479817] [0.201260432601]
0.221397176385 [0.249870195985] [0.192924156785]
0.2206482216715 [0.254158169031] [0.187138274312]
0.2211939767005 [0.258590102196] [0.183797851205]
0.220389440656 [0.258725076914] [0.182053804398]
0.2174956053495 [0.259488016367] [0.175503194332]
0.214737683535 [0.261840730906] [0.167634636164]
0.21474868804199998 [0.263002723455] [0.166494652629]
0.2143825814125 [0.261893570423] [0.166871592402]
0.211706675589 [0.258687347174] [0.164726004004]
0.20757286995649998 [0.254905164242] [0.160240575671]
0.203638792038 [0.254515081644] [0.152762502432]
0.20279596746 [0.258944153786] [0.146647781134]
0.201741479337 [0.260167300701] [0.143315657973]
0.1977791413665 [0.256568282843] [0.13898999989]
0.189153879881 [0.243467748165] [0.134840011597]
0.17839979380350002 [0.226772651076] [0.130026936531]
0.1701626256105 [0.214959323406] [0.125365927815]
0.1647312939165 [0.209795877337] [0.119666710496]
0.1611935384575 [0.206949129701] [0.115437947214]
0.1584406867625 [0.20501883328] [0.111862540245]
0.1559288315475 [0.203257083893] [0.108600579202]
0.15507626906049998 [0.201817408204] [0.108335129917]
0.157111212611 [0.201531037688] [0.112691387534]
0.1612719371915 [0.202485129237] [0.120058745146]
0.1647807210685 [0.20293495059] [0.126626491547]
0.1696201860905 [0.20314976573] [0.136090606451]
0.1747356653215 [0.203106343746] [0.146364986897]
0.18044581264249998 [0.203292936087] [0.157598689198]
0.1865836530925 [0.20389688015] [0.169270426035]
0.1929176151755 [0.204135641456] [0.181699588895]
0.1972820088265 [0.200898066163] [0.19366595149]
0.20010536164050002 [0.197010949254] [0.203199774027]
0.2015378400685 [0.196559071541] [0.206516608596]
0.1924487426875 [0.194423392415] [0.19047409296]
0.166169337928 [0.180670276284] [0.151668399572]
0.132783703506 [0.154271051288] [0.111296355724]
0.1056914962829 [0.126329123974] [0.0850538685918]
