0.18331573158484998 [0.274698168039] [0.0919332951307]
0.189004603773 [0.274698168039] [0.103311039507]
0.19369833171349998 [0.274698168039] [0.112698495388]
0.1973524875935 [0.274698168039] [0.120006807148]
0.200642943382 [0.274698168039] [0.126587718725]
0.2043815553185 [0.274698168039] [0.134064942598]
0.20945303142049998 [0.274698168039] [0.144207894802]
0.216511942446 [0.274698168039] [0.158325716853]
0.225536085665 [0.274698168039] [0.176374003291]
0.2356702536345 [0.274698168039] [0.19664233923]
0.2449135035275 [0.274698168039] [0.215128839016]
0.2516363337635 [0.274698168039] [0.228574499488]
0.2558363005515 [0.274698168039] [0.236974433064]
0.258458852768 [0.274698168039] [0.242219537497]
0.2607945501805 [0.274698168039] [0.246890932322]
0.2644890397785 [0.274698168039] [0.254279911518]
0.1633897591384 [0.0587683357298] [0.268011182547]
0.1779789701103 [0.0660210996866] [0.289936840534]
0.1945137083531 [0.0776606798172] [0.311366736889]
0.20525521412505 [0.0925134494901] [0.31799697876]
0.2068304605785 [0.102061159909] [0.311599761248]
0.2003973163665 [0.10096783191] [0.299826800823]
0.1887919530274 [0.0934543460608] [0.284129559994]
0.17771516740325 [0.0857147574425] [0.269715577364]
0.1673763282599 [0.0800812020898] [0.25467145443]
0.1584990508852 [0.0770037546754] [0.239994347095]
0.15149433538325 [0.0762484148145] [0.226740255952]
0.14630564674725 [0.0762484148145] [0.21636287868]
0.14353412389745002 [0.0775821655989] [0.209486082196]
0.14133210852765 [0.0781988427043] [0.204465374351]
0.13757145777335 [0.0758819952607] [0.199260920286]
0.1322856247425 [0.07128444314] [0.193286806345]
0.1270821243525 [0.066474840045] [0.18768940866]
0.12256306409859999 [0.0620965957642] [0.183029532433]
0.1185747887941 [0.0577255748212] [0.179424002767]
0.11463485099385001 [0.0531761087477] [0.17609359324]
0.1104751918466 [0.0486592240632] [0.17229115963]
0.1067958548666 [0.0450507551432] [0.16854095459]
0.10504464991395 [0.0427755154669] [0.167313784361]
0.106985086575 [0.041919592768] [0.172050580382]
0.11330178938784999 [0.0416964553297] [0.184907123446]
0.1217122375965 [0.040131509304] [0.203292965889]
0.1302721127867 [0.0398636460304] [0.220680579543]
0.1346435714514 [0.0381393320858] [0.231147810817]
0.1346248667689 [0.0339316688478] [0.23531806469]
0.13551068305965 [0.0318183600903] [0.239203006029]
0.1391847189518 [0.0318194292486] [0.246550008655]
0.1462237089874 [0.0333507359028] [0.259096682072]
0.15597089007505 [0.0357248261571] [0.276216953993]
0.1657289918514 [0.0384728126228] [0.29298517108]
0.17081463523235 [0.0410990454257] [0.300530225039]
0.1699435040357 [0.0437993854284] [0.296087622643]
0.1685972250999 [0.0467609539628] [0.290433496237]
0.1681988630444 [0.0498637147248] [0.286534011364]
0.16802046820535002 [0.0524033531547] [0.283637583256]
0.167576169595 [0.053582560271] [0.281569778919]
0.1657336745412 [0.0526038594544] [0.278863489628]
0.1619343291966 [0.0489720068872] [0.274896651506]
0.15756293944995 [0.0448349975049] [0.270290881395]
0.152931900695 [0.04254764691] [0.26331615448]
0.15080424398199999 [0.042076215148] [0.259532272816]
0.15052362345135 [0.0427449457347] [0.258302301168]
0.15067612566055 [0.0434652455151] [0.257887005806]
0.15042625553915 [0.0429205931723] [0.257931917906]
0.15020089596519998 [0.0415431410074] [0.258858650923]
0.1491103079168 [0.0396622531116] [0.258558362722]
0.1425473466517 [0.0373088121414] [0.247785881162]
0.12064573913825001 [0.0344269275665] [0.20686455071]
0.0969485202805 [0.031051279977] [0.162845760584]
0.07931161113095 [0.0276076383889] [0.131015583873]
0.06743836216645 [0.0245216377079] [0.110355086625]
0.05966629646715 [0.0222698114812] [0.0970627814531]
0.05546637251974999 [0.0212016552687] [0.0897310897708]
0.05381909012795 [0.0212016552687] [0.0864365249872]
0.05312441289425 [0.0212016552687] [0.0850471705198]
0.05264312773945 [0.0212016552687] [0.0840846002102]
0.05191772803665 [0.0212016552687] [0.0826338008046]
0.05086452886465 [0.0212016552687] [0.0805274024606]
0.049281589686899996 [0.0212016552687] [0.0773615241051]
0.046752221882349995 [0.0212016552687] [0.072302788496]
0.043317731469900006 [0.0212016552687] [0.0654338076711]
0.039800411090249996 [0.0212016552687] [0.0583991669118]
0.03728114627305 [0.0212016552687] [0.0533606372774]
0.0365364998579 [0.0212016552687] [0.0518713444471]
0.03800471872095 [0.0212016552687] [0.0548077821732]
0.041724944487250004 [0.0212016552687] [0.0622482337058]
0.045144766569149994 [0.0212016552687] [0.0690878778696]
0.04487682133915 [0.0212016552687] [0.0685519874096]
0.04103582538665 [0.0212016552687] [0.0608699955046]
0.0366472732276 [0.0212016552687] [0.0520928911865]
0.033320687711250005 [0.0212016552687] [0.0454397201538]
0.0311134941876 [0.0212016552687] [0.0410253331065]
0.0298843868077 [0.0212016552687] [0.0385671183467]
0.02937986515465 [0.0212016552687] [0.0375580750406]
0.0294564869255 [0.0212016552687] [0.0377113185823]
0.0300886463374 [0.0212016552687] [0.0389756374061]
0.03118804097175 [0.0212016552687] [0.0411744266748]
0.03240932524205 [0.0212016552687] [0.0436169952154]
0.03317311406135 [0.0212016552687] [0.045144572854]
0.050010811537500005 [0.0550487339497] [0.0449728891253]
0.042108466848699996 [0.0406900271773] [0.0435269065201]
0.037800429388900006 [0.03297707811] [0.0426237806678]
0.03711332846435 [0.0295561794192] [0.0446704775095]
0.0403804844245 [0.0290477182716] [0.0517132505774]
0.0492052240297 [0.0305744539946] [0.0678359940648]
0.065780589357 [0.033407125622] [0.098154053092]
0.09008869715045001 [0.0367024131119] [0.143474981189]
0.11286888457845 [0.0397697426379] [0.185968026519]
0.1264963932334 [0.0422308072448] [0.210761979222]
0.131969889626 [0.043931748718] [0.220008030534]
0.1325175892563 [0.0454035811126] [0.2196315974]
0.1311677582561 [0.0447832718492] [0.217552244663]
0.12937719933705 [0.0445985458791] [0.214155852795]
0.13123185746365 [0.0459050498903] [0.216558665037]
0.13747207447909998 [0.0505354180932] [0.224408730865]
0.14908914826834999 [0.0607448779047] [0.237433418632]
0.1648729965089 [0.0791768878698] [0.250569105148]
0.18177957832799999 [0.106390416622] [0.257168740034]
0.19484513998050002 [0.135724693537] [0.253965586424]
0.199350014329 [0.156739026308] [0.24196100235]
0.192430086434 [0.158452808857] [0.226407364011]
0.1765763387085 [0.145346924663] [0.207805752754]
0.160686142743 [0.12849354744] [0.192878738046]
0.147238232195 [0.113549932837] [0.180926531553]
0.138652395457 [0.103997431695] [0.173307359219]
0.13347872719145 [0.0972470417619] [0.169710412621]
0.13037765026095 [0.0921519398689] [0.168603360653]
0.12898527830829998 [0.0888298004866] [0.16914075613]
0.12887386232609999 [0.0862078219652] [0.171539902687]
0.1294682472943 [0.0838456749916] [0.175090819597]
0.13063954189405 [0.0838441029191] [0.177434980869]
0.1300245858729 [0.0857717767358] [0.17427739501]
0.1289654858409 [0.0888098105788] [0.169121161103]
0.12788418680425 [0.0915224552155] [0.164245918393]
0.1307237781584 [0.0903645083308] [0.171083047986]
