0.05817452445625 [0.0918423607945] [0.024506688118]
0.05575403012335 [0.088877543807] [0.0226305164397]
0.054985976778 [0.0882941260934] [0.0216778274626]
0.05411166790875 [0.0872840061784] [0.0209393296391]
0.0529420245439 [0.0856860652566] [0.0201979838312]
0.05172200594095 [0.0840960592031] [0.0193479526788]
0.0505706621334 [0.0825953483582] [0.0185459759086]
0.049488033168 [0.0810991153121] [0.0178769510239]
0.04867381881925 [0.0799180790782] [0.0174295585603]
0.048177883029 [0.0791208744049] [0.0172348916531]
0.048061911016699994 [0.0786914303899] [0.0174323916435]
0.0485365111381 [0.078742608428] [0.0183304138482]
0.049495266750450004 [0.0789082497358] [0.0200822837651]
0.05032528284935 [0.0781444683671] [0.0225060973316]
0.048891087994 [0.073497697711] [0.024284478277]
0.04596581682565 [0.0670294761658] [0.0249021574855]
0.04303683526815 [0.0610722415149] [0.0250014290214]
0.0399666940793 [0.054974861443] [0.0249585267156]
0.03706797864285 [0.0490812398493] [0.0250547174364]
0.034718931652599996 [0.0441187955439] [0.0253190677613]
0.033085753209899996 [0.0404542759061] [0.0257172305137]
0.0319454856217 [0.0378347970545] [0.0260561741889]
0.03137140069155 [0.0365200974047] [0.0262227039784]
0.0312235755846 [0.0362320058048] [0.0262151453644]
0.0313626816496 [0.0365796089172] [0.026145754382]
0.031789051368850005 [0.0374660678208] [0.0261120349169]
0.03260657098145 [0.0389220789075] [0.0262910630554]
0.03412543796005 [0.0412735976279] [0.0269772782922]
0.036782729439450004 [0.0450966320932] [0.0284688267857]
0.04114012513305 [0.0512414053082] [0.0310388449579]
0.0478550605476 [0.0604464262724] [0.0352636948228]
0.05979358777405 [0.0766591280699] [0.0429280474782]
0.07923336327095 [0.101903393865] [0.0565633326769]
0.10175532102570001 [0.127608478069] [0.0759021639824]
0.11245670169575 [0.131794556975] [0.0931188464165]
0.109622955322 [0.119042880833] [0.100203029811]
0.10081033036115 [0.106956332922] [0.0946643278003]
0.09478886425505001 [0.100044064224] [0.0895336642861]
0.0919722430408 [0.0970877483487] [0.0868567377329]
0.0912330187857 [0.09603189677] [0.0864341408014]
0.09118753299115 [0.095423027873] [0.0869520381093]
0.09096135199069999 [0.0942160487175] [0.0877066552639]
0.0904142446816 [0.0921844542027] [0.0886440351605]
0.08942346647385 [0.089537255466] [0.0893096774817]
0.08851676806805 [0.087007060647] [0.0900264754891]
0.08835471048955 [0.0859596282244] [0.0907497927547]
0.0895323380828 [0.0877070054412] [0.0913576707244]
0.0932570211589 [0.0932715013623] [0.0932425409555]
0.10076631605625 [0.103563837707] [0.0979687944055]
0.11408741399649999 [0.120318695903] [0.10785613209]
0.13411059975599998 [0.143786728382] [0.12443447113]
0.16177492588800002 [0.176932394505] [0.146617457271]
0.1919538229705 [0.215005293489] [0.168902352452]
0.213924586773 [0.243939206004] [0.183909967542]
0.221988745034 [0.256934016943] [0.187043473125]
0.220639422536 [0.260027974844] [0.181250870228]
0.21915923804050003 [0.258958518505] [0.179359957576]
0.218738384545 [0.25701546669] [0.1804613024]
0.218373067677 [0.254460543394] [0.18228559196]
0.2172911390665 [0.250230967999] [0.184351310134]
0.21644096821550002 [0.247101917863] [0.185780018568]
0.21623225510150001 [0.245821282268] [0.186643227935]
0.2184390351175 [0.247035130858] [0.189842939377]
0.2219013422725 [0.249695882201] [0.194106802344]
0.2243551313875 [0.249457910657] [0.199252352118]
0.2239303290845 [0.24438162148] [0.203479036689]
0.222084723413 [0.236596167088] [0.207573279738]
0.22019970417 [0.228119537234] [0.212279871106]
0.218136802316 [0.218519404531] [0.217754200101]
0.2165587097405 [0.209368303418] [0.223749116063]
0.2164240255955 [0.203415408731] [0.22943264246]
0.220687866211 [0.20203730464] [0.239338427782]
0.2307567596435 [0.204769730568] [0.256743788719]
0.234916582704 [0.209976434708] [0.2598567307]
0.2153547629715 [0.214170590043] [0.2165389359]
0.16726163774699998 [0.206035375595] [0.128487899899]
0.1238063834607 [0.172671034932] [0.0749417319894]
0.0929273311048 [0.135273143649] [0.0505815185606]
0.07323358394179999 [0.107572369277] [0.0388947986066]
0.06079330854119999 [0.0892223417759] [0.0323642753065]
0.053520324640000005 [0.0784489139915] [0.0285917352885]
0.05001159291715 [0.0734266936779] [0.0265964921564]
0.04894191399215 [0.0721895098686] [0.0256943181157]
0.04908187221735 [0.072826333344] [0.0253374110907]
0.04963707737625 [0.074074909091] [0.0251992456615]
0.0500194216147 [0.0748722851276] [0.0251665581018]
0.05007921624930001 [0.074919372797] [0.0252390597016]
0.0499323271215 [0.0745077505708] [0.0253569036722]
0.0497349398211 [0.0740852877498] [0.0253845918924]
0.04951319191605 [0.0738630518317] [0.0251633320004]
0.04946889542045001 [0.0742842629552] [0.0246535278857]
0.05032397340985 [0.0763542056084] [0.0242937412113]
0.053740790113849995 [0.0823861509562] [0.0250954292715]
0.06296370271595 [0.0966485217214] [0.0292788837105]
0.08198205940415 [0.123650588095] [0.0403135307133]
0.11432511359455 [0.165712594986] [0.0629376322031]
0.15290794894085 [0.212131425738] [0.0936844721437]
0.1797636039555 [0.244814693928] [0.114712513983]
0.1896496862175 [0.258827567101] [0.120471805334]
0.1930368579925 [0.265116870403] [0.120956845582]
0.19178232923150001 [0.264290899038] [0.119273759425]
0.1891998052595 [0.262111544609] [0.11628806591]
0.18738309294 [0.261647343636] [0.113118842244]
0.1864139959215 [0.262081563473] [0.11074642837]
0.185932971537 [0.262085020542] [0.109780922532]
0.185906134546 [0.262134253979] [0.109678015113]
0.18539896607349998 [0.262346386909] [0.108451545238]
0.182185381651 [0.258577942848] [0.105792820454]
0.175075225532 [0.247581526637] [0.102568924427]
0.1670683287085 [0.233958005905] [0.100178651512]
0.1622120998795 [0.222386732697] [0.102037467062]
0.1608442403375 [0.215471506119] [0.106216974556]
0.162600234151 [0.214219048619] [0.110981419683]
0.164998721331 [0.215984240174] [0.114013202488]
0.16708406433450002 [0.2184561342] [0.115711994469]
0.1690587550405 [0.221689730883] [0.116427779198]
0.1715451963245 [0.226315945387] [0.116774447262]
0.1744312122465 [0.231036648154] [0.117825776339]
0.176556903869 [0.233821883798] [0.11929192394]
0.175911128521 [0.231448933482] [0.12037332356]
0.171886317432 [0.223066002131] [0.120706632733]
0.1692773625255 [0.215144217014] [0.123410508037]
0.170124411583 [0.212075889111] [0.128172934055]
0.175635010004 [0.214960157871] [0.136309862137]
0.183072082698 [0.221298217773] [0.144845947623]
0.19080086052400003 [0.227260187268] [0.15434153378]
0.19670550525199998 [0.229762405157] [0.163648605347]
0.19954720139499998 [0.228052854538] [0.171041548252]
0.20165714621550002 [0.224777519703] [0.178536772728]
0.202006101608 [0.222250625491] [0.181761577725]
0.201965101063 [0.219732046127] [0.184198155999]
0.198482893407 [0.215720325708] [0.181245461106]
0.192046523094 [0.210182726383] [0.173910319805]
0.1872980296615 [0.207651421428] [0.166944637895]
0.18627258390149998 [0.210668802261] [0.161876365542]
0.18941485881800002 [0.219110861421] [0.159718856215]
0.193986028433 [0.228833138943] [0.159138917923]
0.197852008045 [0.236767575145] [0.158936440945]
0.198988430202 [0.240122780204] [0.1578540802]
0.19701812416300002 [0.237628042698] [0.156408205628]
0.1948643922805 [0.232423692942] [0.157305091619]
0.19630475342249998 [0.231609508395] [0.16099999845]
0.200209327042 [0.234553053975] [0.165865600109]
0.20461663603750002 [0.241097077727] [0.168136194348]
0.20877656340599998 [0.249808743596] [0.167744383216]
0.21223696321250002 [0.257574290037] [0.166899636388]
0.2133783474565 [0.259795814753] [0.16696088016]
0.2035698592665 [0.244731962681] [0.162407755852]
0.1718411371115 [0.193541362882] [0.150140911341]
0.1240571439265 [0.122277826071] [0.125836461782]
0.0883622430265 [0.073652304709] [0.103072181344]
0.0698687136173 [0.0494788959622] [0.0902585312724]
0.061632122844499995 [0.0388583093882] [0.0844059363008]
0.057738240808250005 [0.0349624231458] [0.0805140584707]
0.055148364976049996 [0.0332156978548] [0.0770810320973]
0.05306990630925 [0.0323630608618] [0.0737767517567]
0.050902947783449996 [0.0311569944024] [0.0706489011645]
0.04870486166325 [0.0296135228127] [0.0677962005138]
0.046568563207950005 [0.0278890840709] [0.065248042345]
0.0437245219946 [0.0242509096861] [0.0631981343031]
0.0416206959635 [0.0217516385019] [0.0614897534251]
0.0403409311548 [0.0202895831317] [0.0603922791779]
0.0399057297036 [0.0196843314916] [0.0601271279156]
0.0402201078832 [0.0196667872369] [0.0607734285295]
0.041218555532399996 [0.0201440844685] [0.0622930265963]
0.042680406943 [0.0209819786251] [0.0643788352609]
0.044468788430100006 [0.0220005251467] [0.0669370517135]
0.04727337602525 [0.0229278746992] [0.0716188773513]
0.049649059772449995 [0.0239439308643] [0.0753541886806]
0.04983428772535 [0.0255168434232] [0.0741517320275]
0.0483713885769 [0.0253236647695] [0.0714191123843]
