M B1 B2
0.1321332491935 [0.108498416841] [0.155768081546]
0.1309901475905 [0.108301460743] [0.153678834438]
0.1294807009395 [0.1094860062] [0.149475395679]
0.125299625099 [0.110666409135] [0.139932841063]
0.1195714771745 [0.111220166087] [0.127922788262]
0.1141983643175 [0.111307837069] [0.117088891566]
0.11114243045450001 [0.111237689853] [0.111047171056]
0.10920278728050001 [0.110993392766] [0.107412181795]
0.10804486274700001 [0.110536135733] [0.105553589761]
0.1075534038245 [0.110295780003] [0.104811027646]
0.10748803615550001 [0.110756792128] [0.104219280183]
0.1076894700525 [0.11178085953] [0.103598080575]
0.1060743220155 [0.110993534327] [0.101155109704]
0.0997491702438 [0.104704424739] [0.0947939157486]
0.0864418707788 [0.0884956270456] [0.084388114512]
0.07084745913745 [0.0688740536571] [0.0728208646178]
0.059742072597149996 [0.0549095012248] [0.0645746439695]
0.05407692119475 [0.0481198392808] [0.0600340031087]
0.052135758101949994 [0.0459781624377] [0.0582933537662]
0.05264796316625 [0.0463235192001] [0.0589724071324]
0.0540247578174 [0.0472603775561] [0.0607891380787]
0.0557563547045 [0.0482687018812] [0.0632440075278]
0.057165978476399995 [0.0492961667478] [0.065035790205]
0.05843899212775 [0.0510601364076] [0.0658178478479]
0.05935190804305 [0.0533138625324] [0.0653899535537]
0.059874689206500006 [0.0554258339107] [0.0643235445023]
0.059067634865650004 [0.0564138069749] [0.0617214627564]
0.05630685202775 [0.0557735003531] [0.0568402037024]
0.05242292024195 [0.0547938719392] [0.0500519685447]
0.049323903396699995 [0.0555758848786] [0.0430719219148]
0.0482529718429 [0.058944452554] [0.0375614911318]
0.04926660843195 [0.0644818246365] [0.0340513922274]
0.05146481841805 [0.0709235444665] [0.0320060923696]
0.0535819912329 [0.0761249735951] [0.0310390088707]
0.0546909393743 [0.0788994058967] [0.0304824728519]
0.05507883429525 [0.0801409855485] [0.030016683042]
0.05500209052115 [0.0806525722146] [0.0293516088277]
0.05451974552125 [0.0804456472397] [0.0285938438028]
0.0534902466461 [0.0790068358183] [0.0279736574739]
0.051887884736099996 [0.0760909840465] [0.0276847854257]
0.049955175258199994 [0.0721911638975] [0.0277191866189]
0.04844290018085 [0.0686097145081] [0.0282760858536]
0.0483681336045 [0.0669402554631] [0.0297960117459]
0.050779264420250006 [0.0682211220264] [0.0333374068141]
0.057321069762099996 [0.0740691944957] [0.0405729450285]
0.069126881659 [0.0842657536268] [0.0539880096912]
0.08500248193740001 [0.09418489784] [0.0758200660348]
0.09952532127495001 [0.0964697450399] [0.10258089751]
0.1069951392709 [0.0925217866898] [0.121468491852]
0.1060660146179 [0.0855747833848] [0.126557245851]
0.10244809091109999 [0.0793992429972] [0.125496938825]
0.09901477769015 [0.0745204612613] [0.123509094119]
0.096363570541 [0.070870295167] [0.121856845915]
0.0947678834199 [0.0682179182768] [0.121317848563]
0.0938643366097 [0.0662518143654] [0.121476858854]
0.0945627316833 [0.0653733089566] [0.12375215441]
0.09835409373025 [0.0666240006685] [0.130084186792]
0.10698090121175 [0.0713311210275] [0.142630681396]
0.12080568447705001 [0.0815516188741] [0.16005975008]
0.1372732929886 [0.0952952429652] [0.179251343012]
0.1508076153695 [0.107663236558] [0.193951994181]
0.159636225551 [0.116680525243] [0.202591925859]
0.165282249451 [0.123032689095] [0.207531809807]
0.1723994314675 [0.131418153644] [0.213380709291]
0.182041563094 [0.141525447369] [0.222557678819]
0.1932803317905 [0.15336817503] [0.233192488551]
0.201862871647 [0.159686893225] [0.244038850069]
0.2040464058515 [0.155526563525] [0.252566248178]
0.20370418578350002 [0.149831935763] [0.257576435804]
0.201946794987 [0.144155174494] [0.25973841548]
0.2005380094055 [0.138672858477] [0.262403160334]
0.20017716288600002 [0.133587121964] [0.266767203808]
0.1986718177795 [0.128937274218] [0.268406361341]
0.1948044747115 [0.124612212181] [0.264996737242]
0.192168317735 [0.121302112937] [0.263034522533]
0.19220975786449998 [0.117954358459] [0.26646515727]
0.1937444247305 [0.114962674677] [0.272526174784]
0.196023762226 [0.112525254488] [0.279522269964]
0.196675695479 [0.110989376903] [0.282362014055]
0.19659501686650002 [0.110761173069] [0.282428860664]
0.194723356515 [0.112088985741] [0.277357727289]
0.1899735964835 [0.115122206509] [0.264824986458]
0.182927586138 [0.120339736342] [0.245515435934]
0.1775893047455 [0.128147467971] [0.22703114152]
0.1749696284535 [0.139168828726] [0.210770428181]
0.1729805991055 [0.146988019347] [0.198973178864]
0.16688326746249998 [0.14128048718] [0.192486047745]
0.158962264657 [0.131170347333] [0.186754181981]
0.15071753785 [0.12163939327] [0.17979568243]
0.1430907957255 [0.116438321769] [0.169743269682]
0.136324886233 [0.11481653899] [0.157833233476]
0.131201919168 [0.115960873663] [0.146442964673]
0.128217406571 [0.119208067656] [0.137226745486]
0.127205453813 [0.123099684715] [0.131311222911]
0.12700980901699999 [0.125516414642] [0.128503203392]
0.1272231042385 [0.125199645758] [0.129246562719]
0.1266801804305 [0.12146922946] [0.131891131401]
0.124308284372 [0.115367926657] [0.133248642087]
0.11422874778549999 [0.105364583433] [0.123092912138]
0.0951088555157 [0.0919917449355] [0.0982259660959]
0.07641700282694999 [0.0779532939196] [0.0748807117343]
0.0632123854011 [0.0676777884364] [0.0587469823658]
0.05482330173255 [0.0614882260561] [0.048158377409]
0.04961724579335 [0.0586441382766] [0.0405903533101]
0.0467843133956 [0.0580808930099] [0.0354877337813]
0.045287463814 [0.0582518875599] [0.0323230400681]
0.04468475654725 [0.0586914904416] [0.0306780226529]
0.04494697600605 [0.0596978887916] [0.0301960632205]
0.0459150550887 [0.0613364204764] [0.030493689701]
0.04743069410325 [0.0637770295143] [0.0310843586922]
0.04941860958935 [0.0670257508755] [0.0318114683032]
0.0516910199076 [0.0707806199789] [0.0326014198363]
0.054008452221750006 [0.074728012085] [0.0332888923585]
0.05645379051565 [0.0789697319269] [0.0339378491044]
0.05938602611425001 [0.0840597674251] [0.0347122848034]
0.06330331042409999 [0.0909588932991] [0.0356477275491]
0.06739638000725 [0.097768522799] [0.0370242372155]
0.07145630382005 [0.103513583541] [0.0393990240991]
0.0752368029208 [0.107662342489] [0.0428112633526]
0.07828889414665 [0.10970941931] [0.0468683689833]
0.0797357298436 [0.108758039773] [0.0507134199142]
0.0791923888029 [0.104595050216] [0.0537897273898]
0.07602558098735 [0.0968063771725] [0.0552447848022]
0.07101382873955 [0.0871754139662] [0.0548522435129]
0.06569236144425 [0.0779187753797] [0.0534659475088]
0.0610744114965 [0.0701594054699] [0.0519894175231]
0.05721931159495 [0.0637852922082] [0.0506533309817]
0.0538124348968 [0.0580572746694] [0.0495675951242]
0.050858022645100004 [0.052675999701] [0.0490400455892]
0.0490114577115 [0.0482439398766] [0.0497789755464]
0.049352275207649995 [0.0455860607326] [0.0531184896827]
0.0529384817928 [0.0454109981656] [0.06046596542]
0.0604230556637 [0.047571670264] [0.0732744410634]
