M B1 B2
0.073652336374 [0.133493974805] [0.013810697943]
0.0751786045732 [0.135375991464] [0.0149812176824]
0.07575760502375001 [0.135069653392] [0.0164455566555]
0.07643583137564999 [0.134741917253] [0.0181297454983]
0.07480427902205 [0.129541307688] [0.0200672503561]
0.0734723675997 [0.124553114176] [0.0223916210234]
0.0714186318219 [0.118278041482] [0.0245592221618]
0.06820297613755 [0.110646799207] [0.0257591530681]
0.06580315623435 [0.106057561934] [0.0255487505347]
0.062175010330999994 [0.0997384116054] [0.0246116090566]
0.05970689747485 [0.0954347997904] [0.0239789951593]
0.059153563343 [0.0939911156893] [0.0243160109967]
0.05982142221185 [0.0942467749119] [0.0253960695118]
0.06072432827205 [0.0949207618833] [0.0265278946608]
0.060133313760150006 [0.0948139056563] [0.025452721864]
0.05761759448795 [0.0930140838027] [0.0222211051732]
0.054165615700199995 [0.090091586113] [0.0182396452874]
0.05127780465405 [0.087352335453] [0.0152032738551]
0.04952608561145 [0.0856998115778] [0.0133523596451]
0.0489242314361 [0.0854888111353] [0.0123596517369]
0.04920256743205 [0.086457721889] [0.0119474129751]
0.0502295931801 [0.0885626748204] [0.0118965115398]
0.05180666456 [0.0915754809976] [0.0120378481224]
0.0541165098548 [0.0958834215999] [0.0123495981097]
0.0576241612436 [0.102453619242] [0.0127947032452]
0.0614193915387 [0.109596073627] [0.0132427094504]
0.0636649667286 [0.113827712834] [0.0135022206232]
0.0598834031262 [0.106063142419] [0.0137036638334]
0.0508739631623 [0.0879895016551] [0.0137584246695]
0.040936447214350004 [0.0679222494364] [0.0139506449923]
0.03436566889285 [0.0540263839066] [0.0147049538791]
0.031315298751000004 [0.0458341650665] [0.0167964324355]
0.031463474035300004 [0.0415340214968] [0.0213929265738]
0.03470360580835 [0.0397512726486] [0.0296559389681]
0.039372906088849996 [0.0393840521574] [0.0393617600203]
0.04201317578555 [0.0396512895823] [0.0443750619888]
0.0422369092703 [0.0400843806565] [0.0443894378841]
0.041761463508 [0.040147151798] [0.043375775218]
0.04106651060285 [0.0393893681467] [0.042743653059]
0.040030708536499995 [0.037578355521] [0.042483061552]
0.03888943046335 [0.0354606918991] [0.0423181690276]
0.038053365424300004 [0.0339120924473] [0.0421946384013]
0.03851984627545 [0.0341973230243] [0.0428423695266]
0.0413780491799 [0.0374812372029] [0.0452748611569]
0.047827094793299996 [0.0450818650424] [0.0505723245442]
0.0593364909291 [0.0600067414343] [0.0586662404239]
0.07835641875864999 [0.0880071371794] [0.0687057003379]
0.10662144049990001 [0.135128572583] [0.0781143084168]
0.13320299983045 [0.179643362761] [0.0867626368999]
0.1444680094719 [0.192984610796] [0.0959514081478]
0.14329271391 [0.176011636853] [0.110573790967]
0.148973912001 [0.163543224335] [0.134404599667]
0.1608889698985 [0.155299752951] [0.166478186846]
0.1722527593375 [0.150201499462] [0.194304019213]
0.1748964637515 [0.147495612502] [0.202297315001]
0.1693551391365 [0.145872473717] [0.192837804556]
0.160827353597 [0.142987981439] [0.178666725755]
0.15092901885499999 [0.137455746531] [0.164402291179]
0.1413946524265 [0.12983982265] [0.152949482203]
0.13232489675300002 [0.121412202716] [0.14323759079]
0.1236229129135 [0.113041706383] [0.134204119444]
0.113808572292 [0.104808799922] [0.122808344662]
0.10378523916025001 [0.0957569256425] [0.111813552678]
0.09491906315085 [0.0879897400737] [0.101848386228]
0.08688112348315 [0.0803472176194] [0.0934150293469]
0.08051335439085 [0.0746183246374] [0.0864083841443]
0.0755132138729 [0.0709156617522] [0.0801107659936]
0.07091548666360001 [0.0674020275474] [0.0744289457798]
0.06704055517915 [0.0646484717727] [0.0694326385856]
0.06460301950575001 [0.0633038878441] [0.0659021511674]
0.06313765980305 [0.0624248944223] [0.0638504251838]
0.0633525028825 [0.0633294284344] [0.0633755773306]
0.0646592341363 [0.0649014934897] [0.0644169747829]
0.0666020065546 [0.0666529461741] [0.0665510669351]
0.0689881891012 [0.0681237131357] [0.0698526650667]
0.07155271619555001 [0.0693468302488] [0.0737586021423]
0.07428767904639999 [0.0707773268223] [0.0777980312705]
0.07725286111235 [0.0727907195687] [0.081715002656]
0.0797555372119 [0.074896864593] [0.0846142098308]
0.08224177360535001 [0.0765140727162] [0.0879694744945]
0.08504044264555 [0.0779685080051] [0.092112377286]
0.08843680098655 [0.080008096993] [0.0968655049801]
0.0912124626338 [0.0808397233486] [0.101585201919]
0.09255772829039999 [0.0791140198708] [0.10600143671]
0.09270773082969999 [0.0757105350494] [0.10970492661]
0.09339089691665 [0.0727177858353] [0.114064007998]
0.09491011500374999 [0.0704920738935] [0.119328156114]
0.0970394797621 [0.0691324397922] [0.124946519732]
0.09609537199160001 [0.0681606903672] [0.124030053616]
0.0909941680729 [0.0672687664628] [0.114719569683]
0.08448343351490001 [0.0663650035858] [0.102601863444]
0.07849986478685 [0.0650904998183] [0.0919092297554]
0.07516059279439999 [0.0643683820963] [0.0859528034925]
0.0735723040998 [0.0649812966585] [0.0821633115411]
0.07391011714935 [0.0679721459746] [0.0798480883241]
0.07540430873635001 [0.0725423842669] [0.0782662332058]
0.0775249898434 [0.0778796747327] [0.0771703049541]
0.07944693416359999 [0.0824692845345] [0.0764245837927]
0.08123366907235 [0.0862801223993] [0.0761872157454]
0.0829701051116 [0.0895463451743] [0.0763938650489]
0.0847542658448 [0.0928013399243] [0.0767071917653]
0.0856696255505 [0.0951377823949] [0.0762014687061]
0.08655356243250001 [0.0972826182842] [0.0758245065808]
0.08764684200285 [0.0996886342764] [0.0756050497293]
0.08949466794715 [0.102285891771] [0.0767034441233]
0.0930028073487 [0.105717003345] [0.0802886113524]
0.09855072200315 [0.110175058246] [0.0869263857603]
0.10485942289235001 [0.111161723733] [0.0985571220517]
0.1102955453095 [0.107305511832] [0.113285578787]
0.113776113838 [0.100878171623] [0.126674056053]
0.11655486375075 [0.0941551327705] [0.138954594731]
0.11814742907865 [0.0876485034823] [0.148646354675]
0.11879260465489999 [0.0847180262208] [0.152867183089]
0.11904325708735 [0.0868425294757] [0.151243984699]
0.11779985949380001 [0.0925836637616] [0.143016055226]
0.11450614407675 [0.0975934788585] [0.131418809295]
0.1118178516625 [0.100353822112] [0.123281881213]
0.11091050505649999 [0.101696252823] [0.12012475729]
0.11155119538300001 [0.103042885661] [0.120059505105]
0.1124654375015 [0.104791663587] [0.120139211416]
0.11313285306099999 [0.107390910387] [0.118874795735]
0.113562170416 [0.110907264054] [0.116217076778]
0.114176891744 [0.11536013335] [0.112993650138]
0.1148625686765 [0.12059417367] [0.109130963683]
0.11536660417899999 [0.126805230975] [0.103927977383]
0.1149224564433 [0.133937522769] [0.0959073901176]
0.10974005982275001 [0.137030109763] [0.0824500098825]
0.09892381355169999 [0.133484646678] [0.0643629804254]
0.0870267990976 [0.126086577773] [0.0479670204222]
0.0777247175576 [0.118320859969] [0.0371285751462]
