M B1 B2
0.09278015419865 [0.121115058661] [0.0644452497363]
0.08985373564085 [0.11822244525] [0.0614850260317]
0.08804151974635 [0.117058001459] [0.0590250380337]
0.08759781159475 [0.118181601167] [0.0570140220225]
0.0879072435202 [0.120490252972] [0.0553242340684]
0.0878167748449 [0.121920779347] [0.0537127703428]
0.08696537464855 [0.121875166893] [0.0520555824041]
0.0845520962031 [0.118563808501] [0.0505403839052]
0.07856651581835 [0.108161762357] [0.0489712692797]
0.0651681981981 [0.083508014679] [0.0468283817172]
0.0469765737653 [0.0513509064913] [0.0426022410393]
0.034890811890349996 [0.0341610834002] [0.0356205403805]
0.02772339992225 [0.0271563343704] [0.0282904654741]
0.02375299297275 [0.0246447585523] [0.0228612273932]
0.02220998890695 [0.0240914877504] [0.0203284900635]
0.02254249248655 [0.0244866721332] [0.0205983128399]
0.024246103130299998 [0.0252954140306] [0.02319679223]
0.02661324571815 [0.0263301450759] [0.0268963463604]
0.02873604372145 [0.0273377336562] [0.0301343537867]
0.02985876705495 [0.0279036220163] [0.0318139120936]
0.0299132829532 [0.0278309527785] [0.0319956131279]
0.02921474073085 [0.0270970221609] [0.0313324593008]
0.028229684568950003 [0.0260397270322] [0.0304196421057]
0.027566049248 [0.0251715946943] [0.0299605038017]
0.027713534422200002 [0.024763841182] [0.0306632276624]
0.02946144714955 [0.0249609574676] [0.0339619368315]
0.03332621883605 [0.0257089901716] [0.0409434475005]
0.039391546510150005 [0.0269498657435] [0.0518332272768]
0.0474760541692 [0.0281818900257] [0.0667702183127]
0.054902641102649995 [0.0286770202219] [0.0811282619834]
0.058866747654999996 [0.0283048246056] [0.0894286707044]
0.059063493274149996 [0.0271669756621] [0.0909600108862]
0.057377245277200006 [0.0258396416903] [0.0889148488641]
0.055875994265099996 [0.0246920064092] [0.087059982121]
0.05555951222775 [0.0240601301193] [0.0870588943362]
0.056659041903900004 [0.0241316091269] [0.0891864746809]
0.05925732012835 [0.0250251945108] [0.0934894457459]
0.0632502594963 [0.0266488734633] [0.0998516455293]
0.06786029972115 [0.0288053639233] [0.106915235519]
0.07171215023835 [0.0310985129327] [0.112325787544]
0.0731644313782 [0.0331087596714] [0.113220103085]
0.07160432264225 [0.0348803550005] [0.108328290284]
0.06757212430235 [0.0370914638042] [0.0980527848005]
0.06502033397555 [0.0409364998341] [0.089104168117]
0.06769895926115001 [0.0481701940298] [0.0872277244925]
0.0785930156708 [0.0586846023798] [0.0985014289618]
0.09857021272159999 [0.0678287744522] [0.129311650991]
0.11721738055355 [0.0745877400041] [0.159847021103]
0.1250412687657 [0.0785355716944] [0.171546965837]
0.1279034204783 [0.0828776583076] [0.172929182649]
0.12986681237825 [0.0871687456965] [0.17256487906]
0.13327983021745 [0.0945155024529] [0.172044157982]
0.1368258111175 [0.102189995348] [0.171461626887]
0.13290607556700001 [0.104249112308] [0.161563038826]
0.116184704006 [0.101627737284] [0.130741670728]
0.0890459120274 [0.0929574221373] [0.0851344019175]
0.065318396315 [0.0818147584796] [0.0488220341504]
0.0518338792026 [0.0732123106718] [0.0304554477334]
0.0444305865094 [0.0670879483223] [0.0217732246965]
0.0398591477424 [0.0621638521552] [0.0175544433296]
0.0366058163345 [0.0576692335308] [0.0155423991382]
0.03434750251475 [0.0540263205767] [0.0146686844528]
0.03258951986205 [0.0508861765265] [0.0142928631976]
0.03136545047165 [0.0485917702317] [0.0141391307116]
0.0307996836491 [0.0474459044635] [0.0141534628347]
0.0312577509321 [0.0481567792594] [0.0143587226048]
0.03262119181455 [0.0505700111389] [0.0146723724902]
0.034693414811050004 [0.05437938869] [0.0150074409321]
0.0370994666591 [0.0589132979512] [0.015285635367]
0.0394743126817 [0.0633792057633] [0.0155694196001]
0.04171734675765 [0.0673266202211] [0.0161080732942]
0.0443010302261 [0.0712185800076] [0.0173834804446]
0.048235811293100006 [0.0763608589768] [0.0201107636094]
0.055195774883 [0.0846509337425] [0.0257406160235]
0.06652154028415 [0.0963789001107] [0.0366641804576]
0.08087466284615 [0.107292488217] [0.0544568374753]
0.09553804621084999 [0.11645103991] [0.0746250525117]
0.10624945908774999 [0.122114934027] [0.0903839841485]
0.11394802108400001 [0.124686554074] [0.103209488094]
0.12091593816900001 [0.124762706459] [0.117069169879]
0.1271147318185 [0.1222480461] [0.131981417537]
0.133019920439 [0.11793101579] [0.148108825088]
0.13771961629399998 [0.111680313945] [0.163758918643]
0.1416816078125 [0.106090568006] [0.177272647619]
0.1460193768145 [0.102247327566] [0.189791426063]
0.152639556676 [0.10192001611] [0.203359097242]
0.1612930856645 [0.104352302849] [0.21823386848]
0.1712800711395 [0.111398622394] [0.231161519885]
0.177045091987 [0.122295096517] [0.231795087457]
0.18283816427 [0.138601720333] [0.227074608207]
0.1904856339095 [0.15876750648] [0.222203761339]
0.19843767583400002 [0.178392335773] [0.218483015895]
0.204016439617 [0.192363724113] [0.215669155121]
0.2069350406525 [0.201484918594] [0.212385162711]
0.207132272422 [0.206766620278] [0.207497924566]
0.206620275974 [0.210614264011] [0.202626287937]
0.20488563179949998 [0.210411518812] [0.199359744787]
0.20323890447600002 [0.210219711065] [0.196258097887]
0.20224807411450002 [0.212604850531] [0.191891297698]
0.20399081707 [0.21940381825] [0.18857781589]
0.205717213452 [0.222945228219] [0.188489198685]
0.2038152068855 [0.214918583632] [0.192711830139]
0.2004509568215 [0.200305104256] [0.200596809387]
0.194775879383 [0.181398004293] [0.208153754473]
0.187327601016 [0.162394329906] [0.212260872126]
0.175985567272 [0.14146758616] [0.210503548384]
0.1634073890745 [0.123422645032] [0.203392133117]
0.15040891617500002 [0.109101772308] [0.191716060042]
0.14029100164795 [0.0993244126439] [0.181257590652]
0.13150333985705 [0.0940980985761] [0.168908581138]
0.11606961116190001 [0.0895826295018] [0.142556592822]
0.0926131680608 [0.0805882811546] [0.104638054967]
0.0699962563813 [0.0677248388529] [0.0722676739097]
0.054405950009850004 [0.0557393394411] [0.0530725605786]
