M B1 B2
0.052670972887450006 [0.0919605866075] [0.0133813591674]
0.06746070412935 [0.121748261154] [0.0131731471047]
0.0900814300402 [0.166828215122] [0.0133346449584]
0.11424025893195 [0.21444350481] [0.0140370130539]
0.12262879218915 [0.229775413871] [0.0154821705073]
0.1195045420902 [0.221059635282] [0.0179494488984]
0.11868773121385 [0.215844169259] [0.0215312931687]
0.1224696598949 [0.219449937344] [0.0254893824458]
0.12664560694265 [0.22515539825] [0.0281358156353]
0.12475434038779999 [0.221508681774] [0.0279999990016]
0.1158457947895 [0.206030279398] [0.025661310181]
0.1012392248959 [0.179832071066] [0.0226463787258]
0.08477850258344999 [0.149715527892] [0.0198414772749]
0.07209196873030001 [0.126431152225] [0.0177527852356]
0.06285167671745 [0.109276264906] [0.0164270885289]
0.057054222561400005 [0.0983703583479] [0.0157380867749]
0.05360632110385 [0.091723382473] [0.0154892597347]
0.051135200541449995 [0.0868707746267] [0.0153996264562]
0.05000943737105 [0.0847119539976] [0.0153069207445]
0.0496820374392 [0.0841123461723] [0.0152517287061]
0.0492020412348 [0.0832012966275] [0.0152027858421]
0.0482139675878 [0.0810996964574] [0.0153282387182]
0.0462148860097 [0.0768035650253] [0.0156262069941]
0.042779260315 [0.0695445612073] [0.0160139594227]
0.0381342219189 [0.0597213096917] [0.0165471341461]
0.034008923918 [0.0505692474544] [0.0174486003816]
0.03201229311525 [0.0447965413332] [0.0192280448973]
0.03267256170515 [0.0425180718303] [0.02282705158]
0.0363022554666 [0.0425289794803] [0.0300755314529]
0.04367713443935 [0.0436942800879] [0.0436599887908]
0.054564531892550006 [0.044861741364] [0.0642673224211]
0.0636030267924 [0.0447527356446] [0.0824533179402]
0.0674762781709 [0.0446232669055] [0.0903292894363]
0.06803528219464999 [0.0444615185261] [0.0916090458632]
0.06850000470875 [0.0442667379975] [0.09273327142]
0.0700483787805 [0.0442165993154] [0.0958801582456]
0.07291269674915 [0.0442588552833] [0.101566538215]
0.07742222212245001 [0.0447532273829] [0.110091216862]
0.08237791620185 [0.0462790615857] [0.118476770818]
0.08700924739255 [0.0496433824301] [0.124375112355]
0.09145533293485 [0.0556044131517] [0.127306252718]
0.0969160571696 [0.0663268566132] [0.127505257726]
0.10383267700660001 [0.0821691006422] [0.125496253371]
0.1098827943208 [0.0973802283406] [0.122385360301]
0.11444820836200001 [0.110082164407] [0.118814252317]
0.1178193464875 [0.119647398591] [0.115991294384]
0.12278600037100001 [0.130538880825] [0.115033119917]
0.130625937134 [0.146503150463] [0.114748723805]
0.1439192034305 [0.17158433795] [0.116254068911]
0.157942980528 [0.197944909334] [0.117941051722]
0.166085857898 [0.212907254696] [0.1192644611]
0.16995488852250001 [0.218486532569] [0.121423244476]
0.172662548721 [0.219887971878] [0.125437125564]
0.17514955252449999 [0.22154173255] [0.128757372499]
0.1775310635565 [0.221777886152] [0.133284240961]
0.1799731776115 [0.221273973584] [0.138672381639]
0.1797218695285 [0.217127904296] [0.142315834761]
0.16752113401899998 [0.196907684207] [0.138134583831]
0.12953239306800002 [0.142885908484] [0.116178877652]
0.08423769474029999 [0.0859373882413] [0.0825380012393]
0.0540160331875 [0.0517543442547] [0.0562777221203]
0.038124848157150004 [0.035376124084] [0.0408735722303]
0.0303094265983 [0.0279762577266] [0.03264259547]
0.026534282602399997 [0.0248916856945] [0.0281768795103]
0.0249661942944 [0.0240610968322] [0.0258712917566]
0.0244689397514 [0.0241804495454] [0.0247574299574]
0.02440507244315 [0.0247027352452] [0.0241074096411]
0.02447907533495 [0.0254516303539] [0.023506520316]
0.02436581254005 [0.0262589007616] [0.0224727243185]
0.0241162180901 [0.0271392129362] [0.021093223244]
0.0235899919644 [0.0277208108455] [0.0194591730833]
0.02286388538775 [0.0279009453952] [0.0178268253803]
0.0218897294253 [0.0274256952107] [0.0163537636399]
0.0206959201023 [0.0262165255845] [0.0151753146201]
0.0194707652554 [0.0245494674891] [0.0143920630217]
0.0185023699887 [0.0229218695313] [0.0140828704461]
0.0180567651987 [0.0217997021973] [0.0143138282001]
0.01814018003645 [0.0210772547871] [0.0152031052858]
0.0184616725892 [0.0206268038601] [0.0162965413183]
0.0187409194186 [0.0202324055135] [0.0172494333237]
0.018799885176099998 [0.0198864135891] [0.0177133567631]
0.01867416594175 [0.0195318292826] [0.0178165026009]
0.0184565894306 [0.0192016400397] [0.0177115388215]
0.0184356290847 [0.0188225470483] [0.0180487111211]
0.018318899907200002 [0.0183255411685] [0.0183122586459]
0.0179778551683 [0.0177916251123] [0.0181640852243]
0.0169514873996 [0.0173103716224] [0.0165926031768]
0.01541120000185 [0.0171473231167] [0.013675076887]
0.0143507323228 [0.0178478192538] [0.0108536453918]
0.014542939141405 [0.0202663689852] [0.00881950929761]
0.016603769036005002 [0.0255783908069] [0.00762914726511]
0.021292738383645 [0.0354947820306] [0.00709069473669]
0.029136637924225002 [0.0512943267822] [0.00697894906625]
0.03878099680876 [0.070479594171] [0.00708239944652]
0.04635783145202 [0.0854934751987] [0.00722218770534]
0.04983842023646 [0.0923107117414] [0.00736612873152]
0.048900771420434995 [0.0903742611408] [0.00742728170007]
0.046850604005134994 [0.0862041264772] [0.00749708153307]
0.044435497606195 [0.0813624337316] [0.00750856148079]
0.042253434425195 [0.0767985656857] [0.00770830316469]
0.04091109801084 [0.0737353861332] [0.00808680988848]
0.04117011791095 [0.0734774172306] [0.0088628185913]
0.0434284317307 [0.0763796716928] [0.0104771917686]
0.0477003096603 [0.0816400870681] [0.0137605322525]
0.054226221516749995 [0.0880179256201] [0.0204345174134]
0.06345774419605 [0.0929936394095] [0.0339218489826]
0.0767394043505 [0.0945402905345] [0.0589385181665]
0.0922388397157 [0.0940101370215] [0.0904675424099]
0.1015588305892 [0.0947627946734] [0.108354866505]
0.1047054603694 [0.0963507592678] [0.113060161471]
0.1090669073165 [0.101240158081] [0.116893656552]
0.115675229579 [0.10830976814] [0.123040691018]
0.12194333225500001 [0.11544662714] [0.12844003737]
0.12542242184250002 [0.121783442795] [0.12906140089]
0.1246269792315 [0.12694260478] [0.122311353683]
0.12269352749000001 [0.131272092462] [0.114114962518]
0.1226809136565 [0.13779297471] [0.107568852603]
0.125710468739 [0.148090958595] [0.103329978883]
0.1312609165905 [0.161748513579] [0.100773319602]
0.13722521439185 [0.175673574209] [0.0987768545747]
0.14198287948955 [0.187168061733] [0.0967976972461]
0.14493569731720002 [0.195434883237] [0.0944365113974]
0.14689885079870002 [0.201218172908] [0.0925795286894]
0.1481329388914 [0.204876735806] [0.0913891419768]
0.14798719063420002 [0.205804869533] [0.0901695117354]
0.1378248259427 [0.187659710646] [0.0879899412394]
0.11631280183785 [0.147933423519] [0.0846921801567]
0.0970129668711 [0.113689139485] [0.0803367942572]
0.082942109555 [0.0904801115394] [0.0754041075706]
0.07377054542305 [0.0769780799747] [0.0705630108714]
