0.1002881899476 0.09835601970550001 0.0974434018135 0.09650225564845 0.0941460132598 0.09037236869314999 0.0887152738871 0.09068451076754999 0.09722279384715 0.0992760322989 0.09320532158015 0.08097369596365 0.067920319736 0.058727258816350006 0.0527407657355 
0.048534255474850005 0.04551019892095 0.0434235651046 0.0419075191021 0.0404962990433 0.038815006613749994 0.036948542110650004 0.03481635823845 0.03262966591865 0.030818046070649998 0.02984510548415 0.0300071844831 0.0316185485572 0.03527506440875 0.041957153007350007 
0.0521971732378 0.0623406879604 0.0664143096656 0.06586780771615 0.0643811132759 0.062470037490149996 0.060021966695800004 0.05753641203045 0.0562802311033 0.056249160319550004 0.0569465346634 0.057905403897199996 0.058532832190399994 0.05879318155345 0.0588820297271 
0.05932724848385 0.06072017177939999 0.062458185479049994 0.06397593021395 0.06669122353195 0.07188326492905 0.08123821392655001 0.0936413519086 0.10777753591549999 0.1201438792051 0.1285332888365 0.128156170249 0.11079612746840001 0.08408647030595 0.06176519393924999 
0.046972382813699996 0.037912676110900004 0.032632580027 0.0294896494597 0.027630367316349998 0.02641967218365 0.0254752933979 0.0246762325987 0.02401144150645 0.023388278670599998 0.02269634976985 0.021807030774650002 0.02094593457875 0.0205966643989 0.0211822493002 
0.022833368740999997 0.02535433042795 0.027851486578600003 0.0294779455289 0.02987619116905 0.029622465372099997 0.029143815860149996 0.0285719987005 0.02792091295125 0.02724462468175 0.02674108371135 0.026597728021450003 0.02683390956375 0.027349342592049998 0.02803326956925 
0.0289873005822 0.03009212203325 0.0318788345903 0.0341237792745 0.03655373398215 0.038744463585299996 0.04138383083045 0.0455146022141 0.051743991673000006 0.060192726552500006 0.06977202743290001 0.07648791000249999 0.0773708447814 0.07422629743815 0.067542064935 
0.05825834721325 0.0498466566205 0.0438452428207 0.04019528068605 0.03881532792005 0.0391291026026 0.04046962130815 0.04212163481865 0.043559646233900004 0.0443244455382 0.04465829394755 0.0451616579667 0.04633994586765 0.048665524460400005 0.05230075120925 
0.05741028208285 0.0641622040421 0.07181065343315 0.07871034182585 0.0836656074969 0.0863236729054 0.0876727774737 0.08847540244475 0.0892515908928 0.09055554494265 0.09238108620060001 0.0942445620893 0.0957365818321 0.09719873219740001 0.09977642446755 
0.10455500334475 0.11373781412845 0.12971047311995 0.1480860225855 0.1623709872365 0.171533718705 0.1724156662825 0.16774287819900002 0.162737801671 0.1583717092875 0.15760277956750002 0.156395830214 0.1529631838205 0.1496399641035 0.146347783506 
0.14496884495 0.14680865407 0.1522643342615 0.1592872068285 0.16562730819 0.16683318465949998 0.1648312732575 0.1594298779965 0.1533667966725 0.1469822078945 0.141391731799 0.1379223689435 0.135825484991 0.135588787496 0.1367035880685 
0.1373065710065 0 0 0 0 0 0 0 0 0 0 0 0 0 0 
