0.0737057104707 0.0587175376713 0.0503091774881 0.045956430956750005 0.04392496589575 0.04295224417005 0.0423031663522 0.04152896627785 0.03987485636025 0.0369563503191 0.0336418217048 0.031079164706150002 0.029653151519550003 0.029529600404200003 0.0305560389534 
0.0327878780663 0.0362309413031 0.0405939007178 0.0444922056049 0.0469293631613 0.0475172102451 0.047169746831050005 0.046992238611 0.04841605760155 0.053698854520949996 0.06570562534035 0.0885061360898 0.124763302505 0.1641427725555 0.18571186065700002 
0.188201032579 0.1856240034105 0.183634892106 0.1836766079065 0.1854437440635 0.187721326947 0.1896303221585 0.190921701491 0.19270838797099998 0.1951621621845 0.1966921016575 0.198825083673 0.2018362507225 0.20535337179899998 0.20766214281349998 
0.20778823643900002 0.19518315047 0.1699535250665 0.1461709253489 0.12788248062125 0.11506709642685001 0.10660098306845 0.10368652641795001 0.1049689454958 0.10831579379725 0.11225673183780001 0.1158798551188 0.1189397191628 0.11989076249274999 0.12114981375615 
0.12234320119015 0.12323302403094999 0.12240147031835 0.12394200265385 0.12351538054665 0.12050617486245 0.11873983964335 0.117342341691 0.1141739077865 0.10953392088399999 0.10260880738485001 0.08812130615114999 0.067944444716 0.050503697246299994 0.038333816453800004 
0.030844533816 0.0265351254493 0.02438403945415 0.023835506290200002 0.024524663575 0.02621074113995 0.0285715246573 0.03102414123715 0.03292704001065 0.03395653888585 0.03430045954885 0.034957645460949996 0.03713247273115 0.04241925198585 0.05283160507675 
0.0707659255712 0.09585691243425 0.1205487530679 0.13537010364225 0.13963647000475 0.1371987797319 0.13286513462665 0.13048562780005 0.1346216909589 0.14817731827475 0.175132676959 0.20915710180999997 0.23615259677199998 0.24692978709900001 0.245255641639 
0.237997256219 0.22714014351349998 0.21678452193699999 0.210525624454 0.2078967615965 0.209285750985 0.21097036451099999 0.2123836427925 0.2116075083615 0.208412706852 0.20476729422849999 0.2010235786435 0.19939789176 0.199031852186 0.20090682804600002 
0.203661508858 0.20786593109399998 0.2139044106005 0.22090501338250002 0.22296939790249998 0.21774321049450002 0.2022175192835 0.18343658000250002 0.1664773896335 0.1555120646955 0.1506948322055 0.1498336568475 0.149659626186 0.148543089628 0.14632993936549998 
0.147848494351 0.1512153074145 0.15609898418200002 0.161117710173 0.1656801626085 0.1704854220155 0.1767632588745 0.185675337911 0.197041146457 0.2113051116465 0.2228051126 0.227668210864 0.2249753028155 0.214747145772 0.19839027523949998 
0.18065597862 0.16359842568650002 0.14796292781800002 0.138061776757 0.1315430104735 0.1258790865545 0.119545582682 0.1132642924785 0.1075251251458 0.10251523926834999 0.09849640727055001 0.09567437693475 0.09506006911395 0.09777704998834999 0.10395313799375 
0.11271517351265001 0.12188908830285 0.12843884527665 0.130920354277 0.12974770367135 0.1258042976259 0.1215458698572 0.11863389611225 0.11731009557855 0.11728107929215001 0.1173084676267 0.115881666541 0.1117127574981 0.1041580699383 0.09588373452415 
0.0882103275507 0.0822005979717 0 0 0 0 0 0 0 0 0 0 0 0 0 
