0.108478140086 0.11231651902205 0.116691328585 0.12199224531649999 0.129282318056 0.1404960379005 0.1579240858555 0.1852805018425 0.224385432899 0.2660212516785 0.2940745055675 0.3101980686185 0.3059580028055 0.2637140974405 0.20328206568950002 
0.1538588218391 0.12000628188245 0.09928889572614999 0.08799310587355 0.08306793682255001 0.08130813948805 0.08053095545604999 0.07909068185835 0.0765715250745 0.07404711656295 0.0718484809623 0.0706559121608 0.07029993459565 0.0701521635054 0.072716843337 
0.07909277919695 0.090383760631 0.10737573169185 0.12939816713320001 0.15039544180050002 0.1551441773775 0.1307815387845 0.08998234197475 0.058301795274049995 0.0401582866907 0.03061035834255 0.0257282219827 0.02337457239625 0.0224405908957 0.0222049271688 
0.02226620540025 0.022391493432249998 0.0224022278562 0.022261587902899997 0.021931264083850002 0.02150601474565 0.02123000472785 0.02168935723605 0.023796966299450002 0.0291551640257 0.0410829540342 0.0666887816042 0.1160979531705 0.185102507472 0.2303002625705 
0.2474054396155 0.2494876384735 0.2528176233175 0.256393775344 0.261262640357 0.264309361577 0.260960124433 0.250595010817 0.23237498104600002 0.21440009772750002 0.204029634595 0.2017458826305 0.2010889202355 0.20101312547900002 0.20114411413650002 
0.201783105731 0.20235722511999998 0.20310015976399998 0.20381697267299997 0.2038754969835 0.20371638238450002 0.203651942313 0.2042240649465 0.20766944438200002 0.211953602731 0.21599102765349998 0.22369313985099998 0.2344408407805 0.24466531723749999 0.251711495221 
0.253812558949 0.253912247717 0.254733413458 0.2591825574635 0.26808755099750003 0.2794146090745 0.2899835556745 0.29703949391850004 0.30378893017749997 0.308399364352 0.31097060442 0.3107424080375 0.31055967509750004 0.311573877931 0.3103911429645 
0.3081279546025 0.3051967620845 0.30260808765900005 0.296813651919 0.28556028008449996 0.271982848644 0.2603886574505 0.24925172328950002 0.240564957261 0.2353957369925 0.233341820538 0.2334372848275 0.2336370870475 0.234208203852 0.23490025848149998 
0.236331477761 0.23732084035849998 0.2353883311155 0.2300452739005 0.2225286364555 0.21667523682099998 0.212999023497 0.2122965380545 0.21401903033300002 0.21447165310400002 0.2117090374235 0.206943482161 0.1993715614085 0.19119399786 0.1833143904805 
0.179000429809 0.17858609557150001 0.180174127221 0.182671606541 0.1874450072645 0.19305477291349998 0.19711359590299998 0.1984284371135 0.1981146633625 0.196606174111 0.19563005864650002 0.197843410075 0.2014351561665 0.2039823904635 0.201273225248 
0.192665293813 0.1826410368085 0.1737233623865 0.1663079708815 0 0 0 0 0 0 0 0 0 0 0 
