0.06298987101765 [0.0971808061004] [0.0287989359349]
0.063730282709 [0.0979624316096] [0.0294981338084]
0.063298009336 [0.0966619923711] [0.0299340263009]
0.0629757558927 [0.0952791497111] [0.0306723620743]
0.0643250644207 [0.0961168929935] [0.0325332358479]
0.0689049474897 [0.101277597249] [0.0365322977304]
0.07904652878655 [0.113943897188] [0.0441491603851]
0.09757516346860001 [0.136473432183] [0.0586768947542]
0.11766637489180001 [0.157354354858] [0.0779783949256]
0.1228480115534 [0.156517878175] [0.0891781449318]
0.1093174628916 [0.133798539639] [0.0848363861442]
0.0912036895751 [0.108428172767] [0.0739792063832]
0.07509564235805 [0.0875482559204] [0.0626430287957]
0.06371963210405 [0.0727546140552] [0.0546846501529]
0.05664256773885 [0.0634084641933] [0.0498766712844]
0.052509669214499996 [0.0577900521457] [0.0472292862833]
0.04903197474775 [0.0545941479504] [0.0434698015451]
0.04439524933695 [0.0524755567312] [0.0363149419427]
0.03904236108065 [0.0504883378744] [0.0275963842869]
0.03424460627135 [0.0479306094348] [0.0205586031079]
0.03038399200885 [0.0447758510709] [0.0159921329468]
0.02738656383005 [0.0412845164537] [0.0134886112064]
0.02530857501555 [0.0384033583105] [0.0122137917206]
0.02391648991035 [0.0362098440528] [0.0116231357679]
0.022916505578899998 [0.0345521830022] [0.0112808281556]
0.02179940324275 [0.0326417349279] [0.0109570715576]
0.0205476642586 [0.0305165518075] [0.0105787767097]
0.019304691813900002 [0.0285214446485] [0.0100879389793]
0.01803375408052 [0.0266197286546] [0.00944777950644]
0.01685207197444 [0.0249750800431] [0.00872906390578]
0.015892894472935 [0.0236336477101] [0.00815214123577]
0.015083270613084999 [0.0223137978464] [0.00785274337977]
0.01446811622007 [0.0209642499685] [0.00797198247164]
0.014197971206135002 [0.0198221635073] [0.00857377890497]
0.01439121831207 [0.0192050412297] [0.00957739539444]
0.01499571604655 [0.0191099289805] [0.0108815031126]
0.01584716979415 [0.019443852827] [0.0122504867613]
0.016734485514500002 [0.0200071204454] [0.0134618505836]
0.0174187957309 [0.0205645058304] [0.0142730856314]
0.0178068941459 [0.0208397898823] [0.0147739984095]
0.01803987892345 [0.0207812450826] [0.0152985127643]
0.01839708164335 [0.0207381770015] [0.0160559862852]
0.0189159344882 [0.0208009425551] [0.0170309264213]
0.01938867662105 [0.0209062919021] [0.01787106134]
0.0197041956708 [0.0208490435034] [0.0185593478382]
0.020036320202049998 [0.0209367536008] [0.0191358868033]
0.02062346134335 [0.0213137883693] [0.0199331343174]
0.0216384790838 [0.0222983621061] [0.0209785960615]
0.02272484079005 [0.0234977155924] [0.0219519659877]
0.02359475102275 [0.0244964081794] [0.0226930938661]
0.023968773893999998 [0.0251118522137] [0.0228256955743]
