M B1 B2
0.08827849104989999 [0.0747934430838] [0.101763539016]
0.09056128561490001 [0.0713761672378] [0.109746403992]
0.0955129638314 [0.0706737488508] [0.120352178812]
0.10349560901515001 [0.0729206576943] [0.134070560336]
0.11425323784345001 [0.0771756023169] [0.15133087337]
0.12275173142564999 [0.0812433436513] [0.1642601192]
0.12714109569795 [0.0832581371069] [0.171024054289]
0.12884783744795 [0.0826420038939] [0.175053671002]
0.12601076439025 [0.0793521776795] [0.172669351101]
0.11626818403595 [0.0717770084739] [0.160759359598]
0.09247316233815 [0.0590279065073] [0.125918418169]
0.0623564403504 [0.045269113034] [0.0794437676668]
0.0415794793516 [0.035977512598] [0.0471814461052]
0.0308282133192 [0.0312623605132] [0.0303940661252]
0.02565975207835 [0.0291682165116] [0.0221512876451]
0.0232564229518 [0.0284672472626] [0.018045598641]
0.02213085629045 [0.0283214692026] [0.0159402433783]
0.02155317831785 [0.0283175688237] [0.014788787812]
0.021146703977150003 [0.0282239522785] [0.0140694556758]
0.020872161258 [0.0281748212874] [0.0135695012286]
0.0206920602359 [0.0281115900725] [0.0132725303993]
0.02064536930995 [0.0281280465424] [0.0131626920775]
0.0207329862751 [0.0282660014927] [0.0131999710575]
0.020911001134649998 [0.0285900365561] [0.0132319657132]
0.02128974860535 [0.0292832124978] [0.0132962847129]
0.021894576027999997 [0.03032508865] [0.013464063406]
0.0230486425571 [0.0321409925818] [0.0139562925324]
0.02522516809405 [0.0352469272912] [0.0152034088969]
0.0293820416555 [0.0407597906888] [0.0180042926222]
0.0372560583055 [0.0504770576954] [0.0240350589156]
0.051650101318949995 [0.0663616359234] [0.0369385667145]
0.0744807124138 [0.0860710591078] [0.0628903657198]
0.101948481053 [0.100621551275] [0.103275410831]
0.123572014272 [0.106244340539] [0.140899688005]
0.135760772973 [0.108046494424] [0.163475051522]
0.140612822026 [0.106373034418] [0.174852609634]
0.1445200629535 [0.103336103261] [0.185704022646]
0.14690625295055 [0.0995430573821] [0.194269448519]
0.1466476432981 [0.0944512411952] [0.198844045401]
0.1422486640514 [0.0880038067698] [0.196493521333]
0.13491651043275 [0.0819470360875] [0.187885984778]
0.12818722799425 [0.0781444087625] [0.178230047226]
0.12343435361975 [0.0770151391625] [0.169853568077]
0.12039780616779999 [0.0779701173306] [0.162825495005]
0.1177659481764 [0.0791656076908] [0.156366288662]
0.11438450962315 [0.0783878415823] [0.150381177664]
0.1109911352397 [0.0765348374844] [0.145447432995]
0.1090477071703 [0.0758819803596] [0.142213433981]
0.10898981615879999 [0.0774433389306] [0.140536293387]
0.1084414869547 [0.0786349475384] [0.138248026371]
0.10844419524070001 [0.0819036737084] [0.134984716773]
0.10880004987125 [0.0870050266385] [0.130595073104]
0.10992752388145 [0.0924155339599] [0.127439513803]
0.11145852506165 [0.0979162305593] [0.125000819564]
0.1110698468985 [0.101315304637] [0.12082438916]
0.109230864793 [0.101323664188] [0.117138065398]
0.1038373298944 [0.0982926934958] [0.109381966293]
0.09637399390340001 [0.0947981327772] [0.0979498550296]
0.0880217887461 [0.0935429856181] [0.0825005918741]
0.08182637766004999 [0.0952975600958] [0.0683551952243]
0.07845810241995 [0.0993045270443] [0.0576116777956]
0.076503088698 [0.102642372251] [0.050363805145]
0.07483776472525 [0.103617191315] [0.0460583381355]
0.07318639382725001 [0.102381899953] [0.0439908877015]
0.07246882654709999 [0.101221553981] [0.0437160991132]
0.07316540367925001 [0.101666271687] [0.0446645356715]
0.07538325525835 [0.104606971145] [0.0461595393717]
0.07677824422735 [0.105875372887] [0.0476811155677]
0.0767666064202 [0.104699321091] [0.0488338917494]
0.07598411664375 [0.10207618773] [0.0498920455575]
0.0756733454764 [0.0999124124646] [0.0514342784882]
0.0763970967382 [0.0993347764015] [0.0534594170749]
0.0783430207522 [0.100151576102] [0.0565344654024]
0.08096125535645 [0.10029002279] [0.0616324879229]
0.0850922577083 [0.0994669944048] [0.0707175210118]
0.09302893280985 [0.0991276577115] [0.0869302079082]
0.10677156969925 [0.0998958051205] [0.113647334278]
0.1245787329975 [0.101838625968] [0.147318840027]
0.1368417330085 [0.102909661829] [0.170773804188]
0.1387714594603 [0.0975809693336] [0.179961949587]
0.13323836028555 [0.0811402052641] [0.185336515307]
0.1268754489722 [0.0642032399774] [0.189547657967]
0.1238216795025 [0.054969035089] [0.192674323916]
0.1210992522538 [0.0501195564866] [0.192078948021]
0.11471389234045 [0.0471211671829] [0.182306617498]
0.1039457172155 [0.045405074954] [0.162486359477]
0.09448745846765 [0.0444985181093] [0.144476398826]
0.0880156885831 [0.0441337488592] [0.131897628307]
0.0837252940984 [0.0440398864448] [0.123410701752]
0.08225995302200001 [0.043999761343] [0.120520144701]
0.08254102058715 [0.0440503768623] [0.121031664312]
0.08351246081275 [0.0443199165165] [0.122705005109]
0.0845616701989 [0.0448510237038] [0.124272316694]
0.08487798832355 [0.0455011539161] [0.124254822731]
0.0849449243398 [0.0459107644856] [0.123979084194]
0.08468476310375 [0.0460102930665] [0.123359233141]
0.08466823026515 [0.0462544187903] [0.12308204174]
0.08583456836629999 [0.0483274422586] [0.123341694474]
0.089570119977 [0.054854914546] [0.124285325408]
0.09710017219209999 [0.0675758048892] [0.126624539495]
0.108534988016 [0.084660358727] [0.132409617305]
0.122112963349 [0.101574338973] [0.142651587725]
0.13697225973 [0.115190021694] [0.158754497766]
0.15217270702150001 [0.124610975385] [0.179734438658]
0.161695063114 [0.12727342546] [0.196116700768]
0.1661246418955 [0.126506894827] [0.205742388964]
0.1669813655315 [0.123087234795] [0.210875496268]
0.1657761000095 [0.116022951901] [0.215529248118]
0.1654812321065 [0.110698908567] [0.220263555646]
0.168292172253 [0.108075067401] [0.228509277105]
0.17237582430249998 [0.109998844564] [0.234752804041]
0.175530157983 [0.116964563727] [0.234095752239]
0.1807768195865 [0.129857435822] [0.231696203351]
0.18887408077700002 [0.145023435354] [0.2327247262]
0.195848889649 [0.157638549805] [0.234059229493]
0.19819769263300002 [0.161904230714] [0.234491154552]
0.197979167104 [0.160582870245] [0.235375463963]
0.19645097851749999 [0.156370922923] [0.236531034112]
0.1951190009715 [0.153786107898] [0.236451894045]
0.1943909972905 [0.155463576317] [0.233318418264]
0.19299896061400001 [0.159044757485] [0.226953163743]
0.192586533725 [0.164194241166] [0.220978826284]
0.192128650844 [0.169212177396] [0.215045124292]
0.191116146743 [0.173888504505] [0.208343788981]
0.189483098686 [0.178143799305] [0.200822398067]
0.18436168134199998 [0.177799716592] [0.190923646092]
0.175783097744 [0.177100211382] [0.174465984106]
0.160324424505 [0.167960166931] [0.152688682079]
0.13126815110450002 [0.143566578627] [0.118969723582]
0.09331182390475 [0.105996690691] [0.0806269571185]
0.062096400186450004 [0.0722938999534] [0.0518989004195]
0.04288370348515 [0.0504078231752] [0.0353595837951]
0.032576865516599995 [0.0380671657622] [0.027086565271]
0.027316072955750004 [0.0312591828406] [0.0233729630709]
0.02481239289045 [0.0275151692331] [0.0221096165478]
0.02375181391835 [0.0254705976695] [0.0220330301672]
0.02333334460855 [0.024295842275] [0.0223708469421]
0.0232677003369 [0.023672670126] [0.0228627305478]
0.02343783807005 [0.0235094800591] [0.023366196081]
0.02393089607355 [0.0238596256822] [0.0240021664649]
0.02450603898615 [0.0243647582829] [0.0246473196894]
0.025028486736100003 [0.0248124934733] [0.0252444799989]
0.0253289435059 [0.0249525066465] [0.0257053803653]
0.02570019755515 [0.0249266717583] [0.026473723352]
0.026907094754299997 [0.0253568440676] [0.028457345441]
0.03018815722315 [0.0274447184056] [0.0329315960407]
