0.0642287489027 0.07386309653535 0.0821345187725 0.08818917348994999 0.09263282082995 0.0960290078072 0.09949958883225 0.1044133920224 0.11316618695865 0.129158835858 0.1558112725615 0.22305357456199998 0.286127783358 0.3060577809815 0.3029478341345 
0.2964808940885 0.28223279118550004 0.2622842118145 0.2378057092425 0.21078620106 0.187954947352 0.17250540107450002 0.162456840277 0.153143376112 0.14123664796399998 0.127355970442 0.11208119988420001 0.09620143845685 0.0824978798628 0.07183871231975 
0.0644627343863 0.059735424816600005 0.05728472955525 0.055933494120799995 0.055350311100499996 0.0550011061132 0.054684521630399996 0.0544898472726 0.05486324615775 0.055986208841199994 0.057883817702549994 0.0605536699295 0.06465867348019999 0.0718554984778 0.08381123095755 
0.10201789066205 0.12555215507745 0.132564485073 0.143037002534 0.1473694816235 0.15183469280599998 0.15710210055149998 0.161880105734 0.16501397639499998 0.1660539358855 0.164602711797 0.1613955572245 0.155504696071 0.14375199377550002 0.1290570646525 
0.1166166178884 0.10924001783125001 0.10606571659439999 0.1066501066088 0.10995756089695 0.1149176917969 0.12031465768810001 0.1245634779334 0.12642316147705002 0.1262795515356 0.12338417768490001 0.11759187653675 0.11031378805629999 0.10525437444454999 0.1046313531699 
0.1081794500353 0.11555062606915001 0.123890928924 0.1288594640795 0.131621751934 0.1326730549335 0.133511915803 0.13433491438599998 0.136694125831 0.14050859957950002 0.1468799225985 0.1573968455195 0.173833064735 0.19730084389449998 0.22376247495399998 
0.22990246862199998 0.210202381015 0.183984644711 0.165282614529 0.15381462127 0.14778090268400002 0.1435670405625 0.1373902410265 0.12575844302800002 0.11297544837000001 0.1022980920969 0.0942070186137 0.08868416026235 0.08555078133960001 0.08461272344015 
0.08591134473670001 0.08955711498835 0.09515078738325 0.0998469106851 0.09959075972455 0.09360313043005 0.08632892370225 0.0807172805071 0.0780046731234 0.0778619945049 0.08039877191184999 0.08489436283705 0.08837673068045 0.08888562768700001 0.0875379778445 
0.08514865487814999 0.08283860981465 0.08167268335815 0.08284490928055 0.0871091559529 0.09333943575619999 0.09854867309345 0.0968119092284 0.0880387350917 0.07779519632455001 0.0698014944792 0.0650987830013 0.0630747489631 0.06296220608055 0.06373320519924999 
0.06432312168185 0.06404577568175 0.0627049189061 0.0607159975916 0.058362063020499996 0.0557980630547 0.0530903097242 0.0507446043193 0.0495990663767 0.050399115309100004 0.05280242487785 0.056372337043249995 0.0600462611765 0.06258116848765 0 
