0.13193329796199998 [0.142175734043] [0.121690861881]
0.1330676972865 [0.136418804526] [0.129716590047]
0.132899224758 [0.131045207381] [0.134753242135]
0.129846215248 [0.127073138952] [0.132619291544]
0.1257697828115 [0.126555964351] [0.124983601272]
0.1227410286665 [0.129477977753] [0.11600407958]
0.12226882949500001 [0.134640902281] [0.109896756709]
0.124600253999 [0.141023799777] [0.108176708221]
0.1292885057625 [0.148872002959] [0.109705008566]
0.136375747621 [0.160354569554] [0.112396925688]
0.14550404623149998 [0.176097661257] [0.114910431206]
0.155903734267 [0.195165470243] [0.116641998291]
0.165605694056 [0.21368457377] [0.117526814342]
0.170663487166 [0.223493039608] [0.117833934724]
0.170001156628 [0.222938463092] [0.117063850164]
0.1635095030065 [0.211179375648] [0.115839630365]
0.1555575095115 [0.195744886994] [0.115370132029]
0.1501579321925 [0.181396812201] [0.118919052184]
0.146533090621 [0.170074433088] [0.122991748154]
0.146414749324 [0.163596510887] [0.129232987761]
0.14886162430049998 [0.161915898323] [0.135807350278]
0.152295805514 [0.163711369038] [0.14088024199]
0.155802436173 [0.167305365205] [0.144299507141]
0.158757835627 [0.170431479812] [0.147084191442]
0.16191300749749998 [0.172588512301] [0.151237502694]
0.1649904176595 [0.17300324142] [0.156977593899]
0.16954946517949998 [0.174149811268] [0.164949119091]
0.17651528119999998 [0.178299322724] [0.174731239676]
0.1858392208815 [0.187318742275] [0.184359699488]
0.1997592896225 [0.203159362078] [0.196359217167]
0.2199179083105 [0.227095291018] [0.212740525603]
0.248458608985 [0.261083185673] [0.235834032297]
0.2843547165395 [0.305992335081] [0.262717097998]
0.3266534209255 [0.361894667149] [0.291412174702]
0.371582657099 [0.42325347662] [0.319911837578]
0.4109223783015 [0.476277351379] [0.345567405224]
0.436935245991 [0.50530153513] [0.368568956852]
0.4485458433625 [0.50764465332] [0.389447033405]
0.452536538243 [0.497991889715] [0.407081186771]
0.4521689414975 [0.484560281038] [0.419777601957]
0.4496703445915 [0.472699284554] [0.426641404629]
0.4424495249985 [0.457127600908] [0.427771449089]
0.424681395292 [0.428529322147] [0.420833468437]
0.3910395503045 [0.378973662853] [0.403105437756]
0.34491342306149997 [0.314535558224] [0.375291287899]
0.2958056628705 [0.251327842474] [0.340283483267]
0.25319490581750004 [0.20279468596] [0.303595125675]
0.22206258773800003 [0.171131521463] [0.272993654013]
0.202455341816 [0.152677863836] [0.252232819796]
0.1904434412715 [0.143022790551] [0.237864091992]
0.183760032058 [0.13839404285] [0.229126021266]
0.17851996421799998 [0.135768100619] [0.221271827817]
0.17294052243250002 [0.134243652225] [0.21163739264]
0.16545315831899998 [0.131628140807] [0.199278175831]
0.1557670012115 [0.128105908632] [0.183428093791]
0.144227515906 [0.123906366527] [0.164548665285]
0.13391530886300002 [0.120640106499] [0.147190511227]
0.127504713833 [0.120656430721] [0.134352996945]
0.12604798376600002 [0.125101089478] [0.126994878054]
0.127958822995 [0.134554520249] [0.121363125741]
0.132291849703 [0.148822024465] [0.115761674941]
0.137914016843 [0.16569814086] [0.110129892826]
0.14395705238 [0.182654887438] [0.105259217322]
0.14958501234649998 [0.197376653552] [0.101793371141]
0.1547663621605 [0.208922237158] [0.100610487163]
0.159448593855 [0.218215063214] [0.100682124496]
0.163806337863 [0.225503757596] [0.10210891813]
0.1701530739665 [0.232600659132] [0.107705488801]
0.1781592182815 [0.237640917301] [0.118677519262]
0.1876584813 [0.241394549608] [0.133922412992]
0.197804249823 [0.245002031326] [0.15060646832]
0.2084465920925 [0.250523686409] [0.166369497776]
0.2199180945755 [0.259670525789] [0.180165663362]
0.233263604343 [0.27113699913] [0.195390209556]
0.2468804344535 [0.280429571867] [0.21333129704]
0.261240661144 [0.286557346582] [0.235923975706]
0.276084318757 [0.289092242718] [0.263076394796]
0.288851469755 [0.287110209465] [0.290592730045]
0.299393028021 [0.281579196453] [0.317206859589]
0.3034879267215 [0.268761456013] [0.33821439743]
0.299169801176 [0.247567161918] [0.350772440434]
0.2894376441835 [0.223232671618] [0.355642616749]
0.2756656855345 [0.19942843914] [0.351902931929]
0.26205642521399997 [0.181781411171] [0.342331439257]
0.2508751377465 [0.170807823539] [0.330942451954]
0.2445371076465 [0.16606067121] [0.323013544083]
0.2435659393665 [0.165725573897] [0.321406304836]
0.24634116142999998 [0.167049214244] [0.325633108616]
0.2496917173265 [0.166540697217] [0.332842737436]
0.2497587427495 [0.161386743188] [0.338130742311]
0.24550478905450002 [0.151790633798] [0.339218944311]
0.23956079036 [0.13947673142] [0.3396448493]
0.2336054593325 [0.12890714407] [0.338303774595]
0.22848835215000002 [0.122585617006] [0.334391087294]
0.224741846323 [0.120531737804] [0.328951954842]
0.22322678565999998 [0.122030735016] [0.324422836304]
0.22607701271750003 [0.126860246062] [0.325293779373]
0.234075345099 [0.135179772973] [0.332970917225]
0.2468013092875 [0.147044107318] [0.346558511257]
0.2592550069095 [0.159935683012] [0.358574330807]
0.2668692395095 [0.171547338367] [0.362191140652]
0.266648158431 [0.179877221584] [0.353419095278]
0.25993014127 [0.186411336064] [0.333448946476]
0.2532749176025 [0.191240727901] [0.315309107304]
0.250890374184 [0.198729604483] [0.303051143885]
0.2552225738765 [0.212383449078] [0.298061698675]
0.2643641456965 [0.232908651233] [0.29581964016]
0.27267110347699997 [0.253513783216] [0.291828423738]
0.2778188288215 [0.268505752087] [0.287131905556]
0.27849057316799997 [0.27457806468] [0.282403081656]
0.276627972722 [0.276014655828] [0.277241289616]
0.27284857630750003 [0.274983376265] [0.27071377635]
0.263837784529 [0.268720149994] [0.258955419064]
0.2500540986655 [0.257083982229] [0.243024215102]
0.238134071231 [0.248707398772] [0.22756074369]
0.2316277474165 [0.245416492224] [0.217839002609]
0.230809532106 [0.245600476861] [0.216018587351]
0.234988860786 [0.249104961753] [0.220872759819]
0.24310072511449998 [0.253699839115] [0.232501611114]
0.25254063308249997 [0.259199202061] [0.245882064104]
0.2594032883645 [0.264154344797] [0.254652231932]
0.264361843467 [0.268420696259] [0.260302990675]
0.2671235501765 [0.271647840738] [0.262599259615]
0.26947450637799997 [0.273714572191] [0.265234440565]
0.27248997986300005 [0.275095492601] [0.269884467125]
0.2766122967005 [0.27855142951] [0.274673163891]
0.28622673451900005 [0.292065024376] [0.280388444662]
0.3006633371115 [0.314984440804] [0.286342233419]
0.317788168788 [0.34254309535] [0.293033242226]
0.335795134306 [0.371524780989] [0.300065487623]
0.357361227274 [0.404587894678] [0.31013455987]
0.3752498179675 [0.430816501379] [0.319683134556]
0.3832150399685 [0.44414678216] [0.322283297777]
0.3834410607815 [0.451397061348] [0.315485060215]
0.381696864963 [0.455518484116] [0.30787524581]
0.380522429943 [0.460182309151] [0.300862550735]
0.3791000694035 [0.459260672331] [0.298939466476]
0.3752161711455 [0.451370865107] [0.299061477184]
0.3598739653825 [0.422417253256] [0.297330677509]
0.3381470143795 [0.381969690323] [0.294324338436]
0.32648299634449995 [0.363490968943] [0.289475023746]
0.3165297359225 [0.355745464563] [0.277314007282]
0.30782918632 [0.34867683053] [0.26698154211]
0.29386125505 [0.338211387396] [0.249511122704]
0.27147679776 [0.321743279696] [0.221210315824]
0.248057976365 [0.301046103239] [0.195069849491]
