0.269890643656 [0.333907961845] [0.205873325467]
0.243881747127 [0.303559660912] [0.184203833342]
0.22544424980849997 [0.28474470973] [0.166143789887]
0.21439103782149999 [0.276210814714] [0.152571260929]
0.2059270367025 [0.270386993885] [0.14146707952]
0.1968789845705 [0.261595994234] [0.132161974907]
0.1870311722155 [0.251097887754] [0.122964456677]
0.1773580126465 [0.241636961699] [0.113079063594]
0.1698563434185 [0.23590156436] [0.103811122477]
0.16515927761815 [0.234406664968] [0.0959118902683]
0.16317295655625 [0.235067367554] [0.0912785455585]
0.16247918456815 [0.234817296267] [0.0901410728693]
0.16150436550395 [0.232366472483] [0.0906422585249]
0.16032300889505 [0.228969678283] [0.0916763395071]
0.1596016995609 [0.226517572999] [0.0926858261228]
0.161198992282 [0.228240638971] [0.094157345593]
0.1652367524804 [0.234450131655] [0.0960233733058]
0.1694107316434 [0.242600172758] [0.0962212905288]
0.1722139976921 [0.252096742392] [0.0923312529922]
0.1796762421726 [0.266029089689] [0.0933233946562]
0.1953774243595 [0.284305930138] [0.106448918581]
0.204062413424 [0.299054354429] [0.109070472419]
0.2081140577795 [0.303431302309] [0.11279681325]
0.20803492888800001 [0.298215776682] [0.117854081094]
0.204255152494 [0.284416139126] [0.124094165862]
0.199273824692 [0.267312526703] [0.131235122681]
0.19639073312299998 [0.253498405218] [0.139283061028]
0.19331192970299999 [0.249117612839] [0.137506246567]
0.185565814376 [0.234316855669] [0.136814773083]
0.170679561794 [0.204644992948] [0.13671413064]
0.147278562188 [0.15875197947] [0.135805144906]
0.11566601321125 [0.0977255776525] [0.13360644877]
0.116674415767 [0.104048088193] [0.129300743341]
0.11888487637 [0.117385320365] [0.120384432375]
0.1184855103495 [0.135810226202] [0.101160794497]
0.12586213275775 [0.155466020107] [0.0962582454085]
0.13560317829245 [0.17357558012] [0.0976307764649]
0.14312046393755 [0.188592106104] [0.0976488217711]
0.14827217534190001 [0.19989874959] [0.0966456010938]
0.15091660246235 [0.205979377031] [0.0958538278937]
0.15290972962985 [0.210247308016] [0.0955721512437]
0.1540929079054 [0.212617948651] [0.0955678671598]
0.1543648838997 [0.210941195488] [0.0977885723114]
0.15741743892455 [0.214913502336] [0.0999213755131]
0.16312295943475 [0.226545810699] [0.0997001081705]
0.1691488474608 [0.242651641369] [0.0956460535526]
0.1742677353325 [0.260158926249] [0.088376544416]
0.1759546101092 [0.271618902683] [0.0802903175354]
0.17070521041730002 [0.268108040094] [0.0733023807406]
0.1593224518002 [0.251012414694] [0.0676324889064]
0.14394838362935 [0.225271075964] [0.0626256912947]
0.1292184907943 [0.199341326952] [0.0590956546366]
0.1183342523872 [0.179118528962] [0.0575499758124]
0.11168503016225 [0.165923014283] [0.0574470460415]
0.10783807560799999 [0.15734359622] [0.058332554996]
0.1062985267491 [0.152698993683] [0.0598980598152]
0.10602200962605 [0.150462821126] [0.0615811981261]
0.1057438217103 [0.147838756442] [0.0636488869786]
0.10642489418395001 [0.146355867386] [0.0664939209819]
0.10903103277095 [0.147898823023] [0.0701632425189]
0.1136869080365 [0.151850283146] [0.075523532927]
0.11997796967624999 [0.157386392355] [0.0825695469975]
0.1271308474241 [0.163004249334] [0.0912574455142]
0.1357183232905 [0.169777497649] [0.101659148932]
0.146639164537 [0.179752886295] [0.113525442779]
0.162286892533 [0.197427973151] [0.127145811915]
0.18151587247849998 [0.220168277621] [0.142863467336]
0.20090581476699998 [0.242387413979] [0.159424215555]
0.21398489177250002 [0.256695598364] [0.171274185181]
0.21682740747950002 [0.258916914463] [0.174737900496]
0.21438746154299998 [0.253701627254] [0.175073295832]
0.21311354637149998 [0.249644905329] [0.176582187414]
0.214048579335 [0.249130517244] [0.178966641426]
0.2143340855835 [0.249322250485] [0.179345920682]
0.21329610794800002 [0.24848844111] [0.178103774786]
0.210976622999 [0.244760707021] [0.177192538977]
0.210915207863 [0.241916805506] [0.17991361022]
0.215448640287 [0.242439851165] [0.188457429409]
0.224415883422 [0.246852725744] [0.2019790411]
0.235512524843 [0.25106164813] [0.219963401556]
0.24620898813000003 [0.252180874348] [0.240237101912]
0.2552112340925 [0.250020891428] [0.260401576757]
0.264269113541 [0.2488976717] [0.279640555382]
0.27446517348300004 [0.253956496716] [0.29497385025]
0.289120733738 [0.265497207642] [0.312744259834]
0.3008651435375 [0.27496612072] [0.326764166355]
0.2989850640295 [0.268682390451] [0.329287737608]
0.288666918874 [0.263195216656] [0.314138621092]
0.284346058965 [0.262481570244] [0.306210547686]
0.283516600728 [0.264674842358] [0.302358359098]
0.283409640193 [0.267047584057] [0.299771696329]
0.280075997114 [0.266913205385] [0.293238788843]
0.272354319692 [0.262636035681] [0.282072603703]
0.2607496082785 [0.253594815731] [0.267904400826]
0.2492282316085 [0.245349898934] [0.253106564283]
0.2394649609925 [0.239290595055] [0.23963932693]
0.2320374771955 [0.236249729991] [0.2278252244]
0.226108059287 [0.235100746155] [0.217115372419]
0.220758445561 [0.234452903271] [0.207063987851]
0.216823801398 [0.234160840511] [0.199486762285]
0.212945178151 [0.232202127576] [0.193688228726]
0.209143690765 [0.230035796762] [0.188251584768]
0.206629239023 [0.231089666486] [0.18216881156]
0.206819012761 [0.23623020947] [0.177407816052]
0.20953209698199998 [0.24222715199] [0.176837041974]
0.21516000479449998 [0.250780016184] [0.179539993405]
0.219430267811 [0.257586658001] [0.181273877621]
0.22590226680050002 [0.26847922802] [0.183325305581]
0.23764158785349998 [0.287771642208] [0.187511533499]
0.2576160207395 [0.318308860064] [0.196923181415]
0.279405288398 [0.352098584175] [0.206711992621]
0.294337742031 [0.376397877932] [0.21227760613]
0.297040373087 [0.377575129271] [0.216505616903]
0.29009497910750004 [0.360014766455] [0.22017519176]
0.2758668884635 [0.331012070179] [0.220721706748]
0.2593908980485 [0.299424320459] [0.219357475638]
0.2438700646165 [0.27379539609] [0.213944733143]
0.2312952503565 [0.255210578442] [0.207379922271]
0.224140807986 [0.244203716516] [0.204077899456]
0.22130991518499998 [0.238389894366] [0.204229936004]
0.22122796624899999 [0.236004337668] [0.20645159483]
0.2182591333985 [0.232852160931] [0.203666105866]
