0.049183126539 [0.0337632000446] [0.0646030530334]
0.046869834885 [0.0323492251337] [0.0613904446363]
0.0455194711685 [0.0319590196013] [0.0590799227357]
0.0446939636022 [0.0319321714342] [0.0574557557702]
0.04410135932265 [0.0318390280008] [0.0563636906445]
0.043619191274050007 [0.0315627343953] [0.0556756481528]
0.0431631626561 [0.0310858841985] [0.0552404411137]
0.0427006334066 [0.0304288640618] [0.0549724027514]
0.0423157531768 [0.0296763554215] [0.0549551509321]
0.042552109807749997 [0.0292717702687] [0.0558324493468]
0.04450346529485 [0.0299434289336] [0.0590635016561]
0.048440521582949994 [0.0325226150453] [0.0643584281206]
0.053990218788400005 [0.0376026257873] [0.0703778117895]
0.0602110121399 [0.0452883802354] [0.0751336440444]
0.0655030887574 [0.0544311515987] [0.0765750259161]
0.0683512315154 [0.06360052526] [0.0731019377708]
0.07003965228795 [0.0733340755105] [0.0667452290654]
0.07361074164510001 [0.0863193944097] [0.0609020888805]
0.0803885720668 [0.103446014225] [0.0573311299086]
0.0895623750985 [0.12348305434] [0.055641695857]
0.09919350594305 [0.143068209291] [0.0553188025951]
0.10811335407209999 [0.160640344024] [0.0555863641202]
0.11660857498655 [0.177160844207] [0.0560563057661]
0.1254092194141 [0.193596839905] [0.0572215989232]
0.1347667202352 [0.210737392306] [0.0587960481644]
0.14328763447725001 [0.226184368134] [0.0603909008205]
0.15008828043935 [0.238130390644] [0.0620461702347]
0.1558047272264 [0.247338324785] [0.0642711296678]
0.16012829169645 [0.252185314894] [0.0680712684989]
0.1643141619861 [0.253694653511] [0.0749336704612]
0.1677196398376 [0.249470233917] [0.0859690457582]
0.166470386088 [0.232423603535] [0.100517168641]
0.15791344642650001 [0.200952142477] [0.114874750376]
0.1433480232955 [0.164611130953] [0.122084915638]
0.128780052066 [0.135785371065] [0.121774733067]
0.118002984673 [0.116767406464] [0.119238562882]
0.112792495638 [0.106902644038] [0.118682347238]
0.111122068018 [0.102735936642] [0.119508199394]
0.111968033016 [0.101625815034] [0.122310250998]
0.112787745893 [0.100981339812] [0.124594151974]
0.1129145435985 [0.100937671959] [0.124891415238]
0.111717388034 [0.100530162454] [0.122904613614]
0.1088212989272 [0.0993346720934] [0.118307925761]
0.1042671836915 [0.097193390131] [0.111340977252]
0.09916757047165001 [0.0944721847773] [0.103862956166]
0.09564515948294999 [0.0928954780102] [0.0983948409557]
0.09532517194745 [0.0936580225825] [0.0969923213124]
0.09906163439134999 [0.0976526141167] [0.100470654666]
0.10690562799600001 [0.104857094586] [0.108954161406]
0.11592164263150001 [0.112112775445] [0.119730509818]
0.1230166107415 [0.116334483027] [0.129698738456]
0.127883646637 [0.118201844394] [0.13756544888]
0.13234849274149998 [0.120749622583] [0.1439473629]
0.134859777987 [0.122662574053] [0.147056981921]
0.13723488152 [0.125021278858] [0.149448484182]
0.14019265025900002 [0.128316700459] [0.152068600059]
0.144529141486 [0.132642731071] [0.156415551901]
0.1516814380885 [0.13916939497] [0.164193481207]
0.1626210734245 [0.149404555559] [0.17583759129]
0.17508264630999998 [0.162001162767] [0.188164129853]
0.1825280711055 [0.170983582735] [0.194072559476]
0.179973639548 [0.171415284276] [0.18853199482]
0.170426651835 [0.16386988759] [0.17698341608]
0.1584713459015 [0.152851268649] [0.164091423154]
0.1475439444185 [0.142764493823] [0.152323395014]
0.1393183469775 [0.135022118688] [0.143614575267]
0.135489143431 [0.13121047616] [0.139767810702]
0.138669639826 [0.135354861617] [0.141984418035]
0.14601677656200002 [0.144955351949] [0.147078201175]
0.1518521904945 [0.153039991856] [0.150664389133]
0.150402598083 [0.152834743261] [0.147970452905]
0.146048337221 [0.148385554552] [0.14371111989]
0.141686744988 [0.142731145024] [0.140642344952]
0.139077179134 [0.137843698263] [0.140310660005]
0.138749882579 [0.135628581047] [0.141871184111]
0.1404304727915 [0.136632293463] [0.14422865212]
0.1424586474895 [0.138696506619] [0.14622078836]
0.144572161138 [0.14056776464] [0.148576557636]
0.14723947644250002 [0.144873246551] [0.149605706334]
0.15188556909599998 [0.152472391725] [0.151298746467]
0.15416469425 [0.160003870726] [0.148325517774]
0.1528250575065 [0.165576428175] [0.140073686838]
0.1474409401415 [0.165219172835] [0.129662707448]
0.138735990971 [0.158580511808] [0.118891470134]
0.1301012784245 [0.148996189237] [0.111206367612]
0.12394409626700001 [0.141721367836] [0.106166824698]
0.1207747235895 [0.138349741697] [0.103199705482]
0.11949259042749999 [0.137033566833] [0.101951614022]
0.117426075041 [0.134330138564] [0.100522011518]
0.11444589495655 [0.1289704144] [0.0999213755131]
0.1111667566 [0.122125804424] [0.100207708776]
0.1086490638555 [0.115910686553] [0.101387441158]
0.1060354225335 [0.109691008925] [0.102379836142]
0.10117325186750001 [0.101334497333] [0.101012006402]
0.0928845480084 [0.0904433354735] [0.0953257605433]
0.0830041319132 [0.0787847340107] [0.0872235298157]
