0.0995078980924 [0.0802714973688] [0.118744298816]
0.09213569760305 [0.0748021602631] [0.109469234943]
0.08740908652564999 [0.0714235901833] [0.103394582868]
0.08316629379985 [0.0693563148379] [0.0969762727618]
0.07850490882995 [0.0680729597807] [0.0889368578792]
0.07298711314795 [0.0671566650271] [0.0788175612688]
0.06790884584189999 [0.0661611482501] [0.0696565434337]
0.06456005200744999 [0.0646475329995] [0.0644725710154]
0.06299452111125001 [0.0623302310705] [0.063658811152]
0.061928000301099996 [0.0592653825879] [0.0645906180143]
0.0605191923678 [0.0557565316558] [0.0652818530798]
0.0592053513974 [0.0530425719917] [0.0653681308031]
0.05825075134635001 [0.0511312633753] [0.0653702393174]
0.0576302520931 [0.0496754422784] [0.0655850619078]
0.05727678723635 [0.0484796948731] [0.0660738795996]
0.05701259523629999 [0.0472763925791] [0.0667487978935]
0.0570050813258 [0.0464945137501] [0.0675156489015]
0.05764231458305 [0.0468600615859] [0.0684245675802]
0.05924186483025 [0.0492141619325] [0.069269567728]
0.0619313977659 [0.0537575185299] [0.0701052770019]
0.06557414494455 [0.0600431151688] [0.0711051747203]
0.069383289665 [0.0667933523655] [0.0719732269645]
0.07327806577085 [0.0738408192992] [0.0727153122425]
0.0789819210768 [0.0827635973692] [0.0752002447844]
0.09037563949825 [0.0975678637624] [0.0831834152341]
0.1125866770745 [0.123263031244] [0.101910322905]
0.147604480386 [0.162558361888] [0.132650598884]
0.1895058080555 [0.216341525316] [0.162670090795]
0.23237346112699997 [0.278864651918] [0.185882270336]
0.269882813096 [0.335701346397] [0.204064279795]
0.29806728661049997 [0.373774379492] [0.222360193729]
0.31908120959950004 [0.39817482233] [0.239987596869]
0.3324100375175 [0.411466002464] [0.253354072571]
0.340645328164 [0.419259548187] [0.262031108141]
0.34442113339900005 [0.420977830887] [0.267864435911]
0.34319265186750003 [0.41669011116] [0.269695192575]
0.33254982531099997 [0.401868760586] [0.263230890036]
0.3050255551935 [0.371843606234] [0.238207504153]
0.260033339262 [0.322220265865] [0.197846412659]
0.213178835809 [0.269264370203] [0.157093301415]
0.17586394399400002 [0.226490586996] [0.125237300992]
0.15025319531550002 [0.194824412465] [0.105681978166]
0.13573019579035 [0.175946757197] [0.0955136343837]
0.1261257082223 [0.161169990897] [0.0910814255476]
0.1188335679471 [0.147732540965] [0.0899345949292]
0.11237931996565001 [0.135451585054] [0.0893070548773]
0.1060108728708 [0.124163143337] [0.0878586024046]
0.10041402280335 [0.114415600896] [0.0864124447107]
0.0963216535749 [0.107714466751] [0.0849288403988]
0.093417428434 [0.103465870023] [0.083368986845]
0.0920846946538 [0.101677812636] [0.0824915766716]
0.09284012019625 [0.102530390024] [0.0831498503685]
0.09622076898830001 [0.105495154858] [0.0869463831186]
0.1034947559239 [0.110864400864] [0.0961251109838]
0.116139341146 [0.119199112058] [0.113079570234]
0.134250462055 [0.129276663065] [0.139224261045]
0.154586829245 [0.138314589858] [0.170859068632]
0.171225398779 [0.14537525177] [0.197075545788]
0.179210238159 [0.148800134659] [0.209620341659]
0.18237420171500002 [0.151060014963] [0.213688388467]
0.1870266497135 [0.156379669905] [0.217673629522]
0.1960894688965 [0.167075023055] [0.225103914738]
0.2050056383015 [0.175659015775] [0.234352260828]
0.2112748324875 [0.18088772893] [0.241661936045]
0.2111019715665 [0.181561499834] [0.240642443299]
0.208899743855 [0.177437573671] [0.240361914039]
0.20408949255949999 [0.170861721039] [0.23731726408]
0.1988371238115 [0.164095953107] [0.233578294516]
0.192369170487 [0.156917631626] [0.227820709348]
0.1850688159465 [0.151199817657] [0.218937814236]
0.178710438311 [0.146697372198] [0.210723504424]
0.173215895891 [0.143054872751] [0.203376919031]
0.1697268188 [0.14112983644] [0.19832380116]
0.1690106242895 [0.142353013158] [0.195668235421]
0.170619525015 [0.146058246493] [0.195180803537]
0.17299071699399998 [0.150242164731] [0.195739269257]
0.17663571983600002 [0.156510204077] [0.196761235595]
0.1804516613485 [0.162029385567] [0.19887393713]
0.1839655935765 [0.165096208453] [0.2028349787]
0.1875944659115 [0.167341828346] [0.207847103477]
0.19188704341649998 [0.16989530623] [0.213878780603]
0.1972785294055 [0.1735766083] [0.220980450511]
0.2039472833275 [0.179195135832] [0.228699430823]
0.2125822380185 [0.186105325818] [0.239059150219]
0.22460994869450002 [0.194981947541] [0.254237949848]
0.242526985705 [0.207981333137] [0.277072638273]
0.26156468689449996 [0.226499974728] [0.296629399061]
0.2786379009485 [0.245809108019] [0.311466693878]
0.28219668567199996 [0.250068128109] [0.314325243235]
0.2695578560235 [0.234925195575] [0.304190516472]
0.2537716180085 [0.220342159271] [0.287201076746]
0.24092107266200002 [0.206497594714] [0.27534455061]
0.2309564352035 [0.195077806711] [0.266835063696]
0.22568017989400002 [0.187629893422] [0.263730466366]
0.220969595015 [0.182021811604] [0.259917378426]
0.2161300852895 [0.17793174088] [0.254328429699]
0.2113853171465 [0.174700915813] [0.24806971848]
0.2068297937515 [0.171952426434] [0.241707161069]
0.202415987849 [0.169372782111] [0.235459193587]
0.1976286470895 [0.166794776917] [0.228462517262]
0.1915039122105 [0.164141595364] [0.218866229057]
0.184633843601 [0.161807909608] [0.207459777594]
0.17625717818699999 [0.159189254045] [0.193325102329]
0.16795857995750002 [0.156902641058] [0.179014518857]
0.1613804250955 [0.154069378972] [0.168691471219]
0.156640380621 [0.153031617403] [0.160249143839]
0.153545320034 [0.150481060147] [0.156609579921]
0.1515408605335 [0.147621527314] [0.155460193753]
0.15020833909499998 [0.145790159702] [0.154626518488]
0.149019613862 [0.145244702697] [0.152794525027]
0.1475086286665 [0.145313799381] [0.149703457952]
0.14562189579 [0.14489787817] [0.14634591341]
0.1435138434175 [0.143606618047] [0.143421068788]
0.1412960365415 [0.141303688288] [0.141288384795]
0.1390941143035 [0.138156592846] [0.140031635761]
0.1372822448615 [0.134756162763] [0.13980832696]
0.1365295574065 [0.131686687469] [0.141372427344]
0.137823365629 [0.130941063166] [0.144705668092]
0.14345372468200002 [0.136287257075] [0.150620192289]
0.15569452941450002 [0.150998950005] [0.160390108824]
0.1742788404225 [0.176273331046] [0.172284349799]
0.19557107985049998 [0.206317007542] [0.184825152159]
0.21633970737449998 [0.234179034829] [0.19850037992]
0.232565395534 [0.255377739668] [0.2097530514]
0.238207101822 [0.26290550828] [0.213508695364]
0.2327708750965 [0.263547360897] [0.201994389296]
0.222037628293 [0.262750416994] [0.181324839592]
0.2116619572045 [0.264204591513] [0.159119322896]
0.20739338547 [0.270706087351] [0.144080683589]
0.2104291245345 [0.284075289965] [0.136782959104]
0.220319032669 [0.304745733738] [0.1358923316]
0.2351037561895 [0.330414950848] [0.139792561531]
0.25183031708 [0.357402831316] [0.146257802844]
0.2672811597585 [0.38126334548] [0.153298974037]
0.2766419053075 [0.393565714359] [0.159718096256]
0.2760632708665 [0.387317538261] [0.164809003472]
0.26979981362850003 [0.371351838112] [0.168247789145]
0.2661757916215 [0.361876577139] [0.170475006104]
0.264811582863 [0.357562959194] [0.172060206532]
0.265612453222 [0.356037557125] [0.175187349319]
0.270160734653 [0.357073038816] [0.18324843049]
0.2765802666545 [0.356230318546] [0.196930214763]
0.28003761172249997 [0.340949684381] [0.219125539064]
0.2736538872125 [0.29875856638] [0.248549208045]
0.2618450894955 [0.248184964061] [0.27550521493]
0.2473209649325 [0.20734372735] [0.287298202515]
0.2220363244415 [0.172513708472] [0.271558940411]
0.1932984367015 [0.143572703004] [0.243024170399]
0.170165516436 [0.124471351504] [0.215859681368]
0.15356329455950002 [0.113570131361] [0.193556457758]
