0.1286723203955 [0.140281692147] [0.117062948644]
0.122796367854 [0.132791057229] [0.112801678479]
0.12013327702900001 [0.12646740675] [0.113799147308]
0.1190196499225 [0.121016733348] [0.117022566497]
0.11598601192249999 [0.112747818232] [0.119224205613]
0.1095832921564 [0.0999642461538] [0.119202338159]
0.10092477500444999 [0.0871719717979] [0.114677578211]
0.0931006781755 [0.077215410769] [0.108985945582]
0.08685023337594999 [0.0709344446659] [0.102766022086]
0.08300145715474999 [0.0683647692204] [0.0976381450891]
0.08209643512965001 [0.0691497921944] [0.0950430780649]
0.0844078809023 [0.0723674967885] [0.0964482650161]
0.09016412496555 [0.0773727148771] [0.102955535054]
0.09798321127865 [0.0829589888453] [0.113007433712]
0.10601783543820001 [0.0882645472884] [0.123771123588]
0.11249094083925 [0.0931923910975] [0.131789490581]
0.11524000391360001 [0.0978229865432] [0.132657021284]
0.1140190809965 [0.102462545037] [0.125575616956]
0.11133197695 [0.10684017837] [0.11582377553]
0.1093693077565 [0.110756516457] [0.107982099056]
0.1075548939405 [0.113745011389] [0.101364776492]
0.10587102547310001 [0.115549050272] [0.0961930006742]
0.10448294132935 [0.117058008909] [0.0919078737497]
0.10323874652404999 [0.117307364941] [0.0891701281071]
0.10331558436155 [0.118302769959] [0.0883283987641]
0.10588240623485 [0.12246067822] [0.0893041342497]
0.11127908527835001 [0.130570709705] [0.0919874608517]
0.11871491000045 [0.141084000468] [0.0963458195329]
0.126435380429 [0.151110038161] [0.101760722697]
0.133890770376 [0.159514665604] [0.108266875148]
0.1403521113095 [0.165347024798] [0.115357197821]
0.14513282477849998 [0.16736844182] [0.122897207737]
0.1479388400915 [0.164786592126] [0.131091088057]
0.151802606881 [0.163490056992] [0.14011515677]
0.158538915217 [0.166031390429] [0.151046440005]
0.1694319322705 [0.172760024667] [0.166103839874]
0.18494100123649998 [0.183365389705] [0.186516612768]
0.2034060582515 [0.195550382137] [0.211261734366]
0.2218928411605 [0.205805912614] [0.237979769707]
0.2375783994795 [0.211796358228] [0.263360440731]
0.2501569986345 [0.214323669672] [0.285990327597]
0.2579176053405 [0.213620051742] [0.302215158939]
0.2610629945995 [0.209102392197] [0.313023597002]
0.2597869336605 [0.202282220125] [0.317291647196]
0.2578371688725 [0.198547944427] [0.317126393318]
0.25819388777 [0.200980141759] [0.315407633781]
0.260252587497 [0.2105332762] [0.309971898794]
0.2650824710725 [0.224678352475] [0.30548658967]
0.272718451917 [0.243535116315] [0.301901787519]
0.2793045043945 [0.259066581726] [0.299542427063]
0.28161209821699995 [0.266684472561] [0.296539723873]
0.279732003808 [0.267153650522] [0.292310357094]
0.274649113417 [0.264884233475] [0.284413993359]
0.2675268948075 [0.262750446796] [0.272303342819]
0.25836291909200004 [0.259524524212] [0.257201313972]
0.24894881248450001 [0.255804866552] [0.242092758417]
0.2425824552775 [0.254382133484] [0.230782777071]
0.2351411134005 [0.251582682133] [0.218699544668]
0.2306210249665 [0.252986699343] [0.20825535059]
0.22885715961449998 [0.255869656801] [0.201844662428]
0.22817454487049998 [0.25600233674] [0.200346753001]
0.228113606572 [0.253105312586] [0.203121900558]
0.22880948334950002 [0.248659133911] [0.208959832788]
0.23087149113400002 [0.244993582368] [0.2167493999]
0.234883375466 [0.244241759181] [0.225524991751]
0.2417289763685 [0.247375771403] [0.236082181334]
0.24950828403249997 [0.251460880041] [0.247555688024]
0.25489468872550003 [0.256127715111] [0.25366166234]
0.255332902074 [0.256968647242] [0.253697156906]
0.2518864646555 [0.255509406328] [0.248263522983]
0.24670068919649998 [0.252244859934] [0.241156518459]
0.2472552582625 [0.251451969147] [0.243058547378]
0.253049477935 [0.254233926535] [0.251865029335]
0.26006886363049997 [0.259984254837] [0.260153472424]
0.2628649026155 [0.265931636095] [0.259798169136]
0.26128830015649995 [0.268657892942] [0.253918707371]
0.25524781644350003 [0.26776266098] [0.242732971907]
0.247197046876 [0.26443079114] [0.229963302612]
0.23959746211799998 [0.261090099812] [0.218104824424]
0.2338534966115 [0.258262097836] [0.209444895387]
0.2272226288915 [0.253225743771] [0.201219514012]
0.21882985532299998 [0.245207205415] [0.192452505231]
0.21119194477800002 [0.235196143389] [0.187187746167]
0.20614844560599999 [0.226266264915] [0.186030626297]
0.2053020745515 [0.22076639533] [0.189837753773]
0.208047643304 [0.218827426434] [0.197267860174]
0.212616972625 [0.219126433134] [0.206107512116]
0.2078737095 [0.202912077308] [0.212835341692]
0.1943997368215 [0.176918983459] [0.211880490184]
0.1797306239605 [0.153363525867] [0.206097722054]
0.1681295335295 [0.137489795685] [0.198769271374]
0.161382608116 [0.130343779922] [0.19242143631]
0.15891415625799998 [0.129667162895] [0.188161149621]
0.159035176039 [0.132400661707] [0.185669690371]
