0.05345612578095 [0.0493960492313] [0.0575162023306]
0.055154467001549995 [0.0510775819421] [0.059231352061]
0.05547458678485 [0.0514146871865] [0.0595344863832]
0.0538029763848 [0.0506897196174] [0.0569162331522]
0.0503585655242 [0.0498461909592] [0.0508709400892]
0.04595861025155 [0.0491106547415] [0.0428065657616]
0.041647374629949996 [0.0484437718987] [0.0348509773612]
0.0386317120865 [0.0486121363938] [0.0286512877792]
0.0374202691019 [0.0503409057856] [0.0244996324182]
0.0378274964169 [0.0537093803287] [0.0219456125051]
0.0395123176277 [0.0584229566157] [0.0206016786397]
0.0418718745932 [0.0636370405555] [0.0201067086309]
0.04398987442255 [0.0679375007749] [0.0200422480702]
0.0449595665559 [0.0698694437742] [0.0200496893376]
0.04494958370925 [0.0698694437742] [0.0200297236443]
0.04489796515555 [0.0698694437742] [0.0199264865369]
0.044835937209400004 [0.0698694437742] [0.0198024306446]
0.0448120329529 [0.0698694437742] [0.0197546221316]
0.053855075500900004 [0.0877500474453] [0.0199601035565]
0.061640082858599995 [0.102565020323] [0.0207151453942]
0.0723366849127 [0.122062131763] [0.0226112380624]
0.0861503817142 [0.145692586899] [0.0266081765294]
0.1009267345069 [0.167223885655] [0.0346295833588]
0.1162065770476 [0.181570574641] [0.0508425794542]
0.13614660874025 [0.188598185778] [0.0836950317025]
0.1669601127505 [0.191432163119] [0.142488062382]
0.2044405341145 [0.193182200193] [0.215698868036]
0.229554258287 [0.195995315909] [0.263113200665]
0.2351914867755 [0.200725778937] [0.269657194614]
0.2280345782635 [0.206672891974] [0.249396264553]
0.23166207969199998 [0.241498827934] [0.22182533145]
0.2307983338835 [0.26407545805] [0.197521209717]
0.23023917525999998 [0.278907567263] [0.181570783257]
0.2305030748245 [0.287246763706] [0.173759385943]
0.232079826295 [0.292544931173] [0.171614721417]
0.232192195952 [0.294317632914] [0.17006675899]
0.23141273111100003 [0.295996308327] [0.166829153895]
0.23118934780349998 [0.30239957571] [0.159979119897]
0.232164956629 [0.311792850494] [0.152537062764]
0.235211879015 [0.323608696461] [0.146815061569]
0.2361638844015 [0.329911410809] [0.142416357994]
0.234178468585 [0.329179942608] [0.139176994562]
0.231996268034 [0.32540512085] [0.138587415218]
0.230515860021 [0.319375395775] [0.141656324267]
0.22889800369700003 [0.308988511562] [0.148807495832]
0.22778347879650002 [0.29543530941] [0.160131648183]
0.2251214757565 [0.276968955994] [0.173273995519]
0.21820372343049999 [0.252585053444] [0.183822393417]
0.19973428547400002 [0.217167645693] [0.182300925255]
0.1609820500015 [0.16097985208] [0.160984247923]
0.11727081611750001 [0.105570830405] [0.12897080183]
0.0845897980037 [0.0671664848924] [0.102013111115]
0.0640853531659 [0.0451155379415] [0.0830551683903]
0.0521477684379 [0.0330171361566] [0.0712784007192]
0.0458363573998 [0.0267982818186] [0.064874432981]
0.042884191498149996 [0.0239932350814] [0.0617751479149]
0.04153158981355 [0.0230239685625] [0.0600392110646]
0.040580009110250004 [0.022931555286] [0.0582284629345]
0.039548452012250004 [0.0230586510152] [0.0560382530093]
0.03835673164575 [0.0232423674315] [0.05347109586]
0.0371816530824 [0.0233957022429] [0.0509676039219]
0.03700497746465 [0.0238480828702] [0.0501618720591]
0.0392266018316 [0.025070304051] [0.0533828996122]
0.04498994909225 [0.0275350883603] [0.0624448098242]
0.0550241861492 [0.0316850803792] [0.0783632919192]
0.06901624240000001 [0.037947807461] [0.100084677339]
0.0867292899637 [0.0468611456454] [0.126597434282]
0.10732074826969999 [0.0585449784994] [0.15609651804]
0.13097679242475 [0.0735822841525] [0.188371300697]
0.15585791319595 [0.0913719087839] [0.220343917608]
0.178814999759 [0.109679430723] [0.247950568795]
0.1964689046145 [0.125194191933] [0.267743617296]
0.2070351988075 [0.135176360607] [0.278894037008]
0.2119940668345 [0.140218734741] [0.283769398928]
0.21461473405349998 [0.143067061901] [0.286162406206]
0.218367598951 [0.147358581424] [0.289376616478]
0.2235967367885 [0.153526127338] [0.293667346239]
0.2291996031995 [0.160414665937] [0.297984540462]
0.2325422987345 [0.165669217706] [0.299415379763]
0.231221280992 [0.171224549413] [0.291218012571]
0.220109127462 [0.17575879395] [0.264459460974]
0.207001641393 [0.179237663746] [0.23476561904]
0.1955444961785 [0.180326849222] [0.210762143135]
0.1863261014225 [0.179778054357] [0.192874148488]
0.17918656766399998 [0.178894013166] [0.179479122162]
0.1738886088135 [0.179143935442] [0.168633282185]
0.17023755609949998 [0.180367261171] [0.160107851028]
0.16779626905900002 [0.181319952011] [0.154272586107]
0.167140416801 [0.183049857616] [0.151230975986]
0.1659150198105 [0.18193179369] [0.149898245931]
0.16305937618 [0.177304729819] [0.148814022541]
0.1592175737025 [0.171167716384] [0.147267431021]
0.155149117112 [0.165291532874] [0.14500670135]
0.1514166146515 [0.16045114398] [0.142382085323]
0.1474390253425 [0.155499458313] [0.139378592372]
0.143158502877 [0.150239542127] [0.136077463627]
0.140057437122 [0.147125646472] [0.132989227772]
0.1383005529645 [0.143069699407] [0.133531406522]
0.139220111072 [0.13762485981] [0.140815362334]
0.141674540937 [0.132881775498] [0.150467306376]
0.144254848361 [0.130091488361] [0.158418208361]
0.144900649786 [0.129205495119] [0.160595804453]
0.144584983587 [0.12856811285] [0.160601854324]
0.1441460847855 [0.127165317535] [0.161126852036]
0.145041145384 [0.12529233098] [0.164789959788]
0.1481800675395 [0.124849766493] [0.171510368586]
0.15396722406149999 [0.127051413059] [0.180883035064]
0.1606028303505 [0.130860209465] [0.190345451236]
0.1621540784835 [0.127860099077] [0.19644805789]
0.1603989861905 [0.122183792293] [0.198614180088]
0.15979026630499998 [0.116901658475] [0.202678874135]
0.159445218742 [0.11507242918] [0.203818008304]
0.1573709882795 [0.11395855993] [0.200783416629]
0.153252374381 [0.113372214139] [0.193132534623]
0.1476842872795 [0.11242070049] [0.182947874069]
0.1416404508055 [0.110767535865] [0.172513365746]
0.13463395834 [0.107014641166] [0.162253275514]
0.12628557533020002 [0.0995683670044] [0.153002783656]
0.11628944054245 [0.0894930586219] [0.143085822463]
0.10774828121055 [0.0798974558711] [0.13559910655]
0.0989877060058 [0.0724369734526] [0.125538438559]
0.09068229794480001 [0.0675053074956] [0.113859288394]
0.08388528972859999 [0.0653539001942] [0.102416679263]
0.07915541529655001 [0.0655067563057] [0.0928040742874]
0.0764578022063 [0.0673845559359] [0.0855310484767]
0.07545524463055 [0.0703332200646] [0.0805772691965]
0.07567711919545 [0.0736194476485] [0.0777347907424]
0.07646849006414999 [0.0757719501853] [0.077165029943]
0.0784245058894 [0.0765858218074] [0.0802631899714]
0.0810338705778 [0.0764521807432] [0.0856155604124]
0.08068553358315 [0.0757555067539] [0.0856155604124]
0.08036685734985 [0.0751181542873] [0.0856155604124]
0.08005800843239999 [0.0745004564524] [0.0856155604124]
0.0792532339692 [0.072890907526] [0.0856155604124]
0.07751934230325 [0.0694231241941] [0.0856155604124]
0.0749842710793 [0.0643529817462] [0.0856155604124]
0.0509696248919 [0.058878865093] [0.0430603846908]
0.049468036741000004 [0.0538404025137] [0.0450956709683]
0.0486316755414 [0.0497873388231] [0.0474760122597]
0.0480197686702 [0.0467142015696] [0.0493253357708]
0.047167459502800005 [0.0437698215246] [0.050565097481]
0.04617524147035 [0.0405049361289] [0.0518455468118]
0.045663349330400005 [0.0373213291168] [0.054005369544]
0.04616692103445 [0.0349317006767] [0.0574021413922]
0.04755888320505 [0.0332382209599] [0.0618795454502]
0.049859033897550004 [0.0325535051525] [0.0671645626426]
0.053160347044449996 [0.0332963615656] [0.0730243325233]
0.05755125172435 [0.0357993803918] [0.0793031230569]
0.0662755779922 [0.0405196100473] [0.0920315459371]
0.07939934171755 [0.0476081930101] [0.111190490425]
0.09764212742424999 [0.0574876740575] [0.137796580791]
0.1205353625119 [0.0700165256858] [0.171054199338]
0.14397780597225002 [0.0829997211695] [0.204955890775]
0.16074139252300002 [0.093120791018] [0.228361994028]
0.16487536579395 [0.0998688489199] [0.229881882668]
0.1650175973775 [0.106201499701] [0.223833695054]
0.165157493204 [0.113898359239] [0.216416627169]
0.167464211583 [0.127489119768] [0.207439303398]
0.17301254719499998 [0.148017406464] [0.198007687926]
0.1796753033995 [0.170513033867] [0.188837572932]
0.1818728148935 [0.183989048004] [0.179756581783]
0.1772312521935 [0.183783397079] [0.170679107308]
0.16776222735649998 [0.174428150058] [0.161096304655]
0.157918713987 [0.162831872702] [0.153005555272]
0.14978107065000001 [0.152706086636] [0.146856054664]
0.144002921879 [0.14533893764] [0.142666906118]
0.139589957893 [0.139311164618] [0.139868751168]
0.1352975144985 [0.133009463549] [0.137585565448]
0.130488522351 [0.126466840506] [0.134510204196]
0.127074062824 [0.120632022619] [0.133516103029]
0.1285492293535 [0.118405885994] [0.138692572713]
0.13477438688249999 [0.120611220598] [0.148937553167]
0.142749004066 [0.127838358283] [0.157659649849]
0.1550774723295 [0.14053401351] [0.169620931149]
0.168193988502 [0.156137421727] [0.180250555277]
0.183259271085 [0.178526431322] [0.187992110848]
0.19718200713400003 [0.200987383723] [0.193376630545]
0.207873955369 [0.21862526238] [0.197122648358]
0.2146657854315 [0.229953691363] [0.1993778795]
0.21689634770150001 [0.234572738409] [0.199219956994]
0.2163180783395 [0.234908267856] [0.197727888823]
0.2153406366705 [0.234382227063] [0.196299046278]
0.2150671333075 [0.232722014189] [0.197412252426]
0.21639338135699998 [0.227926492691] [0.204860270023]
0.2096476405855 [0.214435011148] [0.204860270023]
0.2036812752485 [0.202502280474] [0.204860270023]
0.201012380421 [0.197164490819] [0.204860270023]
0.1995837464925 [0.194307222962] [0.204860270023]
0.1981710270045 [0.191481783986] [0.204860270023]
0.1965242922305 [0.188188314438] [0.204860270023]
0.1948813349005 [0.184902399778] [0.204860270023]
