0.1164931282403 [0.0904484689236] [0.142537787557]
0.10188505426040001 [0.0903158858418] [0.113454222679]
0.0991736240684 [0.0855452939868] [0.11280195415]
0.09750901162625 [0.0828887447715] [0.112129278481]
0.096142284572 [0.08068805933] [0.111596509814]
0.09557729959479999 [0.0798829868436] [0.111271612346]
0.0961754396559 [0.0816127881408] [0.110738091171]
0.0978642962872 [0.0870041400194] [0.108724452555]
0.1001783832907 [0.0967961102724] [0.103560656309]
0.1024699173869 [0.11034719646] [0.0945926383138]
0.1036514304577 [0.123611912131] [0.0836909487844]
0.1019696742294 [0.130159437656] [0.0737799108028]
0.0977008268237 [0.128334492445] [0.0670671612024]
0.0949745252727 [0.122881889343] [0.0670671612024]
0.0949745252727 [0.122881889343] [0.0670671612024]
0.0949745252727 [0.122881889343] [0.0670671612024]
0.0949745252727 [0.122881889343] [0.0670671612024]
0.0949745252727 [0.122881889343] [0.0670671612024]
0.1015087962152 [0.135950431228] [0.0670671612024]
0.1076239868997 [0.148180812597] [0.0670671612024]
0.1376660354435 [0.158932283521] [0.116399787366]
0.1469310484825 [0.170055821538] [0.123806275427]
0.1543773263695 [0.180246114731] [0.128508538008]
0.15983745455749998 [0.187734782696] [0.131940126419]
0.163732908666 [0.191616490483] [0.135849326849]
0.16799774765949999 [0.195173561573] [0.140821933746]
0.17436788976200002 [0.201944127679] [0.146791651845]
0.1823573559525 [0.212527498603] [0.152187213302]
0.190996930003 [0.22510407865] [0.156889781356]
0.198386900127 [0.235052123666] [0.161721676588]
0.2221152707935 [0.277309089899] [0.166921451688]
0.23391814529899999 [0.296275347471] [0.171560943127]
0.2576228678225 [0.313570231199] [0.201675504446]
0.272465631366 [0.325811445713] [0.219119817019]
0.2863416448235 [0.339733839035] [0.232949450612]
0.29528225958349996 [0.350288033485] [0.240276485682]
0.300244495273 [0.355997115374] [0.244491875172]
0.30045775324150004 [0.358240783215] [0.242674723268]
0.296750828624 [0.358749419451] [0.234752237797]
0.293194010854 [0.358035415411] [0.228352606297]
0.2919348105785 [0.356045514345] [0.227824106812]
0.2912877500055 [0.353805094957] [0.228770405054]
0.2923825606705 [0.354572355747] [0.230192765594]
0.2964676842095 [0.361775606871] [0.231159761548]
0.30015985667699996 [0.368990778923] [0.231328934431]
0.30186208337549997 [0.373152077198] [0.230572089553]
0.3023231849075 [0.376069098711] [0.228577271104]
0.298289619386 [0.371582150459] [0.224997088313]
0.2936256080865 [0.367104023695] [0.220147192478]
0.290682375431 [0.366991281509] [0.214373469353]
0.289607912302 [0.370383799076] [0.208832025528]
0.289378926158 [0.374472081661] [0.204285770655]
0.2904470935465 [0.379449427128] [0.201444759965]
0.2917113900185 [0.384247392416] [0.199175387621]
0.2915165498855 [0.386775314808] [0.196257784963]
0.290927037597 [0.384817749262] [0.197036325932]
0.288293302059 [0.374211043119] [0.202375560999]
0.27934771031100003 [0.352630525827] [0.206064894795]
0.263393804431 [0.317512214184] [0.209275394678]
0.23611494153749998 [0.269615739584] [0.202614143491]
0.19725874811400002 [0.213267505169] [0.181249991059]
0.157483160496 [0.162614256144] [0.152352064848]
0.123635172844 [0.12587839365] [0.121391952038]
0.09770667552930001 [0.10152195394] [0.0938913971186]
0.0779174156487 [0.0876234024763] [0.0682114288211]
0.0654441062361 [0.0806344002485] [0.0502538122237]
0.0590957868844 [0.0779308900237] [0.0402606837451]
0.05702900141475 [0.0784118250012] [0.0356461778283]
0.057600386440749995 [0.0809743702412] [0.0342264026403]
0.0596166867763 [0.0845577940345] [0.0346755795181]
0.06232142448425 [0.0883411094546] [0.0363017395139]
0.06512376479805 [0.0917063951492] [0.0385411344469]
0.06782059744 [0.0946511998773] [0.0409899950027]
0.07048775441945 [0.0975653901696] [0.0434101186693]
0.07358424365534999 [0.101368159056] [0.0458003282547]
0.077582767233 [0.106907613575] [0.048257920891]
0.082799207419 [0.11485248059] [0.050745934248]
0.0891002286227 [0.124943673611] [0.0532567836344]
0.09475656412545 [0.133756235242] [0.0557568930089]
0.0997584983708 [0.140437036753] [0.0590799599886]
0.10522334277625 [0.145336434245] [0.0651102513075]
0.11242348328219999 [0.148213997483] [0.0766329690814]
0.12314521148805 [0.148931503296] [0.0973589196801]
0.13946387171750002 [0.145117893815] [0.13380984962]
0.1638235077265 [0.137968093157] [0.189678922296]
0.1891901344065 [0.129794761539] [0.248585507274]
0.19920482859000002 [0.122646741569] [0.275762915611]
0.191262062639 [0.116415046155] [0.266109079123]
0.178428195417 [0.110684663057] [0.246171727777]
0.1662737317385 [0.105480261147] [0.22706720233]
0.15772807598150002 [0.103362053633] [0.21209409833]
0.15467575565 [0.104923941195] [0.204427570105]
0.15681059286 [0.110174365342] [0.203446820378]
0.1626230962575 [0.116968162358] [0.208278030157]
0.170103110373 [0.124005019665] [0.216201201081]
0.1771222800015 [0.130905121565] [0.223339438438]
0.18314492702500001 [0.138128951192] [0.228160902858]
0.18723782897000002 [0.144927814603] [0.229547843337]
0.18995591253049998 [0.152741909027] [0.227169916034]
0.1915848106145 [0.160714536905] [0.222455084324]
0.193280272186 [0.167977511883] [0.218583032489]
0.19530290365199998 [0.17449735105] [0.216108456254]
0.1983559429645 [0.18091763556] [0.215794250369]
0.2011564150455 [0.185712903738] [0.216599926353]
0.2020880654455 [0.185281828046] [0.218894302845]
0.199985742569 [0.181150659919] [0.218820825219]
0.197306722403 [0.176760077477] [0.217853367329]
0.1949632540345 [0.17151235044] [0.218414157629]
0.192484639585 [0.165920779109] [0.219048500061]
0.1891965791585 [0.161569863558] [0.216823294759]
0.1864593848585 [0.159516438842] [0.213402330875]
0.18572583794550002 [0.158803299069] [0.212648376822]
0.1868910863995 [0.159594759345] [0.214187413454]
0.189629919827 [0.16106325388] [0.218196585774]
0.194027364254 [0.16255158186] [0.225503146648]
0.199230179191 [0.163564473391] [0.234895884991]
0.204372264445 [0.162338972092] [0.246405556798]
0.209313876927 [0.158548370004] [0.26007938385]
0.2147138267755 [0.152973383665] [0.276454269886]
0.2204729542135 [0.148580059409] [0.292365849018]
0.2244987785815 [0.146267175674] [0.302730381489]
0.2122289389375 [0.142432689667] [0.282025188208]
0.185854308307 [0.131096765399] [0.240611851215]
0.1600722447035 [0.11963135004] [0.200513139367]
0.14476399496200001 [0.11265219003] [0.176875799894]
0.13590497151050002 [0.107776500285] [0.164033442736]
0.13185428082950001 [0.104968994856] [0.158739566803]
0.130544077605 [0.103512711823] [0.157575443387]
0.1289741434155 [0.10250390321] [0.155444383621]
0.1275583952665 [0.101645871997] [0.153470918536]
0.125855557621 [0.101028323174] [0.150682792068]
0.12439582869400001 [0.101053126156] [0.147738531232]
0.1236486732955 [0.101795315742] [0.145502030849]
0.1238476708535 [0.102993026376] [0.144702315331]
0.124875430018 [0.103857673705] [0.145893186331]
0.127401471138 [0.104115962982] [0.150686979294]
0.1326128840445 [0.104325830936] [0.160899937153]
0.1424565427005 [0.106834553182] [0.178078532219]
0.159221235663 [0.115391097963] [0.203051373363]
0.1887806504965 [0.137204527855] [0.240356773138]
0.2299261763695 [0.172535017133] [0.287317335606]
0.263673044741 [0.210798487067] [0.316547602415]
0.28625520318750003 [0.237484678626] [0.335025727749]
0.30072215199499996 [0.255296558142] [0.346147745848]
0.312583878636 [0.266634881496] [0.358532875776]
0.321373313665 [0.272765666246] [0.369980961084]
0.324265420437 [0.27270641923] [0.375824421644]
0.31419734656849996 [0.261186420918] [0.367208272219]
0.28257603198250003 [0.233132794499] [0.332019269466]
0.24234574288099997 [0.19707532227] [0.287616163492]
0.205415211618 [0.164759904146] [0.24607051909]
0.177819684148 [0.142734274268] [0.212905094028]
0.158707946539 [0.129568815231] [0.187847077847]
0.1475885510445 [0.122215762734] [0.172961339355]
0.1429026946425 [0.118545502424] [0.167259886861]
0.14194743707750002 [0.116224221885] [0.16767065227]
0.1418736204505 [0.113617733121] [0.17012950778]
0.140466462821 [0.110276244581] [0.170656681061]
0.137212783098 [0.106783092022] [0.167642474174]
0.13312241435049998 [0.103982046247] [0.162262782454]
0.129592500627 [0.102451145649] [0.156733855605]
0.127668224275 [0.102410361171] [0.152926087379]
0.12908816710100002 [0.104244582355] [0.153931751847]
0.13431281969 [0.108995340765] [0.159630298615]
0.145014438778 [0.117785967886] [0.17224290967]
0.1641602888705 [0.132047772408] [0.196272805333]
0.19249574095049998 [0.152915477753] [0.232076004148]
0.22400338947749998 [0.180504083633] [0.267502695322]
0.25047981739049996 [0.20735809207] [0.293601542711]
0.2675510272385 [0.227498099208] [0.307603955269]
0.276006102562 [0.242294877768] [0.309717327356]
0.278330042958 [0.251382797956] [0.30527728796]
0.27906216680999996 [0.258420050144] [0.299704283476]
0.279872298241 [0.264156699181] [0.295587897301]
0.2809825390575 [0.269127756357] [0.292837321758]
0.280927017331 [0.271940022707] [0.289914011955]
0.2777049988505 [0.274289309978] [0.281120687723]
0.2679805606605 [0.271631836891] [0.26432928443]
0.24671417474750001 [0.254299491644] [0.239128857851]
0.214503481984 [0.229095160961] [0.199911803007]
0.183462306857 [0.205317392945] [0.161607220769]
0.16117418557399998 [0.184629693627] [0.137718677521]
0.147765442729 [0.170699298382] [0.124831587076]
0.141159586608 [0.162428438663] [0.119890734553]
0.13725329563049998 [0.155673027039] [0.118833564222]
0.132871307433 [0.147640436888] [0.118102177978]
