0.05057637020945 [0.0605542510748] [0.0405984893441]
0.0478632543236 [0.0549746900797] [0.0407518185675]
0.045895289629650005 [0.0502343922853] [0.041556186974]
0.04407806135715 [0.045908279717] [0.0422478429973]
0.0422631148249 [0.042431846261] [0.0420943833888]
0.04169182665645 [0.0420656278729] [0.04131802544]
0.04418728128075 [0.0475555472076] [0.0408190153539]
0.051055734977100004 [0.0603713467717] [0.0417401231825]
0.0621087551117 [0.0800978541374] [0.044119656086]
0.07575725018985 [0.104055196047] [0.0474593043327]
0.0904702022672 [0.129149183631] [0.0517912209034]
0.10517393238835 [0.153355181217] [0.0569926835597]
0.11865313723705001 [0.174109756947] [0.0631965175271]
0.1306133307517 [0.190490692854] [0.0707359686494]
0.1416674256323 [0.203404486179] [0.0799303650856]
0.15084280446175 [0.212408065796] [0.0892775431275]
0.15881255269035 [0.219100758433] [0.0985243469477]
0.166956219822 [0.22624887526] [0.107663564384]
0.177751265466 [0.237179264426] [0.118323266506]
0.19396840781 [0.25439876318] [0.13353805244]
0.21630123257649997 [0.276522010565] [0.156080454588]
0.243208892643 [0.297323107719] [0.189094677567]
0.2689218744635 [0.307119876146] [0.230723872781]
0.286626085639 [0.3007632792] [0.272488892078]
0.2938719540835 [0.281946480274] [0.305797427893]
0.2896578758955 [0.256779909134] [0.322535842657]
0.27952824533 [0.231374591589] [0.327681899071]
0.2700714841485 [0.210223153234] [0.329919815063]
0.264320723712 [0.196783944964] [0.33185750246]
0.2622770667075 [0.192306399345] [0.33224773407]
0.2616807445885 [0.195284172893] [0.328077316284]
0.2601914703845 [0.202238082886] [0.318144857883]
0.257032752037 [0.208872169256] [0.305193334818]
0.2551830410955 [0.215747565031] [0.29461851716]
0.256984129548 [0.224203199148] [0.289765059948]
0.2611624896525 [0.232845842838] [0.289479136467]
0.26326192915400004 [0.238775759935] [0.287748098373]
0.2640712708235 [0.244406849146] [0.283735692501]
0.2678805589675 [0.254628449678] [0.281132668257]
0.2732754349705 [0.265532314777] [0.281018555164]
0.28061419725400005 [0.277717679739] [0.283510714769]
0.2866311371325 [0.289468169212] [0.283794105053]
0.28811088204400004 [0.299464792013] [0.276756972075]
0.28320299089 [0.303703039885] [0.262702941895]
0.273413024843 [0.30190590024] [0.244920149446]
0.262481331825 [0.296198248863] [0.228764414787]
0.2536437511445 [0.290713578463] [0.216573923826]
0.249560326338 [0.289183586836] [0.20993706584]
0.250081643462 [0.293493568897] [0.206669718027]
0.252871744335 [0.302913874388] [0.202829614282]
0.25778532028199996 [0.316169410944] [0.19940122962]
0.264683634043 [0.331881463528] [0.197485804558]
0.2730157375335 [0.347764492035] [0.198266983032]
0.2838352024555 [0.36697769165] [0.200692713261]
0.2930313572285 [0.381966233253] [0.204096481204]
0.2912578731775 [0.377862989902] [0.204652756453]
0.2767982929945 [0.354065418243] [0.199531167746]
0.25856436044000003 [0.325905054808] [0.191223666072]
0.24556168913850002 [0.305546373129] [0.185577005148]
0.2370827421545 [0.289447516203] [0.184717968106]
0.233113206923 [0.276592552662] [0.189633861184]
0.231624238193 [0.266485124826] [0.19676335156]
0.229972615838 [0.257887482643] [0.202057749033]
0.22600376606 [0.249363034964] [0.202644497156]
0.22068508714450003 [0.241322487593] [0.200047686696]
0.21378762275000002 [0.231467276812] [0.196107968688]
0.20575068145949998 [0.220003470778] [0.191497892141]
0.197847239673 [0.209020361304] [0.186674118042]
0.191890850663 [0.201569110155] [0.182212591171]
0.1886351257565 [0.198896661401] [0.178373590112]
0.188093341887 [0.200366005301] [0.175820678473]
0.1894107758995 [0.204588502645] [0.174233049154]
0.19274786859749998 [0.211253032088] [0.174242705107]
0.196972362697 [0.220331445336] [0.173613280058]
0.20240470767000002 [0.233803808689] [0.171005606651]
0.21179002523450002 [0.254644751549] [0.16893529892]
0.225658938289 [0.282550543547] [0.168767333031]
0.241516560316 [0.313747227192] [0.16928589344]
0.255994282663 [0.343301922083] [0.168686643243]
0.262858018279 [0.361420512199] [0.164295524359]
0.268647752702 [0.378471136093] [0.158824369311]
0.2735074013475 [0.391532927752] [0.155481874943]
0.276287920773 [0.398449569941] [0.154126271605]
0.2765095606445 [0.400160342455] [0.152858778834]
0.271907672286 [0.394252479076] [0.149562865496]
0.2634714469315 [0.385075092316] [0.141867801547]
0.251760147512 [0.372422516346] [0.131097778678]
0.23841520398850002 [0.357037693262] [0.119792714715]
0.22651552781450002 [0.34388923645] [0.109141819179]
0.21601190790549998 [0.331372886896] [0.100650928915]
0.207544993609 [0.320233494043] [0.094856493175]
0.20112137123945 [0.310495197773] [0.0917475447059]
0.1958421543241 [0.30058452487] [0.0910997837782]
0.19115480780595 [0.289701938629] [0.0926076769829]
0.18731121718889998 [0.278828084469] [0.0957943499088]
0.18511646240950003 [0.270106315613] [0.100126609206]
0.1844374872745 [0.263426870108] [0.105448104441]
0.1835732273755 [0.256828576326] [0.110317878425]
0.18143181875349998 [0.250297188759] [0.112566448748]
0.174669343978 [0.235845521092] [0.113493166864]
0.164254371077 [0.216061040759] [0.112447701395]
0.154282093048 [0.196064099669] [0.112500086427]
0.146805409342 [0.180565074086] [0.113045744598]
0.14104577899 [0.167788267136] [0.114303290844]
0.134682379663 [0.156133890152] [0.113230869174]
0.1285909898575 [0.147908851504] [0.109273128211]
0.12460599094649999 [0.144338965416] [0.104873016477]
0.1229639574885 [0.144630774856] [0.101297140121]
0.12267509102835 [0.147070065141] [0.0982801169157]
0.12160569801929999 [0.149003431201] [0.0942079648376]
0.11838385835295 [0.148409113288] [0.0883586034179]
0.11273122578860001 [0.143933236599] [0.0815292149782]
0.10735130310075 [0.138814672828] [0.0758879333735]
0.1038898006079 [0.135245352983] [0.0725342482328]
0.1030459217729 [0.134237378836] [0.0718544647098]
0.1050400361421 [0.136587530375] [0.0734925419092]
0.1099946536124 [0.142643287778] [0.0773460194468]
0.1178921535612 [0.152240380645] [0.0835439264774]
0.13099493831394998 [0.168178319931] [0.0938115566969]
0.1494057513775 [0.189969286323] [0.108842216432]
0.17167132347800002 [0.216187432408] [0.127155214548]
0.1920386999845 [0.238821744919] [0.14525565505]
0.2054226994515 [0.256595790386] [0.154249608517]
0.20503305643800002 [0.263654083014] [0.146412029862]
0.19907528907049998 [0.26910623908] [0.129044339061]
0.19503983110200002 [0.277460217476] [0.112619444728]
0.1975437738 [0.291042804718] [0.104044742882]
0.206362709403 [0.31012403965] [0.102601379156]
0.2182037867605 [0.332120448351] [0.10428712517]
0.226381056011 [0.346739381552] [0.10602273047]
0.2287540137765 [0.351029604673] [0.10647842288]
0.22495996207 [0.345370590687] [0.104549333453]
0.216831214726 [0.333641558886] [0.100020870566]
0.20790996402509998 [0.320949137211] [0.0948707908392]
0.20048644021165002 [0.310482978821] [0.0904899016023]
0.19574382901169998 [0.303193300962] [0.0882943570614]
0.19324856251485 [0.298320233822] [0.0881768912077]
0.1928944326939 [0.295106083155] [0.0906827822328]
0.19466729089625 [0.293131530285] [0.0962030515075]
0.199727535248 [0.294477939606] [0.10497713089]
0.20487708970899998 [0.294367343187] [0.115386836231]
0.2021218538285 [0.27917906642] [0.125064641237]
0.195592097938 [0.258294850588] [0.132889345288]
0.1873030290005 [0.242009922862] [0.132596135139]
0.1774782165885 [0.231859773397] [0.12309665978]
0.169357057661 [0.22512434423] [0.113589771092]
0.162695284933 [0.21897380054] [0.106416769326]
0.157834034413 [0.212217211723] [0.103450857103]
0.1530168168245 [0.205392792821] [0.100640840828]
0.149333424866 [0.198130071163] [0.100536778569]
