0.11320449784414999 [0.0848737433553] [0.141535252333]
0.10729302838425 [0.0794606134295] [0.135125443339]
0.10491332784295 [0.0798221901059] [0.13000446558]
0.10398644953985 [0.0828040391207] [0.125168859959]
0.10321374610049999 [0.085960701108] [0.120466791093]
0.1028159484266 [0.0887294709682] [0.116902425885]
0.10329392924925 [0.0921010524035] [0.114486806095]
0.10492491349579999 [0.0971959903836] [0.112653836608]
0.106911208481 [0.103731170297] [0.110091246665]
0.108198683709 [0.110024899244] [0.106372468174]
0.10861138626950001 [0.114770688117] [0.102452084422]
0.109549477696 [0.118890844285] [0.100208111107]
0.113165121526 [0.125335335732] [0.10099490732]
0.122532077134 [0.139163002372] [0.105901151896]
0.139736965299 [0.164107590914] [0.115366339684]
0.165318094194 [0.202283039689] [0.128353148699]
0.19688172638399998 [0.248622074723] [0.145141378045]
0.229711331427 [0.295456022024] [0.16396664083]
0.256154336035 [0.327406734228] [0.184901937842]
0.2793409079315 [0.347528874874] [0.211152940989]
0.29489028453800004 [0.359312176704] [0.230468392372]
0.2991441264745 [0.356398373842] [0.241889879107]
0.29486211389350003 [0.340091913939] [0.249632313848]
0.28733594715550004 [0.316111952066] [0.258559942245]
0.2816053926945 [0.292654961348] [0.270555824041]
0.28080768883249996 [0.275431573391] [0.286183804274]
0.28470021486249997 [0.265902459621] [0.303497970104]
0.2905474156145 [0.259045362473] [0.322049468756]
0.29681330919250004 [0.256012290716] [0.337614327669]
0.3003754168745 [0.25893202424] [0.341818809509]
0.3013477027415 [0.264611840248] [0.338083565235]
0.300217837095 [0.268657892942] [0.331777781248]
0.29691971838450004 [0.268788605928] [0.325050830841]
0.29425911605349997 [0.269231170416] [0.319287061691]
0.2935534268615 [0.271586447954] [0.315520405769]
0.2977869808675 [0.281308680773] [0.314265280962]
0.3062205463645 [0.299135506153] [0.313305586576]
0.3156380951405 [0.317817568779] [0.313458621502]
0.31336268782599996 [0.324298709631] [0.302426666021]
0.297761783004 [0.316465884447] [0.279057681561]
0.266261316836 [0.291512846947] [0.241009786725]
0.229541748762 [0.2571195364] [0.201963961124]
0.19695586711149998 [0.223544359207] [0.170367375016]
0.1730982735755 [0.198675081134] [0.147521466017]
0.15753602981550002 [0.182864755392] [0.132207304239]
0.14912130311150001 [0.176043570042] [0.122199036181]
0.1454390585425 [0.174085021019] [0.116793096066]
0.143587205559 [0.173444092274] [0.113730318844]
0.142059929669 [0.171728998423] [0.112390860915]
0.1401649229225 [0.16861090064] [0.111718945205]
0.137109320611 [0.163473710418] [0.110744930804]
0.133528403938 [0.158570498228] [0.108486309648]
0.1299885213375 [0.154100477695] [0.10587656498]
0.12609527632599998 [0.149821981788] [0.102368570864]
0.12407010793685 [0.150008097291] [0.0981321185827]
0.12540888786335 [0.155772224069] [0.0950455516577]
0.1285262703895 [0.167170152068] [0.089882388711]
0.1308495998383 [0.183686003089] [0.0780131965876]
0.1310766376554 [0.201878890395] [0.0602743849158]
0.13059400767075 [0.216802075505] [0.0443859398365]
0.12891182117155 [0.224051132798] [0.0337725095451]
0.1265370771291 [0.225459620357] [0.0276145339012]
0.12428589444585 [0.224252030253] [0.0243197586387]
0.1233552629129 [0.224048882723] [0.0226616431028]
0.12375347502544999 [0.225752860308] [0.0217540897429]
0.1243662647903 [0.22775362432] [0.0209789052606]
0.1238505290821 [0.227550625801] [0.0201504323632]
0.12054307665665 [0.221887975931] [0.0191981773823]
0.1141058439389 [0.209925532341] [0.0182861555368]
0.10339736938460001 [0.189370885491] [0.0174238532782]
0.09739493299275 [0.17798858881] [0.0168012771755]
0.0937628056855 [0.171086266637] [0.016439344734]
0.09276762977259999 [0.169091612101] [0.0164436474442]
0.09190028440205 [0.166760161519] [0.0170404072851]
0.08722236845625 [0.156030669808] [0.0184140671045]
0.07934375386705 [0.138179123402] [0.0205083843321]
0.07087751850474999 [0.118765927851] [0.0229891091585]
0.06386697851135 [0.102765247226] [0.0249687097967]
0.05805498175325 [0.0904777348042] [0.0256322287023]
0.0524842655286 [0.0798725262284] [0.0250960048288]
0.0463259890676 [0.0683889985085] [0.0242629796267]
0.0404309881851 [0.0573960095644] [0.0234659668058]
0.036055366508700004 [0.049037873745] [0.0230728592724]
0.033702975139 [0.0443484224379] [0.0230575278401]
0.0332847153768 [0.0427970252931] [0.0237724054605]
0.0343324076384 [0.0428491570055] [0.0258156582713]
0.03649461548775 [0.042939607054] [0.0300496239215]
0.03932839073245 [0.0423187874258] [0.0363379940391]
0.04168146848675 [0.0411591492593] [0.0422037877142]
0.043105876073250005 [0.0406113266945] [0.045600425452]
0.0446030385792 [0.041686758399] [0.0475193187594]
0.0473172068596 [0.0448557324708] [0.0497786812484]
0.0515692234039 [0.0496704392135] [0.0534680075943]
0.056957019493 [0.055601362139] [0.058312676847]
0.06346537172795 [0.0629132464528] [0.0640174970031]
0.07171632349495 [0.0724110603333] [0.0710215866566]
0.0821601785719 [0.085373327136] [0.0789470300078]
0.09374313056445 [0.100170589983] [0.0873156711459]
0.1044344268737 [0.113810382783] [0.0950584709644]
0.11288012936700001 [0.123088650405] [0.102671608329]
0.1200981363655 [0.128754645586] [0.111441627145]
0.1292795054615 [0.135731995106] [0.122827015817]
0.143166579306 [0.148583009839] [0.137750148773]
0.157220415771 [0.163184404373] [0.151256427169]
0.16529397666450002 [0.171676442027] [0.158911511302]
0.161049067974 [0.166128858924] [0.155969277024]
0.15208169817900002 [0.155002340674] [0.149161055684]
0.14239520579550002 [0.142235547304] [0.142554864287]
0.13489945232900002 [0.132310584188] [0.13748832047]
0.1293289735915 [0.126120015979] [0.132537931204]
0.12611068040099999 [0.123580470681] [0.128640890121]
0.12501796334999998 [0.12456125021] [0.12547467649]
0.123524710536 [0.12667529285] [0.120374128222]
0.11874358356 [0.127053827047] [0.110433340073]
0.10991685465 [0.122789934278] [0.097043775022]
0.10157657787185 [0.11761059612] [0.0855425596237]
0.09405921027055 [0.111513532698] [0.0766048878431]
0.0874296799303 [0.104672022164] [0.0701873376966]
0.08319021761414999 [0.0992216914892] [0.0671587437391]
