0.20954831317055 [0.325127482414] [0.0939691439271]
0.213450025767 [0.32551279664] [0.101387254894]
0.208398450166 [0.311775773764] [0.105021126568]
0.20079985633500003 [0.290257006884] [0.111342705786]
0.1935649998485 [0.269425153732] [0.117704845965]
0.1913577392695 [0.25413736701] [0.128578111529]
0.1909405440095 [0.241013914347] [0.140867173672]
0.1909141987565 [0.231200769544] [0.150627627969]
0.191574499011 [0.22519902885] [0.157949969172]
0.19484805315749998 [0.22273182869] [0.166964277625]
0.19936952739949998 [0.222471222281] [0.176267832518]
0.203007884324 [0.222560539842] [0.183455228806]
0.206038698554 [0.222278371453] [0.189799025655]
0.2088280171155 [0.220078527927] [0.197577506304]
0.2107320204375 [0.218509480357] [0.202954560518]
0.206792354584 [0.215424746275] [0.198159962893]
0.184593655169 [0.204273834825] [0.164913475513]
0.1502458266915 [0.183990627527] [0.116501025856]
0.11940281838184999 [0.159264072776] [0.0795415639877]
0.0968434959649 [0.135683879256] [0.0580031126738]
0.0825067050755 [0.118258215487] [0.046755194664]
0.07441978156564999 [0.107585132122] [0.0412544310093]
0.07061107270415 [0.102327749133] [0.0388943962753]
0.068918094039 [0.0999240279198] [0.0379121601582]
0.0675606504083 [0.0978097766638] [0.0373115241528]
0.0663967113942 [0.0963045656681] [0.0364888571203]
0.0652364026755 [0.0949195623398] [0.0355532430112]
0.06434571370485 [0.0939004942775] [0.0347909331322]
0.06392154842615 [0.0932443290949] [0.0345987677574]
0.0637457035482 [0.0925907865167] [0.0349006205797]
0.06384558230635 [0.091832190752] [0.0358589738607]
0.06461740285155 [0.0911904349923] [0.0380443707108]
0.06777120940385001 [0.0928496792912] [0.0426927395165]
0.0745323561132 [0.0978179946542] [0.0512467175722]
0.08587536960825 [0.106637343764] [0.0651133954525]
0.1002063266933 [0.116327278316] [0.0840853750706]
0.11483020708 [0.125469565392] [0.104190848768]
0.1260670386255 [0.132476821542] [0.119657255709]
0.13309790939100002 [0.13770750165] [0.128488317132]
0.1371285542845 [0.140319749713] [0.133937358856]
0.1393886879085 [0.140613526106] [0.138163849711]
0.13840349763600002 [0.136201649904] [0.140605345368]
0.1364707127215 [0.128838121891] [0.144103303552]
0.1333590857685 [0.121181540191] [0.145536631346]
0.13129327073699998 [0.114568911493] [0.148017629981]
0.1307244077325 [0.110117644072] [0.151331171393]
0.131198018789 [0.106717765331] [0.155678272247]
0.131208859384 [0.103541761637] [0.158875957131]
0.1292296350003 [0.0995895564556] [0.158869713545]
0.12475979700705 [0.0952505841851] [0.154269009829]
0.11857560276995 [0.0911505967379] [0.146000608802]
0.11128953471755 [0.0874992832541] [0.135079786181]
0.10457650572075 [0.0840488523245] [0.125104159117]
0.09855456650265 [0.0799376368523] [0.117171496153]
0.09304158017040001 [0.0746865868568] [0.111396573484]
0.0891334190966 [0.0711700171232] [0.10709682107]
0.08693733811394999 [0.0701457262039] [0.103728950024]
0.0864832550287 [0.0717696622014] [0.101196847856]
0.08654202893375 [0.0751743465662] [0.0979097113013]
0.08622097224 [0.0790539160371] [0.0933880284429]
0.08551033586265 [0.0825045332313] [0.088516138494]
0.085844065994 [0.0858664512634] [0.0858216807246]
0.08806279301639999 [0.0906926989555] [0.0854328870773]
0.0931406095624 [0.0982626229525] [0.0880185961723]
0.09996027126929999 [0.108538128436] [0.0913824141026]
0.10721617937085 [0.12032430619] [0.0941080525517]
0.1129697784781 [0.131799057126] [0.0941404998302]
0.11879061907539999 [0.143393263221] [0.0941879749298]
0.1253413036465 [0.156838312745] [0.093844294548]
0.13166425004590002 [0.170069247484] [0.0932592526078]
0.1380948983135 [0.183447465301] [0.092742331326]
0.14330989122385002 [0.193692177534] [0.0929276049137]
0.14465361088495 [0.195563793182] [0.0937434285879]
0.1410779505967 [0.186513751745] [0.0956421494484]
0.13584886118785 [0.172842472792] [0.0988552495837]
0.1290599256755 [0.156807586551] [0.1013122648]
0.123076286167 [0.144292801619] [0.101859770715]
0.118936114013 [0.136850193143] [0.101022034883]
0.11553633958114999 [0.132314488292] [0.0987581908703]
0.11304606497300002 [0.129733771086] [0.09635835886]
0.11157292127589999 [0.128136888146] [0.0950089544058]
0.11081313714374999 [0.125865653157] [0.0957606211305]
0.1110468618574 [0.12281318754] [0.0992805361748]
0.1100462526085 [0.117890544236] [0.102201960981]
0.10849129781149999 [0.112669914961] [0.104312680662]
0.1070597209035 [0.108444817364] [0.105674624443]
0.1065396890045 [0.107059501112] [0.106019876897]
0.1068684645 [0.107965193689] [0.105771735311]
0.107854425907 [0.110923297703] [0.104785554111]
0.1091186590495 [0.1155545488] [0.102682769299]
0.11105757579225001 [0.122347377241] [0.0997677743435]
0.11318464204654999 [0.129329204559] [0.0970400795341]
0.11523857340230001 [0.133968934417] [0.0965082123876]
0.1158851459623 [0.132785961032] [0.0989843308926]
0.114530432969 [0.125369623303] [0.103691242635]
0.1131140328945 [0.116037622094] [0.110190443695]
0.11420245841150001 [0.110242858529] [0.118162058294]
0.1190159879625 [0.110379301012] [0.127652674913]
0.1292990408835 [0.118915595114] [0.139682486653]
0.138986006379 [0.134310543537] [0.143661469221]
0.1387160420415 [0.149054780602] [0.128377303481]
0.12527617812175001 [0.152065098286] [0.0984872579575]
0.1116998605432 [0.145259574056] [0.0781401470304]
0.1024257205426 [0.137466803193] [0.0673846378922]
0.0978070218116 [0.133209452033] [0.0624045915902]
0.09689635224660001 [0.132442697883] [0.0613500066102]
0.09811683557935001 [0.134015440941] [0.0622182302177]
0.1012020222844 [0.137904852629] [0.0644991919398]
0.1053482554855 [0.143144577742] [0.067551933229]
0.10824660956875001 [0.146224677563] [0.0702685415745]
0.10618367418625 [0.140887856483] [0.0714794918895]
0.09833936765779999 [0.126534283161] [0.0701444521546]
0.0892766378821 [0.111389026046] [0.0671642497182]
0.0816437117755 [0.0993864908814] [0.0639009326696]
0.0760791227221 [0.0906214639544] [0.0615367814898]
0.07282511517404999 [0.0849397107959] [0.0607105195522]
0.07192629389465 [0.0819549262524] [0.0618976615369]
0.0728794820607 [0.0803280696273] [0.0654308944941]
0.07549265027045 [0.0791527926922] [0.0718325078487]
0.07848455384375 [0.0777921751142] [0.0791769325733]
0.07993510738015 [0.0761139765382] [0.0837562382221]
