0.055828297510750004 [0.0425566323102] [0.0690999627113]
0.052833598107049996 [0.039652749896] [0.0660144463181]
0.05151537619535 [0.0389965809882] [0.0640341714025]
0.05111732147635 [0.0399520248175] [0.0622826181352]
0.049392165616149994 [0.0393648557365] [0.0594194754958]
0.046135643497100004 [0.0363989248872] [0.055872362107]
0.0421834513545 [0.0320378318429] [0.0523290708661]
0.0388183724135 [0.0278982706368] [0.0497384741902]
0.03676862549035 [0.0248547811061] [0.0486824698746]
0.0360740721226 [0.0230176597834] [0.0491304844618]
0.0361429611221 [0.0219512786716] [0.0503346435726]
0.036519932560650004 [0.0212821159512] [0.0517577491701]
0.036995947361 [0.0208431966603] [0.0531486980617]
0.03782080486415 [0.0208536349237] [0.0547879748046]
0.0395303349942 [0.0216132886708] [0.0574473813176]
0.0415802495554 [0.0230009350926] [0.0601595640182]
0.0434362338856 [0.0245804321021] [0.0622920356691]
0.04421573411675 [0.0254497583956] [0.0629817098379]
0.0448523880914 [0.024970183149] [0.0647345930338]
0.046141308732300004 [0.023658612743] [0.0686240047216]
0.04956726916135 [0.022619497031] [0.0765150412917]
0.05523615982385 [0.0232164543122] [0.0872558653355]
0.06267250794915 [0.025999719277] [0.0993452966213]
0.07099641300745 [0.0320120640099] [0.109980762005]
0.0784561410548 [0.0426692962646] [0.114242985845]
0.08624867722395 [0.0586854889989] [0.113811865449]
0.0948334448042 [0.0784919410944] [0.111174948514]
0.1050925329329 [0.0998806282878] [0.110304437578]
0.11713304370649999 [0.121231779456] [0.113034307957]
0.13016562163849998 [0.141245618463] [0.119085624814]
0.143561325967 [0.159522131085] [0.127600520849]
0.157557308674 [0.176404044032] [0.138710573316]
0.17126055061849998 [0.191997110844] [0.150523990393]
0.183941744268 [0.206704899669] [0.161178588867]
0.19562882184949998 [0.222706481814] [0.168551161885]
0.206978470087 [0.242369696498] [0.171587243676]
0.217604197562 [0.264251917601] [0.170956477523]
0.228613592684 [0.288223236799] [0.169003948569]
0.23893739283100002 [0.310673803091] [0.167200982571]
0.24778129905450003 [0.328072935343] [0.167489662766]
0.2557350173595 [0.339135229588] [0.172334805131]
0.2623192816975 [0.344392478466] [0.180246084929]
0.26702542603 [0.346195191145] [0.187855660915]
0.269349128008 [0.347645699978] [0.191052556038]
0.267887249589 [0.348778963089] [0.186995536089]
0.260294690728 [0.341459304094] [0.179130077362]
0.249795176089 [0.330189675093] [0.169400677085]
0.23985606431950002 [0.320315957069] [0.15939617157]
0.2345925420525 [0.317531704903] [0.151653379202]
0.23452614992850002 [0.320108920336] [0.148943379521]
0.2382607758045 [0.324553579092] [0.151967972517]
0.2427277863025 [0.326601028442] [0.158854544163]
0.24557703733449998 [0.32524445653] [0.165909618139]
0.2437078952785 [0.317410767078] [0.170005023479]
0.2395394444465 [0.307267606258] [0.171811282635]
0.23679647594699998 [0.298193126917] [0.175399824977]
0.237275548279 [0.293901324272] [0.180649772286]
0.241552762687 [0.293732911348] [0.189372614026]
0.248955056071 [0.29563575983] [0.202274352312]
0.256175495684 [0.297619760036] [0.214731231332]
0.265109874308 [0.299008220434] [0.231211528182]
0.27708658576 [0.301049232483] [0.253123939037]
0.2948338240385 [0.306512564421] [0.283155083656]
0.317936733365 [0.318988114595] [0.316885352135]
0.34012633562100003 [0.336402207613] [0.343850463629]
0.3532291650775 [0.349119603634] [0.357338726521]
0.355165243149 [0.350461304188] [0.35986918211]
0.3483853191135 [0.336179077625] [0.360591560602]
0.3413909375665 [0.31813070178] [0.364651173353]
0.3357093036175 [0.30150321126] [0.369915395975]
0.3306834548715 [0.291533380747] [0.369833528996]
0.3272641450165 [0.291326731443] [0.36320155859]
0.323623538017 [0.296998143196] [0.350248932838]
0.3203045874835 [0.307310789824] [0.333298385143]
0.3095720261335 [0.312397152185] [0.306746900082]
0.29274201393099997 [0.317195445299] [0.268288582563]
0.2764825969935 [0.32299631834] [0.229968875647]
0.2660138979555 [0.325321823359] [0.206705972552]
0.2593335658315 [0.326531261206] [0.192135870457]
0.2556007876995 [0.332078188658] [0.179123386741]
0.254970006645 [0.338791072369] [0.171148940921]
0.2562002688645 [0.344890862703] [0.167509675026]
0.2580461651085 [0.349864810705] [0.166227519512]
0.25760023295900003 [0.349835366011] [0.165365099907]
0.254614956677 [0.346332192421] [0.162897720933]
0.24596607685100003 [0.335052073002] [0.1568800807]
0.2324688732625 [0.317531704903] [0.147406041622]
0.217634953558 [0.298058211803] [0.137211695313]
0.20834333449599998 [0.288179755211] [0.128506913781]
0.2030880600215 [0.284274637699] [0.121901482344]
0.1995714865625 [0.281944513321] [0.117198459804]
0.197472658008 [0.280405461788] [0.114539854228]
0.197039809078 [0.277178406715] [0.116901211441]
0.20055598765599997 [0.272940278053] [0.128171697259]
0.206821337342 [0.268032610416] [0.145610064268]
0.2115471437575 [0.263449728489] [0.159644559026]
0.2138743177055 [0.260701417923] [0.167047217488]
0.215339936316 [0.260855436325] [0.169824436307]
0.217683494091 [0.26277205348] [0.172594934702]
0.220589488745 [0.263563513756] [0.177615463734]
0.2241031676535 [0.262122035027] [0.18608430028]
0.22644051164400003 [0.257562220097] [0.195318803191]
0.2177865803245 [0.240994513035] [0.194578647614]
0.198197722435 [0.215294957161] [0.181100487709]
0.181010089815 [0.194999650121] [0.167020529509]
0.17145463079200002 [0.186086311936] [0.156822949648]
0.16512733697850002 [0.182874768972] [0.147379904985]
0.16199300438199998 [0.183632925153] [0.140353083611]
0.1605550050735 [0.185778066516] [0.135331943631]
0.15997654944700002 [0.188012093306] [0.131941005588]
0.1588765084745 [0.188513547182] [0.129239469767]
0.15690376609599999 [0.187038302422] [0.12676922977]
0.1544102616605 [0.184831961989] [0.123988561332]
0.1509799435735 [0.182511717081] [0.119448170066]
0.145399358124 [0.179608419538] [0.11119029671]
0.13831224665 [0.175810411572] [0.100814081728]
0.1319781616332 [0.172307685018] [0.0916486382484]
0.12785787880425 [0.171101152897] [0.0846146047115]
0.12699009850600002 [0.173748850822] [0.08023134619]
0.12970230728395 [0.180168926716] [0.0792356878519]
0.1366554014386 [0.192022815347] [0.0812879875302]
0.1455160379411 [0.206072688103] [0.0849593877792]
0.1511594653131 [0.211502850056] [0.0908160805702]
0.14961641281825 [0.202298596501] [0.0969342291355]
0.14768423885100002 [0.193804472685] [0.101564005017]
0.145968604833 [0.187708511949] [0.104228697717]
0.14548931643399998 [0.185409381986] [0.105569250882]
0.145899772644 [0.185122415423] [0.106677129865]
0.14218670502300002 [0.174817785621] [0.109555624425]
0.137251138687 [0.159028992057] [0.115473285317]
0.1354691386225 [0.146199330688] [0.124738946557]
0.140067897737 [0.141452983022] [0.138682812452]
0.15020535886300002 [0.141528174281] [0.158882543445]
0.15868591517199998 [0.14189940691] [0.175472423434]
0.16194514185199999 [0.142006441951] [0.181883841753]
0.1628686338665 [0.141317486763] [0.18441978097]
0.16250428557399998 [0.139619156718] [0.18538941443]
0.16190250217899999 [0.137098908424] [0.186706095934]
0.16169683635249998 [0.134396776557] [0.188996896148]
0.1625432372095 [0.132513538003] [0.192572936416]
0.164524771273 [0.132415086031] [0.196634456515]
0.1677382215855 [0.132472798228] [0.203003644943]
0.1685185581445 [0.130567416549] [0.20646969974]
0.16603596508500001 [0.128029868007] [0.204042062163]
0.15822754800299998 [0.1257455796] [0.190709516406]
0.143248938024 [0.12429843843] [0.162199437618]
0.1294276714325 [0.127564534545] [0.13129080832]
0.12170857936150001 [0.136719852686] [0.106697306037]
0.1188177652659 [0.14545711875] [0.0921784117818]
0.11476056650284999 [0.145325511694] [0.0841956213117]
