0.02097717579455 [0.0265974588692] [0.0153568927199]
0.020854685921249998 [0.0264704525471] [0.0152389192954]
0.0204619206488 [0.026247870177] [0.0146759711206]
0.019997384399149998 [0.0257413163781] [0.0142534524202]
0.01804680144415 [0.0223527923226] [0.0137408105657]
0.0152329420671 [0.0173747353256] [0.0130911488086]
0.012975049670800001 [0.0138131193817] [0.0121369799599]
0.011504719033800001 [0.011859010905] [0.0111504271626]
0.0105779883452 [0.0107870837674] [0.010368892923]
0.01005256501958 [0.0101729258895] [0.00993220414966]
0.009865460451695 [0.00990154594183] [0.00982937496156]
0.009907843079415 [0.009904502891] [0.00991118326783]
0.009957396890965 [0.00997890718281] [0.00993588659912]
0.009707470890135 [0.00963863637298] [0.00977630540729]
0.009327379986644999 [0.00934655126184] [0.00930820871145]
0.008826318662615 [0.00909485574812] [0.00855778157711]
0.008158039068805 [0.00874776206911] [0.0075683160685]
0.007563519524415 [0.00852408446372] [0.00660295458511]
0.007105749333274999 [0.00834007002413] [0.00587142864242]
0.00688471086323 [0.00826485455036] [0.0055045671761]
0.006999324075875 [0.00844656489789] [0.00555208325386]
0.007596588926390001 [0.00916058570147] [0.00603259215131]
0.008932020282365 [0.0110971527174] [0.00676688784733]
0.011820742860425 [0.0160641595721] [0.00757732614875]
0.012061341200010001 [0.0160641595721] [0.00805852282792]
0.01204232731833 [0.0160641595721] [0.00802049506456]
0.01181078283115 [0.0160641595721] [0.0075574060902]
0.011493306839825 [0.0160641595721] [0.00692245410755]
0.011219723615785 [0.0160641595721] [0.00637528765947]
0.011062464211125 [0.0160641595721] [0.00606076885015]
0.011057001771395 [0.0160641595721] [0.00604984397069]
0.011215751990665001 [0.0160641595721] [0.00636734440923]
0.011522932210925 [0.0160641595721] [0.00698170484975]
0.011908492306235 [0.0160641595721] [0.00775282504037]
0.012214619200665001 [0.0160641595721] [0.00836507882923]
0.012258484028270001 [0.0160641595721] [0.00845280848444]
0.01197131257503 [0.0160641595721] [0.00787846557796]
0.01147907343692 [0.0160641595721] [0.00689398730174]
0.01096982276066 [0.0160641595721] [0.00587548594922]
0.010676529258475 [0.0160641595721] [0.00528889894485]
0.010642589069890001 [0.0160641595721] [0.00522101856768]
0.01085826545021 [0.0160641595721] [0.00565237132832]
0.01128975092432 [0.0160641595721] [0.00651534227654]
0.0118313319981 [0.0160641595721] [0.0075985044241]
0.01233700988813 [0.0160641595721] [0.00860986020416]
0.01269192714243 [0.0160641595721] [0.00931969471276]
0.012866660486895 [0.0160641595721] [0.00966916140169]
0.012944288086135 [0.0160641595721] [0.00982441660017]
0.012966162990765001 [0.0160641595721] [0.00986816640943]
0.077845294494025 [0.14580874145] [0.00988184753805]
0.09109315648685 [0.17216154933] [0.0100247636437]
0.1017324724234 [0.192928507924] [0.0105364369228]
0.10869398294015001 [0.205610692501] [0.0117772733793]
0.1132175163365 [0.212086111307] [0.014348921366]
0.11652041133495 [0.213763281703] [0.0192775409669]
0.1217276463284 [0.21497438848] [0.0284809041768]
0.12994119338685 [0.214514479041] [0.0453679077327]
0.1431116200984 [0.212873235345] [0.0733500048518]
0.158848438412 [0.210117682815] [0.107579194009]
0.1726866140965 [0.20632365346] [0.139049574733]
0.17597579956050002 [0.201660096645] [0.150291502476]
0.18911538273099998 [0.214761584997] [0.163469180465]
0.1945095583795 [0.217452704906] [0.171566411853]
0.193260766566 [0.21089617908] [0.175625354052]
0.187097981572 [0.198505282402] [0.175690680742]
0.180771507323 [0.18384821713] [0.177694797516]
0.17098682373750002 [0.164693459868] [0.177280187607]
0.16081109643000002 [0.147289812565] [0.174332380295]
0.149719029665 [0.13085629046] [0.16858176887]
