0.010896773077555 [0.0141355469823] [0.00765799917281]
0.009963750606409999 [0.0125318625942] [0.00739563861862]
0.00982208596543 [0.0125318625942] [0.00711230933666]
0.009681390132759999 [0.0125318625942] [0.00683091767132]
0.009559925412765 [0.0125318625942] [0.00658798823133]
0.00945100537502 [0.0125318625942] [0.00637014815584]
0.009338632458825 [0.0125318625942] [0.00614540232345]
0.00922005786561 [0.0125318625942] [0.00590825313702]
0.00913814641536 [0.0125318625942] [0.00574443023652]
0.009143110597514999 [0.0125318625942] [0.00575435860083]
0.00930510065519 [0.0125318625942] [0.00607833871618]
0.00978755834513 [0.0125318625942] [0.00704325409606]
0.00978755834513 [0.0125318625942] [0.00704325409606]
0.00978755834513 [0.0125318625942] [0.00704325409606]
0.00978755834513 [0.0125318625942] [0.00704325409606]
0.00978755834513 [0.0125318625942] [0.00704325409606]
0.00978755834513 [0.0125318625942] [0.00704325409606]
0.00978755834513 [0.0125318625942] [0.00704325409606]
0.00978755834513 [0.0125318625942] [0.00704325409606]
0.00978755834513 [0.0125318625942] [0.00704325409606]
0.00978755834513 [0.0125318625942] [0.00704325409606]
0.00978755834513 [0.0125318625942] [0.00704325409606]
0.00978755834513 [0.0125318625942] [0.00704325409606]
0.00978755834513 [0.0125318625942] [0.00704325409606]
0.00978755834513 [0.0125318625942] [0.00704325409606]
0.00978755834513 [0.0125318625942] [0.00704325409606]
0.00978755834513 [0.0125318625942] [0.00704325409606]
0.00978755834513 [0.0125318625942] [0.00704325409606]
0.00978755834513 [0.0125318625942] [0.00704325409606]
0.00978755834513 [0.0125318625942] [0.00704325409606]
0.00978755834513 [0.0125318625942] [0.00704325409606]
0.00978755834513 [0.0125318625942] [0.00704325409606]
0.00978755834513 [0.0125318625942] [0.00704325409606]
0.00978755834513 [0.0125318625942] [0.00704325409606]
0.00978755834513 [0.0125318625942] [0.00704325409606]
0.00978755834513 [0.0125318625942] [0.00704325409606]
0.00978755834513 [0.0125318625942] [0.00704325409606]
0.00978755834513 [0.0125318625942] [0.00704325409606]
0.00978755834513 [0.0125318625942] [0.00704325409606]
0.00978755834513 [0.0125318625942] [0.00704325409606]
0.00978755834513 [0.0125318625942] [0.00704325409606]
0.00978755834513 [0.0125318625942] [0.00704325409606]
0.00978755834513 [0.0125318625942] [0.00704325409606]
0.00978755834513 [0.0125318625942] [0.00704325409606]
0.00978755834513 [0.0125318625942] [0.00704325409606]
0.00978755834513 [0.0125318625942] [0.00704325409606]
0.00978755834513 [0.0125318625942] [0.00704325409606]
0.00978755834513 [0.0125318625942] [0.00704325409606]
0.03970426041635 [0.0531431026757] [0.026265418157]
0.0426022168249 [0.058535207063] [0.0266692265868]
0.044273151084800004 [0.0616480894387] [0.0268982127309]
0.045170732773849996 [0.0627840906382] [0.0275573749095]
0.04617689177395 [0.0632750168443] [0.0290787667036]
0.047419978305699995 [0.0637499764562] [0.0310899801552]
0.04846954345705 [0.0637023672462] [0.0332367196679]
0.048641568049799994 [0.0624428279698] [0.0348403081298]
0.04648826643825 [0.0573377087712] [0.0356388241053]
0.0406211949885 [0.0465394593775] [0.0347029305995]
0.032669082284 [0.0336403101683] [0.0316978543997]
0.025725152343550002 [0.0237942244858] [0.0276560802013]
0.020921935327349997 [0.0173211898655] [0.0245226807892]
0.01746735861525 [0.0133918011561] [0.0215429160744]
0.01551106385885 [0.0112403500825] [0.0197817776352]
0.01481745485215 [0.0105046313256] [0.0191302783787]
0.014466042630359999 [0.00969784334302] [0.0192342419177]
0.01404913328587 [0.00875164568424] [0.0193466208875]
0.013218683423454999 [0.00767493667081] [0.0187624301761]
0.01165704592129 [0.00652865273878] [0.0167854391038]
0.009687813464565001 [0.00543780904263] [0.0139378178865]
0.00789213716051 [0.00450133578852] [0.0112829385325]
0.00662804127205 [0.00380645622499] [0.00944962631911]
0.00587899889797 [0.00332356616855] [0.00843443162739]
0.005470555159265 [0.00296969036572] [0.00797141995281]
0.005302715231665 [0.00274958764203] [0.0078558428213]
0.00536043115426 [0.00274958764203] [0.00797127466649]
0.0055096141295499996 [0.00274958764203] [0.00826964061707]
0.005734747857785 [0.00274958764203] [0.00871990807354]
0.00597062392626 [0.00274958764203] [0.00919166021049]
0.00608941412065 [0.00274958764203] [0.00942924059927]
0.04814659850671 [0.0870358943939] [0.00925730261952]
0.05020430870354 [0.0915582999587] [0.00885031744838]
0.052010434214025 [0.0956370010972] [0.00838386733085]
0.05344605166466 [0.0983769670129] [0.00851513631642]
0.05469790194181 [0.0995775237679] [0.00981828011572]
0.05628007883205 [0.0991264954209] [0.0134336622432]
0.05949297640475 [0.0973112881184] [0.0216746646911]
0.06653572246435 [0.0947173982859] [0.0383540466428]
0.07763337343929999 [0.0919064357877] [0.0633603110909]
0.08559706807135001 [0.0885723903775] [0.0826217457652]
0.08414750918745001 [0.0791969895363] [0.0890980288386]
0.0835433676839 [0.0791969895363] [0.0878897458315]
0.07702373713255001 [0.081901833415] [0.0721456408501]
0.06677755899725 [0.0844148099422] [0.0491403080523]
0.05739776790145 [0.0840426385403] [0.0307528972626]
0.05090538971125 [0.0817535370588] [0.0200572423637]
0.0465171188116 [0.0785080119967] [0.0145262256265]
0.04324333835395 [0.0746553912759] [0.011831285432]
0.0406979122199 [0.0707471072674] [0.0106487171724]
0.038403382524850004 [0.0665434002876] [0.0102633647621]
0.036111393943450004 [0.061969678849] [0.0102531090379]
0.033554472494849996 [0.0566715300083] [0.0104374149814]
0.03085906431075 [0.0511249415576] [0.0105931870639]
0.030902877915650002 [0.0510937795043] [0.010711976327]
0.03130087070165 [0.0518221892416] [0.0107795521617]
0.0305828326382 [0.0503789484501] [0.0107867168263]
0.01838801894335 [0.0260479338467] [0.01072810404]
0.01829303987325 [0.0260479338467] [0.0105381458998]
0.01814855774865 [0.0260479338467] [0.0102491816506]
0.0180375413038 [0.0260479338467] [0.0100271487609]
0.01805429160595 [0.0260479338467] [0.0100606493652]
0.018241190351550002 [0.0260479338467] [0.0104344468564]
0.01853308221325 [0.0260479338467] [0.0110182305798]
0.018799059093 [0.0260479338467] [0.0115501843393]
0.0188828278333 [0.0260479338467] [0.0117177218199]
0.0187472947873 [0.0260479338467] [0.0114466557279]
0.018452476710100002 [0.0260479338467] [0.0108570195735]
0.02012642519545 [0.0299210194498] [0.0103318309411]
0.021403399296100002 [0.0327854789793] [0.0100213196129]
0.022410773672149997 [0.0348027050495] [0.0100188422948]
0.02570955315605 [0.0411530472338] [0.0102660590783]
0.07823228603205 [0.145817354321] [0.0106472177431]
0.0743926232683 [0.137491896749] [0.0112933497876]
0.0705319573172 [0.128557175398] [0.0125067392364]
0.0661408621819 [0.117456622422] [0.0148251019418]
0.062112125567899995 [0.105242207646] [0.0189820434898]
0.05946423020215 [0.093664214015] [0.0252642463893]
0.05830407328905 [0.0843462646008] [0.0322618819773]
0.056722214445500005 [0.0769135951996] [0.0365308336914]
0.053271904587749996 [0.0693414732814] [0.0372023358941]
0.049451233819149995 [0.0624229870737] [0.0364794805646]
0.04104345850645 [0.0479122214019] [0.034174695611]
0.03812206350265 [0.0463585965335] [0.0298855304718]
0.0344229452312 [0.0445667952299] [0.0242790952325]
0.030877950601299997 [0.0428335443139] [0.0189223568887]
0.02808614447715 [0.0411975346506] [0.0149747543037]
0.02611136203635 [0.0397143363953] [0.0125083876774]
0.0248297578655 [0.0384245328605] [0.0112349828705]
0.02405487187205 [0.0373318493366] [0.0107778944075]
0.023599605076 [0.0363862514496] [0.0108129587024]
0.02326489612465 [0.0354537069798] [0.0110760852695]
0.02283250214535 [0.0342917516828] [0.0113732526079]
0.02486396441235 [0.0381284877658] [0.0115994410589]
0.02772535569965 [0.0436903685331] [0.0117603428662]
0.029129489790650002 [0.0464245676994] [0.0118344118819]
0.02842437429355 [0.045105278492] [0.0117434700951]
0.02483191154895 [0.0382220856845] [0.0114417374134]
0.024455230217400002 [0.0382220856845] [0.0106883747503]
0.02389592258258 [0.0382220856845] [0.00956975948066]
0.023278716020265 [0.0382220856845] [0.00833534635603]
0.022738562431165 [0.0382220856845] [0.00725503917783]
0.022336331428940003 [0.0382220856845] [0.00645057717338]
0.02203664556144 [0.0382220856845] [0.00585120543838]
0.021788118872775 [0.0382220856845] [0.00535415206105]
0.02154037053695 [0.0382220856845] [0.0048586553894]
