0.02816926222295 [0.0377321690321] [0.0186063554138]
0.0288839265704 [0.0388224944472] [0.0189453586936]
0.029527285136249998 [0.0401032529771] [0.0189513172954]
0.0299816103652 [0.0412997342646] [0.0186634864658]
0.03035593312235 [0.0424491912127] [0.018262675032]
0.03077153582125 [0.0439096428454] [0.0176334287971]
0.0323022333905 [0.0476242415607] [0.0169802252203]
0.03363901935515 [0.0508682057261] [0.0164098329842]
0.0348006905988 [0.0536118410528] [0.0159895401448]
0.0359631902538 [0.056346476078] [0.0155799044296]
0.037174728233349996 [0.0591875165701] [0.0151619398966]
0.0387329282239 [0.0625776648521] [0.0148881915957]
0.0410366798751 [0.0670772567391] [0.0149961030111]
0.044597714208050004 [0.0729689747095] [0.0162264537066]
0.0501692816615 [0.0799612477422] [0.0203773155808]
0.05706100724635 [0.0846539586782] [0.0294680558145]
0.058907963335499997 [0.0775732398033] [0.0402426868677]
0.04670941643415 [0.0550468303263] [0.038372002542]
0.033116679638650004 [0.0368803814054] [0.0293529778719]
0.0247368160635 [0.0274933874607] [0.0219802446663]
0.01996714994315 [0.0221033804119] [0.0178309194744]
0.016991571057599998 [0.0188317112625] [0.0151514308527]
0.01576639711855 [0.0181465409696] [0.0133862532675]
0.0147696803324 [0.0173607859761] [0.0121785746887]
0.01395885879175 [0.0165729522705] [0.011344765313]
0.0133674019016 [0.0158697236329] [0.0108650801703]
0.0129961576313 [0.0152683351189] [0.0107239801437]
0.0127857052721 [0.0147467888892] [0.010824621655]
0.01260292110965 [0.0142695298418] [0.0109363123775]
0.01222764980045 [0.0137408804148] [0.0107144191861]
0.01167116547 [0.0131879728287] [0.0101543581113]
0.010919402819125 [0.0124897332862] [0.00934907235205]
0.010194529779265 [0.0116637684405] [0.00872529111803]
0.010078461375095 [0.0116637684405] [0.00849315430969]
0.0102243074216 [0.0116637684405] [0.0087848464027]
0.010599320754415002 [0.0116637684405] [0.00953487306833]
0.0110340109095 [0.0116637684405] [0.0104042533785]
0.01139902323485 [0.0116637684405] [0.0111342780292]
0.01162976864725 [0.0116637684405] [0.011595768854]
0.01183386240155 [0.0116637684405] [0.0120039563626]
0.0120380213484 [0.0116637684405] [0.0124122742563]
0.012182837817850001 [0.0116637684405] [0.0127019071952]
0.0142694907263 [0.0157679710537] [0.0127710103989]
0.01541320141405 [0.0181082542986] [0.0127181485295]
0.01636790530755 [0.0198243483901] [0.012911462225]
0.0173071711324 [0.0209948308766] [0.0136195113882]
0.018681735731650002 [0.0220036190003] [0.015359852463]
0.02063536364585 [0.0231289360672] [0.0181417912245]
0.022856418974699998 [0.0244415868074] [0.021271251142]
0.02453543711455 [0.0258143525571] [0.023256521672]
0.025524713099 [0.0270637888461] [0.0239856373519]
0.026592051610349998 [0.0281888376921] [0.0249952655286]
0.0286305453628 [0.0294644683599] [0.0277966223657]
0.032587425783249996 [0.0312667638063] [0.0339080877602]
0.047586057335100004 [0.0515411123633] [0.0436310023069]
0.0682448968291 [0.0816504731774] [0.0548393204808]
0.0854175053536 [0.106645926833] [0.0641890838742]
0.09264297783389999 [0.11801404506] [0.0672719106078]
0.0933461636307 [0.135247856379] [0.0514444708824]
0.10444429889315 [0.155072852969] [0.0538157448173]
0.11628627777119999 [0.177640229464] [0.0549323260784]
0.12604894116545 [0.196673765779] [0.0554241165519]
0.12987696751965 [0.204306393862] [0.0554475411773]
0.1320053189991 [0.209026843309] [0.0549837946892]
0.1324689965697 [0.211165338755] [0.0537726543844]
0.1328444462268 [0.213920369744] [0.0517685227096]
0.1348482295871 [0.220323458314] [0.0493730008602]
0.1384717710315 [0.230348691344] [0.046594850719]
0.13752164877939999 [0.230348691344] [0.0446946062148]
0.13606255128965 [0.230348691344] [0.0417764112353]
0.13429582118975 [0.230348691344] [0.0382429510355]
0.13235821574915 [0.230348691344] [0.0343677401543]
0.048644810914999996 [0.0639483630657] [0.0333412587643]
0.06472814269365 [0.0670485273004] [0.0624077580869]
0.06366755627095 [0.0659920424223] [0.0613430701196]
0.059611454606049996 [0.0619496032596] [0.0572733059525]
0.054815519601099996 [0.0573981665075] [0.0522328726947]
0.05156646482645 [0.0545298606157] [0.0486030690372]
0.05068013630805 [0.0540912300348] [0.0472690425813]
0.0516554415226 [0.0561005324125] [0.0472103506327]
0.053282905369999994 [0.0588682554662] [0.0476975552738]
0.05478226952255 [0.0614327453077] [0.0481317937374]
0.0558501034975 [0.063236810267] [0.048463396728]
0.05636390298605 [0.0645049363375] [0.0482228696346]
0.057675600051900006 [0.0661496669054] [0.0492015331984]
0.05931781977415 [0.0678894817829] [0.0507461577654]
0.06118108145895 [0.0688263103366] [0.0535358525813]
0.0630658753216 [0.0682818070054] [0.0578499436378]
0.06510387361045 [0.0668497011065] [0.0633580461144]
0.0673054382205 [0.0659173205495] [0.0686935558915]
0.07005646452309999 [0.0665696039796] [0.0735433250666]
0.07410506904125 [0.0698740035295] [0.078336134553]
0.0795598402619 [0.0756868422031] [0.0834328383207]
0.08432128652929999 [0.0792253762484] [0.0894171968102]
0.08816601336005 [0.0812437310815] [0.0950882956386]
