0.0465630684048 [0.0590288452804] [0.0340972915292]
0.0465630684048 [0.0590288452804] [0.0340972915292]
0.0465630684048 [0.0590288452804] [0.0340972915292]
0.04150201566515 [0.0590288452804] [0.0239751860499]
0.042894735000999995 [0.0590288452804] [0.0267606247216]
0.04660730902105 [0.0634846463799] [0.0297299716622]
0.04954975284635 [0.0655504390597] [0.033549066633]
0.0497298184782 [0.0636114180088] [0.0358482189476]
0.04293631948535 [0.0513375885785] [0.0345350503922]
0.04293631948535 [0.0513375885785] [0.0345350503922]
0.04293631948535 [0.0513375885785] [0.0345350503922]
0.04293631948535 [0.0513375885785] [0.0345350503922]
0.04293631948535 [0.0513375885785] [0.0345350503922]
0.04293631948535 [0.0513375885785] [0.0345350503922]
0.04293631948535 [0.0513375885785] [0.0345350503922]
0.04776100441815 [0.0513375885785] [0.0441844202578]
0.05355889163915 [0.0513375885785] [0.0557801946998]
0.0640156827867 [0.0635411590338] [0.0644902065396]
0.0639592334628 [0.0618409961462] [0.0660774707794]
0.0605723802 [0.0586726181209] [0.0624721422791]
0.056849082931849995 [0.0573220476508] [0.0563761182129]
0.051458289846799996 [0.0567761063576] [0.046140473336]
0.045900253579 [0.0555931404233] [0.0362073667347]
0.0404169866815 [0.0555931404233] [0.0252408329397]
0.034081578720349996 [0.0555931404233] [0.0125700170174]
0.03139890753664 [0.0555931404233] [0.00720467464998]
0.03139890753664 [0.0555931404233] [0.00720467464998]
0.03139890753664 [0.0555931404233] [0.00720467464998]
0.03139890753664 [0.0555931404233] [0.00720467464998]
0.03139890753664 [0.0555931404233] [0.00720467464998]
0.03139890753664 [0.0555931404233] [0.00720467464998]
0.03139890753664 [0.0555931404233] [0.00720467464998]
0.03139890753664 [0.0555931404233] [0.00720467464998]
0.03139890753664 [0.0555931404233] [0.00720467464998]
0.03089931746945 [0.0555931404233] [0.0062054945156]
0.030253513948995 [0.0555931404233] [0.00491388747469]
0.029722094768659998 [0.0555931404233] [0.00385104911402]
0.029498750460335 [0.0555931404233] [0.00340436049737]
0.029545196448454998 [0.0555931404233] [0.00349725247361]
0.029799652053045 [0.0555931404233] [0.00400616368279]
0.030316981952639998 [0.0555931404233] [0.00504082348198]
0.030730153899639998 [0.0555931404233] [0.00586716737598]
0.03110399725847 [0.0555931404233] [0.00661485409364]
0.031445988221095 [0.0555931404233] [0.00729883601889]
0.031745854299515 [0.0555931404233] [0.00789856817573]
0.032005792483689996 [0.0555931404233] [0.00841844454408]
0.032219204120339996 [0.0555931404233] [0.00884526781738]
0.03006554814058 [0.0509769879282] [0.00915410835296]
0.027871059719485 [0.046350363642] [0.00939175579697]
0.02557438099755 [0.0413946844637] [0.0097540775314]
0.024171581491850003 [0.0378460213542] [0.0104971416295]
0.0236833016388 [0.0355803929269] [0.0117862103507]
0.0241088378243 [0.0345785319805] [0.0136391436681]
0.0252512060106 [0.0346065349877] [0.0158958770335]
0.02681352663785 [0.0352680794895] [0.0183589737862]
0.0283765261993 [0.036190006882] [0.0205630455166]
0.0295856548473 [0.0370525307953] [0.0221187788993]
0.03058182261885 [0.0378125421703] [0.0233511030674]
0.031872282736 [0.0388928055763] [0.0248517598957]
0.03331895451995 [0.0402179248631] [0.0264199841768]
0.0346598746255 [0.041673976928] [0.027645772323]
0.035674855113050005 [0.0429986007512] [0.0283511094749]
0.03615223895755 [0.0440956279635] [0.0282088499516]
0.03621481452135 [0.0444772467017] [0.027952382341]
0.03693405352535 [0.0456348434091] [0.0282332636416]
0.038266487419599995 [0.0475371442735] [0.0289958305657]
0.0395276732743 [0.0492869988084] [0.0297683477402]
0.04035976342855 [0.0504208728671] [0.03029865399]
0.0405940413475 [0.0508168675005] [0.0303712151945]
0.040246957913 [0.0505160093307] [0.0299779064953]
0.03961204271765 [0.0498844198883] [0.029339665547]
0.03901624213905 [0.0493552386761] [0.028677245602]
0.0384739805013 [0.0491271317005] [0.0278208293021]
0.0376327689737 [0.0487286671996] [0.0265368707478]
0.0365551589057 [0.0481087677181] [0.0250015500933]
0.0352365709841 [0.0469482578337] [0.0235248841345]
0.034214678220450004 [0.0455454476178] [0.0228839088231]
0.0341197885573 [0.0444987602532] [0.0237408168614]
0.03567180782555 [0.0447529815137] [0.0265906341374]
0.0402565728873 [0.0480627045035] [0.0324504412711]
0.04755568131805 [0.0541199371219] [0.0409914255142]
0.05444822087885 [0.0599048361182] [0.0489916056395]
0.05894323065875 [0.0626141130924] [0.0552723482251]
0.061715165153149995 [0.0637372881174] [0.0596930421889]
0.0653315074742 [0.0672097802162] [0.0634532347322]
0.07062968611715 [0.07367824018] [0.0675811320543]
0.07540732622145 [0.0807052999735] [0.0701093524694]
0.07842292636635 [0.0860657244921] [0.0707801282406]
0.080506529659 [0.0902152135968] [0.0707978457212]
0.08208469673995 [0.0937821567059] [0.070387236774]
0.08385851979255 [0.0969800651073] [0.0707369744778]
0.0860554128885 [0.0996774435043] [0.0724333822727]
0.08894263207934999 [0.101778402925] [0.0761068612337]
0.0928953997793 [0.104125708342] [0.0816650912166]
0.0984391793611 [0.107988506556] [0.0888898521662]
0.10567681491385 [0.114452429116] [0.0969012007117]
0.11292637139549999 [0.12346290797] [0.102389834821]
0.1194954477255 [0.133015558124] [0.105975337327]
