0.034136466216295 [0.0599398650229] [0.00833306740969]
0.03445582929999 [0.0599398650229] [0.00897179357708]
0.03445582929999 [0.0599398650229] [0.00897179357708]
0.03445582929999 [0.0599398650229] [0.00897179357708]
0.03445582929999 [0.0599398650229] [0.00897179357708]
0.03445582929999 [0.0599398650229] [0.00897179357708]
0.034231091383845 [0.0599398650229] [0.00852231774479]
0.03415331989527 [0.0599398650229] [0.00836677476764]
0.03440034016967 [0.0599398650229] [0.00886081531644]
0.0352740455419 [0.0599398650229] [0.0106082260609]
0.0373602285981 [0.0599398650229] [0.0147805921733]
0.0420598760247 [0.0599398650229] [0.0241798870265]
0.0524143371731 [0.0599398650229] [0.0448888093233]
0.0524143371731 [0.0599398650229] [0.0448888093233]
0.0524143371731 [0.0599398650229] [0.0448888093233]
0.0524143371731 [0.0599398650229] [0.0448888093233]
0.0524143371731 [0.0599398650229] [0.0448888093233]
0.032941960264 [0.0599398650229] [0.0059440555051]
0.033208098728210005 [0.0599398650229] [0.00647633243352]
0.03353613964282 [0.0599398650229] [0.00713241426274]
0.033942385576665 [0.0599398650229] [0.00794490613043]
0.033942385576665 [0.0599398650229] [0.00794490613043]
0.033942385576665 [0.0599398650229] [0.00794490613043]
0.033942385576665 [0.0599398650229] [0.00794490613043]
0.033942385576665 [0.0599398650229] [0.00794490613043]
0.033942385576665 [0.0599398650229] [0.00794490613043]
0.033942385576665 [0.0599398650229] [0.00794490613043]
0.033942385576665 [0.0599398650229] [0.00794490613043]
0.033942385576665 [0.0599398650229] [0.00794490613043]
0.03410892561078 [0.0599398650229] [0.00827798619866]
0.03463076846674 [0.0599398650229] [0.00932167191058]
0.03549021994695 [0.0599398650229] [0.011040574871]
0.03549021994695 [0.0599398650229] [0.011040574871]
0.03549021994695 [0.0599398650229] [0.011040574871]
0.03549021994695 [0.0599398650229] [0.011040574871]
0.03549021994695 [0.0599398650229] [0.011040574871]
0.03549021994695 [0.0599398650229] [0.011040574871]
0.03549021994695 [0.0599398650229] [0.011040574871]
0.0328780929558 [0.0599398650229] [0.0058163208887]
0.03242390509695 [0.0599398650229] [0.004907945171]
0.032095508184285 [0.0599398650229] [0.00425115134567]
0.031859537935815 [0.0599398650229] [0.00377921084873]
0.031859537935815 [0.0599398650229] [0.00377921084873]
0.031859537935815 [0.0599398650229] [0.00377921084873]
0.031859537935815 [0.0599398650229] [0.00377921084873]
0.031859537935815 [0.0599398650229] [0.00377921084873]
0.031859537935815 [0.0599398650229] [0.00377921084873]
0.031859537935815 [0.0599398650229] [0.00377921084873]
0.031859537935815 [0.0599398650229] [0.00377921084873]
0.031859537935815 [0.0599398650229] [0.00377921084873]
0.031658324296585 [0.0599398650229] [0.00337678357027]
0.031422710046175 [0.0599398650229] [0.00290555506945]
0.0311636418337 [0.0599398650229] [0.0023874186445]
0.0311636418337 [0.0599398650229] [0.0023874186445]
0.0311636418337 [0.0599398650229] [0.0023874186445]
0.0311636418337 [0.0599398650229] [0.0023874186445]
0.0311636418337 [0.0599398650229] [0.0023874186445]
0.0311636418337 [0.0599398650229] [0.0023874186445]
0.0311636418337 [0.0599398650229] [0.0023874186445]
0.0311636418337 [0.0599398650229] [0.0023874186445]
0.0311636418337 [0.0599398650229] [0.0023874186445]
0.0311636418337 [0.0599398650229] [0.0023874186445]
0.03233928442933 [0.0599398650229] [0.00473870383576]
0.032452150946485 [0.0599398650229] [0.00496443687007]
0.03275506407954 [0.0599398650229] [0.00557026313618]
0.033180893631655 [0.0599398650229] [0.00642192224041]
0.033689164789395 [0.0599398650229] [0.00743846455589]
0.034226780757310005 [0.0599398650229] [0.00851369649172]
0.034775110892955 [0.0599398650229] [0.00961035676301]
0.0352648291737 [0.0599398650229] [0.0105897933245]
0.035682990681400004 [0.0599398650229] [0.0114261163399]
0.0359318773262 [0.0599398650229] [0.0119238896295]
0.03590857656675 [0.0599398650229] [0.0118772881106]
0.0356381647289 [0.0599398650229] [0.0113364644349]
0.03539333632215 [0.0599398650229] [0.0108468076214]
0.0353232976049 [0.0599398650229] [0.0107067301869]
0.035468172282 [0.0599398650229] [0.0109964795411]
0.0357487760484 [0.0599398650229] [0.0115576870739]
0.036014951299900004 [0.0599398650229] [0.0120900375769]
0.036106890533100004 [0.0599398650229] [0.0122739160433]
0.036022721789800004 [0.0599398650229] [0.0121055785567]
0.0357814002782 [0.0599398650229] [0.0116229355335]
0.03543126862495 [0.0599398650229] [0.010922672227]
0.0349856992252 [0.0599398650229] [0.0100315334275]
0.034572390373795 [0.0599398650229] [0.00920491572469]
0.009053766261785 [0.00950242392719] [0.00860510859638]
0.009186574257904999 [0.0100311199203] [0.00834202859551]
0.00973816728219 [0.0110508147627] [0.00842551980168]
0.01067143073303 [0.0123646985739] [0.00897816289216]
0.01205649832265 [0.013893079944] [0.0102199167013]
0.013520034030099999 [0.0150544187054] [0.0119856493548]
0.01445611566305 [0.0150544187054] [0.0138578126207]
0.0150494980626 [0.0150544187054] [0.0150445774198]
0.01501495344565 [0.0150544187054] [0.0149754881859]
0.0145147931762 [0.0150544187054] [0.013975167647]
0.0139218168333 [0.0150544187054] [0.0127892149612]
0.013527918607 [0.0150544187054] [0.0120014185086]
0.0136906662956 [0.015592135489] [0.0117891971022]
0.014800338540199999 [0.017402049154] [0.0121986279264]
0.01727315969765 [0.0213051326573] [0.013241186738]
0.0217237295583 [0.0286088734865] [0.0148385856301]
0.028674277476950002 [0.0404987633228] [0.0168497916311]
0.03926218487325 [0.0595644451678] [0.0189599245787]
0.047858460806300004 [0.0747542828321] [0.0209626387805]
0.04729066975415 [0.0723530426621] [0.0222282968462]
0.03714233171195 [0.0515996925533] [0.0226849708706]
0.03700853325425 [0.0515996925533] [0.0224173739552]
0.036565807648 [0.0515996925533] [0.0215319227427]
0.03597554564475 [0.0515996925533] [0.0203513987362]
0.0353862717748 [0.0515996925533] [0.0191728509963]
0.03491832874715 [0.0515996925533] [0.018236964941]
0.034592348150899996 [0.0515996925533] [0.0175850037485]
0.034350335598 [0.0515996925533] [0.0171009786427]
0.0341010345146 [0.0515996925533] [0.0166023764759]
0.0337687721476 [0.0515996925533] [0.0159378517419]
0.03334418684245 [0.0515996925533] [0.0150886811316]
0.032181056682 [0.0504424795508] [0.0139196338132]
0.029691090807299998 [0.0468087531626] [0.012573428452]
0.027524726931 [0.0437519773841] [0.0112974764779]
0.0270601357333 [0.0436813086271] [0.0104389628395]
0.0448725586757 [0.0795534327626] [0.0101916845888]
0.04665264952925 [0.0827003717422] [0.0106049273163]
0.046170066110800004 [0.0806327015162] [0.0117074307054]
0.0409432360902 [0.0682833269238] [0.0136031452566]
0.0300107719377 [0.0434158369899] [0.0166057068855]
0.0220077931881 [0.0236763488501] [0.0203392375261]
0.0182853997685 [0.0139481658116] [0.0226226337254]
0.015405168291155 [0.00944998953491] [0.0213603470474]
0.01279288902877 [0.00728346034884] [0.0183023177087]
0.01106101018374 [0.00625101709738] [0.0158710032701]
0.01019052695485 [0.0058403564617] [0.014540697448]
0.00981239089742 [0.00547389965504] [0.0141508821398]
0.009821876185015 [0.00528695667163] [0.0143567956984]
0.01013052929193 [0.00523394718766] [0.0150271113962]
0.010601566405945 [0.00519491033629] [0.0160082224756]
0.01111836591735 [0.0051614260301] [0.0170753058046]
0.011512821307395 [0.00510758114979] [0.017918061465]
0.01175991399215 [0.0050621656701] [0.0184576623142]
0.011908882763255 [0.00507154781371] [0.0187462177128]
0.012205510865879999 [0.00521397124976] [0.019197050482]
0.013033821946000002 [0.0056596766226] [0.0204079672694]
0.01491288188843 [0.00666091032326] [0.0231648534536]
0.018746630288665 [0.00874840654433] [0.028744854033]
0.0261800857261 [0.0131521206349] [0.0392080508173]
0.0393473766744 [0.0223864130676] [0.0563083402812]
0.0559509806335 [0.0366561487317] [0.0752458125353]
0.0589006114751 [0.0407536663115] [0.0770475566387]
0.0435370616615 [0.0290671102703] [0.0580070130527]
0.0281441602856 [0.0186604484916] [0.0376278720796]
0.018741255160399997 [0.0129032274708] [0.02457928285]
0.013642970472585 [0.00980948656797] [0.0174764543772]
0.011067279614515 [0.00824254658073] [0.0138920126483]
0.0099470431451 [0.0075404974632] [0.012353588827]
0.00962878833527 [0.00731917703524] [0.0119383996353]
0.009666592581175 [0.00730236573145] [0.0120308194309]
0.009806930087525 [0.00736140832305] [0.012252451852]
0.009935487527410001 [0.00736496318132] [0.0125060118735]
0.009884242201205 [0.00708394637331] [0.0126845380291]
0.009796849684775 [0.00680627068505] [0.0127874286845]
0.00953446654603 [0.00646982807666] [0.0125991050154]
0.009013418806695 [0.00608630152419] [0.0119405360892]
0.008336010156199999 [0.0056421761401] [0.0110298441723]
0.007763909874484999 [0.00525964749977] [0.0102681722492]
0.00751431728713 [0.00509256357327] [0.00993607100099]
0.00775318080562 [0.00538396276534] [0.0101223988459]
0.008644006680695 [0.00656475778669] [0.0107232555747]
0.01054257433863 [0.00962188560516] [0.0114632630721]
0.01449692761525 [0.0170011278242] [0.0119927274063]
0.014590072911250002 [0.0170011278242] [0.0121790179983]
0.01459212601185 [0.0170011278242] [0.0121831241995]
0.0146190142259 [0.0170011278242] [0.0122369006276]
0.014601323753600001 [0.0170011278242] [0.012201519683]
0.01438801921905 [0.0170011278242] [0.0117749106139]
0.01389410020785 [0.0170011278242] [0.0107870725915]
0.01329037407414 [0.0170011278242] [0.00957962032408]
0.01278581516818 [0.0170011278242] [0.00857050251216]
0.01250955695287 [0.0170011278242] [0.00801798608154]
0.012519254814840002 [0.0170011278242] [0.00803738180548]
0.012842434458440001 [0.0170011278242] [0.00868374109268]
