0.04088159650565 [0.0510323159397] [0.0307308770716]
0.04917610809205 [0.0594395138323] [0.0389127023518]
0.05422861501575 [0.0634024813771] [0.0450547486544]
0.048617484047999995 [0.0564202591777] [0.0408147089183]
0.0379343945533 [0.0440894886851] [0.0317793004215]
0.029593387618649998 [0.034369956702] [0.0248168185353]
0.0246000159532 [0.028496472165] [0.0207035597414]
0.021846037358049998 [0.0254551805556] [0.0182368941605]
0.02051061484965 [0.0241873506457] [0.0168338790536]
0.019934132695200002 [0.0237659439445] [0.0161023214459]
0.0197162721306 [0.023690238595] [0.0157423056662]
0.019276865758 [0.0230131503195] [0.0155405811965]
0.01857236679645 [0.0223564989865] [0.0147882346064]
0.0173335908912 [0.0216163732111] [0.0130508085713]
0.0156431696378 [0.0205922573805] [0.0106940818951]
0.013862812425939999 [0.0191587228328] [0.00856690201908]
0.012232245411725 [0.0173608828336] [0.00710360798985]
0.01093962322921 [0.015601541847] [0.00627770461142]
0.010183948557835 [0.0144504979253] [0.00591739919037]
0.0100568989292 [0.0144411856309] [0.0056726122275]
0.010833025677145001 [0.0161282680929] [0.00553778326139]
0.01325873262249 [0.0206403862685] [0.00587707897648]
0.019181568641235002 [0.0321258194745] [0.00623731780797]
0.02364241983743 [0.0407440774143] [0.00654076226056]
0.024589386070155 [0.0424685329199] [0.00671023922041]
0.024112564977264998 [0.0414708480239] [0.00675428193063]
0.022420994704565 [0.0381643697619] [0.00667761964723]
0.0208884200547 [0.0350975468755] [0.0066792932339]
0.019982440629990002 [0.0329424068332] [0.00702247442678]
0.02002944750713 [0.0319929942489] [0.00806590076536]
0.0212522232905 [0.0320509448647] [0.0104535017163]
0.023902496788649998 [0.0326622575521] [0.0151427360252]
0.028010600246499998 [0.0333143845201] [0.0227068159729]
0.032743025571099996 [0.0339426994324] [0.0315433517098]
0.0341546051204 [0.034759812057] [0.0335493981838]
0.03557460010055 [0.035869602114] [0.0352795980871]
0.037310551851999996 [0.0369824655354] [0.0376386381686]
0.038398787379249996 [0.0367461070418] [0.0400514677167]
0.03880174830555 [0.0356071256101] [0.041996371001]
0.03913639113305 [0.0355570428073] [0.0427157394588]
0.03903982415795 [0.0362586788833] [0.0418209694326]
0.03796300850805 [0.0376795046031] [0.038246512413]
0.0361424386501 [0.0399020425975] [0.0323828347027]
0.03445519134405 [0.0426934063435] [0.0262169763446]
0.03313927259295 [0.0449720323086] [0.0213065128773]
0.03201820421965 [0.0460537783802] [0.0179826300591]
0.0311046158895 [0.0463510006666] [0.0158582311124]
0.0306981820613 [0.0468568578362] [0.0145395062864]
0.03111266950145 [0.0484246052802] [0.0138007337227]
0.03143155295405 [0.0493510141969] [0.0135120917112]
0.028166764415800002 [0.0429214127362] [0.0134121160954]
0.02475696383045 [0.0361847728491] [0.0133291548118]
0.0227313316427 [0.0324103832245] [0.0130522800609]
0.02422206290065 [0.0359288826585] [0.0125152431428]
0.0260214698501 [0.0400153100491] [0.0120276296511]
0.02898047119375 [0.0461597666144] [0.0118011757731]
0.0325739001855 [0.0529933273792] [0.0121544729918]
0.03663312084975 [0.0597335547209] [0.0135326869786]
0.04155776649715 [0.0665708258748] [0.0165447071195]
0.04765683971345 [0.0732367709279] [0.022076908499]
0.05476236809045 [0.078852340579] [0.0306723956019]
0.06019102595745 [0.0806749612093] [0.0397070907056]
0.0589382536709 [0.0750182047486] [0.0428583025932]
0.04840272292495 [0.0580581761897] [0.0387472696602]
0.044769557192950005 [0.0580581761897] [0.0314809381962]
0.0419204570353 [0.0603925399482] [0.0234483741224]
0.0403357381001 [0.064010836184] [0.0166606400162]
0.0400291499682 [0.0681716501713] [0.0118866497651]
0.04040676914157 [0.0716706812382] [0.00914285704494]
0.040525726042695 [0.0723660811782] [0.00868537090719]
0.039035018999109994 [0.0701567754149] [0.00791326258332]
0.036818050546550005 [0.0659891441464] [0.0076469569467]
0.034047514200234996 [0.0604922510684] [0.00760277733207]
0.031292054103675 [0.0549796670675] [0.00760444113985]
0.02846623887309 [0.049393940717] [0.00753853702918]
0.025680637452745 [0.043962970376] [0.00739830452949]
0.02286728261972 [0.0384944789112] [0.00724008632824]
0.023489979561415 [0.0397721864283] [0.00720777269453]
0.063458828488605 [0.119489550591] [0.00742810638621]
0.063570491504085 [0.119135372341] [0.00800561066717]
0.063596990425065 [0.117922246456] [0.00927173439413]
0.0644656908696 [0.11710961163] [0.0118217701092]
0.06639412604265 [0.115410864353] [0.0173773877323]
0.073309376836 [0.113725818694] [0.032892934978]
0.0733576677742 [0.112799301744] [0.0339160338044]
0.0861016884447 [0.113580144942] [0.0586232319474]
0.09864430874585 [0.110479645431] [0.0868089720607]
0.09889370203 [0.097052693367] [0.100734710693]
0.08018860220910001 [0.0678402557969] [0.0925369486213]
0.0549248345196 [0.038133084774] [0.0717165842652]
0.03663260303435 [0.0218272618949] [0.0514379441738]
0.02590338187295 [0.0140869515017] [0.0377198122442]
0.01997028337795 [0.0104267066345] [0.0295138601214]
0.016769250854865 [0.00865972414613] [0.0248787775636]
0.01510563492776 [0.00780938193202] [0.0224018879235]
0.014333915431055 [0.00741210114211] [0.02125572972]
0.014033559709789999 [0.00719687528908] [0.0208702441305]
