0.01469687838105 [0.0199649855494] [0.0094287712127]
0.014364400412875 [0.0198050048202] [0.00892379600555]
0.014941828325375 [0.0208170842379] [0.00906657241285]
0.016589696984745002 [0.0235981103033] [0.00958128366619]
0.01860552933065 [0.0270250011235] [0.0101860575378]
0.02000421611595 [0.0292569436133] [0.0107514886186]
0.0210390458815 [0.0309626404196] [0.0111154513434]
0.022144380491249997 [0.0329029336572] [0.0113858273253]
0.02362293656915 [0.0356164872646] [0.0116293858737]
0.0258052619174 [0.0394515059888] [0.012159017846]
0.0286709219217 [0.0443216077983] [0.0130202360451]
0.03214226895945 [0.0499275028706] [0.0143570350483]
0.03639849368485 [0.0563019998372] [0.0164949875325]
0.04229549504815 [0.0644214078784] [0.0201695822179]
0.05118226166815 [0.0752653032541] [0.0270992200822]
0.0647296588868 [0.0896523967385] [0.0398069210351]
0.0814158394932 [0.102822832763] [0.0600088462234]
0.09561055153625 [0.110708869994] [0.0805122330785]
0.10004374012350001 [0.110917955637] [0.08916952461]
0.09962210804204999 [0.10882204771] [0.0904221683741]
0.09827981889250001 [0.107199728489] [0.089359909296]
0.09831601008765001 [0.106308467686] [0.0903235524893]
0.09909561276430001 [0.105637423694] [0.0925538018346]
0.0994527861478 [0.103428602219] [0.0954769700766]
0.09809997305275 [0.0993931517005] [0.096806794405]
0.09415936842559999 [0.0918877199292] [0.096431016922]
0.09045453369619999 [0.0838976800442] [0.0970113873482]
0.08481584116820001 [0.0723027661443] [0.0973289161921]
0.0763776022941 [0.0588822774589] [0.0938729271293]
0.06550323590635 [0.0478255674243] [0.0831809043884]
0.054484302178 [0.0407757796347] [0.0681928247213]
0.04778693057595 [0.0368132740259] [0.058760587126]
0.04388056881725 [0.0343543738127] [0.0534067638218]
0.041386559605600004 [0.0325852148235] [0.0501879043877]
0.03859146218745 [0.0308165345341] [0.0463663898408]
0.03352928347885 [0.0270170457661] [0.0400415211916]
0.0326853487641 [0.0261252075434] [0.0392454899848]
0.03170892596245 [0.0251519270241] [0.0382659249008]
0.030614722520099998 [0.0241205245256] [0.0371089205146]
0.0294233923778 [0.0230376627296] [0.035809122026]
0.02818036917595 [0.021933240816] [0.0344274975359]
0.02706569153815 [0.0209358502179] [0.0331955328584]
0.026204298250350002 [0.0201691035181] [0.0322394929826]
0.0256866142154 [0.0197617001832] [0.0316115282476]
0.025484963320149996 [0.0196598488837] [0.0313100777566]
0.0253030452877 [0.0199047569185] [0.0307013336569]
0.0248101428151 [0.0203079022467] [0.0293123833835]
0.0239083636552 [0.0203079022467] [0.0275088250637]
0.023396756499999997 [0.0203079022467] [0.0264856107533]
0.0240755872801 [0.0203079022467] [0.0278432723135]
0.030436564236849997 [0.0203079022467] [0.040565226227]
0.0488772839308 [0.0523825995624] [0.0453719682992]
0.0512454919517 [0.055390086025] [0.0471008978784]
0.049305303022300004 [0.054004278034] [0.0446063280106]
0.0460060760379 [0.0505759268999] [0.0414362251759]
0.0435114763677 [0.0473720580339] [0.0396508947015]
0.04219792783265 [0.0455337427557] [0.0388621129096]
0.0419726613909 [0.0450092069805] [0.0389361158013]
0.042436854913800004 [0.0453713648021] [0.0395023450255]
0.04306699335575 [0.0461837500334] [0.0399502366781]
0.043695658445350005 [0.0472006350756] [0.0401906818151]
0.0442205965519 [0.048178344965] [0.0402628481388]
0.0455895718187 [0.0501176267862] [0.0410615168512]
0.04900328069925 [0.0557692982256] [0.0422372631729]
0.051467109471550004 [0.0597893483937] [0.0431448705494]
0.0527539290488 [0.0620484687388] [0.0434593893588]
0.053261129185549996 [0.0632731616497] [0.0432490967214]
0.054015498608350004 [0.0649096146226] [0.0431213825941]
0.056159211322650004 [0.0683557912707] [0.0439626313746]
0.06091716140510001 [0.0744205489755] [0.0474137738347]
0.06922214105725 [0.0821827501059] [0.0562615320086]
0.0801191031933 [0.0891672074795] [0.0710709989071]
0.08657654002305 [0.0929352715611] [0.080217808485]
0.0889343209565 [0.0937520042062] [0.0841166377068]
0.0907579027116 [0.0941311046481] [0.0873847007751]
0.0929479598999 [0.0945311933756] [0.0913647264242]
0.09569841995834999 [0.0955950766802] [0.0958017632365]
0.09831237792965 [0.097689025104] [0.0989357307553]
0.100963868201 [0.100251451135] [0.101676285267]
0.10410167276849999 [0.103328458965] [0.104874886572]
0.111129321158 [0.109915815294] [0.112342827022]
0.12239808961750001 [0.120774015784] [0.124022163451]
0.132574081421 [0.131633356214] [0.133514806628]
0.1414494290945 [0.142640918493] [0.140257939696]
0.14826747029999998 [0.15170584619] [0.14482909441]
0.1525305733085 [0.15774653852] [0.147314608097]
0.1571927145125 [0.164235711098] [0.150149717927]
0.1627620458605 [0.171354830265] [0.154169261456]
0.16724960505949998 [0.178394705057] [0.156104505062]
0.172236777842 [0.185161009431] [0.159312546253]
0.1784568727015 [0.191565558314] [0.165348187089]
0.1863556057215 [0.197686448693] [0.17502476275]
0.19301835447549998 [0.199244588614] [0.186792120337]
0.1978974491355 [0.198871299624] [0.196923598647]
0.1993179991845 [0.198596671224] [0.200039327145]
0.191994912922 [0.195769026875] [0.188220798969]
0.16745674610150002 [0.182066142559] [0.152847349644]
0.11955677717919999 [0.145011678338] [0.0941018760204]
0.0722042173147 [0.093845680356] [0.0505627542734]
0.0437942771241 [0.0576057769358] [0.0299827773124]
0.03029961511495 [0.0394771322608] [0.0211220979691]
0.02423608954995 [0.0312212947756] [0.0172508843243]
0.02174057113005 [0.0279654469341] [0.015515695326]
0.02116322424265 [0.0274564176798] [0.0148700308055]
0.02144851628695 [0.0282578133047] [0.0146392192692]
0.02182075800375 [0.0292618311942] [0.0143796848133]
0.02197878900915 [0.0299574583769] [0.0140001196414]
