0.01074909931047 [0.0123301055282] [0.00916809309274]
0.011098159942775 [0.0126765538007] [0.00951976608485]
0.01197926839815 [0.0135671803728] [0.0103913564235]
0.01421508099885 [0.0159320328385] [0.0124981291592]
0.0186955500394 [0.0208347085863] [0.0165563914925]
0.025191525928699998 [0.0280369333923] [0.0223461184651]
0.0306912800297 [0.0339358411729] [0.0274467188865]
0.03207396250215 [0.0355516672134] [0.0285962577909]
0.030858015641550003 [0.0347841903567] [0.0269318409264]
0.02922910265625 [0.0338977873325] [0.02456041798]
0.0292738042772 [0.0346751138568] [0.0238724946976]
0.03182866610585 [0.0378897450864] [0.0257675871253]
0.0381282940507 [0.0440577343106] [0.0321988537908]
0.0633330922574 [0.0650293081999] [0.0616368763149]
0.0830499790609 [0.0783554017544] [0.0877445563674]
0.090310778469 [0.080181248486] [0.100440308452]
0.112309817225 [0.103906095028] [0.120713539422]
0.10287927091145 [0.0861097127199] [0.119648829103]
0.0933658443389 [0.0682269781828] [0.118504710495]
0.08669378235915 [0.0555435940623] [0.117843970656]
0.08353499509405 [0.0483998246491] [0.118670165539]
0.08298673666995 [0.0450100339949] [0.120963439345]
0.0836615283043 [0.0439577810466] [0.123365275562]
0.08514552004635001 [0.0440643317997] [0.126226708293]
0.0848664902153 [0.0444534793496] [0.125279501081]
0.0843374058606 [0.0442654639482] [0.124409347773]
0.0839961580933 [0.0436235293746] [0.124368786812]
0.0835588537158 [0.0432933717966] [0.123824335635]
0.0828446447849 [0.0408145859838] [0.124874703586]
0.08048707246755 [0.0396595522761] [0.121314592659]
0.0716396719215 [0.037661537528] [0.105617806315]
0.0510240839794 [0.0307038147002] [0.0713443532586]
0.0502044726163 [0.0302828066051] [0.0701261386275]
0.0497077330947 [0.0304032415152] [0.0690122246742]
0.04940445628015 [0.031105292961] [0.0677036195993]
0.04885861836375 [0.0319506041706] [0.0657666325569]
0.047792045399549996 [0.0325858555734] [0.0629982352257]
0.04616299644115 [0.0326424315572] [0.0596835613251]
0.04424184188245 [0.0321967303753] [0.0562869533896]
0.042074622586400004 [0.031621363014] [0.0525278821588]
0.0412531066686 [0.0346321985126] [0.0478740148246]
0.04107623919845 [0.0365055166185] [0.0456469617784]
0.040229784324749995 [0.0371278822422] [0.0433316864073]
0.0379068031907 [0.0356977246702] [0.0401158817112]
0.034111464396099994 [0.0323006622493] [0.0359222665429]
0.03120412211865 [0.0292360018939] [0.0331722423434]
0.0384653843939 [0.0383666977286] [0.0385640710592]
0.033552739769249995 [0.0340767502785] [0.03302872926]
0.0261308206245 [0.0262353979051] [0.0260262433439]
0.02236680407075 [0.0262353979051] [0.0184982102364]
0.0195113532245 [0.0262353979051] [0.0127873085439]
0.01777414279058 [0.0262353979051] [0.00931288767606]
0.016797551186749998 [0.0262353979051] [0.0073597044684]
0.016285976162175 [0.0262353979051] [0.00633655441925]
0.016056540887795 [0.0262353979051] [0.00587768387049]
0.01429990027098 [0.022834315896] [0.00576548464596]
0.012886665761449999 [0.0202735830098] [0.0054997485131]
0.011769505916154999 [0.0182150248438] [0.00532398698851]
0.01541262748651 [0.0256305206567] [0.00519473431632]
0.019804583862425 [0.0344403013587] [0.00516886636615]
0.023121144156919998 [0.0410812236369] [0.00516106467694]
0.024192312033825 [0.0432160980999] [0.00516852596775]
0.02428756468 [0.0433744117618] [0.0052007175982]
0.028144476935275 [0.0510091930628] [0.00527976080775]
0.02659699972717 [0.0476802103221] [0.00551378913224]
0.02710893424227 [0.0481387786567] [0.00607908982784]
0.028859177371475 [0.0505149438977] [0.00720341084525]
0.03126068459824 [0.0533480681479] [0.00917330104858]
0.03313300572335 [0.0543319843709] [0.0119340270758]
0.03447176748885 [0.0543319843709] [0.0146115506068]
0.0351181346923 [0.0543319843709] [0.0159042850137]
0.034995947033149996 [0.0543319843709] [0.0156599096954]
0.03446168638765 [0.0543319843709] [0.0145913884044]
0.0323062515818 [0.0513322912157] [0.0132802119479]
0.0301253022626 [0.0480678714812] [0.012182733044]
0.0287829916924 [0.0460563600063] [0.0115096233785]
0.02925210632385 [0.0472988262773] [0.0112053863704]
0.03188363881785 [0.0526781342924] [0.0110891433433]
0.0368338646367 [0.0627349987626] [0.0109327305108]
0.042814939282850004 [0.0749646872282] [0.0106651913375]
0.02871438162405 [0.0471764467657] [0.0102523164824]
0.020640058442964997 [0.0314723029733] [0.00980781391263]
0.015667400788505 [0.0219530649483] [0.00938173662871]
0.012761679478010001 [0.0164798330516] [0.00904352590442]
0.013831745833155 [0.0188288912177] [0.00883460044861]
0.015320657752459999 [0.0217971596867] [0.00884415581822]
0.01709233131259 [0.0250161923468] [0.00916847027838]
0.019026110880075 [0.0281798299402] [0.00987239181995]
0.0209884191863 [0.0310008563101] [0.0109759820625]
0.02280951524155 [0.0333351790905] [0.0122838513926]
0.0243895472959 [0.0351497754455] [0.0136293191463]
0.025580067653200003 [0.0362739786506] [0.0148861566558]
0.0264998972416 [0.0368354655802] [0.016164328903]
0.0274063907564 [0.0370966419578] [0.017716139555]
0.028744949959249998 [0.037429407239] [0.0200604926795]
0.0327559094876 [0.0420459285378] [0.0234658904374]
0.0373039916158 [0.0464786104858] [0.0281293727458]
0.04178803414105 [0.0495383962989] [0.0340376719832]
0.04383003339175 [0.0487451218069] [0.0389149449766]
0.0440832078457 [0.0461803935468] [0.0419860221446]
0.0436858199537 [0.043680138886] [0.0436915010214]
0.0430630557239 [0.0421602986753] [0.0439658127725]
0.04255142062905 [0.0414146780968] [0.0436881631613]
0.0423525758088 [0.0410528071225] [0.0436523444951]
0.04217868857085 [0.0408702455461] [0.0434871315956]
0.0419960729778 [0.040909986943] [0.0430821590126]
0.0420374479145 [0.0413160994649] [0.0427587963641]
0.042359143495550006 [0.0419999100268] [0.0427183769643]
0.042918263003249996 [0.0426699705422] [0.0431665554643]
0.04359588772055 [0.0428975783288] [0.0442941971123]
0.044355735182800005 [0.0427601002157] [0.0459513701499]
0.04570918343965 [0.0431665591896] [0.0482518076897]
0.04835806973275 [0.0456266328692] [0.0510895065963]
0.052785962820050006 [0.051142193377] [0.0544297322631]
0.0597595088184 [0.0596749894321] [0.0598440282047]
0.0705318488181 [0.0713242888451] [0.0697394087911]
0.08401147276160001 [0.0842649489641] [0.0837579965591]
0.09403528645635001 [0.0902242138982] [0.0978463590145]
0.10227024182700001 [0.091505356133] [0.113035127521]
0.10571264103040001 [0.0888595879078] [0.122565694153]
0.1066836379467 [0.0858549401164] [0.127512335777]
0.10490226373084999 [0.0829788073897] [0.126825720072]
0.10221340507259999 [0.0802355706692] [0.124191239476]
0.0969700105488 [0.0769594982266] [0.116980522871]
0.08924644067859999 [0.0731123238802] [0.105380557477]
0.08217388018965 [0.0707998201251] [0.0935479402542]
0.07630114257335 [0.0692308992147] [0.083371385932]
0.07172579318285 [0.0680283457041] [0.0754232406616]
