0.008826696081079999 [0.00752434460446] [0.0101290475577]
0.008613489568215 [0.00683164410293] [0.0103953350335]
0.008583372226 [0.0061836107634] [0.0109831336886]
0.008650407195075 [0.00566495303065] [0.0116358613595]
0.008841614704575 [0.00566495303065] [0.0120182763785]
0.008792066480975 [0.00566495303065] [0.0119191799313]
0.008485483005624999 [0.00566495303065] [0.0113060129806]
0.007877677679075 [0.00566495303065] [0.0100904023275]
0.0072023100219700004 [0.00566495303065] [0.00873966701329]
0.00713221449405 [0.00566495303065] [0.00859947595745]
0.00779421301559 [0.00566495303065] [0.00992347300053]
0.010779674630625 [0.00566495303065] [0.0158943962306]
0.134577050805 [0.13840380311] [0.1307502985]
0.144607245922 [0.140024885535] [0.149189606309]
0.154251858592 [0.142213642597] [0.166290074587]
0.1626973748205 [0.145505219698] [0.179889529943]
0.169188417494 [0.149945735931] [0.188431099057]
0.1735926792025 [0.155058994889] [0.192126363516]
0.17617765069 [0.158486500382] [0.193868800998]
0.1753921583295 [0.157721340656] [0.193062976003]
0.1739436388015 [0.156742855906] [0.191144421697]
0.17299894988550002 [0.157479718328] [0.188518181443]
0.16743938624850002 [0.152649313211] [0.182229459286]
0.1479803845285 [0.136235043406] [0.159725725651]
0.1057604663073 [0.0980674400926] [0.113453492522]
0.059070527553549995 [0.0552412346005] [0.0628998205066]
0.03180700261145 [0.0294297058135] [0.0341842994094]
0.019190738908949997 [0.0177358109504] [0.0206456668675]
0.01343489624555 [0.0126464599743] [0.0142233325168]
0.01074552489445 [0.0104399286211] [0.0110511211678]
0.009490365628155 [0.00949670840055] [0.00948402285576]
0.00889677135274 [0.00905330479145] [0.00874023791403]
0.00856453552842 [0.00872873421758] [0.00840033683926]
0.008341239299624999 [0.00840700790286] [0.00827547069639]
0.00818496895954 [0.00818628072739] [0.00818365719169]
0.0077902637422100005 [0.00757545884699] [0.00800506863743]
0.00738064874895 [0.00701007666066] [0.00775122083724]
0.00690953130834 [0.00651999237016] [0.00729907024652]
0.006323551526295001 [0.00611636368558] [0.00653073936701]
0.005743217188865 [0.00585471652448] [0.00563171785325]
0.005721060326325 [0.00581313669682] [0.00562898395583]
0.0060324929654600006 [0.0061671314761] [0.00589785445482]
0.006859798915685 [0.00721127586439] [0.00650832196698]
0.00852183182724 [0.00958112534136] [0.00746253831312]
0.011756981723005 [0.0149925649166] [0.00852139852941]
0.01888201059773 [0.0285964552313] [0.00916756596416]
0.01882178196683 [0.0285964552313] [0.00904710870236]
0.0193157061003 [0.0285964552313] [0.0100349569693]
0.0198515621014 [0.0285964552313] [0.0111066689715]
0.0204366222024 [0.0285964552313] [0.0122767891735]
0.02431462937965 [0.0350992679596] [0.0135299907997]
0.0238716038875 [0.0331444740295] [0.0145987337455]
0.02430716622625 [0.0325452499092] [0.0160690825433]
0.025469602085650002 [0.0317164063454] [0.0192227978259]
0.030170893296600002 [0.0317164063454] [0.0286253802478]
0.0287922555581 [0.0317164063454] [0.0258681047708]
0.0274199228734 [0.0317164063454] [0.0231234394014]
0.02610208652915 [0.0317164063454] [0.0204877667129]
0.02502602804455 [0.0317164063454] [0.0183356497437]
0.024320140481 [0.0317164063454] [0.0169238746166]
0.02398219425235 [0.0317164063454] [0.0162479821593]
0.02392567042265 [0.0317164063454] [0.0161349344999]
0.0229195593856 [0.0302231069654] [0.0156160118058]
0.02208236185835 [0.029165122658] [0.0149996010587]
0.0216630655341 [0.0290820412338] [0.0142440898344]
0.02181641804055 [0.0302179958671] [0.013414840214]
0.0228709313087 [0.0329441577196] [0.0127977048978]
0.0247780568898 [0.0367742367089] [0.0127818770707]
0.03610662929715 [0.0588400512934] [0.0133732073009]
0.03384251426905 [0.0534988604486] [0.0141861680895]
0.03340404015035 [0.0515201352537] [0.015287945047]
0.03428305964915 [0.0517332181334] [0.0168329011649]
0.0363506060094 [0.0535680279136] [0.0191331841052]
0.03953811991955 [0.0565720647573] [0.0225041750818]
0.0434988550842 [0.060045670718] [0.0269520394504]
0.04754287190735 [0.0635002106428] [0.0315855331719]
0.05082854628565 [0.0668026953936] [0.0348543971777]
0.053125800564899996 [0.0699942260981] [0.0362573750317]
0.0548947621137 [0.0730453431606] [0.0367441810668]
0.056695334613349996 [0.076118439436] [0.0372722297907]
0.0588110461831 [0.0794486552477] [0.0381734371185]
0.06123771704735 [0.0830625742674] [0.0394128598273]
0.06431173346935 [0.0874547585845] [0.0411687083542]
0.06557113677265 [0.0877397656441] [0.0434025079012]
0.0573715660721 [0.0698472633958] [0.0448958687484]
0.0582922603935 [0.0748006030917] [0.0417839176953]
0.05587953794745 [0.0806635543704] [0.0310955215245]
0.05286978092045 [0.0835490971804] [0.0221904646605]
0.04937269631775 [0.0821137055755] [0.01663168706]
0.046053693629800004 [0.0784418806434] [0.0136655066162]
0.04317979933695 [0.074045792222] [0.0123138064519]
0.0404796656221 [0.0689545571804] [0.0120047740638]
0.0377269904129 [0.0631987079978] [0.012255272828]
0.0346788340248 [0.0567587614059] [0.0125989066437]
0.025904105510550002 [0.039003085345] [0.0128051256761]
0.0216213236563 [0.0304258223623] [0.0128168249503]
0.0188972377218 [0.0251454412937] [0.0126490341499]
0.0170139661059 [0.0215488150716] [0.0124791171402]
0.016318388748950002 [0.0201641134918] [0.0124726640061]
0.0196182811633 [0.0264728162438] [0.0127637460828]
