0.0539955701679 [0.056796386838] [0.0511947534978]
0.053584758192300005 [0.0566700361669] [0.0504994802177]
0.0533888693899 [0.0569113902748] [0.049866348505]
0.05226794071495 [0.0559118427336] [0.0486240386963]
0.05075444094835 [0.0547068417072] [0.0468020401895]
0.04969417862595 [0.0540505312383] [0.0453378260136]
0.049339257180650006 [0.054107312113] [0.0445712022483]
0.0489190928638 [0.0539374835789] [0.0439007021487]
0.0476251654327 [0.0525607727468] [0.0426895581186]
0.04479775764045 [0.0492266602814] [0.0403688549995]
0.04148941114545 [0.0453443676233] [0.0376344546676]
0.0388451125473 [0.042008318007] [0.0356819070876]
0.0375432204455 [0.0400834828615] [0.0350029580295]
0.037626279518 [0.0397292114794] [0.0355233475566]
0.038422739133250006 [0.0404704399407] [0.0363750383258]
0.0392515677959 [0.0412600748241] [0.0372430607677]
0.039793990552450004 [0.0414912104607] [0.0380967706442]
0.04034451954065 [0.041299149394] [0.0393898896873]
0.0418032128364 [0.0413875319064] [0.0422188937664]
0.04463776759805 [0.0427689366043] [0.0465065985918]
0.04827173613015 [0.0450784340501] [0.0514650382102]
0.0521138757467 [0.0478025600314] [0.056425191462]
0.056035790592400006 [0.0504629425704] [0.0616086386144]
0.0613451898098 [0.0542763322592] [0.0684140473604]
0.070298364386 [0.0624102391303] [0.0781864896417]
0.08449305221440001 [0.0792641118169] [0.0897219926119]
0.10168984159825 [0.104578629136] [0.0988010540605]
0.117184605449 [0.133804351091] [0.100564859807]
0.1280272006991 [0.158659562469] [0.0973948389292]
0.13064016774285 [0.169025853276] [0.0922544822097]
0.1254532597961 [0.164257332683] [0.0866491869092]
0.11063007637855 [0.139861896634] [0.0813982561231]
0.09215322136875001 [0.109967470169] [0.0743389725685]
0.07671386376020001 [0.0872796103358] [0.0661481171846]
0.0660953782499 [0.0722058936954] [0.0599848628044]
0.05998898297545 [0.0638527870178] [0.0561251789331]
0.057036122307149995 [0.0600501708686] [0.0540220737457]
0.055945597589 [0.058839187026] [0.053052008152]
0.055187651887549996 [0.0584086254239] [0.0519666783512]
0.0540375486016 [0.0576223619282] [0.050452735275]
0.05242885276675 [0.0559485703707] [0.0489091351628]
0.05075383000075 [0.053410153836] [0.0480975061655]
0.0493333954364 [0.0503372140229] [0.0483295768499]
0.048305699601750005 [0.047021150589] [0.0495902486145]
0.0480347089469 [0.0441821813583] [0.0518872365355]
0.0491921156645 [0.0423706434667] [0.0560135878623]
0.05290970392525 [0.0424043871462] [0.0634150207043]
0.06025080010295 [0.0451751500368] [0.0753264501691]
0.07139464467765 [0.0506793409586] [0.0921099483967]
0.08465416915715 [0.0578520409763] [0.111456297338]
0.09301892667995 [0.0626275166869] [0.123410336673]
0.09535320103179999 [0.0634190291166] [0.127287372947]
0.09437597543025 [0.0629061460495] [0.125845804811]
0.09345794655395001 [0.0620085857809] [0.124907307327]
0.09499355964375 [0.0622772835195] [0.127709835768]
0.09852150827669999 [0.0634655058384] [0.133577510715]
0.10236224532124999 [0.0650733709335] [0.139651119709]
0.1045262888074 [0.0658999234438] [0.143152654171]
0.10365562886005 [0.0655065178871] [0.141804739833]
0.10050401464095 [0.0649958029389] [0.136012226343]
0.0965718477962 [0.0642269551754] [0.128916740417]
0.09249255806225 [0.0630020573735] [0.121983058751]
0.0890394076703 [0.0618587359786] [0.116220079362]
0.0874830968679 [0.0618426203728] [0.113123573363]
0.08889124542490001 [0.0640193670988] [0.113763123751]
0.0940512306986 [0.0695855990052] [0.118516862392]
0.1017621122299 [0.0768986865878] [0.126625537872]
0.10968321189295 [0.0837901905179] [0.135576233268]
0.11395756527779999 [0.0883955582976] [0.139519572258]
0.1152820847927 [0.0907827690244] [0.139781400561]
0.11535978317244999 [0.0927914530039] [0.137928113341]
0.11670784652239999 [0.0966411232948] [0.13677456975]
0.11910224705945 [0.0993733555079] [0.138831138611]
0.125209502876 [0.105573922396] [0.144845083356]
0.135188024491 [0.114889211953] [0.155486837029]
0.146815806627 [0.127120196819] [0.166511416435]
0.159373484552 [0.139992669225] [0.178754299879]
0.168899677694 [0.149524882436] [0.188274472952]
0.17257077991949998 [0.152025386691] [0.193116173148]
0.171461440623 [0.150764554739] [0.192158326507]
0.1653292551635 [0.145850852132] [0.184807658195]
0.15383438766 [0.138034880161] [0.169633895159]
0.1398422792555 [0.127835944295] [0.151848614216]
0.1247210353615 [0.112177103758] [0.137264966965]
0.1113699413834 [0.0981102660298] [0.124629616737]
0.1000713147222 [0.0864969566464] [0.113645672798]
0.0925526060162 [0.0787909030914] [0.106314308941]
0.08922021090974999 [0.0759226456285] [0.102517776191]
0.08715039864179999 [0.0754133686423] [0.0988874286413]
0.0857689604163 [0.0753389447927] [0.0961989760399]
0.0845059193671 [0.0749842450023] [0.0940275937319]
0.08309721574189999 [0.0740323364735] [0.0921620950103]
0.08196975290775 [0.0724265500903] [0.0915129557252]
0.0809639953077 [0.0707435458899] [0.0911844447255]
0.0801141150296 [0.069212988019] [0.0910152420402]
0.07861268147825001 [0.0668786242604] [0.0903467386961]
0.0768513865769 [0.0645404085517] [0.0891623646021]
0.0756238475442 [0.0632891356945] [0.0879585593939]
0.07489965856075 [0.0626966357231] [0.0871026813984]
0.0747292973101 [0.0627697855234] [0.0866888090968]
0.0749336220324 [0.0634311959147] [0.0864360481501]
0.0761257559061 [0.065255433321] [0.0869960784912]
0.07916037365795 [0.069753408432] [0.0885673388839]
0.08366444334385 [0.0767121389508] [0.0906167477369]
0.08730188012125001 [0.0809809416533] [0.0936228185892]
0.09032729268075 [0.0815941691399] [0.0990604162216]
0.0917839929464 [0.0806214809418] [0.102946504951]
0.0917698070409 [0.0782407224178] [0.105298891664]
0.09178797155635 [0.0747872442007] [0.108788698912]
0.09057088196295 [0.0716428309679] [0.109498932958]
0.0905214063825 [0.070396207273] [0.110646605492]
0.09271609410654999 [0.0720293521881] [0.113402836025]
0.0986462049188 [0.0788231790066] [0.118469230831]
0.10793989896795 [0.0902078747749] [0.125671923161]
0.1163617819545 [0.10502384603] [0.127699717879]
0.12342585995750001 [0.118595860898] [0.128255859017]
0.1261490061875 [0.125698715448] [0.126599296927]
0.12456023693099999 [0.125764474273] [0.123355999589]
0.120770279318 [0.123705588281] [0.117834970355]
0.114062640816 [0.122551977634] [0.105573303998]
0.1048535853623 [0.120401151478] [0.0893060192466]
0.09043864905815 [0.110645845532] [0.0702314525843]
0.07322364114225 [0.0943030640483] [0.0521442182362]
0.0570956021547 [0.0759699270129] [0.0382212772965]
0.0450666351244 [0.0610043257475] [0.0291289445013]
0.0373697252944 [0.0509887970984] [0.0237506534904]
0.03294198121875 [0.0451291650534] [0.0207547973841]
0.03063854575155 [0.0420188196003] [0.0192582719028]
0.02957042772325 [0.0404413491488] [0.0186995062977]
0.0291168447584 [0.0396450459957] [0.0185886435211]
0.028861979953950002 [0.0389746576548] [0.0187493022531]
0.02855220716445 [0.0381808951497] [0.0189235191792]
0.027780996635550004 [0.0366178788245] [0.0189441144466]
0.02630748040975 [0.0338011644781] [0.0188137963414]
0.024116509594049998 [0.0295512583107] [0.0186817608774]
0.0217296592891 [0.0247476492077] [0.0187116693705]
0.01996444631365 [0.0207513514906] [0.0191775411367]
0.0195290129632 [0.0185755658895] [0.0204824600369]
0.0209677424282 [0.0187158621848] [0.0232196226716]
0.02464891038835 [0.0210210476071] [0.0282767731696]
0.03107456862925 [0.0252213291824] [0.0369278080761]
0.0399165954441 [0.0303100384772] [0.049523152411]
0.0489086024463 [0.034791752696] [0.0630254521966]
0.054740559309750005 [0.0374439582229] [0.0720371603966]
0.056676242500500004 [0.0379771366715] [0.0753753483295]
0.056039305403800005 [0.037775773555] [0.0743028372526]
0.05365483462815 [0.0372768491507] [0.0700328201056]
0.0491307117045 [0.0365403816104] [0.0617210417986]
0.0431523658335 [0.0352619551122] [0.0510427765548]
0.0382038205862 [0.0341676808894] [0.042239960283]
0.0352592878044 [0.0342069976032] [0.0363115780056]
