0.059871790930649996 [0.0571695379913] [0.06257404387]
0.056959260255099994 [0.0534194558859] [0.0604990646243]
0.05385648459195 [0.0494384653866] [0.0582745037973]
0.05061509646475 [0.0454783625901] [0.0557518303394]
0.047332344576700006 [0.0419012457132] [0.0527634434402]
0.04468499682845 [0.0393969081342] [0.0499730855227]
0.04402118735015 [0.0398552492261] [0.0481871254742]
0.046196153387450006 [0.0438133850694] [0.0485789217055]
0.0513178315014 [0.0506408773363] [0.0519947856665]
0.05783977173265 [0.0585123673081] [0.0571671761572]
0.06328189559280001 [0.0651159137487] [0.0614478774369]
0.06472453288735 [0.0678171589971] [0.0616319067776]
0.06267823651435 [0.067282371223] [0.0580741018057]
0.0602511391044 [0.065854549408] [0.0546477288008]
0.059055270627150006 [0.0650958120823] [0.053014729172]
0.059247341007 [0.0661584958434] [0.0523361861706]
0.06010024808344999 [0.0691650435328] [0.0510354526341]
0.0622620023787 [0.0737979337573] [0.0507260710001]
0.06595495902 [0.0794342011213] [0.0524757169187]
0.07071560807525 [0.0861059129238] [0.0553253032267]
0.0755572244525 [0.0924218595028] [0.0586925894022]
0.07950719632205 [0.097209200263] [0.0618051923811]
0.0819148272276 [0.0999565571547] [0.0638730973005]
0.08213917538525001 [0.0999223068357] [0.0643560439348]
0.08085530996325 [0.0980310812593] [0.0636795386672]
0.080115839839 [0.0974269062281] [0.0628047734499]
0.0812449902296 [0.0999552235007] [0.0625347569585]
0.084346331656 [0.105897590518] [0.062795072794]
0.0877843536439 [0.112879544497] [0.0626891627908]
0.08871722966435 [0.115980245173] [0.0614542141557]
0.08863590471445 [0.11798556149] [0.0592862479389]
0.08814453706155 [0.119295217097] [0.0569938570261]
0.0877262260764 [0.120076946914] [0.0553755052388]
0.08786041103295 [0.12023063004] [0.0554901920259]
0.08770387060955 [0.120202250779] [0.0552054904401]
0.08622492849835 [0.118276320398] [0.0541735365987]
0.08555586636075 [0.117985635996] [0.0531260967255]
0.08661521039895001 [0.12055824697] [0.0526721738279]
0.08956042677145 [0.125576689839] [0.0535441637039]
0.09291688166545001 [0.129858061671] [0.0559757016599]
0.09572800435115 [0.131922572851] [0.0595334358513]
0.09734063595545 [0.131626993418] [0.0630542784929]
0.09826132655135 [0.130420655012] [0.0661019980907]
0.09963215515005 [0.129723191261] [0.0695411190391]
0.1032839305697 [0.131007313728] [0.0755605474114]
0.11143276840454999 [0.136350080371] [0.0865154564381]
0.1242890544235 [0.145194873214] [0.103383235633]
0.138934932649 [0.153846845031] [0.124023020267]
0.1466405317185 [0.154422163963] [0.138858899474]
0.141943618655 [0.144409686327] [0.139477550983]
0.129183024168 [0.128168955445] [0.130197092891]
0.116188958287 [0.112300083041] [0.120077833533]
0.1052160300315 [0.098316848278] [0.112115211785]
0.0940820425751 [0.0826304331422] [0.105533652008]
0.08367171511055 [0.0675531178713] [0.0997903123498]
0.0755875185132 [0.0561193600297] [0.0950556769967]
0.06796593591570001 [0.0489776134491] [0.0869542583823]
0.0605433974415 [0.0448865555227] [0.0762002393603]
0.0553795937449 [0.0425636060536] [0.0681955814362]
0.05156144499779999 [0.0404513254762] [0.0626715645194]
0.0484948977828 [0.037653580308] [0.0593362152576]
0.0449803005904 [0.0343820303679] [0.0555785708129]
0.041717749089 [0.0315116532147] [0.0519238449633]
0.038534605875599995 [0.0290856845677] [0.0479835271835]
0.0357253551483 [0.0270643271506] [0.044386383146]
0.0338539816439 [0.0263494849205] [0.0413584783673]
0.0330160399899 [0.0268110502511] [0.0392210297287]
0.03283904120325 [0.027979452163] [0.0376986302435]
