0.036916133016349995 [0.0316710136831] [0.0421612523496]
0.0353329684585 [0.0301202461123] [0.0405456908047]
0.0352291194722 [0.0293796937913] [0.0410785451531]
0.0370800793171 [0.0297558605671] [0.0444042980671]
0.040897583589 [0.0313657149673] [0.0504294522107]
0.045833947137 [0.0338113717735] [0.0578565225005]
0.0485755354166 [0.0354923903942] [0.061658680439]
0.0475433561951 [0.0348952896893] [0.0601914227009]
0.045417850837099996 [0.0315784662962] [0.059257235378]
0.046998391859199996 [0.0279021542519] [0.0660946294665]
0.053076869808150004 [0.0251788403839] [0.0809748992324]
0.06236216984675 [0.0240640975535] [0.10066024214]
0.0727066909892 [0.0245297607034] [0.120883621275]
0.08196303062150001 [0.026343267411] [0.137582793832]
0.08947413414739999 [0.0294871926308] [0.149461075664]
0.0948063042017 [0.0333763323724] [0.156236276031]
0.09781072475034999 [0.0368368066847] [0.158784642816]
0.09779891557965001 [0.0379891581833] [0.157608672976]
0.0952664073555 [0.036785569042] [0.153747245669]
0.09155371971415001 [0.0348867811263] [0.148220658302]
0.088101444766 [0.033305477351] [0.142897412181]
0.08591041900214999 [0.0324853099883] [0.139335528016]
0.08536628820015 [0.0327054150403] [0.13802716136]
0.08587207086365001 [0.0340980626643] [0.137646079063]
0.0857961289586 [0.0363880172372] [0.13520424068]
0.082997877151 [0.03922662884] [0.126769125462]
0.07677893899365 [0.0417867414653] [0.111771136522]
0.0675629377365 [0.0426249876618] [0.0925008878112]
0.0573738180101 [0.0417089685798] [0.0730386674404]
0.04896651022135 [0.0399832688272] [0.0579497516155]
0.045023012906349996 [0.038474354893] [0.0515716709197]
0.04421443492175 [0.0379821024835] [0.05044676736]
0.045613849535550005 [0.0393773168325] [0.0518503822386]
0.04887762479485 [0.042718924582] [0.0550363250077]
0.05344666913155 [0.0472958981991] [0.059597440064]
0.057512247934949995 [0.0508655868471] [0.0641589090228]
0.058653317391899995 [0.050145149231] [0.0671614855528]
0.05635245516895 [0.045348778367] [0.0673561319709]
0.052947012707599994 [0.0401894114912] [0.065704613924]
0.049154529348 [0.0365837961435] [0.0617252625525]
0.047300556674599994 [0.0349653698504] [0.0596357434988]
0.04652627371255 [0.0345605835319] [0.0584919638932]
0.0459105949849 [0.0346028842032] [0.0572183057666]
0.045154321938750006 [0.0345217213035] [0.055786922574]
0.044171649962649995 [0.0346143618226] [0.0537289381027]
0.04403144307435 [0.0357648134232] [0.0522980727255]
0.0450343992561 [0.0386159159243] [0.0514528825879]
0.0464371461421 [0.042629674077] [0.0502446182072]
0.04653533734385 [0.0460991673172] [0.0469715073705]
0.0444752890617 [0.0472922585905] [0.0416583195329]
0.04158869571985 [0.0464633628726] [0.0367140285671]
0.0395812727511 [0.0453194864094] [0.0338430590928]
0.0392905306071 [0.0454710274935] [0.0331100337207]
0.04050474613905 [0.0473833084106] [0.0336261838675]
0.0423175133765 [0.0502657145262] [0.0343693122268]
0.04356688261035 [0.0527470931411] [0.0343866720796]
0.04352690279485 [0.0535727404058] [0.0334810651839]
0.042760938405999996 [0.0531039834023] [0.0324178934097]
0.04253616556525 [0.0528982542455] [0.032174076885]
0.0430255588144 [0.0532421842217] [0.0328089334071]
0.043564287945649996 [0.0532306842506] [0.0338978916407]
0.043086513876900004 [0.0513152964413] [0.0348577313125]
0.0415381286293 [0.0473748333752] [0.0357014238834]
0.04024939239025 [0.0430147238076] [0.0374840609729]
0.0407305471599 [0.0403133518994] [0.0411477424204]
0.04386712238195 [0.0402472727001] [0.0474869720638]
0.049539826810350004 [0.0424539409578] [0.0566257126629]
0.0555619318038 [0.0444816164672] [0.0666422471404]
0.058353170752550004 [0.04390116781] [0.0728051736951]
0.0563861653209 [0.0402199998498] [0.072552330792]
