0.0931884348392 [0.116475701332] [0.0699011683464]
0.0920293107627 [0.114785648882] [0.0692729726434]
0.09033624827865 [0.112566664815] [0.0681058317423]
0.08957148715835 [0.11149585247] [0.0676471218467]
0.09087890014040001 [0.112013928592] [0.0697438716888]
0.09555486217115 [0.115371651947] [0.0757380723953]
0.1056790128348 [0.12431962043] [0.0870384052396]
0.12148091569549999 [0.138717293739] [0.104244537652]
0.137486629188 [0.152269080281] [0.122704178095]
0.14368739724149998 [0.1523630023] [0.135011792183]
0.1413715705275 [0.144400000572] [0.138343140483]
0.135436564684 [0.135062158108] [0.13581097126]
0.129119426012 [0.12768343091] [0.130555421114]
0.123902656138 [0.122395649552] [0.125409662724]
0.1202821098265 [0.119365133345] [0.121199086308]
0.1181942932305 [0.118850521743] [0.117538064718]
0.115348417312 [0.11757812649] [0.113118708134]
0.111092183739 [0.114514783025] [0.107669584453]
0.10410037636780001 [0.110649645329] [0.0975511074066]
0.09731481224305 [0.107587888837] [0.0870417356491]
0.09507966414085 [0.105886146426] [0.0842731818557]
0.09748133644455 [0.104799568653] [0.0901631042361]
0.0985566005112 [0.101306319237] [0.0958068817854]
0.0986116640268 [0.0972090661526] [0.100014261901]
0.09817166999 [0.093153513968] [0.103189826012]
0.0980722494426 [0.0898925289512] [0.106251969934]
0.09896039590245001 [0.0878130123019] [0.110107779503]
0.1008731946351 [0.0867178291082] [0.115028560162]
0.10350452736015 [0.0860841423273] [0.120924912393]
0.1063342504204 [0.0853298082948] [0.127338692546]
0.1089787632228 [0.0845645964146] [0.133392930031]
0.1117680892349 [0.0850182324648] [0.138517946005]
0.11394462734435 [0.0861606299877] [0.141728624701]
0.11294640600675 [0.0845375061035] [0.14135530591]
0.10864280536760001 [0.0815957263112] [0.135689884424]
0.10158669948595 [0.0779768079519] [0.12519659102]
0.09941636770975 [0.0748230442405] [0.124009691179]
0.10177743807455 [0.0729816481471] [0.130573228002]
0.1031450852752 [0.0726855397224] [0.133604630828]
0.0955782048405 [0.073950432241] [0.11720597744]
0.089479357004 [0.076560176909] [0.102398537099]
0.08631760999560001 [0.0795303508639] [0.0931048691273]
0.08446531742810001 [0.0818062722683] [0.0871243625879]
0.08293037861585001 [0.0829847827554] [0.0828759744763]
0.0814949981868 [0.083200186491] [0.0797898098826]
0.08003951236605 [0.0822487920523] [0.0778302326798]
0.077946882695 [0.0792397782207] [0.0766539871693]
0.074807561934 [0.0737446844578] [0.0758704394102]
0.07077380642295 [0.0663222149014] [0.0752253979445]
0.0676213968545 [0.0594283528626] [0.0758144408464]
0.06659129261970001 [0.0554442405701] [0.0777383446693]
0.06697608344255 [0.0543623976409] [0.0795897692442]
0.06665545515715 [0.0544339381158] [0.0788769721985]
0.06415925174949999 [0.0539505034685] [0.0743680000305]
0.0596305858344 [0.051252361387] [0.0680088102818]
0.0546393729746 [0.0466922819614] [0.0625864639878]
0.05067108012735 [0.0415832586586] [0.0597589015961]
0.04787259921435 [0.0372627526522] [0.0584824457765]
0.046176010742750004 [0.0342399552464] [0.0581120662391]
0.04514808021485 [0.0324009992182] [0.0578951612115]
0.0444534700364 [0.0314527153969] [0.0574542246759]
0.04448212869465 [0.0314389690757] [0.0575252883136]
0.0453174058348 [0.0324618406594] [0.0581729710102]
0.046585470438 [0.0345417447388] [0.0586291961372]
0.048003677278750004 [0.0376604758203] [0.0583468787372]
0.04940840415655 [0.0412778742611] [0.057538934052]
0.0496963839978 [0.043501406908] [0.0558913610876]
0.049006761983 [0.0447105169296] [0.0533030070364]
0.048497978597900004 [0.0455404855311] [0.0514554716647]
0.049115739762799995 [0.0470875427127] [0.0511439368129]
0.05035825632515 [0.0487091839314] [0.0520073287189]
