0.18541710078700002 [0.175370886922] [0.195463314652]
0.1891334354875 [0.182210475206] [0.196056395769]
0.181740149856 [0.173170179129] [0.190310120583]
0.16366638988249999 [0.149184986949] [0.178147792816]
0.137265909463 [0.113986648619] [0.160545170307]
0.11374136805555 [0.0855107903481] [0.141971945763]
0.0957770831881 [0.0654030367732] [0.126151129603]
0.08220968022955 [0.0521225556731] [0.112296804786]
0.0717117674649 [0.043766759336] [0.0996567755938]
0.060826200991900004 [0.036983281374] [0.0846691206098]
0.04968924447895 [0.0308488979936] [0.0685295909643]
0.0400163028389 [0.0257377102971] [0.0542948953807]
0.0331395631656 [0.0219456385821] [0.0443334877491]
0.0288369981572 [0.0195521283895] [0.0381218679249]
0.02691239211705 [0.0189677868038] [0.0348569974303]
0.0272495159879 [0.0207762699574] [0.0337227620184]
0.0298267798498 [0.0253401342779] [0.0343134254217]
0.034179078415 [0.0321284346282] [0.0362297222018]
0.039409134537 [0.0397089459002] [0.0391093231738]
0.044507788494249995 [0.0466177426279] [0.0423978343606]
0.04876021109525 [0.0518451444805] [0.04567527771]
0.05201140232385 [0.0551407709718] [0.0488820336759]
0.05466278083625 [0.0571176670492] [0.0522078946233]
0.05713803134855 [0.0584084652364] [0.0558675974607]
0.0595758371055 [0.0588573217392] [0.0602943524718]
0.062018653377899996 [0.0593649931252] [0.0646723136306]
0.06537914834915 [0.0606390275061] [0.0701192691922]
0.06912503018975 [0.062039129436] [0.0762109309435]
0.07141385786235 [0.0624546147883] [0.0803731009364]
0.0709052514285 [0.0611873753369] [0.0806231275201]
0.06767512857909999 [0.0580106824636] [0.0773395746946]
0.0624766014516 [0.0528562739491] [0.0720969289541]
0.056731125339900004 [0.0465556867421] [0.0669065639377]
0.05114953406155 [0.0402109138668] [0.0620881542563]
0.04618390277025 [0.0350136607885] [0.057354144752]
0.04252125881615 [0.0319010317326] [0.0531414858997]
0.04024145845325 [0.0306950900704] [0.0497878268361]
0.0389751661569 [0.030693307519] [0.0472570247948]
0.0381927359849 [0.0312426649034] [0.0451428070664]
0.037535784766050004 [0.0322020836174] [0.0428694859147]
0.03708531707525 [0.0339713580906] [0.0401992760599]
0.03788120299575 [0.0376813486218] [0.0380810573697]
0.0415079221129 [0.0448576919734] [0.0381581522524]
0.0501894261688 [0.0585967861116] [0.041782066226]
0.06618937849995 [0.0826673880219] [0.049711368978]
0.0905864499509 [0.121362760663] [0.0598101392388]
0.12013874948045 [0.168393582106] [0.0718839168549]
0.1422268636527 [0.198595553637] [0.0858581736684]
0.15432370454049998 [0.206199929118] [0.102447479963]
0.158335670829 [0.198299199343] [0.118372142315]
0.1536870077255 [0.184444472194] [0.122929543257]
0.1438342779875 [0.172218412161] [0.115450143814]
0.1349117718635 [0.163714125752] [0.106109417975]
0.1299510262905 [0.159730195999] [0.100171856582]
0.12887939065705 [0.158683255315] [0.0990755259991]
0.1312800869345 [0.15920612216] [0.103354051709]
0.1356520466505 [0.16083368659] [0.110470406711]
0.140773821622 [0.162775635719] [0.118772007525]
0.14407160878199998 [0.162775948644] [0.12536726892]
0.146362662315 [0.161735653877] [0.130989670753]
0.1471258029345 [0.158541619778] [0.135709986091]
0.1452079936865 [0.151433810592] [0.138982176781]
0.14136391133100001 [0.142320290208] [0.140407532454]
0.1378179788585 [0.134181797504] [0.141454160213]
0.1371413171295 [0.129878625274] [0.144404008985]
0.140193156898 [0.129820644855] [0.150565668941]
0.145811036229 [0.135320410132] [0.156301662326]
0.150838263333 [0.13882522285] [0.162851303816]
0.149943165481 [0.134080946445] [0.165805384517]
0.140217233449 [0.121642388403] [0.158792078495]
0.121659003198 [0.103251904249] [0.140066102147]
0.10530471801765 [0.0871199145913] [0.123489521444]
0.0944595858457 [0.0763502791524] [0.112568892539]
0.08737516775715 [0.0703282877803] [0.104422047734]
0.08297245576975 [0.0661246180534] [0.0998202934861]
0.08028399571775 [0.0633227825165] [0.097245208919]
0.0789331104606 [0.0619902350008] [0.0958759859204]
0.07810399681329999 [0.061580106616] [0.0946278870106]
0.0780881121755 [0.0615945607424] [0.0945816636086]
0.07833037897945 [0.0614057555795] [0.0952550023794]
0.0779817774892 [0.0611513704062] [0.0948121845722]
0.07747335359455 [0.0610031113029] [0.0939435958862]
0.07756177708505 [0.0612402483821] [0.093883305788]
0.07863002456725 [0.062169034034] [0.0950910151005]
0.0806048512459 [0.064078360796] [0.0971313416958]
0.0832165256143 [0.0672429054976] [0.099190145731]
0.08607672527425 [0.0716356784105] [0.100517772138]
0.0892327986659 [0.0769938528538] [0.101471744478]
0.092612616718 [0.083266697824] [0.101958535612]
0.09517132118335 [0.0881516113877] [0.102191030979]
0.0977315902712 [0.0917548537254] [0.103708326817]
0.1006409823892 [0.0947115793824] [0.106570385396]
0.10400898009515 [0.0975971594453] [0.110420800745]
0.1077042967085 [0.101120360196] [0.114288233221]
0.112171649933 [0.103764459491] [0.120578840375]
0.11979403719349999 [0.110901974142] [0.128686100245]
0.13084109872549998 [0.12608346343] [0.135598734021]
0.1410774365065 [0.147314175963] [0.13484069705]
0.14290862530499998 [0.157770574093] [0.128046676517]
0.1291937977075 [0.140101701021] [0.118285894394]
0.10725473612549999 [0.106396622956] [0.108112849295]
0.08783045411109999 [0.0781078189611] [0.0975530892611]
0.0737469922751 [0.0591337420046] [0.0883602425456]
