0.10151788219815 [0.115537852049] [0.0874979123473]
0.1026369780304 [0.120545804501] [0.0847281515598]
0.0981750525536 [0.119345262647] [0.0770048424602]
0.09166204184269999 [0.115000262856] [0.0683238208294]
0.08747725188729999 [0.110872156918] [0.0640823468566]
0.08764339610925001 [0.108757406473] [0.0665293857455]
0.09158377349395 [0.109181851149] [0.0739856958389]
0.09608028084055001 [0.110577233136] [0.0815833285451]
0.09754306077950001 [0.109726898372] [0.085359223187]
0.09441941604 [0.104359336197] [0.084479495883]
0.08883078768845 [0.0963274762034] [0.0813340991735]
0.083517678082 [0.0885463431478] [0.0784890130162]
0.07979218661785 [0.0824757292867] [0.077108643949]
0.07794812694190001 [0.0791697204113] [0.0767265334725]
0.0760273076594 [0.0768798515201] [0.0751747637987]
0.07085117697714999 [0.0717200562358] [0.0699822977185]
0.06244249828159999 [0.0639015808702] [0.060983415693]
0.053204471245399995 [0.0554349757731] [0.0509739667177]
0.045248787850150005 [0.0483446381986] [0.0421529375017]
0.03925444371995 [0.0436546988785] [0.0348541885614]
0.0347845135257 [0.0410376787186] [0.0285313483328]
0.0313328858465 [0.039580732584] [0.023085039109]
0.028572746552550002 [0.0383648723364] [0.0187806207687]
0.0264787077904 [0.036961235106] [0.0159961804748]
0.025269851088500002 [0.0357586853206] [0.0147810168564]
0.024921761825700002 [0.035227291286] [0.0146162323654]
0.02517696795985 [0.0354468934238] [0.0149070424959]
0.02556027658285 [0.03603759408] [0.0150829590857]
0.025789283216 [0.0362802073359] [0.0152983590961]
0.02602503076195 [0.0361387915909] [0.015911269933]
0.027001638896750002 [0.0364120863378] [0.0175911914557]
0.03024872764945 [0.0393004156649] [0.021197039634]
0.03756486158815 [0.0470311567187] [0.0280985664576]
0.050358382985000005 [0.0605321414769] [0.0401846244931]
0.0682859737426 [0.0774892941117] [0.0590826533735]
0.08500285074115 [0.0892212167382] [0.0807844847441]
0.0912011638284 [0.0883607193828] [0.094041608274]
0.08903292566535 [0.0817422047257] [0.096323646605]
0.08470342680815 [0.0760794207454] [0.0933274328709]
0.08168271556494999 [0.0722632706165] [0.0911021605134]
0.0799957178533 [0.0699940994382] [0.0899973362684]
0.07868579402565 [0.0680956766009] [0.0892759114504]
0.07749316841365 [0.0656003132463] [0.089386023581]
0.0767474509776 [0.0631955340505] [0.0902993679047]
0.07606808654965 [0.0608958490193] [0.09124032408]
0.0743721406907 [0.0585422553122] [0.0902020260692]
0.07145653478805 [0.0562955103815] [0.0866175591946]
0.06708539277315001 [0.0534900650382] [0.0806807205081]
0.062231693416850004 [0.0499974191189] [0.0744659677148]
0.0582107231021 [0.0463129729033] [0.0701084733009]
0.05539844930175 [0.0433097481728] [0.0674871504307]
0.053323289379449995 [0.0410829670727] [0.0655636116862]
0.051644798368200004 [0.0394492521882] [0.0638403445482]
0.04965425282715 [0.0375813357532] [0.0617271699011]
0.0475632995367 [0.0361925587058] [0.0589340403676]
0.04607518576085 [0.0357210449874] [0.0564293265343]
0.045172374695549994 [0.0355938188732] [0.0547509305179]
0.04474681429565 [0.0360878445208] [0.0534057840705]
0.0444794818759 [0.0366891361773] [0.0522698275745]
0.0442079678178 [0.0372847877443] [0.0511311478913]
0.0436734203249 [0.0381359159946] [0.0492109246552]
0.04365394078195 [0.0394374988973] [0.0478703826666]
0.04462966695425 [0.0415171422064] [0.0477421917021]
0.046633357182150004 [0.04436930269] [0.0488974116743]
0.04928703419865 [0.0483678504825] [0.0502062179148]
0.05133801326155 [0.0535311847925] [0.0491448417306]
0.0518286731094 [0.0586645901203] [0.0449927560985]
0.0522003956139 [0.064126804471] [0.0402739867568]
0.052325634285800005 [0.0687379837036] [0.035913284868]
0.0519069712609 [0.0706481412053] [0.0331658013165]
0.0497734853998 [0.0683496668935] [0.0311973039061]
0.047989259473950004 [0.064802467823] [0.0311760511249]
0.0468129850924 [0.0615170113742] [0.0321089588106]
0.0461820028722 [0.0591219589114] [0.033242046833]
0.0458400119096 [0.057537779212] [0.0341422446072]
0.0451279040426 [0.055633444339] [0.0346223637462]
0.044192152097850004 [0.0536582320929] [0.0347260721028]
0.04334120079875 [0.0520182475448] [0.0346641540527]
0.04291459731755 [0.0510778017342] [0.0347513929009]
0.042938442900749996 [0.0506440475583] [0.0352328382432]
0.043291466310600005 [0.0501591786742] [0.036423753947]
0.04424926638605 [0.0494898930192] [0.0390086397529]
0.04583460092545 [0.0482385568321] [0.0434306450188]
0.048246841877699995 [0.0466509871185] [0.0498426966369]
0.051497351378199996 [0.0452098362148] [0.0577848665416]
0.055428363382799994 [0.04456153512] [0.0662951916456]
0.0603926666081 [0.046333655715] [0.0744516775012]
0.06537159718575 [0.050069142133] [0.0806740522385]
0.0709780231118 [0.0553411468863] [0.0866148993373]
0.07625642605124999 [0.0619046874344] [0.0906081646681]
0.0828151628375 [0.0691361352801] [0.0964941903949]
0.0913650579749 [0.0777881667018] [0.104941949248]
0.10214971750980001 [0.0893767401576] [0.114922694862]
0.1135170944035 [0.101662836969] [0.125371351838]
0.121233146638 [0.112387336791] [0.130078956485]
0.12629332765950002 [0.121344827116] [0.131241828203]
0.13009505718949999 [0.129213303328] [0.130976811051]
0.13281920552249998 [0.135891646147] [0.129746764898]
0.132506072521 [0.138775065541] [0.126237079501]
0.129901815206 [0.139792054892] [0.12001157552]
0.12306907027950001 [0.135779455304] [0.110358685255]
0.1108225584028 [0.124393522739] [0.0972515940666]
0.09515865892190001 [0.108599185944] [0.0817181318998]
0.0826093740761 [0.0947748944163] [0.0704438537359]
0.0753897987306 [0.0851851329207] [0.0655944645405]
0.073012880981 [0.0807439014316] [0.0652818605304]
0.07332037761810001 [0.0797284021974] [0.0669123530388]
0.07434697449205 [0.0798877626657] [0.0688061863184]
0.07523450627924999 [0.080462127924] [0.0700068846345]
0.07481952011585 [0.0796480104327] [0.069991029799]
0.07384361699225 [0.0785007402301] [0.0691864937544]
0.07303081452845 [0.0776988789439] [0.068362750113]
0.07254656031725 [0.0772535949945] [0.06783952564]
0.0724067650735 [0.0774768143892] [0.0673367157578]
0.07296204194425 [0.0786277204752] [0.0672963634133]
0.0753000676632 [0.0815085023642] [0.0690916329622]
0.08027324825525001 [0.0871134549379] [0.0734330415726]
0.0884600095451 [0.0962791517377] [0.0806408673525]
0.09930688887815001 [0.108591496944] [0.0900222808123]
0.10873158648610001 [0.117520429194] [0.0999427437782]
0.1140493825075 [0.119715094566] [0.108383670449]
