0.0519030597061 [0.0518235191703] [0.0519826002419]
0.04713474027815 [0.0443395227194] [0.0499299578369]
0.044914161786449996 [0.0403761006892] [0.0494522228837]
0.0447089690715 [0.0388307124376] [0.0505872257054]
0.04555546306075001 [0.0384349040687] [0.0526760220528]
0.046473471447849996 [0.0385032966733] [0.0544436462224]
0.046558920294049996 [0.0385192111135] [0.0545986294746]
0.04542662762105 [0.0380027107894] [0.0528505444527]
0.04335972107945 [0.0368257910013] [0.0498936511576]
0.04114246368405 [0.0352860242128] [0.0469989031553]
0.0396259352565 [0.0343333221972] [0.0449185483158]
0.0398757047951 [0.0352204442024] [0.0445309653878]
0.04233480617405 [0.0391873046756] [0.0454823076725]
0.04702080227435 [0.0465872883797] [0.047454316169]
0.053815582767099995 [0.0576061531901] [0.0500250123441]
0.06180364638565 [0.070586964488] [0.0530203282833]
0.06801952980459999 [0.0817238241434] [0.0543152354658]
0.0689369477332 [0.0866484344006] [0.0512254610658]
0.0673928875476 [0.087306112051] [0.0474796630442]
0.0661430116743 [0.086981408298] [0.0453046150506]
0.06583008356395 [0.0863938108087] [0.0452663563192]
0.06634670309724999 [0.0852330029011] [0.0474604032934]
0.0672104191035 [0.0836183801293] [0.0508024580777]
0.06787055544555 [0.0824382677674] [0.0533028431237]
0.0678930096328 [0.0819703042507] [0.0538157150149]
0.06719978526235 [0.0819078013301] [0.0524917691946]
0.06582736596465 [0.0809642672539] [0.0506904646754]
0.062338653951900004 [0.0753635168076] [0.0493137910962]
0.05590186454355 [0.0631258115172] [0.0486779175699]
0.04803320765495 [0.0471010431647] [0.0489653721452]
0.04244500026105 [0.0346151925623] [0.0502748079598]
0.03997936006635 [0.0266990792006] [0.0532596409321]
0.0396842174232 [0.022000875324] [0.0573675595224]
0.039968211203799994 [0.0192575789988] [0.0606788434088]
0.0397043302655 [0.0179891102016] [0.0614195503294]
0.0389890158549 [0.0178789999336] [0.0600990317762]
0.0384540315717 [0.0185919180512] [0.0583161450922]
0.0386143568903 [0.0196491219103] [0.0575795918703]
0.0395438382402 [0.0207599643618] [0.0583277121186]
0.04130113031715 [0.0217071603984] [0.0608951002359]
0.043949700891949994 [0.0222911760211] [0.0656082257628]
0.04806504398585 [0.0227943584323] [0.0733357295394]
0.0546883409843 [0.023727407679] [0.0856492742896]
0.06449113786215001 [0.0255828872323] [0.103399388492]
0.0761403953655 [0.028995519504] [0.123285271227]
0.08744898810969999 [0.0347278639674] [0.140170112252]
0.09784797765315001 [0.0433053411543] [0.152390614152]
0.104932790622 [0.052800681442] [0.157064899802]
0.10558987781384999 [0.0571218952537] [0.154057860374]
0.1008132006974 [0.0540747009218] [0.147551700473]
0.0942166745664 [0.0479119122028] [0.14052143693]
0.0881848204881 [0.0427102781832] [0.133659362793]
0.0840961094945 [0.039411496371] [0.128780722618]
0.0822289958594 [0.0381314009428] [0.126326590776]
0.08125860057775 [0.0370848588645] [0.125432342291]
0.08070396631980001 [0.0367843061686] [0.124623626471]
0.0792982373387 [0.0363882891834] [0.122208185494]
0.07568742893655 [0.0351224504411] [0.116252407432]
0.06909471377705 [0.0328111797571] [0.105378247797]
0.05976209323855 [0.0298078712076] [0.0897163152695]
0.0491563109681 [0.0269590299577] [0.0713535919785]
0.04008071031425 [0.0252785328776] [0.0548828877509]
0.0350363375619 [0.0256328899413] [0.0444397851825]
0.034960115328449996 [0.0284453481436] [0.0414748825133]
0.0394084248692 [0.0339381322265] [0.0448787175119]
0.047393348067999996 [0.042216334492] [0.052570361644]
0.0577255822718 [0.0528907626867] [0.0625604018569]
0.06852173432705 [0.064127959311] [0.0729155093431]
0.0766601227224 [0.0726652145386] [0.0806550309062]
0.08197555318475 [0.0770524144173] [0.0868986919522]
0.08526941388845 [0.0791846588254] [0.0913541689515]
0.0881374515593 [0.0821497216821] [0.0941251814365]
0.09089668095115 [0.0871187075973] [0.094674654305]
0.0952742397785 [0.0961763858795] [0.0943720936775]
0.10201411321744999 [0.108370453119] [0.0956577733159]
0.1035493984816 [0.114666037261] [0.0924327597022]
0.09698256850245 [0.107369825244] [0.0865953117609]
0.08617514371875 [0.0934838354588] [0.0788664519787]
0.07753236964345 [0.0831155404449] [0.071949198842]
0.0720030888915 [0.0764824151993] [0.0675237625837]
0.0690036229789 [0.0725721567869] [0.0654350891709]
0.06752444803714999 [0.0706472247839] [0.0644016712904]
0.06673785671589999 [0.0697861462831] [0.0636895671487]
0.0658092200756 [0.0691969916224] [0.0624214485288]
0.0640581473708 [0.0677255988121] [0.0603906959295]
0.0623831897974 [0.0666704773903] [0.0580959022045]
0.0613624248654 [0.0659615322948] [0.056763317436]
0.060966731980449995 [0.0647882372141] [0.0571452267468]
0.06143731996415 [0.0632645860314] [0.0596100538969]
0.0623084232211 [0.0606695637107] [0.0639472827315]
0.06293994933364999 [0.0566903725266] [0.0691895261407]
0.0629537124187 [0.052611079067] [0.0732963457704]
0.0634916983545 [0.0489068850875] [0.0780765116215]
0.06467520073055 [0.0466156974435] [0.0827347040176]
0.0666127782315 [0.0457724742591] [0.0874530822039]
0.068622931838 [0.0464807450771] [0.0907651185989]
0.07038195431235 [0.0477408617735] [0.0930230468512]
0.07157035917045 [0.0483683049679] [0.094772413373]
0.07175309769805 [0.047689538449] [0.0958166569471]
0.0702956560999 [0.0455973930657] [0.0949939191341]
0.06798570230605 [0.0428157746792] [0.0931556299329]
0.0655078459531 [0.0404647551477] [0.0905509367585]
0.06354720890525001 [0.0390715748072] [0.0880228430033]
0.0627344977111 [0.0385371409357] [0.0869318544865]
0.06323006935415 [0.0390081591904] [0.0874519795179]
0.0647135898471 [0.0404179096222] [0.089009270072]
0.06753616966305 [0.0431498624384] [0.0919224768877]
0.0712852869183 [0.0476720444858] [0.0948985293508]
0.0757690090686 [0.0532159097493] [0.0983221083879]
0.07886658981455 [0.0570667460561] [0.100666433573]
0.08124654181305 [0.0582558549941] [0.104237228632]
0.0823134277014 [0.0575149469078] [0.107111908495]
0.0827525220811 [0.0565272644162] [0.108977779746]
0.08443004451715 [0.0578696988523] [0.110990390182]
0.08818385191285 [0.0617029108107] [0.114664793015]
0.0943829379977 [0.0682286024094] [0.120537273586]
0.1024723798037 [0.0759071558714] [0.129037603736]
0.10995680466275 [0.0825205519795] [0.137393057346]
0.1148956418037 [0.0868298858404] [0.142961397767]
0.11739665269845001 [0.0895513445139] [0.145241960883]
0.11928435415055 [0.0925908684731] [0.145977839828]
0.12253828719269999 [0.0970836505294] [0.147992923856]
0.1282368898395 [0.103195101023] [0.153278678656]
0.135226730257 [0.109926573932] [0.160526886582]
0.1425967998805 [0.116090409458] [0.169103190303]
0.14973161369600002 [0.119811996818] [0.179651230574]
