0.144200593233 [0.131782963872] [0.156618222594]
0.140319228172 [0.132672190666] [0.147966265678]
0.1310148239135 [0.131331026554] [0.130698621273]
0.1174518465995 [0.12629686296] [0.108606830239]
0.10315055772654999 [0.118151322007] [0.0881497934461]
0.0905817560852 [0.109192878008] [0.0719706341624]
0.08135352842525 [0.101678580046] [0.0610284768045]
0.0761710945517 [0.0975958108902] [0.0547463782132]
0.0740664601326 [0.0958116725087] [0.0523212477565]
0.0734629351646 [0.0940190032125] [0.0529068671167]
0.07287978567185 [0.0907641127706] [0.0549954585731]
0.07186111807824999 [0.0870680883527] [0.0566541478038]
0.06914200633765 [0.0825470685959] [0.0557369440794]
0.06395914033055 [0.0759805440903] [0.0519377365708]
0.05637106485665 [0.0659291148186] [0.0468130148947]
0.04901160486045 [0.0550801455975] [0.0429430641234]
0.04378234408795 [0.0465359687805] [0.0410287193954]
0.041329400613950004 [0.041436187923] [0.0412226133049]
0.0412633195519 [0.0391635484993] [0.0433630906045]
0.042683592066199996 [0.0383811555803] [0.0469860285521]
0.0446126554161 [0.0380799397826] [0.0511453710496]
0.04590593837205 [0.0374912321568] [0.0543206445873]
0.04621735587715 [0.0370685011148] [0.0553662106395]
0.04624482616785 [0.0376045815647] [0.054885070771]
0.0459360033274 [0.0385270752013] [0.0533449314535]
0.04551674611865 [0.039409186691] [0.0516243055463]
0.0456365104765 [0.0403375178576] [0.0509355030954]
0.0467087905854 [0.0416288226843] [0.0517887584865]
0.0495100617409 [0.0442651882768] [0.054754935205]
0.0549035929143 [0.0492097958922] [0.0605973899364]
0.06274279952049999 [0.0565559118986] [0.0689296871424]
0.07113550230865 [0.0646165683866] [0.0776544362307]
0.07685209065675 [0.0704203695059] [0.0832838118076]
0.0783785916865 [0.0724383741617] [0.0843188092113]
0.0774615108967 [0.071940459311] [0.0829825624824]
0.07649433985355 [0.0709343403578] [0.0820543393493]
0.07612594217065 [0.070201613009] [0.0820502713323]
0.0758381560445 [0.0696854069829] [0.0819909051061]
0.07552670314910001 [0.0703334733844] [0.0807199329138]
0.07320152223109999 [0.0687905475497] [0.0776124969125]
0.0681814663112 [0.0644944086671] [0.0718685239553]
0.0621192473918 [0.0588781349361] [0.0653603598475]
0.05678677372635 [0.0538859255612] [0.0596876218915]
0.0526774954051 [0.0502733848989] [0.0550816059113]
0.0498350728303 [0.0477869734168] [0.0518831722438]
0.0482599940151 [0.0461471192539] [0.0503728687763]
0.0476183798164 [0.0452282205224] [0.0500085391104]
0.04770595766605 [0.0450748726726] [0.0503370426595]
0.0482032597065 [0.0454305708408] [0.0509759485722]
0.048839822411500006 [0.0462258160114] [0.0514538288116]
0.0497982762754 [0.0478294566274] [0.0517670959234]
0.050818482413899996 [0.049551807344] [0.0520851574838]
0.05162260495125 [0.0515432097018] [0.0517020002007]
0.05188991874455 [0.0532117113471] [0.050568126142]
0.052415296435350006 [0.0548849441111] [0.0499456487596]
0.0539943818003 [0.057354696095] [0.0506340675056]
0.0572035051882 [0.0611898526549] [0.0532171577215]
0.0620611105114 [0.0662754625082] [0.0578467585146]
0.06752507388595 [0.0714433565736] [0.0636067911983]
0.07244490459559999 [0.0757537707686] [0.0691360384226]
0.0768575146794 [0.0799066275358] [0.073808401823]
0.08174012601380001 [0.0857225582004] [0.0777576938272]
0.08794151246545 [0.0945650488138] [0.0813179761171]
0.09505400806674999 [0.106304369867] [0.0838036462665]
0.1008746027949 [0.118045367301] [0.0837038382888]
0.10199656337475 [0.124546013772] [0.0794471129775]
0.09727078303705 [0.122353680432] [0.0721878856421]
0.08952949568625 [0.114937826991] [0.0641211643815]
0.08338162489215 [0.108189694583] [0.0585735552013]
0.0808542314916 [0.105644546449] [0.0560639165342]
0.08250512927765 [0.109712935984] [0.0552973225713]
0.08674973994515 [0.118295937777] [0.0552035421133]
0.0879942011089 [0.121095903218] [0.0548924989998]
0.08623093180335001 [0.118216566741] [0.0542452968657]
0.08421853743505 [0.115141168237] [0.0532959066331]
0.08282181434345 [0.113187633455] [0.0524559952319]
0.08066104538735 [0.10919701308] [0.0521250776947]
0.07783607766045 [0.103233650327] [0.0524385049939]
0.0748131442815 [0.096244327724] [0.053381960839]
0.0720001421869 [0.0887987613678] [0.055201523006]
0.0702802427113 [0.0820879116654] [0.0584725737572]
0.06969519704579999 [0.0761859416962] [0.0632044523954]
0.06956087052820001 [0.0700440779328] [0.0690776631236]
0.06941333785654999 [0.0645139664412] [0.0743127092719]
0.06892132014035 [0.0604017525911] [0.0774408876896]
0.06826059147715 [0.057832762599] [0.0786884203553]
0.0683098156005 [0.0571519769728] [0.0794676542282]
0.06989083625375 [0.0584604330361] [0.0813212394714]
0.07348866201935 [0.0615130253136] [0.0854642987251]
0.0794108211994 [0.0662777870893] [0.0925438553095]
0.08677167445414999 [0.0721419230103] [0.101401425898]
0.0941219441592 [0.0789270177484] [0.10931687057]
0.10084455087795 [0.0862606242299] [0.115428477526]
0.10614879429349999 [0.09359741956] [0.118700169027]
0.10966740176100001 [0.100671954453] [0.118662849069]
0.11269647255500001 [0.108248479664] [0.117144465446]
