0.08385093137635 [0.0641164705157] [0.103585392237]
0.0838115029036 [0.0658526793122] [0.101770326495]
0.08514710888259999 [0.0699584633112] [0.100335754454]
0.08834997937085 [0.0772840380669] [0.0994159206748]
0.09365643933415 [0.0881680175662] [0.0991448611021]
0.09658978134394999 [0.0986762493849] [0.094503313303]
0.089966930449 [0.0980299711227] [0.0819038897753]
0.07477155700325 [0.0841102302074] [0.0654328837991]
0.0591853726655 [0.066239669919] [0.052131075412]
0.047944331541649995 [0.0524098239839] [0.0434788390994]
0.0407684929669 [0.0435152240098] [0.038021761924]
0.0365264955908 [0.0384832657874] [0.0345697253942]
0.0340918656439 [0.0361853986979] [0.0319983325899]
0.0322305653244 [0.0346101745963] [0.0298509560525]
0.0313855493441 [0.0345407873392] [0.028230311349]
0.030766881071050002 [0.0347352400422] [0.0267985220999]
0.0298872999847 [0.0342017747462] [0.0255728252232]
0.02841381542385 [0.0324539095163] [0.0243737213314]
0.026226002723 [0.0294718872756] [0.0229801181704]
0.0238999892026 [0.026259444654] [0.0215405337512]
0.022108272649350003 [0.0238467920572] [0.0203697532415]
0.021181395277399998 [0.0227188654244] [0.0196439251304]
0.02133822161705 [0.0228964611888] [0.0197799820453]
0.022536464966850002 [0.0242138877511] [0.0208590421826]
0.0242530964315 [0.0260259304196] [0.0224802624434]
0.02576670981945 [0.027388907969] [0.0241445116699]
0.0265893628821 [0.0276505276561] [0.0255281981081]
0.026893701404349997 [0.0269886106253] [0.0267987921834]
0.0271817594767 [0.025978025049] [0.0283854939044]
0.02775337081405 [0.0251344460994] [0.0303722955287]
0.0285880230367 [0.024538654834] [0.0326373912394]
0.029564763419300002 [0.0243154186755] [0.0348141081631]
0.031136243604150002 [0.0246212612838] [0.0376512259245]
0.034368813969199996 [0.0263620298356] [0.0423755981028]
0.0403203172609 [0.0302197355777] [0.0504208989441]
0.049854638055 [0.0362160690129] [0.0634932070971]
0.062112130224699996 [0.0430120974779] [0.0812121629715]
0.0731691606343 [0.0480901449919] [0.0982481762767]
0.08276328817035 [0.0514063611627] [0.114120215178]
0.09225880913444999 [0.0552084259689] [0.1293091923]
0.1026568021624 [0.0596423260868] [0.145671278238]
0.11248142272215 [0.0667386054993] [0.158224239945]
0.121047541499 [0.075997710228] [0.16609737277]
0.1276729553938 [0.0857038646936] [0.169642046094]
0.12997480481855 [0.0920420438051] [0.167907565832]
0.12800938263555 [0.0928392186761] [0.163179546595]
0.1243878155946 [0.0913393944502] [0.157436236739]
0.11932737380280001 [0.0873226225376] [0.151332125068]
0.11264986544865 [0.0820916444063] [0.143208086491]
0.10516313835979998 [0.0759530737996] [0.13437320292]
0.0931342504919 [0.0683663785458] [0.117902122438]
0.08134792558855 [0.0599909536541] [0.102704897523]
0.07070138119160001 [0.0523640029132] [0.08903875947]
0.061707850545650006 [0.0468289107084] [0.0765867903829]
0.055237961933 [0.0436958633363] [0.0667800605297]
0.05114000849425 [0.0422938130796] [0.0599862039089]
0.04888959787785 [0.0417426154017] [0.056036580354]
0.0485277939588 [0.0422286242247] [0.0548269636929]
0.04984005354345 [0.0434815920889] [0.056198514998]
0.05194479040805 [0.0446146987379] [0.0592748820782]
0.0538218021393 [0.0448597967625] [0.0627838075161]
0.054139886051399994 [0.0433314889669] [0.0649482831359]
0.05232924595475 [0.0400525331497] [0.0646059587598]
0.049960885196949995 [0.0367696285248] [0.0631521418691]
0.0484362579882 [0.0351858921349] [0.0616866238415]
0.04808905161915 [0.0351702980697] [0.0610078051686]
0.04901467077435 [0.0363842621446] [0.0616450794041]
0.05137105844915 [0.037902187556] [0.0648399293423]
0.053758924827 [0.0389130972326] [0.0686047524214]
0.05391988903285 [0.0388619825244] [0.0689777955413]
0.0523914024234 [0.0376727804542] [0.0671100243926]
0.0494565740228 [0.0360257700086] [0.062887378037]
0.0461194496602 [0.034541901201] [0.0576969981194]
0.04308929853144999 [0.0333262123168] [0.0528523847461]
0.0410902071744 [0.0330833867192] [0.0490970276296]
0.0397827960551 [0.0333156473935] [0.0462499447167]
0.03934840671715 [0.0340650193393] [0.044631794095]
0.0397517085075 [0.0353675074875] [0.0441359095275]
0.0406172927469 [0.0370139442384] [0.0442206412554]
0.04187958687545 [0.0391534008086] [0.0446057729423]
0.0435276348144 [0.0419557057321] [0.0450995638967]
0.04543171077965 [0.0451802574098] [0.0456831641495]
0.0478774160147 [0.0490546859801] [0.0467001460493]
0.051493799313899996 [0.0538090765476] [0.0491785220802]
0.056031811982399995 [0.0586634203792] [0.0534002035856]
0.061595212668200006 [0.063437871635] [0.0597525537014]
0.0687530748546 [0.0685069411993] [0.0689992085099]
0.0765314102173 [0.0732866972685] [0.0797761231661]
0.08340664207935 [0.0774633139372] [0.0893499702215]
0.08818793669345 [0.0807592049241] [0.0956166684628]
0.09237204492095 [0.0837284401059] [0.101015649736]
0.09712667763225 [0.0880788341165] [0.106174521148]
0.1009048260748 [0.0952877402306] [0.106521911919]
0.10088151693335 [0.102646268904] [0.0991167649627]
0.09456690773365001 [0.103535875678] [0.0855979397893]
0.08451770246025 [0.0967424958944] [0.0722929090261]
0.07586843147875 [0.0890128389001] [0.0627240240574]
0.07059451937675 [0.0840801000595] [0.057108938694]
0.0679636113346 [0.0817881971598] [0.0541390255094]
0.06536011397835 [0.0785433426499] [0.0521768853068]
0.06269602291285 [0.0752722471952] [0.0501197986305]
0.060031311586500005 [0.0724364370108] [0.0476261861622]
0.05837620049715 [0.0713125914335] [0.0454398095608]
0.0581430960447 [0.072076946497] [0.0442092455924]
0.05855275504295 [0.0738784372807] [0.0432270728052]
0.057225275784700005 [0.07413610816] [0.0403144434094]
0.0532137900591 [0.0714970231056] [0.0349305570126]
0.0475862957537 [0.0665905177593] [0.0285820737481]
0.04241368733345 [0.0613854303956] [0.0234419442713]
0.0387762570754 [0.0571018792689] [0.0204506348819]
0.0365279065445 [0.0538699403405] [0.0191858727485]
0.0351827619597 [0.0514127425849] [0.0189527813345]
0.0343545833603 [0.049606833607] [0.0191023331136]
0.03381798695775 [0.0485147535801] [0.0191212203354]
0.0335901752114 [0.0482927151024] [0.0188876353204]
0.0337358256802 [0.048950958997] [0.0185206923634]
0.03435558173805 [0.0506123192608] [0.0180988442153]
0.034897302277349995 [0.0521187894046] [0.0176758151501]
0.03514165058735 [0.0530680790544] [0.0172152221203]
0.0350671894848 [0.0532584674656] [0.016875911504]
0.03487218916415 [0.052816491574] [0.0169278867543]
0.03521345183255 [0.0526378527284] [0.0177890509367]
0.03632519580425 [0.0528126358986] [0.0198377557099]
0.03762631397695 [0.0521181114018] [0.0231345165521]
