0.11751450970749999 [0.133193030953] [0.101835988462]
0.1297920905055 [0.157748192549] [0.101835988462]
0.1297920905055 [0.157748192549] [0.101835988462]
0.1207493953405 [0.139662802219] [0.101835988462]
0.11289548873899999 [0.123954989016] [0.101835988462]
0.108092997223 [0.114350005984] [0.101835988462]
0.106853466481 [0.1118709445] [0.101835988462]
0.107467737049 [0.113099485636] [0.101835988462]
0.1082865446805 [0.114737100899] [0.101835988462]
0.107133567333 [0.112431146204] [0.101835988462]
0.1026678681375 [0.103499747813] [0.101835988462]
0.09613954648375 [0.0904431045055] [0.101835988462]
0.0892087928951 [0.0765815973282] [0.101835988462]
0.08442725613714999 [0.0670185238123] [0.101835988462]
0.08442725613714999 [0.0670185238123] [0.101835988462]
0.08442725613714999 [0.0670185238123] [0.101835988462]
0.08442725613714999 [0.0670185238123] [0.101835988462]
0.08442725613714999 [0.0670185238123] [0.101835988462]
0.08852883800865 [0.0752216875553] [0.101835988462]
0.09868748113515 [0.0955389738083] [0.101835988462]
0.11804320290699999 [0.134250417352] [0.101835988462]
0.11804320290699999 [0.134250417352] [0.101835988462]
0.11804320290699999 [0.134250417352] [0.101835988462]
0.11804320290699999 [0.134250417352] [0.101835988462]
0.11804320290699999 [0.134250417352] [0.101835988462]
0.11804320290699999 [0.134250417352] [0.101835988462]
0.11804320290699999 [0.134250417352] [0.101835988462]
0.0796220842749 [0.0574081800878] [0.101835988462]
0.08004265464844999 [0.0582493208349] [0.101835988462]
0.08046605251729999 [0.0590961165726] [0.101835988462]
0.08099384605885 [0.0601517036557] [0.101835988462]
0.0816485602409 [0.0614611320198] [0.101835988462]
0.08246740698815 [0.0630988255143] [0.101835988462]
0.0830737128854 [0.0643114373088] [0.101835988462]
0.083262398839 [0.064688809216] [0.101835988462]
0.08309268951415 [0.0643493905663] [0.101835988462]
0.0826934501529 [0.0635509118438] [0.101835988462]
0.0822476781905 [0.062659367919] [0.101835988462]
0.0819988679141 [0.0621617473662] [0.101835988462]
0.08270869031549999 [0.063581392169] [0.101835988462]
0.08476367592815 [0.0676913633943] [0.101835988462]
0.08793086558579999 [0.0740257427096] [0.101835988462]
0.09295248240234999 [0.0840689763427] [0.101835988462]
0.0992006212473 [0.0965652540326] [0.101835988462]
0.10558629781000001 [0.109336607158] [0.101835988462]
0.1102597750725 [0.118683561683] [0.101835988462]
0.1130034439265 [0.124170899391] [0.101835988462]
0.11581647023549999 [0.129796952009] [0.101835988462]
0.1190715245905 [0.136307060719] [0.101835988462]
0.12307954207050001 [0.144323095679] [0.101835988462]
0.128166090697 [0.154496192932] [0.101835988462]
0.1337717436255 [0.165707498789] [0.101835988462]
0.139207813889 [0.176579639316] [0.101835988462]
0.1434498615565 [0.185063734651] [0.101835988462]
0.144492108375 [0.187148228288] [0.101835988462]
0.1414720751345 [0.181108161807] [0.101835988462]
0.134817842394 [0.167799696326] [0.101835988462]
0.12618604674949999 [0.150536105037] [0.101835988462]
0.118730273098 [0.135624557734] [0.101835988462]
0.1130239218475 [0.124211855233] [0.101835988462]
0.1098442822695 [0.117852576077] [0.101835988462]
0.10896941274399999 [0.116102837026] [0.101835988462]
0.1090427823365 [0.116249576211] [0.101835988462]
0.10752850398399999 [0.113221019506] [0.101835988462]
0.104718029499 [0.107600070536] [0.101835988462]
0.1014457046985 [0.101055420935] [0.101835988462]
0.1001713089645 [0.098506629467] [0.101835988462]
0.10120940953499999 [0.100582830608] [0.101835988462]
0.1033098064365 [0.104783624411] [0.101835988462]
0.1056333445015 [0.109430700541] [0.101835988462]
0.1078833416105 [0.113930694759] [0.101835988462]
0.11001700907949999 [0.118198029697] [0.101835988462]
0.1119931153955 [0.122150242329] [0.101835988462]
0.11350363865499999 [0.125171288848] [0.101835988462]
0.113634672016 [0.12543335557] [0.101835988462]
0.11317005753500001 [0.124504126608] [0.101835988462]
0.1124664098025 [0.123096831143] [0.101835988462]
0.112446028739 [0.123056069016] [0.101835988462]
0.113340213895 [0.124844439328] [0.101835988462]
0.1133395172655 [0.124843046069] [0.101835988462]
0.112653810531 [0.1234716326] [0.101835988462]
0.1112716794015 [0.120707370341] [0.101835988462]
0.109520852566 [0.11720571667] [0.101835988462]
0.106927841902 [0.112019695342] [0.101835988462]
0.1048504821955 [0.107864975929] [0.101835988462]
0.103480838239 [0.105125688016] [0.101835988462]
0.102671574801 [0.10350716114] [0.101835988462]
0.1025640554725 [0.103292122483] [0.101835988462]
0.1032608263195 [0.104685664177] [0.101835988462]
0.104929473251 [0.10802295804] [0.101835988462]
0.10755534842600001 [0.11327470839] [0.101835988462]
0.11068183556200001 [0.119527682662] [0.101835988462]
0.11311924830100001 [0.12440250814] [0.101835988462]
0.1141650788485 [0.126494169235] [0.101835988462]
0.114684011787 [0.127532035112] [0.101835988462]
0.11647932603950001 [0.131122663617] [0.101835988462]
0.1200736425815 [0.138311296701] [0.101835988462]
0.12464689090850001 [0.147457793355] [0.101835988462]
0.1293559484185 [0.156875908375] [0.101835988462]
0.1331162266435 [0.164396464825] [0.101835988462]
0.135038141161 [0.16824029386] [0.101835988462]
0.1358975432815 [0.169959098101] [0.101835988462]
0.136263821274 [0.170691654086] [0.101835988462]
0.136818859726 [0.17180173099] [0.101835988462]
0.1370950229465 [0.172354057431] [0.101835988462]
0.1364750005305 [0.171114012599] [0.101835988462]
0.134147528559 [0.166459068656] [0.101835988462]
0.1307188533245 [0.159601718187] [0.101835988462]
0.1273434497415 [0.152850911021] [0.101835988462]
0.12444541230799999 [0.147054836154] [0.101835988462]
0.1215392909945 [0.141242593527] [0.101835988462]
0.11866502836349999 [0.135494068265] [0.101835988462]
0.11576373502599999 [0.12969148159] [0.101835988462]
0.11286187544449999 [0.123887762427] [0.101835988462]
0.1106146089735 [0.119393229485] [0.101835988462]
0.108991935849 [0.116147883236] [0.101835988462]
0.10777605325 [0.113716118038] [0.101835988462]
0.1063151173295 [0.110794246197] [0.101835988462]
0.102920137346 [0.10400428623] [0.101835988462]
0.10019906237725 [0.0985621362925] [0.101835988462]
0.0972551442683 [0.0926743000746] [0.101835988462]
0.09414729848504999 [0.0864586085081] [0.101835988462]
