0.019465594552435 [0.00636519677937] [0.0325659923255]
0.021015179809175 [0.00787168275565] [0.0341586768627]
0.0234419084154 [0.0100625297055] [0.0368212871253]
0.026009339373550003 [0.011801998131] [0.0402166806161]
0.0291073168628 [0.0133466040716] [0.044868029654]
0.0325003997423 [0.0137771898881] [0.0512236095965]
0.0372589388862 [0.0160127636045] [0.0585051141679]
0.04288462735715 [0.0220804549754] [0.0636887997389]
0.04839105531575 [0.0325682163239] [0.0642138943076]
0.05152510851625 [0.0448787286878] [0.0581714883447]
0.05381385050715 [0.0556748881936] [0.0519528128207]
0.056076386943450005 [0.0638634264469] [0.04828934744]
0.05777053721245 [0.0698491632938] [0.0456919111311]
0.05879581533375 [0.0742763280869] [0.0433153025806]
0.05933459848165 [0.0774710252881] [0.0411981716752]
0.0597193222493 [0.0794511586428] [0.0399874858558]
0.0624524243176 [0.0849689617753] [0.0399358868599]
0.06580747663975 [0.0920171886683] [0.0395977646112]
0.0697744656355 [0.100271984935] [0.039276946336]
0.0741506777706 [0.109222941101] [0.0390784144402]
0.0776199810207 [0.116558931768] [0.0386810302734]
0.0796255003663 [0.120938405395] [0.0383125953376]
0.080676401034 [0.122964784503] [0.038388017565]
0.0814752560108 [0.124186247587] [0.0387642644346]
0.0827282108366 [0.125541999936] [0.0399144217372]
0.08506114780884999 [0.12776748836] [0.0423548072577]
0.0903500281275 [0.132228896022] [0.048471160233]
0.0987783446907 [0.134530842304] [0.0630258470774]
0.11115831136705 [0.13132417202] [0.0909924507141]
0.1248823069035 [0.122738756239] [0.127025857568]
0.1322019658985 [0.11482758075] [0.149576351047]
0.135836619884 [0.111489273608] [0.16018396616]
0.1390978246925 [0.111567378044] [0.166628271341]
0.1397674903275 [0.111386567354] [0.168148413301]
0.1369336768985 [0.108364090323] [0.165503263474]
0.1289220154285 [0.103624299169] [0.154219731688]
0.1150940321385 [0.096932284534] [0.133255779743]
0.1009842678904 [0.0884355083108] [0.11353302747]
0.08753366023305 [0.0773602500558] [0.0977070704103]
0.07590033486485 [0.0648931264877] [0.086907543242]
0.06767114810645 [0.0550367347896] [0.0803055614233]
0.06250662542879999 [0.0478565730155] [0.0771566778421]
0.0594485476613 [0.0428714007139] [0.0760256946087]
0.0578444059938 [0.0395235531032] [0.0761652588844]
0.057277694344550004 [0.0373496040702] [0.0772057846189]
0.05779519304635 [0.0360008478165] [0.0795895382762]
0.05958907306195 [0.0355755984783] [0.0836025476456]
0.0627936255187 [0.0360942296684] [0.089493021369]
0.06681021116675 [0.0376094840467] [0.0960109382868]
0.07167992368355 [0.0397875830531] [0.103572264314]
0.07678151316945 [0.0419915057719] [0.111571520567]
0.08252097107455 [0.0439007841051] [0.121141158044]
0.09019954130060001 [0.0454642102122] [0.134934872389]
0.10054159909495 [0.0476772040129] [0.153405994177]
0.11188240349305 [0.0508073270321] [0.172957479954]
0.1214985605331 [0.0535506866872] [0.189446434379]
0.12675174884505 [0.0544641874731] [0.199039310217]
0.12862951867305 [0.0540593825281] [0.203199654818]
0.12821250781395 [0.0534800514579] [0.20294496417]
0.12719361856595 [0.0539161935449] [0.200471043587]
0.12566387094535 [0.0550252385437] [0.196302503347]
0.1226790547373 [0.0550864487886] [0.190271660686]
0.11805903725344999 [0.0540821962059] [0.182035878301]
0.1122453864664 [0.0522204898298] [0.172270283103]
0.10836046002795 [0.0503490976989] [0.166371822357]
0.10714604333025 [0.0503585115075] [0.163933575153]
0.10635277442635 [0.0541819296777] [0.158523619175]
0.1068404708059 [0.0620661266148] [0.151614814997]
0.11126527935275 [0.0742909014225] [0.148239657283]
0.11789388954645 [0.0901113599539] [0.145676419139]
0.126267783344 [0.110111087561] [0.142424479127]
0.1345719099045 [0.135518506169] [0.13362531364]
0.143434677273 [0.167342245579] [0.119527108967]
0.148301322013 [0.191650867462] [0.104951776564]
0.1433277316391 [0.194169461727] [0.0924860015512]
0.13257518783225 [0.181301802397] [0.0838485732675]
0.1238947436216 [0.168986037374] [0.0788034498692]
0.11868046969160001 [0.161289528012] [0.0760714113712]
0.11587421223545 [0.157009467483] [0.0747389569879]
0.11470456421355 [0.155257478356] [0.0741516500711]
0.11390483006825 [0.15380205214] [0.0740076079965]
0.11192810162899999 [0.150094538927] [0.073761664331]
0.1076256893573 [0.142803907394] [0.0724474713206]
0.1010609567164 [0.132423341274] [0.0696985721588]
0.0942208282649 [0.121926344931] [0.0665153115988]
0.08896460011585 [0.113777555525] [0.0641516447067]
0.08671540394415 [0.109307579696] [0.0641232281923]
0.0862587802111 [0.104931913316] [0.0675856471062]
0.08912449330114999 [0.102366663516] [0.0758823230863]
0.09464015066625 [0.101301163435] [0.0879791378975]
0.101663723588 [0.10206361115] [0.101263836026]
0.1087068766355 [0.106765307486] [0.110648445785]
0.11536137759699999 [0.11613124609] [0.114591509104]
0.12017343193300001 [0.124852754176] [0.11549410969]
0.1217281445865 [0.128573507071] [0.114882782102]
0.120658036321 [0.127024531364] [0.114291541278]
0.11959375441100001 [0.125250607729] [0.113936901093]
0.119292423129 [0.124536253512] [0.114048592746]
0.118736606091 [0.122371897101] [0.115101315081]
0.1163185834885 [0.115758955479] [0.116878211498]
0.1125576645135 [0.106259152293] [0.118856176734]
0.1076049767436 [0.0945174321532] [0.120692521334]
0.1022938713429 [0.0817426294088] [0.122845113277]
0.0970800556245 [0.070596896112] [0.123563215137]
0.09297922626115 [0.0618515461683] [0.124106906354]
0.09069212712335001 [0.0568961314857] [0.124488122761]
0.09037058241660001 [0.0543465651572] [0.126394599676]
0.09092749096460001 [0.0533103831112] [0.128544598818]
0.091969380155 [0.053380895406] [0.130557864904]
0.09232241474094999 [0.0547531507909] [0.129891678691]
0.0915047992021 [0.0577539987862] [0.125255599618]
0.0912305526433 [0.0622121468186] [0.120248958468]
0.0909436307848 [0.0671793594956] [0.114707902074]
0.0899946503343 [0.0719752684236] [0.108014032245]
0.08861859515305 [0.0776924565434] [0.0995447337627]
0.08754432573915 [0.0851356685162] [0.0899529829621]
0.08799992874265 [0.0945147871971] [0.0814850702882]
0.09083771333099999 [0.106210179627] [0.075465247035]
0.09529943019145001 [0.119185335934] [0.0714135244489]
0.09990746527905 [0.131676480174] [0.0681384503841]
0.1025472097098 [0.140212908387] [0.0648815110326]
0.100827191025 [0.140102058649] [0.061552323401]
