0.045448064804050003 [0.0490378029644] [0.0418583266437]
0.0457433462143 [0.0496283657849] [0.0418583266437]
0.0469758156687 [0.0520933046937] [0.0418583266437]
0.046508988365549994 [0.0511596500874] [0.0418583266437]
0.04559388943015 [0.0493294522166] [0.0418583266437]
0.04501716420055 [0.0481760017574] [0.0418583266437]
0.0450162552297 [0.0481741838157] [0.0418583266437]
0.045345041900899996 [0.0485273934901] [0.0421626903117]
0.044520322233449997 [0.0485292263329] [0.040511418134]
0.04365887492895 [0.0480799227953] [0.0392378270626]
0.043320849537849995 [0.0482696667314] [0.0383720323443]
0.04471784643825 [0.0510636605322] [0.0383720323443]
0.0485854297876 [0.0587988272309] [0.0383720323443]
0.048791017383299995 [0.0587988272309] [0.0387832075357]
0.0490239281207 [0.0587988272309] [0.0392490290105]
0.04920568317175 [0.0587988272309] [0.0396125391126]
0.049360273405900004 [0.0587988272309] [0.0399217195809]
0.0785802286116 [0.116961292922] [0.0401991643012]
0.06575806811455 [0.0907454118133] [0.0407707244158]
0.0581380780786 [0.0753365010023] [0.0409396551549]
0.0540627837181 [0.0674930438399] [0.0406325235963]
0.0524382889271 [0.0646137073636] [0.0402628704906]
0.05249948985875 [0.0646865963936] [0.0403123833239]
0.05506797879935 [0.0664025321603] [0.0437334254384]
0.0609331931919 [0.0689295604825] [0.0529368259013]
0.07150700315835 [0.070988021791] [0.0720259845257]
0.0721338801086 [0.0713824406266] [0.0728853195906]
0.0714733339846 [0.0694053918123] [0.0735412761569]
0.0694242194295 [0.065406575799] [0.07344186306]
0.0650557745248 [0.0568917654455] [0.0732197836041]
0.06303591653705 [0.0526732727885] [0.0733985602856]
0.06172301061455 [0.0492268390954] [0.0742191821337]
0.0636162627488 [0.0473144240677] [0.0799181014299]
0.06861849315464999 [0.0476814694703] [0.089555516839]
0.07492020353675 [0.0504393130541] [0.0994010940194]
0.07969830185155 [0.0544044002891] [0.104992203414]
0.08023406565175 [0.0568121522665] [0.103655979037]
0.07775401696565 [0.0557821840048] [0.0997258499265]
0.07299218326805 [0.0511317029595] [0.0948526635766]
0.0666106790304 [0.0437668561935] [0.0894545018673]
0.06023115105925 [0.0362804420292] [0.0841818600893]
0.0576760265976 [0.0362804420292] [0.079071611166]
0.0550712626427 [0.0362804420292] [0.0738620832562]
0.0550712626427 [0.0362804420292] [0.0738620832562]
0.0550712626427 [0.0362804420292] [0.0738620832562]
0.0550712626427 [0.0362804420292] [0.0738620832562]
0.0550712626427 [0.0362804420292] [0.0738620832562]
0.0550712626427 [0.0362804420292] [0.0738620832562]
0.0550712626427 [0.0362804420292] [0.0738620832562]
0.0364806689322 [0.0362804420292] [0.0366808958352]
0.07974702492355 [0.119729347527] [0.0397647023201]
0.0786377135662 [0.114576041698] [0.0426993854344]
0.0763184409586 [0.107123099267] [0.0455137826502]
0.07298132032155 [0.0978732258081] [0.048089414835]
0.0693753995001 [0.0883884876966] [0.0503623113036]
0.0661121755838 [0.0801281034946] [0.052096247673]
0.0635575056076 [0.0739661231637] [0.0531488880515]
0.0620040167123 [0.0699726119637] [0.0540354214609]
0.0613301508129 [0.0675072818995] [0.0551530197263]
0.06135661527515 [0.0660020560026] [0.0567111745477]
0.061624275520449995 [0.0650424212217] [0.0582061298192]
0.06750823929905 [0.0645626783371] [0.070453800261]
0.07476799562575001 [0.0633751899004] [0.0861608013511]
0.0797091163695 [0.0611711293459] [0.0982471033931]
0.08011975884440001 [0.0604889690876] [0.0997505486012]
0.07725415751339999 [0.0592776909471] [0.0952306240797]
0.0733916964382 [0.058127630502] [0.0886557623744]
0.06917683035135 [0.0565562844276] [0.0817973762751]
0.06610562838615 [0.0571968443692] [0.0750144124031]
0.0644475761801 [0.0609706006944] [0.0679245516658]
0.06389457546175001 [0.0665556713939] [0.0612334795296]
0.06485523097215 [0.0741358399391] [0.0555746220052]
0.0662772618234 [0.0812791958451] [0.0512753278017]
0.06704205088314999 [0.0854691341519] [0.0486149676144]
0.06690513715150001 [0.0861943885684] [0.0476158857346]
0.06610105559229999 [0.0839963927865] [0.0482057183981]
0.06442615762355 [0.0788751617074] [0.0499771535397]
0.0619788002223 [0.0712378174067] [0.0527197830379]
0.059372264891850005 [0.0628146007657] [0.055929929018]
0.0573985092342 [0.0556215196848] [0.0591754987836]
0.055939968675400006 [0.0501235201955] [0.0617564171553]
0.0548351835459 [0.0457231663167] [0.0639472007751]
0.05352323688565 [0.0412280894816] [0.0658183842897]
0.0516302604228 [0.0354684628546] [0.067792057991]
0.049479899928 [0.0281116180122] [0.0708481818438]
0.04828738700595 [0.0205387677997] [0.0760360062122]
0.0493656741455 [0.0145188886672] [0.0842124596238]
0.0516958413646 [0.0106335859746] [0.0927580967546]
0.050890155136570005 [0.00806219130754] [0.0937181189656]
0.043592334492115 [0.00657288869843] [0.0806117802858]
0.033442210638895 [0.00579581456259] [0.0610886067152]
0.024926709244025 [0.00544405775145] [0.0444093607366]
0.018951380392545 [0.00541753647849] [0.0324852243066]
0.0153260997031 [0.0055895508267] [0.0250626485795]
0.013356320094339999 [0.00584837142378] [0.0208642687649]
0.01287383516318 [0.00616720179096] [0.0195804685354]
0.013506960822295 [0.00644962443039] [0.0205642972142]
0.01445036171934 [0.00633401004598] [0.0225667133927]
