0.07316929101945 [0.0445025935769] [0.101835988462]
0.0718070920557 [0.0417781956494] [0.101835988462]
0.07083064690235 [0.0398253053427] [0.101835988462]
0.0703656356782 [0.0388952828944] [0.101835988462]
0.07039217464625 [0.0389483608305] [0.101835988462]
0.0708260461688 [0.0398161038756] [0.101835988462]
0.071498548612 [0.041161108762] [0.101835988462]
0.07225451432169999 [0.0426730401814] [0.101835988462]
0.0730712749064 [0.0443065613508] [0.101835988462]
0.07375825569035 [0.0456805229187] [0.101835988462]
0.0740171633661 [0.0461983382702] [0.101835988462]
0.0737816710025 [0.045727353543] [0.101835988462]
0.0736157372594 [0.0453954860568] [0.101835988462]
0.0733925588429 [0.0449491292238] [0.101835988462]
0.072336724028 [0.042837459594] [0.101835988462]
0.07004118524495 [0.0382463820279] [0.101835988462]
0.06730890087784999 [0.0327818132937] [0.101835988462]
0.065175681375 [0.028515374288] [0.101835988462]
0.06410324014725 [0.0263704918325] [0.101835988462]
0.06381535250695 [0.0257947165519] [0.101835988462]
0.06335941702129999 [0.0248828455806] [0.101835988462]
0.06279015913605 [0.0237443298101] [0.101835988462]
0.062067226506799994 [0.0222984645516] [0.101835988462]
0.061258490197349996 [0.0206809919327] [0.101835988462]
0.06046179961415 [0.0190876107663] [0.101835988462]
0.05970972031355 [0.0175834521651] [0.101835988462]
0.059010053053499996 [0.016184117645] [0.101835988462]
0.058359296526749996 [0.0148826045915] [0.101835988462]
0.0578662916087 [0.0138965947554] [0.101835988462]
0.0577030973509 [0.0135702062398] [0.101835988462]
0.05806906148795 [0.0143021345139] [0.101835988462]
0.05806906148795 [0.0143021345139] [0.101835988462]
0.05806906148795 [0.0143021345139] [0.101835988462]
0.05806906148795 [0.0143021345139] [0.101835988462]
0.05806906148795 [0.0143021345139] [0.101835988462]
0.1555056907235 [0.209175392985] [0.101835988462]
0.1490430124105 [0.196250036359] [0.101835988462]
0.144670609385 [0.187505230308] [0.101835988462]
0.1418216638265 [0.181807339191] [0.101835988462]
0.139702413231 [0.177568838] [0.101835988462]
0.1377422250805 [0.173648461699] [0.101835988462]
0.13517100736499998 [0.168506026268] [0.101835988462]
0.131658706814 [0.161481425166] [0.101835988462]
0.1278496198355 [0.153863251209] [0.101835988462]
0.124843697995 [0.147851407528] [0.101835988462]
0.123250629753 [0.144665271044] [0.101835988462]
0.12289196625349999 [0.143947944045] [0.101835988462]
0.119277585298 [0.136719182134] [0.101835988462]
0.1169959567485 [0.132155925035] [0.101835988462]
0.11484321579349999 [0.127850443125] [0.101835988462]
0.112353079021 [0.12287016958] [0.101835988462]
0.108680780977 [0.115525573492] [0.101835988462]
0.104703105986 [0.10757022351] [0.101835988462]
0.102240771055 [0.102645553648] [0.101835988462]
0.1015116535125 [0.101187318563] [0.101835988462]
0.1023269705475 [0.102817952633] [0.101835988462]
0.1042791344225 [0.106722280383] [0.101835988462]
0.10702541843050001 [0.112214848399] [0.101835988462]
0.1083943620325 [0.114952735603] [0.101835988462]
0.10579514130949999 [0.109754294157] [0.101835988462]
0.10012750700119999 [0.0984190255404] [0.101835988462]
0.09395873174075 [0.0860814750195] [0.101835988462]
0.0883551128209 [0.0748742371798] [0.101835988462]
0.08449808135629999 [0.0671601742506] [0.101835988462]
0.08270859345795001 [0.0635811984539] [0.101835988462]
0.08296217769385 [0.0640883669257] [0.101835988462]
0.0848120003939 [0.0677880123258] [0.101835988462]
0.08732699975375 [0.0728180110455] [0.101835988462]
0.089176222682 [0.076516456902] [0.101835988462]
0.08961732685564999 [0.0773986652493] [0.101835988462]
0.08902965486049999 [0.076223321259] [0.101835988462]
0.08784145861865 [0.0738469287753] [0.101835988462]
0.08666333183649999 [0.071490675211] [0.101835988462]
0.0855168513954 [0.0691977143288] [0.101835988462]
0.08504869043829999 [0.0682613924146] [0.101835988462]
0.08571692556145 [0.0695978626609] [0.101835988462]
0.08836684748529999 [0.0748977065086] [0.101835988462]
0.09327096119525 [0.0847059339285] [0.101835988462]
0.09855900332334999 [0.0952820181847] [0.101835988462]
0.1030738316475 [0.104311674833] [0.101835988462]
0.1056576929985 [0.109479397535] [0.101835988462]
0.1060872226955 [0.110338456929] [0.101835988462]
0.105093229562 [0.108350470662] [0.101835988462]
0.103559907526 [0.10528382659] [0.101835988462]
0.1025698184965 [0.103303648531] [0.101835988462]
0.101968500763 [0.102101013064] [0.101835988462]
0.100545886904 [0.099255785346] [0.101835988462]
0.0971102565527 [0.0923845246434] [0.101835988462]
0.09149263054135 [0.0811492726207] [0.101835988462]
0.08427004888655 [0.0667041093111] [0.101835988462]
0.0792249813676 [0.0566139742732] [0.101835988462]
0.0758353956044 [0.0498348027468] [0.101835988462]
0.0731600355357 [0.0444840826094] [0.101835988462]
0.0709441304207 [0.0400522723794] [0.101835988462]
