0.07274490687990001 [0.0186813492328] [0.126808464527]
0.0706401998178 [0.0173736382276] [0.123906761408]
0.06818819232275 [0.0160775743425] [0.120298810303]
0.0658586118368 [0.0150647871196] [0.116652436554]
0.0639339368788 [0.0141752548516] [0.113692618906]
0.06447248626504999 [0.0136531088501] [0.11529186368]
0.06739669013755 [0.0136531088501] [0.121140271425]
0.07067817915204999 [0.0136531088501] [0.127703249454]
0.07209156174204999 [0.0136531088501] [0.130530014634]
0.07121031451955 [0.0136531088501] [0.128767520189]
0.06889394018804999 [0.0136531088501] [0.124134771526]
0.06540471036005 [0.0136531088501] [0.11715631187]
0.0656740730631 [0.0212119724602] [0.110136173666]
0.06285414844775 [0.0201809331775] [0.105527363718]
0.06299320422115 [0.0211186744273] [0.104867734015]
0.06595322582895 [0.0234463084489] [0.108460143209]
0.0706661762671 [0.0263795796782] [0.114952772856]
0.07627616543325 [0.0287039820105] [0.123848348856]
0.0803482299671 [0.0298242401332] [0.130872219801]
0.08240395691260001 [0.0298242401332] [0.134983673692]
0.0839143460616 [0.0298242401332] [0.13800445199]
0.0853962218391 [0.0298242401332] [0.140968203545]
0.0894777765496 [0.0298242401332] [0.149131312966]
0.0925898021086 [0.0298242401332] [0.155355364084]
0.09250185173020001 [0.0296301748604] [0.1553735286]
0.0907968999819 [0.0299020651728] [0.151691734791]
0.0875086896121 [0.0313354805112] [0.143681898713]
0.08452708460405 [0.0346662886441] [0.134387880564]
0.0836296714842 [0.0403553918004] [0.126903951168]
0.0833905451002 [0.0475568026304] [0.11922428757]
0.07909093052169999 [0.0475568026304] [0.110625058413]
0.0748361162842 [0.0475568026304] [0.102115429938]
0.07121722400185 [0.0475568026304] [0.0948776453733]
0.0688216090202 [0.0475568026304] [0.09008641541]
0.0676059834659 [0.0475568026304] [0.0876551643014]
0.0671622380614 [0.0475568026304] [0.0867676734924]
0.06681148335334999 [0.0475568026304] [0.0860661640763]
0.0657238252461 [0.0475568026304] [0.0838908478618]
0.06358324363825 [0.0475568026304] [0.0796096846461]
0.060671016573900005 [0.0475568026304] [0.0737852305174]
0.05750264972445 [0.0475568026304] [0.0674484968185]
0.045146584510799996 [0.0280903279781] [0.0622028410435]
0.0441760374233 [0.0295853000134] [0.0587667748332]
0.04407350253315 [0.0310698244721] [0.0570771805942]
0.045008121058350004 [0.0323799848557] [0.057636257261]
0.04744355008005 [0.0332016311586] [0.0616854690015]
0.05323206447065 [0.0336091555655] [0.0728549733758]
0.06450083106755 [0.0340498313308] [0.0949518308043]
0.079683171585 [0.034795191139] [0.124571152031]
0.0940763745456 [0.0357876308262] [0.152365118265]
0.1035805717112 [0.0369308143854] [0.170230329037]
0.1067430078982 [0.0380804240704] [0.175405591726]
0.10526190511895 [0.0390466116369] [0.171477198601]
0.10695347562435001 [0.0459431037307] [0.167963847518]
0.10788827762020001 [0.0491580441594] [0.166618511081]
0.11055679991845 [0.0536030903459] [0.167510509491]
0.115564217791 [0.059955727309] [0.171172708273]
0.12045842036595 [0.0635000839829] [0.177416756749]
0.1254285164175 [0.065478824079] [0.185378208756]
0.13093192130305 [0.0672224313021] [0.194641411304]
0.1366014108063 [0.0697222203016] [0.203480601311]
0.14222068339604998 [0.0743745267391] [0.210066840053]
0.14574436843420002 [0.0784765928984] [0.21301214397]
0.1469352319836 [0.0800631642342] [0.213807299733]
0.14643677696585 [0.0783697143197] [0.214503839612]
0.14647936820965 [0.0749452859163] [0.218013450503]
0.14877291396285 [0.0713927969337] [0.226153030992]
0.15335211902875 [0.0694955438375] [0.23720869422]
0.15952534973625 [0.0700761675835] [0.248974531889]
0.1661029867828 [0.0735585317016] [0.258647441864]
0.17250106856235 [0.0798224434257] [0.265179693699]
0.1764583922922 [0.0851601436734] [0.267756640911]
0.1767783984543 [0.0871797055006] [0.266377091408]
0.17472733557225 [0.0873437821865] [0.262110888958]
0.1727856211366 [0.0871206447482] [0.258450597525]
0.1723566129806 [0.0874468237162] [0.257266402245]
0.17521354183545002 [0.0900356993079] [0.260391384363]
0.18092241883275 [0.0932594537735] [0.268585383892]
0.18804212659590003 [0.0996221154928] [0.276462137699]
0.196906812489 [0.110487893224] [0.283325731754]
0.2066534385085 [0.126788780093] [0.286518096924]
0.21593349426949998 [0.148073390126] [0.283793598413]
0.223767757416 [0.169298142195] [0.278237372637]
0.22747761756200002 [0.183316126466] [0.271639108658]
0.226318359375 [0.184818565845] [0.267818152905]
0.22285314649350002 [0.179241076112] [0.266465216875]
0.21748646348700001 [0.172467216849] [0.262505710125]
0.211408354342 [0.168659582734] [0.25415712595]
0.2046390101315 [0.168032079935] [0.241245940328]
0.198075413704 [0.17014554143] [0.226005285978]
0.192166134715 [0.172792330384] [0.211539939046]
0.18712761998150002 [0.171988740563] [0.2022664994]
0.1836306899785 [0.169512182474] [0.197749197483]
0.1787268146875 [0.161359280348] [0.196094349027]
0.1722457781435 [0.148880258203] [0.195611298084]
0.164853744209 [0.134359955788] [0.19534753263]
0.158227816224 [0.12140750885] [0.195048123598]
0.152865767479 [0.112383008003] [0.193348526955]
0.147670853883 [0.107878752053] [0.187462955713]
0.140921521932 [0.105888657272] [0.175954386592]
0.131938267499 [0.103192068636] [0.160684466362]
0.1214722208681 [0.0964311733842] [0.146513268352]
0.11008175089944999 [0.0869427546859] [0.133220747113]
0.09846970066445 [0.0784276053309] [0.118511795998]
0.0869427770375 [0.072210252285] [0.10167530179]
0.07706516981125 [0.0675233602524] [0.0866069793701]
0.0695132911205 [0.0636438503861] [0.0753827318549]
0.0640128441155 [0.060115031898] [0.067910656333]
0.05999682843685 [0.0570479482412] [0.0629457086325]
0.0574817471206 [0.0555488914251] [0.0594146028161]
0.05601857788865 [0.0554005838931] [0.0566365718842]
0.055469345301400005 [0.0561397783458] [0.054798912257]
0.0554195474833 [0.0569071471691] [0.0539319477975]
0.05545750446615 [0.0571059696376] [0.0538090392947]
0.05565776489675 [0.0572169497609] [0.0540985800326]
0.056376241147549994 [0.0584137439728] [0.0543387383223]
0.05749349482355 [0.0607845112681] [0.054202478379]
0.058489520102700004 [0.0632866993546] [0.0536923408508]
0.05893482267855 [0.0641953870654] [0.0536742582917]
0.0579116027802 [0.0606333389878] [0.0551898665726]
0.055521333590150004 [0.0523270107806] [0.0587156563997]
0.05324736610055 [0.0429694876075] [0.0635252445936]
0.05181597173215 [0.0355475842953] [0.068084359169]
0.05176806636155 [0.0306871198118] [0.0728490129113]
0.05338006466625 [0.0278095528483] [0.0789505764842]
0.057122847065349994 [0.0262109525502] [0.0880347415805]
0.06260152719905 [0.0251317285001] [0.100071325898]
0.06803382933145 [0.0241329371929] [0.11193472147]
0.0709337415176 [0.0231542158872] [0.118713267148]
0.0706590758637 [0.0222868490964] [0.119031302631]
0.06910777278265 [0.0215808413923] [0.116634704173]
0.06802745535985 [0.0210109502077] [0.115043960512]
0.0683986498042 [0.0204685311764] [0.116328768432]
0.0697367182003 [0.0195376928896] [0.119935743511]
0.07147459127015 [0.0185685120523] [0.124380670488]
0.07385583687555 [0.0182894710451] [0.129422202706]
0.07808755245075001 [0.0193088483065] [0.136866256595]
0.0851076617839 [0.0226375758648] [0.147577747703]
0.09544593282065 [0.0285336710513] [0.16235819459]
0.10565541312075 [0.0354237779975] [0.175887048244]
0.11151896417115 [0.0401039868593] [0.182933941483]
0.11275563761595 [0.0409416183829] [0.184569656849]
0.1119551006705 [0.039571929723] [0.184338271618]
0.1110627315939 [0.0381746217608] [0.183950841427]
0.11168389953675 [0.0376745946705] [0.185693204403]
0.11346433497945 [0.0383746959269] [0.188553974032]
0.11629738286155 [0.0401019826531] [0.19249278307]
0.11987122893329999 [0.0426752120256] [0.197067245841]
0.12429093010705 [0.0460264571011] [0.202555403113]
0.1293403450398 [0.0496200211346] [0.209060668945]
0.13306075707075 [0.0527308657765] [0.213390648365]
0.13210298120995 [0.0542412698269] [0.209964692593]
0.1266168244184 [0.0538311377168] [0.19940251112]
