0.06964981742205 [0.0374636463821] [0.101835988462]
0.06987304240465 [0.0379100963473] [0.101835988462]
0.07006530091169999 [0.0382946133614] [0.101835988462]
0.070275163278 [0.038714338094] [0.101835988462]
0.0706837847829 [0.0395315811038] [0.101835988462]
0.071160947904 [0.040485907346] [0.101835988462]
0.0713933669031 [0.0409507453442] [0.101835988462]
0.0711135584861 [0.0403911285102] [0.101835988462]
0.07053560204805 [0.0392352156341] [0.101835988462]
0.06974482908845 [0.0376536697149] [0.101835988462]
0.06858099624515 [0.0353260040283] [0.101835988462]
0.0670181810856 [0.0322003737092] [0.101835988462]
0.06523598637434999 [0.0286359842867] [0.101835988462]
0.06382193230095 [0.0258078761399] [0.101835988462]
0.06305420771245 [0.0242724269629] [0.101835988462]
0.06311376579104999 [0.0243915431201] [0.101835988462]
0.06371896341444999 [0.0256019383669] [0.101835988462]
0.06469645816835 [0.0275569278747] [0.101835988462]
0.06574419979005 [0.0296524111181] [0.101835988462]
0.06665813922885 [0.0314802899957] [0.101835988462]
0.0675123650581 [0.0331887416542] [0.101835988462]
0.068507200107 [0.035178411752] [0.101835988462]
0.0699370801449 [0.0380381718278] [0.101835988462]
0.07204672507945 [0.0422574616969] [0.101835988462]
0.0750501472503 [0.0482643060386] [0.101835988462]
0.0791706983 [0.056505408138] [0.101835988462]
0.08464672788979999 [0.0674574673176] [0.101835988462]
0.0914567895234 [0.0810775905848] [0.101835988462]
0.0989861302078 [0.0961362719536] [0.101835988462]
0.106010854244 [0.110185720026] [0.101835988462]
0.11153271049249999 [0.121229432523] [0.101835988462]
0.116627532989 [0.131419077516] [0.101835988462]
0.1228403262795 [0.143844664097] [0.101835988462]
0.1305385045705 [0.159241020679] [0.101835988462]
0.140515681356 [0.17919537425] [0.101835988462]
0.151638764888 [0.201441541314] [0.101835988462]
0.1621573902665 [0.222478792071] [0.101835988462]
0.1713463403285 [0.240856692195] [0.101835988462]
0.179444860667 [0.257053732872] [0.101835988462]
0.1849369369445 [0.268037885427] [0.101835988462]
0.187601339072 [0.273366689682] [0.101835988462]
0.1888343952595 [0.275832802057] [0.101835988462]
0.189744081348 [0.277652174234] [0.101835988462]
0.1889937333765 [0.276151478291] [0.101835988462]
0.1883198581635 [0.274803727865] [0.101835988462]
0.18690530583249998 [0.271974623203] [0.101835988462]
0.1823433302345 [0.262850672007] [0.101835988462]
0.1722021885215 [0.242568388581] [0.101835988462]
0.156677287072 [0.211518585682] [0.101835988462]
0.1422550193965 [0.182674050331] [0.101835988462]
0.129913698882 [0.157991409302] [0.101835988462]
0.12008595839149999 [0.138335928321] [0.101835988462]
0.1116488985715 [0.121461808681] [0.101835988462]
0.1049140430985 [0.107992097735] [0.101835988462]
0.09934691712259999 [0.0968578457832] [0.101835988462]
0.0956854708493 [0.0895349532366] [0.101835988462]
0.09303753077985 [0.0842390730977] [0.101835988462]
0.0908899828792 [0.0799439772964] [0.101835988462]
0.08859541639685001 [0.0753548443317] [0.101835988462]
0.08618569746615 [0.0705354064703] [0.101835988462]
0.08398471400145 [0.0661334395409] [0.101835988462]
0.0821210257709 [0.0624060630798] [0.101835988462]
0.08051324263215 [0.0591904968023] [0.101835988462]
0.07919543236495 [0.0565548762679] [0.101835988462]
0.0782954078168 [0.0547548271716] [0.101835988462]
0.07812335900965 [0.0544107295573] [0.101835988462]
0.07890865951779999 [0.0559813305736] [0.101835988462]
0.08024583384395 [0.0586556792259] [0.101835988462]
0.08135724626485 [0.0608785040677] [0.101835988462]
0.0814584195614 [0.0610808506608] [0.101835988462]
0.08072106912735 [0.0596061497927] [0.101835988462]
0.07937989197675 [0.0569237954915] [0.101835988462]
0.07718992605805 [0.0525438636541] [0.101835988462]
0.07531419023875 [0.0487923920155] [0.101835988462]
0.07376445643605 [0.0456929244101] [0.101835988462]
0.07228216715159999 [0.0427283458412] [0.101835988462]
0.07060309872035 [0.0393702089787] [0.101835988462]
0.06928680464625 [0.0367376208305] [0.101835988462]
0.0682749785483 [0.0347139686346] [0.101835988462]
0.0672066062689 [0.0325772240758] [0.101835988462]
0.06597329769285 [0.0301106069237] [0.101835988462]
0.0646952548996 [0.0275545213372] [0.101835988462]
0.06375856045635 [0.0256811324507] [0.101835988462]
0.06337450630965 [0.0249130241573] [0.101835988462]
0.06352099590005 [0.0252060033381] [0.101835988462]
0.06399303488435 [0.0261500813067] [0.101835988462]
0.0647106943652 [0.0275854002684] [0.101835988462]
0.06584579311315 [0.0298555977643] [0.101835988462]
0.06769284419714999 [0.0335496999323] [0.101835988462]
0.07063306681815 [0.0394301451743] [0.101835988462]
0.07493234798315 [0.0480287075043] [0.101835988462]
0.08079878240825 [0.0597615763545] [0.101835988462]
0.08897836878894999 [0.0761207491159] [0.101835988462]
0.10085192695260001 [0.0998678654432] [0.101835988462]
0.1151642762125 [0.128492563963] [0.101835988462]
0.125058900565 [0.148281812668] [0.101835988462]
0.129017431289 [0.156198874116] [0.101835988462]
0.132485385984 [0.163134783506] [0.101835988462]
0.1356291882695 [0.169422388077] [0.101835988462]
0.137647200376 [0.17345841229] [0.101835988462]
0.13746424391849998 [0.173092499375] [0.101835988462]
0.13497279211899998 [0.168109595776] [0.101835988462]
0.13091346249 [0.159990936518] [0.101835988462]
0.126082967967 [0.150329947472] [0.101835988462]
0.12317461892949999 [0.144513249397] [0.101835988462]
0.12274013087149999 [0.143644273281] [0.101835988462]
0.12111059203749999 [0.140385195613] [0.101835988462]
0.11601453646999998 [0.130193084478] [0.101835988462]
0.1038843914865 [0.105932794511] [0.101835988462]
0.0884175002575 [0.074999012053] [0.101835988462]
0.07563004270195 [0.0494240969419] [0.101835988462]
0.06743586435915 [0.0330357402563] [0.101835988462]
0.06293243169785 [0.0240288749337] [0.101835988462]
0.060456267558049996 [0.0190765466541] [0.101835988462]
0.05912210419775 [0.0164082199335] [0.101835988462]
0.0584998098202 [0.0151636311784] [0.101835988462]
0.05830264929685 [0.0147693101317] [0.101835988462]
0.05830504419285 [0.0147740999237] [0.101835988462]
0.058344403281799996 [0.0148528181016] [0.101835988462]
0.0583000876941 [0.0147641869262] [0.101835988462]
0.058176690712599996 [0.0145173929632] [0.101835988462]
0.058020906988549996 [0.0142058255151] [0.101835988462]
0.057942468207349995 [0.0140489479527] [0.101835988462]
0.058077761437749995 [0.0143195344135] [0.101835988462]
0.0584823410027 [0.0151286935434] [0.101835988462]
0.0593480458483 [0.0168601032346] [0.101835988462]
0.061076650396 [0.02031731233] [0.101835988462]
0.0641402807087 [0.0264445729554] [0.101835988462]
0.06856393255295 [0.0352918766439] [0.101835988462]
0.07229566760365 [0.0427553467453] [0.101835988462]
0.07297697104515 [0.0441179536283] [0.101835988462]
0.0718654636294 [0.0418949387968] [0.101835988462]
