0.03000321891155 [0.0386701226234] [0.0213363151997]
0.0303751006722 [0.0386701226234] [0.022080078721]
0.03087100759145 [0.0386701226234] [0.0230718925595]
0.03129224106665 [0.0386701226234] [0.0239143595099]
0.031523000448899996 [0.0386701226234] [0.0243758782744]
0.031615318730449996 [0.0386701226234] [0.0245605148375]
0.0316407829523 [0.0386701226234] [0.0246114432812]
0.031710660085049996 [0.0386701226234] [0.0247511975467]
0.03199893422425 [0.0386701226234] [0.0253277458251]
0.0323026673868 [0.0386701226234] [0.0259352121502]
0.03312812931835 [0.0386701226234] [0.0275861360133]
0.03472127858545 [0.0386701226234] [0.0307724345475]
0.03725554235275 [0.0386701226234] [0.0358409620821]
0.0408818554133 [0.0386701226234] [0.0430935882032]
0.0450637601316 [0.0386701226234] [0.0514573976398]
0.04901026934385 [0.0386701226234] [0.0593504160643]
0.05133757740255 [0.0386701226234] [0.0640050321817]
0.0508202165365 [0.0386701226234] [0.0629703104496]
0.04902499355375 [0.0386701226234] [0.0593798644841]
0.04796425811945 [0.0386701226234] [0.0572583936155]
0.04796425811945 [0.0386701226234] [0.0572583936155]
0.04796425811945 [0.0386701226234] [0.0572583936155]
0.04796425811945 [0.0386701226234] [0.0572583936155]
0.04796425811945 [0.0386701226234] [0.0572583936155]
0.04796425811945 [0.0386701226234] [0.0572583936155]
0.04796425811945 [0.0386701226234] [0.0572583936155]
0.04796425811945 [0.0386701226234] [0.0572583936155]
0.03250019066035 [0.0386701226234] [0.0263302586973]
0.032601236365700004 [0.0386701226234] [0.026532350108]
0.0326901497319 [0.0386701226234] [0.0267101768404]
0.0204321513884 [0.0139949684963] [0.0268693342805]
0.020277230069050002 [0.0133217982948] [0.0272326618433]
0.020054633263500002 [0.0121298609301] [0.0279794055969]
0.02002355456355 [0.0112065635622] [0.0288405455649]
0.02013482665645 [0.0107648512349] [0.029504802078]
0.0203165560961 [0.0107003282756] [0.0299327839166]
0.0206359741278 [0.010927346535] [0.0303446017206]
0.021173434332000002 [0.0112874954939] [0.0310593731701]
0.0220096986741 [0.0117635205388] [0.0322558768094]
0.02335612336175 [0.0123326377943] [0.0343796089292]
0.02528563514355 [0.0130048543215] [0.0375664159656]
0.027768592350200003 [0.0137584786862] [0.0417787060142]
0.0308601898141 [0.0153771797195] [0.0463431999087]
0.034008941613150004 [0.0168269779533] [0.051190905273]
0.0375174526125 [0.0180325396359] [0.0570023655891]
0.0421969667077 [0.0198297575116] [0.0645641759038]
0.0477920565754 [0.0234137959778] [0.072170317173]
0.05370567180215 [0.0304188095033] [0.076992534101]
0.0610375404358 [0.0417828112841] [0.0802922695875]
0.07056014984845 [0.056272290647] [0.0848480090499]
0.08099424839015 [0.069966353476] [0.0920221433043]
0.09080864861605001 [0.0804043188691] [0.101212978363]
0.09825456142450001 [0.086943179369] [0.10956594348]
0.1022015586498 [0.0914561375976] [0.112946979702]
0.10543031245484999 [0.0974574685097] [0.1134031564]
0.10836692526950001 [0.104179374874] [0.112554475665]
0.1100390553475 [0.110456377268] [0.109621733427]
0.110604804009 [0.115816347301] [0.105393260717]
0.1115667074915 [0.122172735631] [0.100960679352]
0.11348952725515 [0.129772648215] [0.0972064062953]
0.1147815622387 [0.13371746242] [0.0958456620574]
0.11655796319254999 [0.1370023489] [0.0961135774851]
0.12098013982200001 [0.141336590052] [0.100623689592]
0.1255565993485 [0.142758026719] [0.108355171978]
0.1283543147145 [0.142645254731] [0.114063374698]
0.129474069923 [0.145848035812] [0.113100104034]
0.1302910558875 [0.155783578753] [0.104798533022]
0.1335510946811 [0.168801367283] [0.0983008220792]
0.13988900929675 [0.183203488588] [0.0965745300055]
0.14549141377235 [0.19385612011] [0.0971267074347]
0.14889669790885 [0.1985065341] [0.0992868617177]
0.1505298651755 [0.198672890663] [0.102386839688]
0.152502082288 [0.198672890663] [0.106331273913]
0.1546568647025 [0.198672890663] [0.110640838742]
0.1565901972355 [0.198672890663] [0.114507503808]
0.158031143248 [0.198672890663] [0.117389395833]
0.1587365716695 [0.198672890663] [0.118800252676]
0.1587624922395 [0.198672890663] [0.118852093816]
0.158328898251 [0.198672890663] [0.117984905839]
0.1575290597975 [0.198672890663] [0.116385228932]
0.15649755671600002 [0.198672890663] [0.114322222769]
0.155402023345 [0.198672890663] [0.112131156027]
0.09376570582375 [0.0750075131655] [0.112523898482]
0.09613943472495001 [0.0728293731809] [0.119449496269]
0.10068568214755 [0.0709205493331] [0.130450814962]
0.1045351214709 [0.0698795244098] [0.139190718532]
0.10700016468785001 [0.0702035725117] [0.143796756864]
0.1086654923856 [0.0713767632842] [0.145954221487]
0.11031753197335001 [0.0727754607797] [0.147859603167]
0.11228508502250001 [0.074344560504] [0.150225609541]
0.11374564096315001 [0.0761844292283] [0.151306852698]
0.11455407366169999 [0.0783479586244] [0.150760188699]
0.11626722663630001 [0.0806009471416] [0.151933506131]
0.1184844486416 [0.0824144855142] [0.154554411769]
0.121406264603 [0.085958302021] [0.156854227185]
0.1229621209206 [0.0886893942952] [0.157234847546]
0.12252268567659999 [0.0903344079852] [0.154710963368]
0.1233287043871 [0.0938304886222] [0.152826920152]
0.1274962611495 [0.102692969143] [0.152299553156]
0.133684221655 [0.112981311977] [0.154387131333]
0.1397778093815 [0.122307762504] [0.157247856259]
0.143085747957 [0.126450076699] [0.159721419215]
0.143734879792 [0.126883029938] [0.160586729646]
0.142444729805 [0.126026496291] [0.158862963319]
0.141055509448 [0.12532953918] [0.156781479716]
0.1396794691685 [0.123741075397] [0.15561786294]
0.13796332106 [0.121282525361] [0.154644116759]
0.1361187286675 [0.118502251804] [0.153735205531]
0.135410889983 [0.117903411388] [0.152918368578]
0.1375919021665 [0.121477432549] [0.153706371784]
0.14445801079300002 [0.131454393268] [0.157461628318]
0.15551655739550002 [0.147614642978] [0.163418471813]
0.1667684018615 [0.165644064546] [0.167892739177]
0.1705816835165 [0.178582713008] [0.162580654025]
0.166412524879 [0.184042200446] [0.148782849312]
0.156269349158 [0.178137764335] [0.134400933981]
0.1475852169095 [0.170901849866] [0.124268583953]
0.1419473476705 [0.164287820458] [0.119606874883]
0.135045487434 [0.155396252871] [0.114694721997]
0.1213110536335 [0.135954633355] [0.106667473912]
0.10114025697090001 [0.107384383678] [0.0948961302638]
