0.14006321504715 [0.0673993453383] [0.212727084756]
0.14006321504715 [0.0673993453383] [0.212727084756]
0.14006321504715 [0.0673993453383] [0.212727084756]
0.14006321504715 [0.0673993453383] [0.212727084756]
0.0387012627907 [0.0673993453383] [0.0100031802431]
0.03852078784255 [0.0673993453383] [0.0096422303468]
0.038711087778199996 [0.0673993453383] [0.0100228302181]
0.03911199560385 [0.0673993453383] [0.0108246458694]
0.03961000451815 [0.0673993453383] [0.011820663698]
0.04011253127825 [0.0673993453383] [0.0128257172182]
0.040592379868 [0.0673993453383] [0.0137854143977]
0.04102598316965 [0.0673993453383] [0.014652621001]
0.04138293070715 [0.0673993453383] [0.015366516076]
0.04173809569325 [0.0673993453383] [0.0160768460482]
0.04205280356105 [0.0673993453383] [0.0167062617838]
0.0423196107149 [0.0673993453383] [0.0172398760915]
0.0423221811652 [0.0673993453383] [0.0172450169921]
0.04272681195285 [0.0673993453383] [0.0180542785674]
0.04357454646375 [0.0673993453383] [0.0197497475892]
0.044672074727700004 [0.0673993453383] [0.0219448041171]
0.04554414749145 [0.0673993453383] [0.0236889496446]
0.04589378647505 [0.0673993453383] [0.0243882276118]
0.04577680397775 [0.0673993453383] [0.0241542626172]
0.045583487488300004 [0.0673993453383] [0.0237676296383]
0.0454727904871 [0.0673993453383] [0.0235462356359]
0.04534731898455 [0.0673993453383] [0.0232952926308]
0.04496374819425 [0.0673993453383] [0.0225281510502]
0.0444589788094 [0.0673993453383] [0.0215186122805]
0.04400668665765 [0.0673993453383] [0.020614027977]
0.0439474424347 [0.0673993453383] [0.0204955395311]
0.01828365260735 [0.0145670613274] [0.0220002438873]
0.02036628313365 [0.0159814860672] [0.0247510802001]
0.022903166711350002 [0.0177527703345] [0.0280535630882]
0.02580434270205 [0.0200855024159] [0.0315231829882]
0.02836862206455 [0.0223811306059] [0.0343561135232]
0.030176504515099997 [0.0242188703269] [0.0361341387033]
0.031281549483499996 [0.0254264771938] [0.0371366217732]
0.031967485323549996 [0.0261935330927] [0.0377414375544]
0.032541140914 [0.0267935059965] [0.0382887758315]
0.033140491694200004 [0.0275347866118] [0.0387461967766]
0.03375599812715 [0.0282671842724] [0.0392448119819]
0.03444647509605 [0.0288777481765] [0.0400152020156]
0.03674787096675 [0.032206043601] [0.0412896983325]
0.04001697339115 [0.0368133932352] [0.0432205535471]
0.0439933910966 [0.0419647321105] [0.0460220500827]
0.04839549586175 [0.0472857952118] [0.0495051965117]
0.05325569398705 [0.0527879595757] [0.0537234283984]
0.05911461636425 [0.058335531503] [0.0598937012255]
0.0667455308139 [0.0625818520784] [0.0709092095494]
0.0779290013015 [0.0663089677691] [0.0895490348339]
0.08951013535249999 [0.068843960762] [0.110176309943]
0.09575929865245 [0.0689152702689] [0.122603327036]
0.09793272241930001 [0.0661525949836] [0.129712849855]
0.09818111173795 [0.0618156604469] [0.134546563029]
0.0981463547798 [0.0578794293106] [0.138413280249]
0.09954703412975 [0.0552549771965] [0.143839091063]
0.1030957326294 [0.0541875511408] [0.152003914118]
0.1066575236618 [0.0536859855056] [0.159629061818]
0.10931888781505 [0.0521892718971] [0.166448503733]
0.10952891223125 [0.0483430586755] [0.170714765787]
0.10569405741985 [0.0424798615277] [0.168908253312]
0.09951539896435001 [0.0367181561887] [0.16231264174]
0.09391753748045001 [0.0316076055169] [0.156227469444]
0.09036942291990001 [0.0268072728068] [0.153931573033]
0.0884106140583 [0.0231166146696] [0.153704613447]
0.08618510235095 [0.0207287315279] [0.151641473174]
0.08426667936155001 [0.0198839046061] [0.148649454117]
0.0841666944323 [0.0208285078406] [0.147504881024]
0.08586798980825 [0.0230920389295] [0.148643940687]
0.0895006544889 [0.0260588303208] [0.152942478657]
0.09332008659855 [0.0285533666611] [0.158086806536]
0.09564476925885 [0.0297315958887] [0.161557942629]
0.0959473326801 [0.0297606736422] [0.162133991718]
0.0947940805925 [0.029578955844] [0.160009205341]
0.09297465998675 [0.0299523267895] [0.155996993184]
0.09064720477914999 [0.0312103312463] [0.150084078312]
0.0875676907597 [0.0333251431584] [0.141810238361]
0.08359387144425001 [0.0360630229115] [0.131124719977]
0.0788001194596 [0.0388367250562] [0.118763513863]
0.0742857363073 [0.0407670773566] [0.107804395258]
0.07067451626075 [0.0412896201015] [0.10005941242]
0.06712036579845 [0.0396782904863] [0.0945624411106]
0.0632339604199 [0.036540850997] [0.0899270698428]
0.059148080647 [0.0333405286074] [0.0849556326866]
0.054111511446550006 [0.029629657045] [0.0785933658481]
0.04870558530095 [0.0261808037758] [0.0712303668261]
0.04422418680045 [0.0239192079753] [0.0645291656256]
0.04160929005595 [0.0225162971765] [0.0607022829354]
0.040818036533899996 [0.0216359142214] [0.0600001588464]
0.04144560545685 [0.0211318135262] [0.0617593973875]
0.0428125690669 [0.0209196470678] [0.064705491066]
0.0443452131003 [0.0207730345428] [0.0679173916578]
0.0459673125297 [0.0206233225763] [0.0713113024831]
0.0480998782441 [0.0205168258399] [0.0756829306483]
0.0511421319097 [0.020569127053] [0.0817151367664]
0.054623126052300006 [0.0208963360637] [0.0883499160409]
