0.27687060833 [0.38718187809] [0.16655933857]
0.096455771476 [0.0983912348747] [0.0945203080773]
0.09939911216514999 [0.104277916253] [0.0945203080773]
0.10194046422815001 [0.109360620379] [0.0945203080773]
0.10112384334215 [0.107727378607] [0.0945203080773]
0.09727589041015 [0.100031472743] [0.0945203080773]
0.09258567914365 [0.09065105021] [0.0945203080773]
0.0886674597859 [0.0828146114945] [0.0945203080773]
0.08615585044025 [0.0777913928032] [0.0945203080773]
0.08479018881915 [0.075060069561] [0.0945203080773]
0.08479018881915 [0.075060069561] [0.0945203080773]
0.0836243033409 [0.0727282986045] [0.0945203080773]
0.0836243033409 [0.0727282986045] [0.0945203080773]
0.07295414432885 [0.0680514127016] [0.0778568759561]
0.062675671652 [0.0631653517485] [0.0621859915555]
0.053999895229949996 [0.0572550557554] [0.0507447347045]
0.051349576562650004 [0.0508796982467] [0.0518194548786]
0.045996582135549996 [0.0450197048485] [0.0469734594226]
0.042550761252650005 [0.0400906130672] [0.0450109094381]
0.0404220577329 [0.0361197814345] [0.0447243340313]
0.038773952052 [0.0333061516285] [0.0442417524755]
0.03711713664235 [0.0316811054945] [0.0425531677902]
0.03535994980485 [0.0308355111629] [0.0398843884468]
0.03368548490105 [0.0301330536604] [0.0372379161417]
0.0320891691372 [0.0287407208234] [0.035437617451]
0.03212951868775 [0.0296178907156] [0.0346411466599]
0.03085210453715 [0.0269812326878] [0.0347229763865]
0.0313361082226 [0.0273477323353] [0.0353244841099]
0.0300448909402 [0.026101116091] [0.0339886657894]
0.02989509794865 [0.0266617443413] [0.033128451556]
0.031641568057200004 [0.0302636902779] [0.0330194458365]
0.03552542626855 [0.0374264195561] [0.033624432981]
0.041662970557799994 [0.0483864545822] [0.0349394865334]
0.047887407243249996 [0.0587067119777] [0.0370681025088]
0.0521525349468 [0.0638370364904] [0.0404680334032]
0.05460389330985001 [0.0642958879471] [0.0449118986726]
0.055597374215700004 [0.0605065375566] [0.0506882108748]
0.0563290081918 [0.0541493631899] [0.0585086531937]
0.05755474045875 [0.0469347909093] [0.0681746900082]
0.059587541967649996 [0.0407434627414] [0.0784316211939]
0.06083766929805 [0.0359918810427] [0.0856834575534]
0.060260320082300006 [0.0331313870847] [0.0873892530799]
0.0584507305175 [0.0317997448146] [0.0851017162204]
0.057076016440999994 [0.0313759930432] [0.0827760398388]
0.0575857870281 [0.0311975553632] [0.083974018693]
0.059641872532650006 [0.0307424534112] [0.0885412916541]
0.0624292176217 [0.0298019684851] [0.0950564667583]
0.06435982417315 [0.0284410770983] [0.100278571248]
0.0641433242708 [0.0268262438476] [0.101460404694]
0.0618650279939 [0.0252593383193] [0.0984707176685]
0.0599341448396 [0.0239275284111] [0.0959407612681]
0.060144354589299995 [0.0230888295919] [0.0971998795867]
0.06159140169635 [0.0231661498547] [0.100016653538]
0.0647167386488 [0.0249751824886] [0.104458294809]
0.06941339559865001 [0.0293877460063] [0.109439045191]
0.07619160227465001 [0.0370615907013] [0.115321613848]
0.08313673548395001 [0.0440179444849] [0.122255526483]
0.09036482870564999 [0.0479555875063] [0.132774069905]
0.0974505767227 [0.0489380806684] [0.145963072777]
0.1036453973501 [0.0494702719152] [0.157820522785]
0.1079705879092 [0.0501789301634] [0.165762245655]
0.11052799224835 [0.0504608154297] [0.170595169067]
0.1128873117268 [0.0497316643596] [0.176042959094]
0.1160582154988 [0.0487689226866] [0.183347508311]
0.1181654464452 [0.0496812425554] [0.186649650335]
0.1204358562829 [0.0539070814848] [0.186964631081]
0.1221503950656 [0.0602315291762] [0.184069260955]
0.12290295586005 [0.0679658129811] [0.177840098739]
0.1252997964623 [0.0759896337986] [0.174609959126]
0.1296978630128 [0.0847063586116] [0.174689367414]
0.1354237273336 [0.0939891636372] [0.17685829103]
0.1408597528935 [0.102843478322] [0.178876027465]
0.14227713271950002 [0.105818517506] [0.178735747933]
0.1370824165642 [0.0990880802274] [0.175076752901]
0.1316156499088 [0.0936808660626] [0.169550433755]
0.12931191176175 [0.0921340584755] [0.166489765048]
0.13043810054665 [0.0931272879243] [0.167748913169]
0.13538901507849999 [0.095865547657] [0.1749124825]
0.14305913075815 [0.0995365157723] [0.186581745744]
0.150790371001 [0.102559030056] [0.199021711946]
0.1563202403485 [0.103711940348] [0.208928540349]
0.1595550403 [0.102845326066] [0.216264754534]
0.160642027855 [0.10050162673] [0.22078242898]
0.1602996587753 [0.0973070561886] [0.223292261362]
0.15835474059005 [0.0937575474381] [0.222951933742]
0.15549062937485 [0.0904890596867] [0.220492199063]
0.15261603146785 [0.0873976945877] [0.217834368348]
0.1507822722198 [0.0848430395126] [0.216721504927]
0.14992610365144998 [0.0832416862249] [0.216610521078]
0.14897499606025 [0.0829205438495] [0.215029448271]
0.14760889857985 [0.0846190601587] [0.210598737001]
0.1415791958569 [0.0830419063568] [0.200116485357]
0.12646530568605 [0.0683124214411] [0.184618189931]
0.1083260439336 [0.0499990656972] [0.16665302217]
