0.049915718846 [0.0738037154078] [0.0260277222842]
0.049669971689549994 [0.0738037154078] [0.0255362279713]
0.049351233989 [0.0738037154078] [0.0248987525702]
0.0490294443443 [0.0738037154078] [0.0242551732808]
0.0488183861598 [0.0738037154078] [0.0238330569118]
0.048940724693199995 [0.0738037154078] [0.0240777339786]
0.02767742145805 [0.02946036309] [0.0258944798261]
0.030063681304450002 [0.02946036309] [0.0306669995189]
0.0348775871098 [0.02946036309] [0.0402948111296]
0.04304317757485 [0.02946036309] [0.0566259920597]
0.05026006698605 [0.02946036309] [0.0710597708821]
0.0504892505705 [0.02946036309] [0.071518138051]
0.0465156883001 [0.02946036309] [0.0635710135102]
0.0425870027393 [0.02946036309] [0.0557136423886]
0.0399423930794 [0.02946036309] [0.0504244230688]
0.038418008014550004 [0.02946036309] [0.0473756529391]
0.0376599151641 [0.02946036309] [0.0458594672382]
0.0372337885201 [0.02946036309] [0.0450072139502]
0.03689417429265 [0.02946036309] [0.0443279854953]
0.03638298809525 [0.02946036309] [0.0433056131005]
0.0357998628169 [0.02946036309] [0.0421393625438]
0.03533020615575 [0.02946036309] [0.0412000492215]
0.03503570146855 [0.02946036309] [0.0406110398471]
0.0348142068833 [0.02946036309] [0.0401680506766]
0.0344490930438 [0.02946036309] [0.0394378229976]
0.049610953778 [0.0606265068054] [0.0385954007506]
0.050890004262300004 [0.063479244709] [0.0383007638156]
0.05365970171985 [0.0671405047178] [0.0401788987219]
0.0590255074203 [0.0719878599048] [0.0460631549358]
0.0658847019076 [0.076279066503] [0.0554903373122]
0.072464980185 [0.0792753472924] [0.0656546130776]
0.07665079832079999 [0.080603890121] [0.0726977065206]
0.07862807065249999 [0.0808031111956] [0.0764530301094]
0.0792036764324 [0.0805621892214] [0.0778451636434]
0.0793841853738 [0.0799955800176] [0.07877279073]
0.0798218473792 [0.0793110281229] [0.0803326666355]
0.0811608321965 [0.0786050781608] [0.0837165862322]
0.08687680587175 [0.0845392495394] [0.0892143622041]
0.0948466770351 [0.0918189808726] [0.0978743731976]
0.10579299926749999 [0.101509429514] [0.110076569021]
0.11507835239200001 [0.103516042233] [0.126640662551]
0.1241197921335 [0.101534150541] [0.146705433726]
0.13499938324115 [0.0982405617833] [0.171758204699]
0.14493693038799998 [0.093135766685] [0.196738094091]
0.1499117761848 [0.0882206112146] [0.211602941155]
0.15158715844135 [0.0866013914347] [0.216572925448]
0.1548905447125 [0.089796051383] [0.219985038042]
0.15528292953975 [0.0909055024385] [0.219660356641]
0.1517577320336 [0.0854268670082] [0.218088597059]
0.14460700377844998 [0.0763689950109] [0.212845012546]
0.13104985281845 [0.0649794414639] [0.197120264173]
0.11565387249005 [0.0541267544031] [0.177180990577]
0.10242533497520001 [0.0466938726604] [0.15815679729]
0.09358949027955 [0.0428878031671] [0.144291177392]
0.08933422714474999 [0.0417040884495] [0.13696436584]
0.0880027133971 [0.0418686755002] [0.134136751294]
0.0877776499836 [0.0421674959362] [0.133387804031]
0.08697215095165 [0.0418503656983] [0.132093936205]
0.084640076384 [0.040658544749] [0.128621608019]
0.0810224972663 [0.0390013605356] [0.123043633997]
0.0775799509138 [0.0372201539576] [0.11793974787]
0.07541063986725 [0.0353002510965] [0.115521028638]
0.074818024412 [0.033101875335] [0.116534173489]
0.0759130138902 [0.0306355915964] [0.121190436184]
0.0782772740351 [0.0279485862702] [0.1286059618]
0.08098750747764999 [0.0248048193753] [0.13717019558]
0.08091412857165 [0.0207109823823] [0.141117274761]
0.07545381039365 [0.0160121768713] [0.134895443916]
0.06683502998225001 [0.0121615137905] [0.121508546174]
0.057852167636134995 [0.00976943969727] [0.105934895575]
0.04923888342454 [0.00864320341498] [0.0898345634341]
0.042502046097065 [0.00855644140393] [0.0764476507902]
0.037406911607845005 [0.00911110918969] [0.065702714026]
0.03378625959159 [0.00993063300848] [0.0576418861747]
0.03152013290675 [0.0106478165835] [0.05239244923]
0.030653533991450002 [0.0112037910149] [0.050103276968]
0.0307965106331 [0.0116700856015] [0.0499229356647]
0.0312588191591 [0.0120791783556] [0.0504384599626]
0.03151702741165 [0.0124617563561] [0.0505722984672]
0.031445756554599996 [0.0129241980612] [0.049967315048]
0.031636947765949996 [0.0135909765959] [0.049682918936]
0.032613967079700004 [0.0147231081501] [0.0505048260093]
0.0343669783324 [0.0167375095189] [0.0519964471459]
0.03681865055115 [0.0200491119176] [0.0535881891847]
0.0402758633718 [0.0254593472928] [0.0550923794508]
0.04512108489875 [0.0329147651792] [0.0573274046183]
0.05023563466965 [0.0396639443934] [0.0608073249459]
0.054419880732899995 [0.0427607782185] [0.0660789832473]
0.0574409198016 [0.0436029024422] [0.071278937161]
0.06013461388645 [0.0438943766057] [0.0763748511672]
0.062335757538650005 [0.0443832464516] [0.0802882686257]
0.06293419748545 [0.0440004616976] [0.0818679332733]
0.0626365989447 [0.0435209423304] [0.081752255559]
0.0621213745326 [0.0429089702666] [0.0813337787986]
0.061622425913799996 [0.041902706027] [0.0813421458006]
0.060801237821600004 [0.0406936854124] [0.0809087902308]
0.0594122670591 [0.0400518625975] [0.0787726715207]
0.05886078812185 [0.040904391557] [0.0768171846867]
0.0605272874236 [0.0435035228729] [0.0775510519743]
0.0632009282708 [0.0465266704559] [0.0798751860857]
0.06474344432355 [0.0483709052205] [0.0811159834266]
0.06504862941799999 [0.0489995963871] [0.0810976624489]
0.0657473132014 [0.0498256832361] [0.0816689431667]
0.0710217356682 [0.0526419132948] [0.0894015580416]
0.08186450786865 [0.0572023130953] [0.106526702642]
0.09263001382375 [0.0630212798715] [0.122238747776]
0.10036027804014999 [0.0675540938973] [0.133166462183]
0.1044177524744 [0.0697002783418] [0.139135226607]
0.1067830100653 [0.0718532055616] [0.141712814569]
0.10926242172705 [0.0760523527861] [0.142472490668]
0.1136121302844 [0.0851517170668] [0.142072543502]
0.12051620706925001 [0.0975457802415] [0.143486633897]
0.12793216109299999 [0.108219817281] [0.147644504905]
0.13248657807699998 [0.113123528659] [0.151849627495]
0.134065710008 [0.113948822021] [0.154182597995]
0.1323243156075 [0.111940950155] [0.15270768106]
0.1238949261605 [0.101970933378] [0.145818918943]
0.10857873409995 [0.0809166580439] [0.136240810156]
0.09190609119825 [0.0575682632625] [0.126243919134]
0.07921042107065 [0.0409794412553] [0.117441400886]
0.0702692288903 [0.0314840488136] [0.109054408967]
0.06277894042435 [0.0263036005199] [0.0992542803288]
0.056832912378 [0.0234973859042] [0.0901684388518]
0.05268324445935 [0.0219106283039] [0.0834558606148]
0.05028858035805 [0.021286778152] [0.0792903825641]
0.04910343512895 [0.0213380381465] [0.0768688321114]
0.048550137318649995 [0.021583603695] [0.0755166709423]
0.048453621566299995 [0.0218587443233] [0.0750484988093]
0.04883678164335 [0.0220249351114] [0.0756486281753]
0.050236591137949996 [0.0223785508424] [0.0780946314335]
0.052509573288250004 [0.023132847622] [0.0818862989545]
0.05665365140885 [0.0245115812868] [0.0887957215309]
0.0626449501142 [0.0264881681651] [0.0988017320633]
0.06938319187585 [0.0290432926267] [0.109723091125]
0.07555721327675 [0.0323516353965] [0.118762791157]
0.08134368807075 [0.0370008945465] [0.125686481595]
0.08940951898695 [0.0441623106599] [0.134656727314]
0.10192522406555 [0.0553778707981] [0.148472577333]
0.1181808821855 [0.069997228682] [0.166364535689]
0.1326071135701 [0.0828687474132] [0.182345479727]
0.139633372426 [0.088122934103] [0.191143810749]
0.14013519883155 [0.0893623232841] [0.190908074379]
0.13806811720115 [0.0922279655933] [0.183908268809]
0.13646106794485 [0.0990457758307] [0.173876360059]
0.135222546756 [0.105741769075] [0.164703324437]
0.130082923919 [0.103933133185] [0.156232714653]
0.12106214836260001 [0.0921131893992] [0.150011107326]
0.11117794737245001 [0.0762954130769] [0.146060481668]
0.10431895032545001 [0.0633689984679] [0.145268902183]
0.10041523911065 [0.0552374459803] [0.145593032241]
0.09883999079474999 [0.0511913746595] [0.14648860693]
0.0968708246946 [0.0495859831572] [0.144155666232]
0.09460648708055 [0.0481255017221] [0.141087472439]
0.09234999306515 [0.0463890321553] [0.138310953975]
0.09106650575975 [0.0450623854995] [0.13707062602]
