0.10634454339729998 [0.0712555646896] [0.141433522105]
0.1183765493334 [0.0913052931428] [0.145447805524]
0.124411024153 [0.104179307818] [0.144642740488]
0.1225826740265 [0.105846300721] [0.139319047332]
0.11580127850165 [0.0990892723203] [0.132513284683]
0.10638777911639999 [0.0874047279358] [0.125370830297]
0.09767499938615 [0.0761310458183] [0.119218952954]
0.0910135358573 [0.0675666853786] [0.114460386336]
0.0859491713344 [0.0619236975908] [0.109974645078]
0.0801355671135 [0.056858677417] [0.10341245681]
0.07158935815095 [0.0501592680812] [0.0930194482207]
0.06128824315965 [0.0423738472164] [0.0802026391029]
0.051937356591199996 [0.0354807451367] [0.0683939680457]
0.0450458461419 [0.0306396465749] [0.0594520457089]
0.04041019827125 [0.0273352898657] [0.0534851066768]
0.0369849894196 [0.0247003249824] [0.0492696538568]
0.03389315493405 [0.0222690068185] [0.0455173030496]
0.03088861051945 [0.0200389679521] [0.0417382530868]
0.0283733876422 [0.0184230040759] [0.0383237712085]
0.0268802084029 [0.0176572054625] [0.0361032113433]
0.02630958519875 [0.0177312269807] [0.0348879434168]
0.02650749869645 [0.018332734704] [0.0346822626889]
0.027177196927349996 [0.0192074868828] [0.0351469069719]
0.02818958926945 [0.0201770905405] [0.0362020879984]
0.02983956132085 [0.0215034317225] [0.0381756909192]
0.0326134553179 [0.0237580630928] [0.041468847543]
0.03710534237325 [0.0277165696025] [0.046494115144]
0.043406791985 [0.0338243320584] [0.0529892519116]
0.050914933905 [0.0418352521956] [0.0599946156144]
0.058181617409 [0.0499926805496] [0.0663705542684]
0.064818194136 [0.0572740100324] [0.0723623782396]
0.07213281840085001 [0.0646844059229] [0.0795812308788]
0.08073239400980001 [0.0716667845845] [0.0897980034351]
0.09016695618605 [0.0766516625881] [0.103682249784]
0.0985065959394 [0.0779971331358] [0.119016058743]
0.10604474321005 [0.0773389264941] [0.134750559926]
0.11329599097355 [0.0761299654841] [0.150462016463]
0.11898387968525001 [0.0750492066145] [0.162918552756]
0.12271633371714999 [0.0741151943803] [0.171317473054]
0.1278183422984 [0.0735029056668] [0.18213377893]
0.1361424252391 [0.0732924938202] [0.198992356658]
0.14682861044995 [0.0730683431029] [0.220588877797]
0.15775420516745 [0.0718034952879] [0.243704915047]
0.16620278731005 [0.0695977881551] [0.262807786465]
0.17080727964615 [0.0679941624403] [0.273620396852]
0.1725004278125 [0.068435035646] [0.276565819979]
0.17098129168135 [0.0699145570397] [0.272048026323]
0.16996143758284998 [0.0710755884647] [0.268847286701]
0.16904612258075002 [0.0712475553155] [0.266844689846]
0.1674873344599 [0.0707552358508] [0.264219433069]
0.1658883169293 [0.0701271146536] [0.261649519205]
0.1648700237274 [0.0692739784718] [0.260466068983]
0.1651946976779 [0.0682849436998] [0.262104451656]
0.16588960215464998 [0.0665618106723] [0.265217393637]
0.16582927480350002 [0.064251549542] [0.267407000065]
0.16254595480859999 [0.0621516220272] [0.26294028759]
0.15533737279464999 [0.0611076392233] [0.249567106366]
0.1466264836491 [0.0601730123162] [0.233079954982]
0.13860470242795 [0.0588987804949] [0.218310624361]
0.1333365626632 [0.0576376989484] [0.209035426378]
0.13203485868875 [0.0574553869665] [0.206614330411]
0.13352143950775 [0.0572635270655] [0.20977935195]
0.13527189008905 [0.0548785142601] [0.215665265918]
0.13636487722375001 [0.0523662269115] [0.220363527536]
0.13442719168985 [0.0494196154177] [0.219434767962]
0.1288150716573 [0.0457985438406] [0.211831599474]
0.1217351127415 [0.041949365288] [0.201520860195]
0.11413790471845 [0.0385625399649] [0.189713269472]
0.1065422426907 [0.0356711260974] [0.177413359284]
0.09912431053795 [0.0326835177839] [0.165565103292]
0.09255254082400001 [0.030024331063] [0.155080750585]
0.08659946825355 [0.0273289363831] [0.145870000124]
0.08167132642109999 [0.0250574480742] [0.138285204768]
0.0781657220794 [0.0236524883658] [0.132678955793]
0.0760240247475 [0.023516876623] [0.128531172872]
0.07525367196645 [0.0254725795239] [0.125034764409]
0.076320442371 [0.031040398404] [0.121600486338]
0.0802663639187 [0.0417658761144] [0.118766851723]
0.08771029673535 [0.0578518919647] [0.117568701506]
0.09787641838215 [0.0772086903453] [0.118544146419]
0.1090320050717 [0.0967739224434] [0.1212900877]
0.119551125914 [0.114767968655] [0.124334283173]
0.128799498081 [0.130851820111] [0.126747176051]
0.13667395710949998 [0.144855648279] [0.12849226594]
0.1446141451595 [0.158540725708] [0.130687564611]
0.1543196365235 [0.174891248345] [0.133748024702]
0.16671609878549998 [0.195356845856] [0.138075351715]
0.181272082031 [0.218748405576] [0.143795758486]
0.1964118778705 [0.241941347718] [0.150882408023]
0.2098935842515 [0.260831177235] [0.158955991268]
0.2196980342265 [0.273709326982] [0.165686741471]
0.2253330647945 [0.2793828547] [0.171283274889]
0.2269449532035 [0.278460979462] [0.175428926945]
0.22446379065549998 [0.270850092173] [0.178077489138]
0.218625739217 [0.256317585707] [0.180933892727]
0.211079068482 [0.237308129668] [0.184850007296]
0.2042387574915 [0.216949746013] [0.19152776897]
0.19755849242200002 [0.197742342949] [0.197374641895]
0.1909919679165 [0.181051403284] [0.200932532549]
0.18507729470700002 [0.166711658239] [0.203442931175]
0.178611345589 [0.153133705258] [0.20408898592]
0.1727822199465 [0.142758667469] [0.202805772424]
0.16733060777199998 [0.134366244078] [0.200294971466]
0.16213925927849998 [0.126920431852] [0.197358086705]
0.156811524183 [0.118460439146] [0.19516260922]
0.1488747484985 [0.105048902333] [0.192700594664]
0.13928126543745 [0.0905614644289] [0.188001066446]
0.12787440419204998 [0.0769594907761] [0.178789317608]
0.11683338507985 [0.0683362856507] [0.165330484509]
0.10796081274735 [0.0648832321167] [0.151038393378]
0.10125578567375 [0.0640779957175] [0.13843357563]
0.09676612913624999 [0.0644925534725] [0.1290397048]
0.0939917787908 [0.0654498040676] [0.122533753514]
0.09209559112765 [0.0659881159663] [0.118203066289]
0.09086134657270001 [0.0662253275514] [0.115497365594]
0.08972734212854999 [0.0661275908351] [0.113327093422]
0.08860938623539999 [0.0661278441548] [0.111090928316]
0.08750825747839999 [0.0663039460778] [0.108712568879]
0.0865189433098 [0.0671945661306] [0.105843320489]
0.0858361795544 [0.0687470585108] [0.102925300598]
0.08530668914315 [0.0707237794995] [0.0998895987868]
