M B1 B2
0.14378318376830002 [0.0590920485556] [0.228474318981]
0.14698593690985 [0.0654975548387] [0.228474318981]
0.15311992540945002 [0.0777655318379] [0.228474318981]
0.16105920448890002 [0.0936440899968] [0.228474318981]
0.168668203056 [0.108862087131] [0.228474318981]
0.17469383403650002 [0.120913349092] [0.228474318981]
0.1794977411625 [0.130521163344] [0.228474318981]
0.1833275854585 [0.138180851936] [0.228474318981]
0.1866643503305 [0.14485438168] [0.228474318981]
0.189356856048 [0.150239393115] [0.228474318981]
0.191361322999 [0.154248327017] [0.228474318981]
0.192913688719 [0.157353058457] [0.228474318981]
0.1939443573355 [0.15941439569] [0.228474318981]
0.1949942559005 [0.16151419282] [0.228474318981]
0.19611672312 [0.163759127259] [0.228474318981]
0.1964063197375 [0.164338320494] [0.228474318981]
0.194578669965 [0.160683020949] [0.228474318981]
0.191286072135 [0.154097825289] [0.228474318981]
0.187725327909 [0.146976336837] [0.228474318981]
0.1848562210795 [0.141238123178] [0.228474318981]
0.179866321385 [0.131258323789] [0.228474318981]
0.1739263050255 [0.11937829107] [0.228474318981]
0.1693139113485 [0.110153503716] [0.228474318981]
0.166415221989 [0.104356124997] [0.228474318981]
0.1644850485025 [0.100495778024] [0.228474318981]
0.16377273574465 [0.0990711525083] [0.228474318981]
0.1639924719929 [0.0995106250048] [0.228474318981]
0.164319142699 [0.100163966417] [0.228474318981]
0.16409878060215 [0.0997232422233] [0.228474318981]
0.16404905170195 [0.0996237844229] [0.228474318981]
0.16405168920745 [0.0996290594339] [0.228474318981]
0.16420483961695 [0.0999353602529] [0.228474318981]
0.1651167869565 [0.101759254932] [0.228474318981]
0.1665576323865 [0.104640945792] [0.228474318981]
0.168575167656 [0.108676016331] [0.228474318981]
0.171622082591 [0.114769846201] [0.228474318981]
0.1763493306935 [0.124224342406] [0.228474318981]
0.182993851602 [0.137513384223] [0.228474318981]
0.1906785815955 [0.15288284421] [0.228474318981]
0.197415664792 [0.166357010603] [0.228474318981]
0.201869241893 [0.175264164805] [0.228474318981]
0.2052349224685 [0.181995525956] [0.228474318981]
0.2088699936865 [0.189265668392] [0.228474318981]
0.2138799279925 [0.199285537004] [0.228474318981]
0.220542952418 [0.212611585855] [0.228474318981]
0.22810516506400003 [0.227736011147] [0.228474318981]
0.2350130602715 [0.241551801562] [0.228474318981]
0.241094633937 [0.253714948893] [0.228474318981]
0.24674016237250002 [0.265006005764] [0.228474318981]
0.24887721240500002 [0.269280105829] [0.228474318981]
0.242104053497 [0.255733788013] [0.228474318981]
0.23537342250350002 [0.242272526026] [0.228474318981]
0.2297433689235 [0.231012418866] [0.228474318981]
0.223753489554 [0.219032660127] [0.228474318981]
0.21686084568500003 [0.205247372389] [0.228474318981]
0.20730422437200002 [0.186134129763] [0.228474318981]
0.1955783069135 [0.162682294846] [0.228474318981]
0.1846485063435 [0.140822693706] [0.228474318981]
0.176208872348 [0.123943425715] [0.228474318981]
0.170565024018 [0.112655729055] [0.228474318981]
0.16674359887850002 [0.105012878776] [0.228474318981]
0.1624836213886 [0.0964929237962] [0.228474318981]
0.1567170545458 [0.0849597901106] [0.228474318981]
0.1500829719006 [0.0716916248202] [0.228474318981]
0.14384512603275001 [0.0592159330845] [0.228474318981]
0.13876938819875 [0.0490644574165] [0.228474318981]
0.13499754667275002 [0.0415207743645] [0.228474318981]
0.13255116529755 [0.0366280116141] [0.228474318981]
0.1312352437525 [0.033996168524] [0.228474318981]
0.130913587287 [0.033352855593] [0.228474318981]
0.13139002397650001 [0.034305728972] [0.228474318981]
0.13260512240225 [0.0367359258235] [0.228474318981]
0.1343386899679 [0.0402030609548] [0.228474318981]
0.1362504102289 [0.0440265014768] [0.228474318981]
0.137814156711 [0.047153994441] [0.228474318981]
0.13872556574635 [0.0489768125117] [0.228474318981]
0.13946983776980001 [0.0504653565586] [0.228474318981]
0.14056558161965 [0.0526568442583] [0.228474318981]
0.1425183042883 [0.0565622895956] [0.228474318981]
0.14557841792695 [0.0626825168729] [0.228474318981]
0.14947828277935 [0.0704822465777] [0.228474318981]
0.15277022495855 [0.0770661309361] [0.228474318981]
0.1528186649083 [0.0771630108356] [0.228474318981]
0.14963490143410002 [0.0707954838872] [0.228474318981]
0.14541186578565002 [0.0623494125903] [0.228474318981]
0.1418685875832 [0.0552628561854] [0.228474318981]
0.1392481457441 [0.0500219725072] [0.228474318981]
0.13748272135845002 [0.0464911237359] [0.228474318981]
0.1364920064806 [0.0445096939802] [0.228474318981]
0.13651966117315 [0.0445650033653] [0.228474318981]
0.1377435307949 [0.0470127426088] [0.228474318981]
0.1401254348456 [0.0517765507102] [0.228474318981]
0.14317281916730001 [0.0578713193536] [0.228474318981]
0.14626928418865 [0.0640642493963] [0.228474318981]
0.14887395501130002 [0.0692735910416] [0.228474318981]
0.150932252407 [0.073390185833] [0.228474318981]
0.1528165601193 [0.0771588012576] [0.228474318981]
0.1552985236048 [0.0821227282286] [0.228474318981]
0.1589201837777 [0.0893660485744] [0.228474318981]
0.1638007760047 [0.0991272330284] [0.228474318981]
0.17002164572450001 [0.111568972468] [0.228474318981]
0.177748054266 [0.127021789551] [0.228474318981]
0.18687215447400002 [0.145269989967] [0.228474318981]
0.1981435492635 [0.167812779546] [0.228474318981]
0.210039176047 [0.191604033113] [0.228474318981]
0.2183260172605 [0.20817771554] [0.228474318981]
0.21985137462600002 [0.211228430271] [0.228474318981]
0.2147596925495 [0.201045066118] [0.228474318981]
0.2074756771325 [0.186477035284] [0.228474318981]
0.202555850148 [0.176637381315] [0.228474318981]
0.199187606573 [0.169900894165] [0.228474318981]
0.19588874280450003 [0.163303166628] [0.228474318981]
0.1916650161145 [0.154855713248] [0.228474318981]
0.187262825668 [0.146051332355] [0.228474318981]
0.182895950973 [0.137317582965] [0.228474318981]
0.178923174739 [0.129372030497] [0.228474318981]
0.175277400762 [0.122080482543] [0.228474318981]
0.172435507178 [0.116396695375] [0.228474318981]
0.17147624120100002 [0.114478163421] [0.228474318981]
0.1711303666235 [0.113786414266] [0.228474318981]
0.1708638593555 [0.11325339973] [0.228474318981]
0.17140808701500002 [0.114341855049] [0.228474318981]
0.1730213686825 [0.117568418384] [0.228474318981]
0.17515539377900002 [0.121836468577] [0.228474318981]
0.1781206056475 [0.127766892314] [0.228474318981]
0.179490469396 [0.130506619811] [0.228474318981]
0.1796076223255 [0.13074092567] [0.228474318981]
0.179710969329 [0.130947619677] [0.228474318981]
0.180468931794 [0.132463544607] [0.228474318981]
0.181994110346 [0.135513901711] [0.228474318981]
0.18454556912199999 [0.140616819263] [0.228474318981]
0.18794145435100001 [0.147408589721] [0.228474318981]
0.191046975553 [0.153619632125] [0.228474318981]
0.1940424889325 [0.159610658884] [0.228474318981]
0.1959368884565 [0.163399457932] [0.228474318981]
0.1976130381225 [0.166751757264] [0.228474318981]
0.1994426772 [0.170411035419] [0.228474318981]
0.2004513293505 [0.17242833972] [0.228474318981]
0.20071924477800002 [0.172964170575] [0.228474318981]
0.20020368695250002 [0.171933054924] [0.228474318981]
0.199946768582 [0.171419218183] [0.228474318981]
0.199161350727 [0.169848382473] [0.228474318981]
0.1973668336865 [0.166259348392] [0.228474318981]
0.1959198117255 [0.16336530447] [0.228474318981]
0.1952031850815 [0.161932051182] [0.228474318981]
0.1954315677285 [0.162388816476] [0.228474318981]
0.19896086305350003 [0.169447407126] [0.228474318981]
0.2055832371115 [0.182692155242] [0.228474318981]
0.211625367403 [0.194776415825] [0.228474318981]
0.21748475730400002 [0.206495195627] [0.228474318981]
0.222551330924 [0.216628342867] [0.228474318981]
0.2259146273135 [0.223354935646] [0.228474318981]
0.22606381773950002 [0.223653316498] [0.228474318981]
0.2253908663985 [0.222307413816] [0.228474318981]
0.22679815441349999 [0.225121989846] [0.228474318981]
0.22711850702750003 [0.225762695074] [0.228474318981]
0.22573459893449999 [0.222994878888] [0.228474318981]
0.2231750264765 [0.217875733972] [0.228474318981]
0.22005573660150002 [0.211637154222] [0.228474318981]
0.217260688543 [0.206047058105] [0.228474318981]
0.2141525894405 [0.1998308599] [0.228474318981]
0.21054525673399999 [0.192616194487] [0.228474318981]
0.2066902667285 [0.184906214476] [0.228474318981]
0.2027756497265 [0.177076980472] [0.228474318981]
0.19894678145650002 [0.169419243932] [0.228474318981]
