M B1 B2
0.14200895279635 [0.0555435866117] [0.228474318981]
0.13973542489105 [0.0509965308011] [0.228474318981]
0.1374647188931 [0.0464551188052] [0.228474318981]
0.13481847755600002 [0.041162636131] [0.228474318981]
0.13174940645685002 [0.0350244939327] [0.228474318981]
0.12882302701465 [0.0291717350483] [0.228474318981]
0.1265061981975 [0.024538077414] [0.228474318981]
0.1251301234587 [0.0217859279364] [0.228474318981]
0.1244544526561 [0.0204345863312] [0.228474318981]
0.1241987720131 [0.0199232250452] [0.228474318981]
0.1242349483072 [0.0199955776334] [0.228474318981]
0.12456668913355001 [0.0206590592861] [0.228474318981]
0.1252327421679 [0.0219911653548] [0.228474318981]
0.12620244175185 [0.0239305645227] [0.228474318981]
0.1272112047299 [0.0259480904788] [0.228474318981]
0.12810535076995 [0.0277363825589] [0.228474318981]
0.1288094734772 [0.0291446279734] [0.228474318981]
0.12948699761175 [0.0304996762425] [0.228474318981]
0.1301583349704 [0.0318423509598] [0.228474318981]
0.13090061955145 [0.0333269201219] [0.228474318981]
0.1317453235387 [0.0350163280964] [0.228474318981]
0.1328443642705 [0.03721440956] [0.228474318981]
0.134215960279 [0.039957601577] [0.228474318981]
0.13595714606335002 [0.0434399731457] [0.228474318981]
0.13826137781135 [0.0480484366417] [0.228474318981]
0.1412240061908 [0.0539736934006] [0.228474318981]
0.1445368230342 [0.0605993270874] [0.228474318981]
0.14753929153075002 [0.0666042640805] [0.228474318981]
0.15017972141495 [0.0718851238489] [0.228474318981]
0.15306945890180002 [0.0776645988226] [0.228474318981]
0.1568900384008 [0.0853057578206] [0.228474318981]
0.1608185246586 [0.0931627303362] [0.228474318981]
0.1645559743045 [0.100637629628] [0.228474318981]
0.1666858680545 [0.104897417128] [0.228474318981]
0.1673169471325 [0.106159575284] [0.228474318981]
0.1681022010745 [0.107730083168] [0.228474318981]
0.170105885714 [0.111737452447] [0.228474318981]
0.1731735430655 [0.11787276715] [0.228474318981]
0.17592374607900002 [0.123373173177] [0.228474318981]
0.177139855921 [0.125805392861] [0.228474318981]
0.1773215457795 [0.126168772578] [0.228474318981]
0.17758904397500003 [0.126703768969] [0.228474318981]
0.1785271316765 [0.128579944372] [0.228474318981]
0.18040852248650002 [0.132342725992] [0.228474318981]
0.1812285408375 [0.133982762694] [0.228474318981]
0.17951285839050002 [0.1305513978] [0.228474318981]
0.1741405315695 [0.119806744158] [0.228474318981]
0.165782559663 [0.103090800345] [0.228474318981]
0.1575275324284 [0.0865807458758] [0.228474318981]
0.1513546742498 [0.0742350295186] [0.228474318981]
0.1473247818648 [0.0661752447486] [0.228474318981]
0.1448959782719 [0.0613176375628] [0.228474318981]
0.1437582001089 [0.0590420812368] [0.228474318981]
0.14365814439945002 [0.0588419698179] [0.228474318981]
0.14449172094455 [0.0605091229081] [0.228474318981]
0.14590948820105 [0.0633446574211] [0.228474318981]
0.1475475803017 [0.0666208416224] [0.228474318981]
0.1490433216094 [0.0696123242378] [0.228474318981]
0.15018437057725 [0.0718944221735] [0.228474318981]
0.1510891802608 [0.0737040415406] [0.228474318981]
0.15237726643675 [0.0762802138925] [0.228474318981]
0.15470620244735 [0.0809380859137] [0.228474318981]
0.1585258319973 [0.0885773450136] [0.228474318981]
0.16383387148370002 [0.0991934239864] [0.228474318981]
0.17033578827950002 [0.112197257578] [0.228474318981]
0.1764064766465 [0.124338634312] [0.228474318981]
0.181121982634 [0.133769646287] [0.228474318981]
0.1840002536775 [0.139526188374] [0.228474318981]
0.18510180711750002 [0.141729295254] [0.228474318981]
0.18602234870200002 [0.143570378423] [0.228474318981]
0.185946986079 [0.143419653177] [0.228474318981]
0.1851317360995 [0.141789153218] [0.228474318981]
0.1841647475955 [0.13985517621] [0.228474318981]
0.181986257434 [0.135498195887] [0.228474318981]
0.1777438297865 [0.127013340592] [0.228474318981]
0.170824062079 [0.113173805177] [0.228474318981]
0.1633079648017 [0.0981416106224] [0.228474318981]
0.15688928961745002 [0.0853042602539] [0.228474318981]
0.15204026922575 [0.0756062194705] [0.228474318981]
0.14865024760355 [0.0688261762261] [0.228474318981]
0.14644169062365 [0.0644090622663] [0.228474318981]
0.14523382112375 [0.0619933232665] [0.228474318981]
0.1450388785451 [0.0616034381092] [0.228474318981]
0.14542740583410002 [0.0623804926872] [0.228474318981]
0.1458735242485 [0.063272729516] [0.228474318981]
0.1458361223339 [0.0631979256868] [0.228474318981]
0.14522223547090002 [0.0619701519608] [0.228474318981]
0.1441970486193 [0.0599197782576] [0.228474318981]
0.14340432174495 [0.0583343245089] [0.228474318981]
0.1435699593275 [0.058665599674] [0.228474318981]
0.14512691833070002 [0.0617795176804] [0.228474318981]
0.1481531672179 [0.0678320154548] [0.228474318981]
0.15251365676515 [0.0765529945493] [0.228474318981]
0.15856049209825002 [0.0886466652155] [0.228474318981]
0.166287392378 [0.104100465775] [0.228474318981]
0.175149053335 [0.121823787689] [0.228474318981]
0.185385234654 [0.142296150327] [0.228474318981]
0.1941270679235 [0.159779816866] [0.228474318981]
0.1986927241085 [0.168911129236] [0.228474318981]
0.199813835323 [0.171153351665] [0.228474318981]
0.1993015408515 [0.170128762722] [0.228474318981]
0.19911385327550002 [0.16975338757] [0.228474318981]
0.199122093618 [0.169769868255] [0.228474318981]
0.198925644159 [0.169376969337] [0.228474318981]
0.1970864236355 [0.16569852829] [0.228474318981]
0.192956931889 [0.157439544797] [0.228474318981]
0.186349712312 [0.144225105643] [0.228474318981]
0.178934045136 [0.129393771291] [0.228474318981]
0.1728123538195 [0.117150388658] [0.228474318981]
0.16810074076050002 [0.10772716254] [0.228474318981]
0.1649344861505 [0.10139465332] [0.228474318981]
0.16227328032245 [0.0960722416639] [0.228474318981]
0.15987919270985002 [0.0912840664387] [0.228474318981]
0.15749273821705 [0.0865111574531] [0.228474318981]
0.15566729009145 [0.0828602612019] [0.228474318981]
0.15424306690685002 [0.0800118148327] [0.228474318981]
0.1531423404812 [0.0778103619814] [0.228474318981]
0.15193825587620002 [0.0754021927714] [0.228474318981]
0.15061577409495 [0.0727572292089] [0.228474318981]
0.1495273448526 [0.0705803707242] [0.228474318981]
0.1491606310009 [0.0698469430208] [0.228474318981]
0.1498246230184 [0.0711749270558] [0.228474318981]
0.1516300663351 [0.0747858136892] [0.228474318981]
0.15481260418885 [0.0811508893967] [0.228474318981]
0.15889711678020002 [0.0893199145794] [0.228474318981]
0.16320100799195 [0.0979276970029] [0.228474318981]
0.165742661804 [0.103011004627] [0.228474318981]
0.16737729311 [0.106280267239] [0.228474318981]
0.167969007045 [0.107463695109] [0.228474318981]
0.1668034009635 [0.105132482946] [0.228474318981]
0.1650948673485 [0.101715415716] [0.228474318981]
0.165121909231 [0.101769499481] [0.228474318981]
0.1658347211775 [0.103195123374] [0.228474318981]
0.1669050715865 [0.105335824192] [0.228474318981]
0.1683403253555 [0.10820633173] [0.228474318981]
0.170200243592 [0.111926168203] [0.228474318981]
0.1724551692605 [0.11643601954] [0.228474318981]
0.174001470208 [0.119528621435] [0.228474318981]
0.17460886389000002 [0.120743408799] [0.228474318981]
0.17321620509000002 [0.117958091199] [0.228474318981]
0.16964885592450002 [0.110823392868] [0.228474318981]
0.16415132209650002 [0.099828325212] [0.228474318981]
0.15924939885725 [0.0900244787335] [0.228474318981]
0.15529776737085 [0.0821212157607] [0.228474318981]
0.1528904438018 [0.0773065686226] [0.228474318981]
0.15134748071425 [0.0742206424475] [0.228474318981]
0.15112296491855 [0.0737716108561] [0.228474318981]
0.1516346409916 [0.0747949630022] [0.228474318981]
0.15211898460975 [0.0757636502385] [0.228474318981]
0.15302707627405002 [0.0775798335671] [0.228474318981]
0.1538248062133 [0.0791752934456] [0.228474318981]
0.15405458956950002 [0.079634860158] [0.228474318981]
0.1538439951836 [0.0792136713862] [0.228474318981]
0.15408719331020002 [0.0797000676394] [0.228474318981]
0.15599143877615002 [0.0835085585713] [0.228474318981]
0.15973554551595 [0.0909967720509] [0.228474318981]
0.1638769619166 [0.0992796048522] [0.228474318981]
0.16887830942850002 [0.109282299876] [0.228474318981]
0.174031667411 [0.119589015841] [0.228474318981]
0.17833766341200002 [0.128201007843] [0.228474318981]
0.181158058345 [0.133841797709] [0.228474318981]
0.182959727943 [0.137445136905] [0.228474318981]
0.1836970523 [0.138919785619] [0.228474318981]
0.1829544901845 [0.137434661388] [0.228474318981]
0.1828721389175 [0.137269958854] [0.228474318981]
0.183039844036 [0.137605369091] [0.228474318981]
0.185527704656 [0.142581090331] [0.228474318981]
0.18912202864900002 [0.149769738317] [0.228474318981]
0.1945431157945 [0.160611912608] [0.228474318981]
