M B1 B2
0.048426948487800006 [0.0636465325952] [0.0332073643804]
0.05017802119255001 [0.0647153109312] [0.0356407314539]
0.0531239118427 [0.0670785307884] [0.039169292897]
0.057417744770649995 [0.0708512440324] [0.0439842455089]
0.0619627032429 [0.0747048705816] [0.0492205359042]
0.06472095660865 [0.0766249448061] [0.0528169684112]
0.0649746209383 [0.0777925774455] [0.0521566644311]
0.06284439377485 [0.0791602581739] [0.0465285293758]
0.0601374283433 [0.0805518105626] [0.039723046124]
0.0569175351411 [0.0795732811093] [0.0342617891729]
0.0533140152693 [0.076029740274] [0.0305982902646]
0.049787920899699994 [0.0711553320289] [0.0284205097705]
0.04712811578065 [0.0668553337455] [0.0274008978158]
0.04543293919415 [0.0639457479119] [0.0269201304764]
0.04389879386875 [0.0617437884212] [0.0260537993163]
0.04195956233885 [0.0588273517787] [0.025091772899]
0.03850762359795 [0.0528690218925] [0.0241462253034]
0.033729236573000004 [0.0439924001694] [0.0234660729766]
0.029855828732249998 [0.0366968251765] [0.023014832288]
0.027569697238499998 [0.0320763923228] [0.0230630021542]
0.026621712371700003 [0.0294734798372] [0.0237699449062]
0.0268780393526 [0.0283546503633] [0.0254014283419]
0.028361149132249998 [0.0282556824386] [0.0284666158259]
0.0312432954088 [0.02898449637] [0.0335020944476]
0.035524024628100004 [0.030383689329] [0.0406643599272]
0.040283292531949996 [0.0319715216756] [0.0485950633883]
0.04425845108925 [0.0336159430444] [0.0549009591341]
0.04662423208355 [0.0353250205517] [0.0579234436154]
0.04790815338495 [0.0369248352945] [0.0588914714754]
0.0488861948252 [0.0384643264115] [0.0593080632389]
0.04986436665055 [0.0402198284864] [0.0595089048147]
0.051811339333649994 [0.0429835096002] [0.0606391690671]
0.05601440556345 [0.0483971647918] [0.0636316463351]
0.0641161631793 [0.0586594156921] [0.0695729106665]
0.0780032351613 [0.0768800526857] [0.0791264176369]
0.09360203519464999 [0.0995272919536] [0.0876767784357]
0.1020924672484 [0.115840896964] [0.0883440375328]
0.10449480265364999 [0.123715125024] [0.0852744802833]
0.10523317009210001 [0.126715645194] [0.0837506949902]
0.10603105649345002 [0.128328591585] [0.0837335214019]
0.1059074066581 [0.127121150494] [0.0846936628222]
0.1026201732459 [0.119434639812] [0.0858057066798]
0.0953890308737 [0.104430168867] [0.0863478928804]
0.08622841164469999 [0.0865113511682] [0.0859454721212]
0.07642517983915001 [0.0695109218359] [0.0833394378424]
0.06592149473725 [0.0561473853886] [0.0756956040859]
0.0569847021252 [0.0471465922892] [0.0668228119612]
0.05102932825685 [0.0413535758853] [0.0607050806284]
0.0478216838092 [0.0377540700138] [0.0578892976046]
0.04673467203975 [0.0356831736863] [0.0577861703932]
0.0469885878265 [0.0346129983664] [0.0593641772866]
0.047701589763150004 [0.0339618511498] [0.0614413283765]
0.04828340746465 [0.0334266163409] [0.0631401985884]
0.048400182276950005 [0.0326308682561] [0.0641694962978]
0.04776177741585 [0.0316306091845] [0.0638929456472]
0.04692722857 [0.0306250303984] [0.0632294267416]
0.0461919941008 [0.0299821421504] [0.0624018460512]
0.046021154150350005 [0.030220746994] [0.0618215613067]
0.04649099987 [0.0312333125621] [0.0617486871779]
0.04811177402735 [0.0331170037389] [0.0631065443158]
0.051823491230600004 [0.0363903082907] [0.0672566741705]
0.0587498713285 [0.0416357330978] [0.0758640095592]
0.0698927585036 [0.0493856929243] [0.0903998240829]
0.08484975062305 [0.0595636926591] [0.110135808587]
0.10047817602745 [0.0711048617959] [0.129851490259]
0.11283885687615 [0.0823999345303] [0.143277779222]
0.12185474112610001 [0.0921665206552] [0.151542961597]
0.130061242729 [0.100041173398] [0.16008131206]
0.13803801313 [0.106124721467] [0.169951304793]
0.145797047764 [0.109902866185] [0.181691229343]
0.1534073241055 [0.113710530102] [0.193104118109]
0.158294890076 [0.116405777633] [0.200184002519]
0.161194741726 [0.118059307337] [0.204330176115]
0.1634135842325 [0.118334889412] [0.208492279053]
0.1617549695075 [0.113859213889] [0.209650725126]
0.1594341769815 [0.109541103244] [0.209327250719]
0.156989660114 [0.104390151799] [0.209589168429]
0.15417623519899998 [0.100057154894] [0.208295315504]
0.1505438983438 [0.0966835319996] [0.204404264688]
0.14493970200415002 [0.0941092148423] [0.195770189166]
0.1383683644234 [0.0936672016978] [0.183069527149]
0.13217538595215 [0.0951655060053] [0.169185265899]
0.1279817633329 [0.0975720658898] [0.158391460776]
0.12657828629 [0.10070630908] [0.1524502635]
0.12713271752 [0.10417290777] [0.15009252727]
0.129734054208 [0.108766078949] [0.150702029467]
0.1330396048725 [0.115616880357] [0.150462329388]
0.1351914815605 [0.12266574055] [0.147717222571]
0.1350998729465 [0.12887725234] [0.141322493553]
0.132285930216 [0.13174380362] [0.132828056812]
0.129628319293 [0.135028019547] [0.124228619039]
0.1292925290765 [0.140258267522] [0.118326790631]
0.128867123276 [0.142564415932] [0.11516983062]
0.12757467106 [0.141435816884] [0.113713525236]
0.1258751377465 [0.137714639306] [0.114035636187]
0.1242927499115 [0.133564651012] [0.115020848811]
0.12249654158949999 [0.130249872804] [0.114743210375]
0.1197658330205 [0.127593263984] [0.111938402057]
0.1152546554805 [0.124845862389] [0.105663448572]
0.1098614186046 [0.121752262115] [0.0979705750942]
0.10499230027199999 [0.119107298553] [0.090877301991]
0.1021876111625 [0.118052653968] [0.086322568357]
0.10124954581275 [0.118803367019] [0.0836957246065]
0.10168962180615 [0.120626732707] [0.0827525109053]
0.10212284326554999 [0.122908718884] [0.0813369676471]
0.1005403399466 [0.123850226402] [0.0772304534912]
0.09916312620055 [0.125998824835] [0.0723274275661]
0.09804673865415 [0.127102002501] [0.0689914748073]
0.09769736602910001 [0.129255205393] [0.0661395266652]
0.09793553873909999 [0.132075801492] [0.0637952759862]
0.0968231316655 [0.132428690791] [0.06121757254]
0.09486629627644999 [0.130821377039] [0.0589112155139]
0.09285557642584999 [0.128157824278] [0.0575533285737]
0.09051887877265 [0.123281396925] [0.0577563606203]
0.08958245627565001 [0.119767554104] [0.0593973584473]
0.0904411226511 [0.1194011271] [0.0614811182022]
0.09108441323045 [0.118920609355] [0.0632482171059]
0.09098071604960001 [0.117370136082] [0.0645912960172]
0.0903922952711 [0.114442616701] [0.0663419738412]
0.0903562977911 [0.111315816641] [0.0693967789412]
0.09151280671355 [0.109448172152] [0.0735774412751]
0.09295532107355 [0.10734269768] [0.0785679444671]
0.0952947027979 [0.104859873652] [0.0857295319438]
0.09856179356585 [0.103244058788] [0.0938795283437]
0.1022414825855 [0.103668324649] [0.100814640522]
0.106023170054 [0.105382412672] [0.106663927436]
0.1080829463895 [0.107481129467] [0.108684763312]
0.107346303761 [0.108036473393] [0.106656134129]
0.09921190887699999 [0.10370747] [0.094716347754]
0.08308516815305 [0.0900070294738] [0.0761633068323]
0.0606026388705 [0.0643428564072] [0.0568624213338]
0.04588793590665 [0.0366869196296] [0.0550889521837]
