M B1 B2
0.1311202365904 [0.0337661541998] [0.228474318981]
0.1315196827053 [0.0345650464296] [0.228474318981]
0.13218838535240002 [0.0359024517238] [0.228474318981]
0.13278957456340001 [0.0371048301458] [0.228474318981]
0.1330675818025 [0.037660844624] [0.228474318981]
0.1330308765172 [0.0375874340534] [0.228474318981]
0.13282307423645 [0.0371718294919] [0.228474318981]
0.13266348280005 [0.0368526466191] [0.228474318981]
0.1326859369873 [0.0368975549936] [0.228474318981]
0.1328295618295 [0.037184804678] [0.228474318981]
0.13298140466205 [0.0374884903431] [0.228474318981]
0.1331810001283 [0.0378876812756] [0.228474318981]
0.1334346830844 [0.0383950471878] [0.228474318981]
0.13414865732185 [0.0398229956627] [0.228474318981]
0.13518075831225002 [0.0418871976435] [0.228474318981]
0.13644249364725 [0.0444106683135] [0.228474318981]
0.13744711317115 [0.0464199073613] [0.228474318981]
0.1380813550203 [0.0476883910596] [0.228474318981]
0.13832928985350001 [0.048184260726] [0.228474318981]
0.13874319940795002 [0.0490120798349] [0.228474318981]
0.13980555161825 [0.0511367842555] [0.228474318981]
0.1417620498686 [0.0550497807562] [0.228474318981]
0.14443355426185 [0.0603927895427] [0.228474318981]
0.14727235585445 [0.0660703927279] [0.228474318981]
0.1497496291994 [0.0710249394178] [0.228474318981]
0.1518904529511 [0.0753065869212] [0.228474318981]
0.1541236564516 [0.0797729939222] [0.228474318981]
0.15669705718745 [0.0849197953939] [0.228474318981]
0.1590187326073 [0.0895631462336] [0.228474318981]
0.161384217441 [0.094294115901] [0.228474318981]
0.1636302918195 [0.098786264658] [0.228474318981]
0.1663623936475 [0.104250468314] [0.228474318981]
0.1709099784495 [0.113345637918] [0.228474318981]
0.1774735823275 [0.126472845674] [0.228474318981]
0.18491955101500002 [0.141364783049] [0.228474318981]
0.19130861759200002 [0.154142916203] [0.228474318981]
0.194935142994 [0.161395967007] [0.228474318981]
0.1958852633835 [0.163296207786] [0.228474318981]
0.19520618766550002 [0.16193805635] [0.228474318981]
0.19339301437150003 [0.158311709762] [0.228474318981]
0.1908526867625 [0.153231054544] [0.228474318981]
0.1881608814 [0.147847443819] [0.228474318981]
0.18466649204500002 [0.140858665109] [0.228474318981]
0.180030159652 [0.131586000323] [0.228474318981]
0.17534647882 [0.122218638659] [0.228474318981]
0.173432473093 [0.118390627205] [0.228474318981]
0.17300291731950002 [0.117531515658] [0.228474318981]
0.17233517766 [0.116196036339] [0.228474318981]
0.17184732854350002 [0.115220338106] [0.228474318981]
0.1718090996145 [0.115143880248] [0.228474318981]
0.171938981861 [0.115403644741] [0.228474318981]
0.171842765063 [0.115211211145] [0.228474318981]
