M B1 B2
0.14097259752445002 [0.0534708760679] [0.228474318981]
0.13907596655180002 [0.0496776141226] [0.228474318981]
0.13799786008885 [0.0475214011967] [0.228474318981]
0.13770549185565 [0.0469366647303] [0.228474318981]
0.1380775496363 [0.0476807802916] [0.228474318981]
0.1387895885854 [0.0491048581898] [0.228474318981]
0.13954655081025 [0.0506187826395] [0.228474318981]
0.14024921134105 [0.0520241037011] [0.228474318981]
0.14076712355010002 [0.0530599281192] [0.228474318981]
0.1409411560743 [0.0534079931676] [0.228474318981]
0.140911463648 [0.053348608315] [0.228474318981]
0.14106448180965 [0.0536546446383] [0.228474318981]
0.1417728867381 [0.0550714544952] [0.228474318981]
0.14321553334585002 [0.0579567477107] [0.228474318981]
0.14519995450965 [0.0619255900383] [0.228474318981]
0.1472558453678 [0.0660373717546] [0.228474318981]
0.14881199970835002 [0.0691496804357] [0.228474318981]
0.14960715547195 [0.0707399919629] [0.228474318981]
0.14982580766075002 [0.0711772963405] [0.228474318981]
0.15049342438570001 [0.0725125297904] [0.228474318981]
0.151619631797 [0.074764944613] [0.228474318981]
0.15277296677225 [0.0770716145635] [0.228474318981]
0.15359240025275 [0.0787104815245] [0.228474318981]
0.1547954976558 [0.0811166763306] [0.228474318981]
0.1567978784441 [0.0851214379072] [0.228474318981]
0.1598152779042 [0.0911562368274] [0.228474318981]
0.16307014226905 [0.0976659655571] [0.228474318981]
0.16560977324850001 [0.102745227516] [0.228474318981]
0.1674381792545 [0.106402039528] [0.228474318981]
0.16864900663500001 [0.108823694289] [0.228474318981]
0.1694829910995 [0.110491663218] [0.228474318981]
0.169996164739 [0.111518010497] [0.228474318981]
0.170334700495 [0.112195082009] [0.228474318981]
0.171069342643 [0.113664366305] [0.228474318981]
0.172403346747 [0.116332374513] [0.228474318981]
0.174110647291 [0.119746975601] [0.228474318981]
0.175988256931 [0.123502194881] [0.228474318981]
0.178029023111 [0.127583727241] [0.228474318981]
0.18057417869550002 [0.13267403841] [0.228474318981]
0.184698946774 [0.140923574567] [0.228474318981]
0.1897431015965 [0.151011884212] [0.228474318981]
0.1938814148305 [0.15928851068] [0.228474318981]
0.196316935122 [0.164159551263] [0.228474318981]
0.19699002057300002 [0.165505722165] [0.228474318981]
0.195521749556 [0.162569180131] [0.228474318981]
0.19304148107750002 [0.157608643174] [0.228474318981]
0.190212674439 [0.151951029897] [0.228474318981]
0.18799301236850002 [0.147511705756] [0.228474318981]
0.18591108173100002 [0.143347844481] [0.228474318981]
0.183556102216 [0.138637885451] [0.228474318981]
0.179987773299 [0.131501227617] [0.228474318981]
0.17653523013 [0.124596141279] [0.228474318981]
0.17326368019 [0.118053041399] [0.228474318981]
0.1702421568335 [0.112009994686] [0.228474318981]
0.1673713959755 [0.10626847297] [0.228474318981]
0.164691738784 [0.100909158587] [0.228474318981]
0.16222623735660002 [0.0959781557322] [0.228474318981]
0.16005193814625002 [0.0916295573115] [0.228474318981]
0.15857188031070002 [0.0886694416404] [0.228474318981]
0.1577249914407 [0.0869756639004] [0.228474318981]
0.1572505980729 [0.0860268771648] [0.228474318981]
0.15682596713295 [0.0851776152849] [0.228474318981]
0.1562390960752 [0.0840038731694] [0.228474318981]
0.1559433452784 [0.0834123715758] [0.228474318981]
0.15663619711985 [0.0847980752587] [0.228474318981]
0.15827254578465 [0.0880707725883] [0.228474318981]
0.1605842486023 [0.0926941782236] [0.228474318981]
0.16279143467535 [0.0971085503697] [0.228474318981]
0.16393156722180002 [0.0993888154626] [0.228474318981]
0.1643928475675 [0.100311376154] [0.228474318981]
0.16505729407050002 [0.10164026916] [0.228474318981]
0.1670353896915 [0.105596460402] [0.228474318981]
0.170010138303 [0.111545957625] [0.228474318981]
0.172895718366 [0.117317117751] [0.228474318981]
0.174529250711 [0.120584182441] [0.228474318981]
0.17560522630800002 [0.122736133635] [0.228474318981]
0.176666602492 [0.124858886003] [0.228474318981]
0.178186185658 [0.127898052335] [0.228474318981]
0.179573133588 [0.130671948195] [0.228474318981]
0.1808255687355 [0.13317681849] [0.228474318981]
0.18194469809500002 [0.135415077209] [0.228474318981]
0.1835219189525 [0.138569518924] [0.228474318981]
0.18491497635850002 [0.141355633736] [0.228474318981]
0.18586913496250002 [0.143263950944] [0.228474318981]
0.18609479069700002 [0.143715262413] [0.228474318981]
0.1853747591375 [0.142275199294] [0.228474318981]
0.18411807715900003 [0.139761835337] [0.228474318981]
0.1837940216065 [0.139113724232] [0.228474318981]
0.1847944781185 [0.141114637256] [0.228474318981]
0.1860223188995 [0.143570318818] [0.228474318981]
0.1854231506585 [0.142371982336] [0.228474318981]
0.18107436597350002 [0.133674412966] [0.228474318981]
0.1744197905065 [0.120365262032] [0.228474318981]
0.167756419629 [0.107038520277] [0.228474318981]
0.1554957404732 [0.0825171619654] [0.228474318981]
0.14230415225020002 [0.0561339855194] [0.228474318981]
0.1335033439099 [0.0385323688388] [0.228474318981]
0.1293085999786 [0.0301428809762] [0.228474318981]
0.12768918275825 [0.0269040465355] [0.228474318981]
0.12732852436595002 [0.0261827297509] [0.228474318981]
0.12749752402295 [0.0265207290649] [0.228474318981]
0.12777491938315 [0.0270755197853] [0.228474318981]
0.1279342826455 [0.02739424631] [0.228474318981]
0.12791529949745 [0.0273562800139] [0.228474318981]
0.12777065765105 [0.0270669963211] [0.228474318981]
0.12752233073105002 [0.0265703424811] [0.228474318981]
0.1272652074694 [0.0260560959578] [0.228474318981]
0.12704875599585 [0.0256231930107] [0.228474318981]
0.12692421302190002 [0.0253741070628] [0.228474318981]
0.12698718719175 [0.0255000554025] [0.228474318981]
0.12733796052625002 [0.0262016020715] [0.228474318981]
0.1280718641355 [0.02766940929] [0.228474318981]
0.1292332420125 [0.029992165044] [0.228474318981]
0.13099623657755 [0.0335181541741] [0.228474318981]
0.13359978422515 [0.0387252494693] [0.228474318981]
0.13712893985205 [0.0457835607231] [0.228474318981]
0.1409010309725 [0.053327742964] [0.228474318981]
0.14352959394445 [0.0585848689079] [0.228474318981]
0.1450252905487 [0.0615762621164] [0.228474318981]
0.14761700108640002 [0.0667596831918] [0.228474318981]
0.15100536122910002 [0.0735364034772] [0.228474318981]
0.1556950323283 [0.0829157456756] [0.228474318981]
0.16153898835175 [0.0946036577225] [0.228474318981]
0.1672539263965 [0.106033533812] [0.228474318981]
0.1709126867355 [0.11335105449] [0.228474318981]
0.171981278807 [0.115488238633] [0.228474318981]
0.1716679520905 [0.1148615852] [0.228474318981]
0.1709419079125 [0.113409496844] [0.228474318981]
0.16999943554400002 [0.111524552107] [0.228474318981]
0.1696664765475 [0.110858634114] [0.228474318981]
0.170672185719 [0.112870052457] [0.228474318981]
0.1723466701805 [0.11621902138] [0.228474318981]
0.1746512278915 [0.120828136802] [0.228474318981]
0.1763797812165 [0.124285243452] [0.228474318981]
0.17595659568900002 [0.123438872397] [0.228474318981]
0.173249449581 [0.118024580181] [0.228474318981]
0.16996596008550002 [0.11145760119] [0.228474318981]
0.1680293269455 [0.10758433491] [0.228474318981]
0.1673683039845 [0.106262288988] [0.228474318981]
0.16686289012400002 [0.105251461267] [0.228474318981]
0.1671308539805 [0.10578738898] [0.228474318981]
