M B1 B2
0.13351334631435 [0.0385523736477] [0.228474318981]
0.13328222930425002 [0.0380901396275] [0.228474318981]
0.1337571553885 [0.039039991796] [0.228474318981]
0.1343869715928 [0.0402996242046] [0.228474318981]
0.13470660150045 [0.0409388840199] [0.228474318981]
0.1346802301704 [0.0408861413598] [0.228474318981]
0.1344007011502 [0.0403270833194] [0.228474318981]
0.1341845896094 [0.0398948602378] [0.228474318981]
0.13438142836085 [0.0402885377407] [0.228474318981]
0.13510338403275002 [0.0417324490845] [0.228474318981]
0.1360828895121 [0.0436914600432] [0.228474318981]
0.13713484816245 [0.0457953773439] [0.228474318981]
0.13833755813530002 [0.0482007972896] [0.228474318981]
0.13952512666575 [0.0505759343505] [0.228474318981]
0.14042321965090002 [0.0523721203208] [0.228474318981]
0.14075792953365002 [0.0530415400863] [0.228474318981]
0.1408395096659 [0.0532047003508] [0.228474318981]
0.1410292591899 [0.0535841993988] [0.228474318981]
0.1419963426887 [0.0555183663964] [0.228474318981]
0.14364650286725 [0.0588186867535] [0.228474318981]
0.14532821625465 [0.0621821135283] [0.228474318981]
0.14598383381955 [0.0634933486581] [0.228474318981]
0.145447583869 [0.062420848757] [0.228474318981]
0.14436950162045 [0.0602646842599] [0.228474318981]
0.143516505137 [0.058558691293] [0.228474318981]
0.1433026455342 [0.0581309720874] [0.228474318981]
0.14362281374625002 [0.0587713085115] [0.228474318981]
0.14390896074465 [0.0593436025083] [0.228474318981]
0.14428991265585 [0.0601055063307] [0.228474318981]
0.14492040127505001 [0.0613664835691] [0.228474318981]
0.1460004337131 [0.0635265484452] [0.228474318981]
0.14748349413265 [0.0664926692843] [0.228474318981]
0.1489435583352 [0.0694127976894] [0.228474318981]
0.14977369084945 [0.0710730627179] [0.228474318981]
0.1499960757791 [0.0715178325772] [0.228474318981]
0.15040174126615 [0.0723291635513] [0.228474318981]
0.15205658599725 [0.0756388530135] [0.228474318981]
0.1552099697291 [0.0819456204772] [0.228474318981]
0.16048093140115 [0.0924875438213] [0.228474318981]
0.1663295440375 [0.104184769094] [0.228474318981]
0.1708000674845 [0.113125815988] [0.228474318981]
0.173024713993 [0.117575109005] [0.228474318981]
0.174205113202 [0.119935907423] [0.228474318981]
0.17522713914500002 [0.121979959309] [0.228474318981]
0.175634648651 [0.122794978321] [0.228474318981]
0.175636835396 [0.122799351811] [0.228474318981]
0.175632353872 [0.122790388763] [0.228474318981]
0.175850857049 [0.123227395117] [0.228474318981]
0.176345810294 [0.124217301607] [0.228474318981]
0.1768084466455 [0.12514257431] [0.228474318981]
0.17562792822700002 [0.122781537473] [0.228474318981]
0.171070098877 [0.113665878773] [0.228474318981]
0.162642173469 [0.096810027957] [0.228474318981]
0.15455967187875 [0.0806450247765] [0.228474318981]
0.1489639915525 [0.069453664124] [0.228474318981]
0.14611227437845 [0.0637502297759] [0.228474318981]
0.14541407302015 [0.0623538270593] [0.228474318981]
0.1460895650088 [0.0637048110366] [0.228474318981]
0.14725038409225 [0.0660264492035] [0.228474318981]
0.14800764247765 [0.0675409659743] [0.228474318981]
0.14836115762585 [0.0682479962707] [0.228474318981]
0.1482882872223 [0.0681022554636] [0.228474318981]
0.1481434814631 [0.0678126439452] [0.228474318981]
0.14807949215165 [0.0676846653223] [0.228474318981]
0.14847469702355 [0.0684750750661] [0.228474318981]
0.14984687790265 [0.0712194368243] [0.228474318981]
0.15289222449055 [0.0773101300001] [0.228474318981]
0.15830209851255 [0.0881298780441] [0.228474318981]
0.1672815196215 [0.106088720262] [0.228474318981]
0.179992944002 [0.131511569023] [0.228474318981]
0.1961541324855 [0.16383394599] [0.228474318981]
0.2112666517495 [0.194058984518] [0.228474318981]
0.2200727164745 [0.211671113968] [0.228474318981]
0.22089833021150002 [0.213322341442] [0.228474318981]
0.218503125012 [0.208531931043] [0.228474318981]
0.21587877720600002 [0.203283235431] [0.228474318981]
0.214139431715 [0.199804544449] [0.228474318981]
0.211458161473 [0.194442003965] [0.228474318981]
0.206218846142 [0.183963373303] [0.228474318981]
0.1975444108245 [0.166614502668] [0.228474318981]
0.1859438866375 [0.143413454294] [0.228474318981]
0.172669287771 [0.116864256561] [0.228474318981]
0.162265587598 [0.096056856215] [0.228474318981]
0.15570371970525002 [0.0829331204295] [0.228474318981]
0.15176156908265 [0.0750488191843] [0.228474318981]
0.149257171899 [0.070040024817] [0.228474318981]
0.1476277410983 [0.0667811632156] [0.228474318981]
0.14649556577195 [0.0645168125629] [0.228474318981]
0.1456423997878 [0.0628104805946] [0.228474318981]
0.145108770579 [0.061743222177] [0.228474318981]
0.1448130887001 [0.0611518584192] [0.228474318981]
0.1446099318563 [0.0607455447316] [0.228474318981]
0.1442273799329 [0.0599804408848] [0.228474318981]
0.1436483580618 [0.0588223971426] [0.228474318981]
0.1430805511772 [0.0576867833734] [0.228474318981]
0.14280067384235 [0.0571270287037] [0.228474318981]
0.14325402304520002 [0.0580337271094] [0.228474318981]
0.1446363721042 [0.0607984252274] [0.228474318981]
0.1465994529425 [0.064724586904] [0.228474318981]
0.14866760373105 [0.0688608884811] [0.228474318981]
0.15074349939815002 [0.0730126798153] [0.228474318981]
0.15210440382355 [0.0757344886661] [0.228474318981]
0.15262741968025 [0.0767805203795] [0.228474318981]
0.15221156179895 [0.0759488046169] [0.228474318981]
0.15240371972315 [0.0763331204653] [0.228474318981]
0.15360011905425 [0.0787259191275] [0.228474318981]
0.1555853560566 [0.0826963931322] [0.228474318981]
0.1580339856445 [0.087593652308] [0.228474318981]
0.160269640386 [0.092064961791] [0.228474318981]
0.16198264062395 [0.0954909622669] [0.228474318981]
0.1631854325532 [0.0978965461254] [0.228474318981]
0.1642240025102 [0.0999736860394] [0.228474318981]
0.1652608662845 [0.102047413588] [0.228474318981]
0.165887001902 [0.103299684823] [0.228474318981]
0.166211724281 [0.103949129581] [0.228474318981]
