0.147710312158 [0.117568843067] [0.177851781249]
0.157828554511 [0.118400603533] [0.197256505489]
0.16630190610849999 [0.120537370443] [0.212066441774]
0.172594323754 [0.125779032707] [0.219409614801]
0.179258041084 [0.136266067624] [0.222250014544]
0.18956431001450003 [0.156467959285] [0.222660660744]
0.2029902935025 [0.183338746428] [0.222641840577]
0.2149774506685 [0.207007706165] [0.222947195172]
0.2349228709935 [0.228851392865] [0.240994349122]
0.251465380192 [0.249705165625] [0.253225594759]
0.2600659877065 [0.267063200474] [0.253068774939]
0.2703277766705 [0.281373262405] [0.259282290936]
0.2767203450205 [0.287253111601] [0.26618757844]
0.276944771409 [0.284100413322] [0.269789129496]
0.2706782072785 [0.27613607049] [0.265220344067]
0.2596734762195 [0.2676461339] [0.251700818539]
0.2453699335455 [0.257592499256] [0.233147367835]
0.228495627642 [0.240821912885] [0.216169342399]
0.2121444642545 [0.218426525593] [0.205862402916]
0.200659483671 [0.199495255947] [0.201823711395]
0.19548905640800002 [0.189153462648] [0.201824650168]
0.194829620421 [0.186081632972] [0.20357760787]
0.1945986375215 [0.18417853117] [0.205018743873]
0.19395570457 [0.181133300066] [0.206778109074]
0.192708455026 [0.176738157868] [0.208678752184]
0.1917752698065 [0.173373401165] [0.210177138448]
0.191177718341 [0.17350192368] [0.208853513002]
0.192233748734 [0.179215937853] [0.205251559615]
0.1960161328315 [0.190249875188] [0.201782390475]
0.202677026391 [0.203690096736] [0.201663956046]
0.2123057171705 [0.216576859355] [0.208034574986]
0.2234635353085 [0.226978346705] [0.219948723912]
0.23559033870649998 [0.238710686564] [0.232469990849]
0.2483022511005 [0.252435624599] [0.244168877602]
0.2587223351 [0.265803217888] [0.251641452312]
0.2623665332795 [0.272111624479] [0.25262144208]
0.2606239169835 [0.273225843906] [0.248021990061]
0.256023071706 [0.268015503883] [0.244030639529]
0.25021894276150003 [0.255697697401] [0.244740188122]
0.2485811635855 [0.247087553144] [0.250074774027]
0.25183537602399997 [0.244272083044] [0.259398669004]
0.2573764920235 [0.244340628386] [0.270412355661]
0.260698445141 [0.240303739905] [0.281093150377]
0.2593181952835 [0.228488907218] [0.290147483349]
0.254071936011 [0.212151765823] [0.295992106199]
0.24698973447099998 [0.196815505624] [0.297163963318]
0.238680370152 [0.183593913913] [0.293766826391]
0.231670163572 [0.174178108573] [0.289162218571]
0.22621375322349999 [0.167594105005] [0.284833401442]
0.22466670721749998 [0.165251120925] [0.28408229351]
0.2273064628245 [0.167446270585] [0.287166655064]
0.23172818869349998 [0.173095956445] [0.290360420942]
0.23490881919849999 [0.179707914591] [0.290109723806]
0.2303242236375 [0.179161518812] [0.281486928463]
0.21553737670149997 [0.169080391526] [0.261994361877]
0.1965998336675 [0.157934740186] [0.235264927149]
0.176433138549 [0.147327288985] [0.205538988113]
0.166873924434 [0.137335658073] [0.196412190795]
0.159598171711 [0.129608809948] [0.189587533474]
0.1544005945325 [0.122702494264] [0.186098694801]
0.1513088829815 [0.11695753783] [0.185660228133]
0.1502443663775 [0.113655857742] [0.186832875013]
0.1503147147595 [0.113548763096] [0.187080666423]
0.1500455997885 [0.116062216461] [0.184028983116]
0.14821643009750002 [0.119760341942] [0.176672518253]
0.1446441709995 [0.123438850045] [0.165849491954]
0.1403692439195 [0.126834750175] [0.153903737664]
0.1364332437515 [0.130018159747] [0.142848327756]
0.13803610950700002 [0.133223891258] [0.142848327756]
0.13977955281749999 [0.136710777879] [0.142848327756]
0.1410573497415 [0.139266371727] [0.142848327756]
0.14279960095900002 [0.142750874162] [0.142848327756]
0.1456247866155 [0.148401245475] [0.142848327756]
0.1501269564035 [0.157405585051] [0.142848327756]
0.157176695764 [0.171505063772] [0.142848327756]
0.1660980433225 [0.189347758889] [0.142848327756]
0.175576992333 [0.20830565691] [0.142848327756]
0.1832297742365 [0.223611220717] [0.142848327756]
0.18660859018550002 [0.230368852615] [0.142848327756]
0.184866078198 [0.22688382864] [0.142848327756]
0.1808700934055 [0.218891859055] [0.142848327756]
0.1808700934055 [0.218891859055] [0.142848327756]
0.1808700934055 [0.218891859055] [0.142848327756]
0.1808700934055 [0.218891859055] [0.142848327756]
0.1808700934055 [0.218891859055] [0.142848327756]
0.1808700934055 [0.218891859055] [0.142848327756]
0.1808700934055 [0.218891859055] [0.142848327756]
0.1808700934055 [0.218891859055] [0.142848327756]
0.1808700934055 [0.218891859055] [0.142848327756]
0.1808700934055 [0.218891859055] [0.142848327756]
0.1808700934055 [0.218891859055] [0.142848327756]
0.1808700934055 [0.218891859055] [0.142848327756]
0.1808700934055 [0.218891859055] [0.142848327756]
0.1808700934055 [0.218891859055] [0.142848327756]
0.1808700934055 [0.218891859055] [0.142848327756]
0.1808700934055 [0.218891859055] [0.142848327756]
0.1808700934055 [0.218891859055] [0.142848327756]
