0.319320529699 [0.26654279232] [0.372098267078]
0.3225284963845 [0.270330697298] [0.374726295471]
0.322632804513 [0.270764946938] [0.374500662088]
0.321445122361 [0.27057993412] [0.372310310602]
0.3190352022645 [0.266879469156] [0.371190935373]
0.3158989250655 [0.261906176805] [0.369891673326]
0.312522009015 [0.256392836571] [0.368651181459]
0.30946676433099995 [0.253551721573] [0.365381807089]
0.30688448250300004 [0.254868298769] [0.358900666237]
0.30474112927950003 [0.260031551123] [0.349450707436]
0.3017933368685 [0.267743766308] [0.335842907429]
0.29698808491249995 [0.276852846146] [0.317123323679]
0.286066532135 [0.281870156527] [0.290262907743]
0.2670264542105 [0.280414968729] [0.253637939692]
0.2403953671455 [0.267240196466] [0.213550537825]
0.2083735242485 [0.239035755396] [0.177711293101]
0.171546116471 [0.19851103425] [0.144581198692]
0.1361572667955 [0.157422930002] [0.114891603589]
0.10767212510095 [0.124505460262] [0.0908387899399]
0.08822470158324999 [0.102911904454] [0.0735374987125]
0.07698050886395 [0.0913025736809] [0.062658444047]
0.0724348239601 [0.0856499448419] [0.0592197030783]
0.0680665187538 [0.0815122947097] [0.0546207427979]
0.06406725943085001 [0.0760168433189] [0.0521176755428]
0.05938852764665 [0.0682629421353] [0.050514113158]
0.054479321464900005 [0.0596416592598] [0.04931698367]
0.04924080334605 [0.0500791408122] [0.0484024658799]
0.04447652213275 [0.040944930166] [0.0480081140995]
0.0408597365022 [0.0336416140199] [0.0480778589845]
0.0383495502174 [0.0282606892288] [0.048438411206]
0.03662327770145 [0.0242831092328] [0.0489634461701]
0.0354800866917 [0.021096771583] [0.0498634018004]
0.035065654665249996 [0.0183901190758] [0.0517411902547]
0.0358291743323 [0.016288401559] [0.0553699471056]
0.03812201833355 [0.0147248869762] [0.0615191496909]
0.042680700309550006 [0.0134662184864] [0.0718951821327]
0.04274051543325 [0.0125210639089] [0.0729599669576]
0.04721347102895 [0.0120486291125] [0.0823783129454]
0.05156126245855 [0.0121396407485] [0.0909828841686]
0.0569254066797 [0.0129585526884] [0.100892260671]
0.0636560530403 [0.0143010886386] [0.113011017442]
0.0709649827332 [0.0159829072654] [0.125947058201]
0.07783063780525 [0.0177739765495] [0.137887299061]
0.0831181574614 [0.0196361280978] [0.146600186825]
0.08630219846965 [0.0216274112463] [0.150976985693]
0.088895957917 [0.024204172194] [0.15358774364]
0.09334262367315 [0.0274128895253] [0.159272357821]
0.1000464186074 [0.0315014272928] [0.168591409922]
0.10606844536945 [0.0366826765239] [0.175454214215]
0.1112173534932 [0.0437911972404] [0.178643509746]
0.11387967504555001 [0.0505277551711] [0.17723159492]
0.11278420127945 [0.0557636804879] [0.169804722071]
0.111219296232 [0.060870680958] [0.161567911506]
0.10809807479365 [0.0654461681843] [0.150749981403]
0.10466622933729999 [0.0693994536996] [0.139933004975]
0.10181735455975 [0.0727141052485] [0.130920603871]
0.09942777454845 [0.0750105082989] [0.123845040798]
0.09755830839265 [0.0763520225883] [0.118764594197]
0.09603714197855001 [0.0770371034741] [0.115037180483]
0.09503387287250001 [0.077892459929] [0.112175285816]
0.09478053823124999 [0.0795095562935] [0.110051520169]
0.09554217383290001 [0.0827810317278] [0.108303315938]
0.09702898934495 [0.0873140543699] [0.10674392432]
0.09904605522765 [0.0934347063303] [0.104657404125]
0.10259158909300001 [0.102607145905] [0.102576032281]
0.108504537493 [0.115613155067] [0.101395919919]
0.11832635849699999 [0.133233338594] [0.1034193784]
0.1319555044175 [0.154208704829] [0.109702304006]
0.142062034458 [0.16679045558] [0.117333613336]
0.1470139585435 [0.170136749744] [0.123891167343]
0.148235946894 [0.168125703931] [0.128346189857]
0.1452867612245 [0.163503780961] [0.127069741488]
0.141316100955 [0.160820603371] [0.121811598539]
0.13822880759849998 [0.159865424037] [0.11659219116]
0.1349952854215 [0.156297042966] [0.113693527877]
0.1305215395985 [0.147654429078] [0.113388650119]
0.1261569857595 [0.137483537197] [0.114830434322]
0.1236843764785 [0.129851430655] [0.117517322302]
0.1234741993245 [0.125555798411] [0.121392600238]
0.1264913082125 [0.126152917743] [0.126829698682]
0.132623143494 [0.131232514977] [0.134013772011]
0.14048842340700002 [0.139129593968] [0.141847252846]
0.150930903852 [0.151570320129] [0.150291487575]
0.1639634296295 [0.167858406901] [0.160068452358]
0.1786405816675 [0.184664443135] [0.1726167202]
0.1908290535215 [0.192224144936] [0.189433962107]
0.20483576506349999 [0.197908952832] [0.211762577295]
0.22108557075250002 [0.201991274953] [0.240179866552]
0.240141138434 [0.207011967897] [0.273270308971]
0.257610410452 [0.209824562073] [0.305396258831]
0.2662715837355 [0.207706674933] [0.324836492538]
0.261738285422 [0.187693506479] [0.335783064365]
0.24824904650449997 [0.15681399405] [0.339684098959]
0.23688825964899998 [0.133462756872] [0.340313762426]
0.227638669312 [0.117624923587] [0.337652415037]
0.22098483145249997 [0.106718927622] [0.335250735283]
