0.196486070752 [0.193767860532] [0.199204280972]
0.1934896409515 [0.192117467523] [0.19486181438]
0.19393713027249998 [0.19375436008] [0.194119900465]
0.19546581804750002 [0.197988897562] [0.192942738533]
0.197083748877 [0.203657910228] [0.190509587526]
0.19963902235 [0.211043193936] [0.188234850764]
0.2037368714805 [0.220462352037] [0.187011390924]
0.209792792797 [0.230430051684] [0.18915553391]
0.218797206879 [0.240313276649] [0.197281137109]
0.23117518425 [0.24735686183] [0.21499350667]
0.24435935169450002 [0.249244257808] [0.239474445581]
0.256335429847 [0.248699352145] [0.263971507549]
0.2666312605145 [0.247905224562] [0.285357296467]
0.2704839482905 [0.239440664649] [0.301527231932]
0.266824878752 [0.222863063216] [0.310786694288]
0.2587652504445 [0.202841937542] [0.314688563347]
0.24791639298200002 [0.18452064693] [0.311312139034]
0.23840864002700002 [0.169178515673] [0.307638764381]
0.23191653192 [0.157744377851] [0.306088685989]
0.22744518518450002 [0.149715125561] [0.305175244808]
0.225337743759 [0.144671887159] [0.306003600359]
0.22559123486299998 [0.142906948924] [0.308275520802]
0.22766007483 [0.142185211182] [0.313134938478]
0.229851201177 [0.142127722502] [0.317574679852]
0.23257043212649997 [0.142015919089] [0.323124945164]
0.2346516624095 [0.140402033925] [0.328901290894]
0.234048441052 [0.136114865541] [0.331982016563]
0.23118320107450002 [0.130783379078] [0.331583023071]
0.22632020711899997 [0.12469804287] [0.327942371368]
0.221218071878 [0.119887545705] [0.322548598051]
0.217777650803 [0.118659071624] [0.316896229982]
0.215842809528 [0.121196441352] [0.310489177704]
0.2157245725395 [0.125222206116] [0.306226938963]
0.213369805366 [0.124429024756] [0.302310585976]
0.208351112902 [0.12340028584] [0.293301939964]
0.206384815276 [0.125712528825] [0.287057101727]
0.20763458311549998 [0.131869375706] [0.283399790525]
0.2112693712115 [0.139662459493] [0.28287628293]
0.214055836201 [0.146870315075] [0.281241357327]
0.2146851569415 [0.152934968472] [0.276435345411]
0.212579831481 [0.157622754574] [0.267536908388]
0.210266016424 [0.161390796304] [0.259141236544]
0.20961874723449997 [0.16570147872] [0.253536015749]
0.21090438962000002 [0.172085657716] [0.249723121524]
0.213626772165 [0.180584952235] [0.246668592095]
0.21627870202049998 [0.189109966159] [0.243447437882]
0.21736394614 [0.195344179869] [0.239383712411]
0.215999662876 [0.195294871926] [0.236704453826]
0.2146697565915 [0.191327184439] [0.238012328744]
0.215113066137 [0.186216235161] [0.244009897113]
0.2151495292785 [0.179232403636] [0.251066654921]
0.2153102234005 [0.172869041562] [0.257751405239]
0.21034804731650003 [0.161787167192] [0.258908927441]
0.199294403195 [0.151203885674] [0.247384920716]
0.1867932379245 [0.141951158643] [0.231635317206]
0.1777268722655 [0.137762248516] [0.217691496015]
0.173941642046 [0.140816733241] [0.207066550851]
0.17379048466699998 [0.148295834661] [0.199285134673]
0.171663321555 [0.156206995249] [0.187119647861]
0.16911587119100002 [0.161631524563] [0.176600217819]
0.1667274609205 [0.16380867362] [0.169646248221]
0.1637004688385 [0.164098784328] [0.163302153349]
0.1574093922975 [0.157853111625] [0.15696567297]
0.1430140808225 [0.1389259547] [0.147102206945]
0.1231792643665 [0.115687608719] [0.130670920014]
0.10247000306845 [0.0951383858919] [0.109801620245]
0.08902678266165 [0.0824685692787] [0.0955849960446]
0.0823260731995 [0.0760286673903] [0.0886234790087]
0.0811357013881 [0.0747989416122] [0.087472461164]
0.08366956561805 [0.0764213576913] [0.0909177735448]
0.08756586536765 [0.0780517756939] [0.0970799550414]
0.091325312853 [0.078205421567] [0.104445204139]
0.09450856596215 [0.0765715762973] [0.112445555627]
0.09721889346845 [0.0739142820239] [0.120523504913]
0.10005851089935 [0.0715813338757] [0.128535687923]
0.10279772430675 [0.0703655183315] [0.135229930282]
0.10517675429564999 [0.0703552365303] [0.139998272061]
0.10756546631460001 [0.0716262683272] [0.143504664302]
0.11113255843514999 [0.0746691152453] [0.147596001625]
0.11771989613795 [0.0802998840809] [0.155139908195]
0.1292451582847 [0.0894997641444] [0.168990552425]
0.1481486149135 [0.104622937739] [0.191674292088]
0.1713644675915 [0.123658664525] [0.219070270658]
0.1898580640555 [0.137057557702] [0.242658570409]
0.19801069796100002 [0.141299337149] [0.254722058773]
0.1989923864605 [0.139177173376] [0.258807599545]
0.1983992010355 [0.13793605566] [0.258862346411]
0.197416894138 [0.138680204749] [0.256153583527]
0.197590470314 [0.142039507627] [0.253141433001]
0.19880652427650003 [0.145851641893] [0.25176140666]
0.199818685651 [0.148326933384] [0.251310437918]
0.1987643837925 [0.149690777063] [0.247837990522]
0.19736690074199997 [0.150919348001] [0.243814453483]
0.195319741964 [0.153521686792] [0.237117797136]
0.194935373962 [0.158296465874] [0.23157428205]
0.1969488635655 [0.166629478335] [0.227268248796]
0.202414922416 [0.179602399468] [0.225227445364]
0.21187610179150002 [0.197358831763] [0.22639337182]
0.2240325435995 [0.217836156487] [0.230228930712]
0.2345748990775 [0.235262513161] [0.233887284994]
0.2404893040655 [0.246119081974] [0.234859526157]
0.24179469049 [0.250208884478] [0.233380496502]
0.2415301501755 [0.251465827227] [0.231594473124]
0.2411144450305 [0.251180529594] [0.231048360467]
0.239431895316 [0.247159585357] [0.231704205275]
0.235825046897 [0.240610256791] [0.231039837003]
0.227632507682 [0.228624343872] [0.226640671492]
0.21720120310750002 [0.215046867728] [0.219355538487]
0.2074461728335 [0.201680526137] [0.21321181953]
0.2019809409975 [0.190957024693] [0.213004857302]
0.2030541300775 [0.18518550694] [0.220922753215]
0.209247723222 [0.182340204716] [0.236155241728]
0.216103799641 [0.180975452065] [0.251232147217]
0.2218906581405 [0.180471658707] [0.263309657574]
0.2238106131555 [0.18082767725] [0.266793549061]
0.2227196395395 [0.180505931377] [0.264933347702]
0.218051888049 [0.176952287555] [0.259151488543]
0.211701720953 [0.169475138187] [0.253928303719]
0.203246176243 [0.157719373703] [0.248772978783]
0.195539750159 [0.14640802145] [0.244671478868]
0.191382072866 [0.139696419239] [0.243067726493]
0.1928296089175 [0.139016181231] [0.246643036604]
0.20070219785 [0.144976869226] [0.256427526474]
0.2137756198645 [0.156475096941] [0.271076142788]
0.2284675687555 [0.171126097441] [0.28580904007]
0.2401802763345 [0.186914369464] [0.293446183205]
0.2443809062245 [0.198884904385] [0.289876908064]
0.2420434877275 [0.205991670489] [0.278095304966]
0.2391793206335 [0.209877118468] [0.268481522799]
0.23500989377499998 [0.206986755133] [0.263033032417]
0.219788253307 [0.19127613306] [0.248300373554]
0.1927416175605 [0.163438409567] [0.222044825554]
0.158841557801 [0.128179460764] [0.189503654838]
0.12653235718625 [0.0971985682845] [0.155866146088]
0.10484283044920001 [0.0765240713954] [0.133161589503]
0.0929288901391 [0.0647619962692] [0.121095784009]
0.08726399205640001 [0.0592960380018] [0.115231946111]
0.08572279289355 [0.0578294023871] [0.1136161834]
0.08640013262625 [0.0586836487055] [0.114116616547]
0.08778162300575 [0.0603938400745] [0.115169405937]
0.08905964717275 [0.0617682263255] [0.11635106802]
0.08967913500945 [0.0620344690979] [0.117323800921]
0.0891214646401 [0.0608783960342] [0.117364533246]
0.0870763175191 [0.0585620179772] [0.115590617061]
0.08364471979419999 [0.0552996210754] [0.111989818513]
0.0802055653186 [0.0524561144412] [0.107955016196]
0.0788147654386 [0.0514874570072] [0.10614207387]
0.08140459470465 [0.0534006617963] [0.109408527613]
0.0895661264656 [0.0593874752522] [0.119744777679]
0.10343088954679999 [0.0701972842216] [0.136664494872]
0.12346236780275 [0.0853034332395] [0.161621302366]
0.14104743301849998 [0.100748762488] [0.181346103549]
