0.2869841605425 [0.249998420477] [0.323969900608]
0.27054638415550003 [0.228076800704] [0.313015967607]
0.2479404211045 [0.203841090202] [0.292039752007]
0.225132331252 [0.182103782892] [0.268160879612]
0.20710805058499998 [0.165330052376] [0.248886048794]
0.19633870571849998 [0.154611632228] [0.238065779209]
0.1898028180005 [0.145248129964] [0.234357506037]
0.1871450841425 [0.138748332858] [0.235541835427]
0.186886638403 [0.134566828609] [0.239206448197]
0.1873870640995 [0.131471514702] [0.243302613497]
0.1870151236655 [0.129866331816] [0.244163915515]
0.18533509969700002 [0.12855874002] [0.242111459374]
0.1806081794205 [0.123452089727] [0.237764269114]
0.1715068966155 [0.112223386765] [0.230790406466]
0.1578721590339 [0.0959952697158] [0.219749048352]
0.1445077471435 [0.079759888351] [0.209255605936]
0.1360732130708 [0.0675597563386] [0.204586669803]
0.13506106659775 [0.0614883974195] [0.208633735776]
0.1403644457457 [0.0598304867744] [0.220898404717]
0.14936638437215 [0.0613453499973] [0.237387418747]
0.1565897911788 [0.0640867352486] [0.249092847109]
0.1597392484544 [0.0665559917688] [0.25292250514]
0.15923503786315 [0.0684015601873] [0.250068515539]
0.1577765978871 [0.0696388408542] [0.24591435492]
0.15636696293945002 [0.0704059973359] [0.242327928543]
0.1556541696192 [0.0708551704884] [0.24045316875]
0.15536724403495 [0.0712428763509] [0.239491611719]
0.15607551485295 [0.0724456012249] [0.239705428481]
0.15929578989725002 [0.0764850229025] [0.242106556892]
0.16688462346815 [0.0855069309473] [0.248262315989]
0.17964360862999998 [0.101843312383] [0.257443904877]
0.19780712574749998 [0.12764133513] [0.267972916365]
0.2188092395665 [0.161740615964] [0.275877863169]
0.238783061504 [0.196276813745] [0.281289309263]
0.254937544465 [0.222304999828] [0.287570089102]
0.268734313548 [0.240661248565] [0.296807378531]
0.284127533436 [0.257869452238] [0.310385614634]
0.298303812742 [0.275091767311] [0.321515858173]
0.3074666708705 [0.285682082176] [0.329251259565]
0.3107728660105 [0.289605587721] [0.3319401443]
0.30886784195899997 [0.287732511759] [0.330003172159]
0.30822780728349997 [0.289783149958] [0.326672464609]
0.30992722511299997 [0.294244796038] [0.325609654188]
0.313482865691 [0.299982577562] [0.32698315382]
0.3197071403265 [0.307644933462] [0.331769347191]
0.3271459788085 [0.313811272383] [0.340480685234]
0.3314491957425 [0.315228104591] [0.347670286894]
0.32866045832650004 [0.314422309399] [0.342898607254]
0.3118347227575 [0.31029137969] [0.313378065825]
0.28899115324 [0.301526904106] [0.276455402374]
0.2684469744565 [0.288808703423] [0.24808524549]
0.2512702271345 [0.273789852858] [0.228750601411]
0.235177151859 [0.25510853529] [0.215245768428]
0.2253454104065 [0.237589433789] [0.213101387024]
0.220667466521 [0.229385063052] [0.21194986999]
0.219691850245 [0.227941885591] [0.211441814899]
0.22040241211650002 [0.229898139834] [0.210906684399]
0.22230911999949998 [0.232463628054] [0.212154611945]
0.2225793302055 [0.233857169747] [0.211301490664]
0.221151545644 [0.233830496669] [0.208472594619]
0.2168032601475 [0.230814322829] [0.202792197466]
0.2096285149455 [0.22322781384] [0.196029216051]
0.20130846649450002 [0.211639001966] [0.190977931023]
0.19515087455500002 [0.199746072292] [0.190555676818]
0.19315322488550002 [0.18747638166] [0.198830068111]
0.1990607827905 [0.177103161812] [0.221018403769]
0.21471600979599997 [0.170289114118] [0.259142905474]
0.2349080890415 [0.163523226976] [0.306292951107]
