0.11010687053214999 [0.0519820153713] [0.168231725693]
0.11967554315945 [0.0619619265199] [0.177389159799]
0.11583451181655 [0.0696545988321] [0.162014424801]
0.10473361611385 [0.0744727551937] [0.134994477034]
0.08734237775205 [0.0775557309389] [0.0971290245652]
0.07708796858785 [0.0803754776716] [0.0738004595041]
0.07257585227485 [0.0840333923697] [0.06111831218]
0.07261857576665 [0.0899330154061] [0.0553041361272]
0.0765992626548 [0.0995763316751] [0.0536221936345]
0.08721521496755 [0.119899012148] [0.0545314177871]
0.10829161852614999 [0.159580484033] [0.0570027530193]
0.1360642034562 [0.21188852191] [0.0602398850024]
0.1379884015768 [0.214783027768] [0.0611937753856]
0.12338127754645001 [0.185176894069] [0.0615856610239]
0.11090107820914999 [0.160905525088] [0.0608966313303]
0.1030296869578 [0.146674588323] [0.0593847855926]
0.0967550314963 [0.135559424758] [0.0579506382346]
0.09300769120445 [0.127817392349] [0.0581979900599]
0.09187187626945 [0.12229437381] [0.0614493787289]
0.09334166720505 [0.117814965546] [0.0688683688641]
0.0975513011218 [0.114267267287] [0.0808353349566]
0.1043666526674 [0.111764475703] [0.0969688296318]
0.112927187234 [0.110110476613] [0.115743897855]
0.1206867471335 [0.1085832268] [0.132790267467]
0.1249917410315 [0.106645919383] [0.14333756268]
0.12491252645850001 [0.105112873018] [0.144712179899]
0.1224473826585 [0.105968378484] [0.138926386833]
0.12095043063149999 [0.110927209258] [0.130973652005]
0.1232766769825 [0.12111454457] [0.125438809395]
0.1314256489275 [0.13908688724] [0.123764410615]
0.1484412774445 [0.171871170402] [0.125011384487]
0.168273948133 [0.209715485573] [0.126832410693]
0.1845009177925 [0.241234868765] [0.12776696682]
0.189321547747 [0.250660836697] [0.127982258797]
0.182947434485 [0.238208591938] [0.127686277032]
0.163551829755 [0.201797664165] [0.125305995345]
0.1350402161475 [0.146954938769] [0.123125493526]
0.134109467268 [0.147353291512] [0.120865643024]
0.1333928368985 [0.147966712713] [0.118818961084]
0.13331273198100002 [0.148480609059] [0.118144854903]
0.1338062137365 [0.147936448455] [0.119675979018]
0.13468736782649998 [0.144923776388] [0.124450959265]
0.1350381448865 [0.138616874814] [0.131459414959]
0.1334715932605 [0.129235744476] [0.137707442045]
0.1293534636495 [0.11802200973] [0.140684917569]
0.12358532846 [0.106444269419] [0.140726387501]
0.11821449175474999 [0.0957778170705] [0.140651166439]
0.1135146319866 [0.0863780975342] [0.140651166439]
0.1135146319866 [0.0863780975342] [0.140651166439]
0.1135146319866 [0.0863780975342] [0.140651166439]
0.1135146319866 [0.0863780975342] [0.140651166439]
0.1135146319866 [0.0863780975342] [0.140651166439]
0.1135146319866 [0.0863780975342] [0.140651166439]
0.1135146319866 [0.0863780975342] [0.140651166439]
0.175366267562 [0.210081368685] [0.140651166439]
0.18497274071 [0.229294314981] [0.140651166439]
0.193303130567 [0.245955094695] [0.140651166439]
0.1994960457085 [0.258340924978] [0.140651166439]
0.2204833179715 [0.26701104641] [0.173955589533]
0.22024103254100003 [0.272864311934] [0.167617753148]
0.22076908499 [0.277102649212] [0.164435520768]
0.22167325019849998 [0.281567871571] [0.161778628826]
0.2223129346965 [0.285920470953] [0.15870539844]
0.223452523351 [0.291881680489] [0.155023366213]
0.2248395904895 [0.298872172832] [0.150807008147]
0.224678494036 [0.303819298744] [0.145537689328]
0.2342874482275 [0.329226434231] [0.139348462224]
0.2342687249185 [0.33533808589] [0.133199363947]
0.2277871742845 [0.32755485177] [0.128019496799]
