0.0984100550411 [0.0316292196512] [0.165190890431]
0.09703192580469999 [0.0284297857434] [0.165634065866]
0.0973219610751 [0.0255968347192] [0.169047087431]
0.0985115477816 [0.0228482354432] [0.17417486012]
0.0972912888975 [0.020407717675] [0.17417486012]
0.09633885882805 [0.0185028575361] [0.17417486012]
0.09563590586195 [0.0170969516039] [0.17417486012]
0.09531399887065 [0.0164531376213] [0.17417486012]
0.0953207677231 [0.0164666753262] [0.17417486012]
0.09570255037405 [0.0172302406281] [0.17417486012]
0.0965085448698 [0.0188422296196] [0.17417486012]
0.0884039569645 [0.021779794246] [0.155028119683]
0.08851988799875 [0.0266143120825] [0.150425463915]
0.09148909710335 [0.0339443199337] [0.149033874273]
0.0945787746461 [0.0414201505482] [0.147737398744]
0.09725440107305 [0.0467714034021] [0.147737398744]
0.09850682131965 [0.0492762438953] [0.147737398744]
0.0997543130072 [0.0517712272704] [0.147737398744]
0.1013949345799 [0.0550524704158] [0.147737398744]
0.1033332534136 [0.0589291080832] [0.147737398744]
0.1052739173176 [0.0628104358912] [0.147737398744]
0.10678815469165 [0.0658389106393] [0.147737398744]
0.10768355429189999 [0.0676297098398] [0.147737398744]
0.10638000443574999 [0.0684666112065] [0.144293397665]
0.10630713403245001 [0.0698781013489] [0.142736166716]
0.1084849536417 [0.0726243406534] [0.14434556663]
0.11071170121415 [0.0770778357983] [0.14434556663]
0.11410776525720001 [0.0838699638844] [0.14434556663]
0.11869215965255 [0.0930387526751] [0.14434556663]
0.1245407313105 [0.104735895991] [0.14434556663]
0.22653040662399998 [0.11783067137] [0.335230141878]
0.224179789424 [0.131648331881] [0.316711246967]
0.2244261875745 [0.144577696919] [0.30427467823]
0.22603856772199998 [0.156143471599] [0.295933663845]
0.22830986976649997 [0.166683316231] [0.289936423302]
0.23072930425399998 [0.176204070449] [0.285254538059]
0.233609125018 [0.185424864292] [0.281793385744]
0.23786970973049998 [0.195448368788] [0.280291050673]
0.2433731779455 [0.206024572253] [0.280721783638]
0.2496108040215 [0.217867895961] [0.281353712082]
0.2545447573065 [0.228582754731] [0.280506759882]
0.257242389023 [0.235620424151] [0.278864353895]
0.2578570619225 [0.239595070481] [0.276119053364]
0.25749401003100003 [0.239550128579] [0.275437891483]
0.25672797113650003 [0.236032113433] [0.27742382884]
0.2540144622325 [0.230048090219] [0.277980834246]
0.2480048686265 [0.219535648823] [0.27647408843]
0.2379706650975 [0.204734474421] [0.271206855774]
0.22645314782849998 [0.190039619803] [0.262866675854]
0.21450506150749998 [0.175237029791] [0.253773093224]
0.2100157886745 [0.166006475687] [0.254025101662]
0.20751725882299998 [0.160704031587] [0.254330486059]
0.20613855123500002 [0.157989412546] [0.254287689924]
0.2058136686685 [0.158971831203] [0.252655506134]
0.206547908485 [0.162787035108] [0.250308781862]
0.2085227891805 [0.16799646616] [0.249049112201]
0.21040867269 [0.171567842364] [0.249249503016]
0.2146076261995 [0.180069297552] [0.249145954847]
0.2176777124405 [0.191959694028] [0.243395730853]
0.2183400541545 [0.207886457443] [0.228793650866]
0.216788046062 [0.225731596351] [0.207844495773]
0.224382661283 [0.240920826793] [0.207844495773]
0.2295597195625 [0.251274943352] [0.207844495773]
0.232084751129 [0.256325006485] [0.207844495773]
0.2324665933845 [0.257088690996] [0.207844495773]
0.234393760562 [0.260943025351] [0.207844495773]
0.2371674776075 [0.266490459442] [0.207844495773]
0.2371674776075 [0.266490459442] [0.207844495773]
0.2371674776075 [0.266490459442] [0.207844495773]
0.2371674776075 [0.266490459442] [0.207844495773]
0.2371674776075 [0.266490459442] [0.207844495773]
0.207705423236 [0.266490459442] [0.14892038703]
0.12067836895565001 [0.0859518125653] [0.155404925346]
0.13371700420975 [0.0987537279725] [0.168680280447]
0.147709161043 [0.108698263764] [0.186720058322]
0.1613084077835 [0.116964161396] [0.205652654171]
0.173750013113 [0.124207556248] [0.223292469978]
0.18434356152999998 [0.130704641342] [0.237982481718]
0.19292349368349998 [0.13629925251] [0.249547734857]
0.19948093593100003 [0.140675008297] [0.258286863565]
0.20379242301 [0.143803089857] [0.263781756163]
0.20649664103999998 [0.145925730467] [0.267067551613]
0.21764422208099998 [0.147455558181] [0.287832885981]
0.219015844166 [0.149002239108] [0.289029449224]
0.2451947778465 [0.18628063798] [0.304108917713]
0.27282442152499997 [0.226500988007] [0.319147855043]
0.29255440831199997 [0.253604441881] [0.331504374743]
0.300788462162 [0.261631011963] [0.339945912361]
0.3019849956035 [0.259768992662] [0.344200998545]
0.301640853286 [0.257227212191] [0.346054494381]
0.30020257830599995 [0.254562973976] [0.345842182636]
0.2987830042835 [0.251445740461] [0.346120268106]
0.296829029918 [0.250120341778] [0.343537718058]
0.29549840092699997 [0.251643866301] [0.339352935553]
0.29622730612750003 [0.256731420755] [0.3357231915]
