0.013217310886800001 0.01351464819165 0.01357597578315 0.01373759889975 0.01415947359055 0.015012756921349998 0.0164353796281 0.0184254841879 0.020726315677149998 0.02277939207855 0.024279390461749997 0.02548664901405 0.026724309660450002 0.02832440286875 0.0303433826193 
0.03301367908715 0.0371004138142 0.0443419534713 0.0574799105525 0.0791513286531 0.10491526126865 0.1233699247239 0.1300224438308 0.13305003195999998 0.1375601291658 0.14225389063354998 0.14507106319045 0.1486155204475 0.1530369631945 0.156423032284 
0.1568828262385 0.153263557702 0.1500672511755 0.14920317009099998 0.1511001624167 0.1540282480421 0.15087208896895 0.13670930266385 0.1146953627469 0.0974031705407 0.08725148066855 0.0817664824427 0.0782444830986 0.07618919014905 0.07525974325855 
0.07518933340905 0.07552470639355 0.0753854829817 0.07472989521895 0.07380433008055 0.0728305391965 0.0718059130013 0.07117952033875 0.07143768295645 0.0731965918094 0.0773462578654 0.08202947676185 0.0832903459668 0.08344141766425 0.08318021520975 
0.08337207511065 0.0829750150442 0.08599771931765 0.09155643731355001 0.0982143878937 0.1035055704415 0.1063886024055 0.1085230484605 0.111160311848 0.1116397045555 0.1054748296735 0.08815414085975 0.06711271964015 0.04971059039235 0.03832652326675 
0.0319930799305 0.02871687244625 0.0271419370547 0.0262557649985 0.025343846529700002 0.024296455085250003 0.02330948133025 0.022885679267350002 0.0231864722446 0.024115024134550002 0.025387399829950003 0.0271344697103 0.0299548311159 0.03501607198265 0.04439649172125 
0.0610815808177 0.0856279991567 0.10739594697954999 0.11638282984484999 0.11655887216305 0.1155024059119 0.11507294699525 0.11472303047795 0.11223619058725 0.10855120047925 0.105334226042 0.1014996878802 0.09704927727570001 0.09177965670845001 0.0866842232643 
0.08109162747859999 0.0751958973706 0.06951901689175 0.06482862681149999 0.0619375500828 0.0611857920885 0.0608305539936 0.0608901809901 0.0611973926425 0.0617013759911 0.0619952343404 0.06251806393265 0.0632548592985 0.06467122863975 0.06755765527485 
0.07127674482755 0.07503063231695 0.08082203567005 0.0885229818525 0.09624513983735 0.10131273046135 0.1021883264182 0.10071747004994999 0.09889983013265 0.0973734520374 0.09606480225925 0.0952549390495 0.09634241834275001 0.09926045313495 0.101670630276 
0.10281541571025 0.10226709768185 0.10121593996889999 0.10119166597725 0.1013456061483 0.10216533765185001 0.10371792688949999 0.10647400468570001 0.1088588424029 0.11074613779770001 0.11040217801945001 0.10822531208385 0.1055672317744 0.10165950655950001 0.0975253619252 
0.09295254200684999 0.0890813022852 0.08581836521625 0.08523032069205 0.0870168805122 0.0885902047157 0.08785700798035 0.08710446208715 0.08769334107634999 0.0891425795853 0.09115285426375 0.0927975475787 0.0937553271652 0.0939539782703 0.09388332814005 
0.09377557039260001 0.09363759309049999 0.09358532354235 0.09376797825095001 0.09483313187955 0.09715365618475 0.0993324220181 0.10224401950855 0.10583161935195 0.110575404018 0.1153218299155 0.12081929668800001 0.1275561228395 0.133971340954 0.137382093817 
0.13614176586249999 0.1334521174435 0.1303528025745 0.1258844472465 0.11520020291225 0.0985657200218 0 0 0 0 0 0 0 0 0 
