0.054680131375799995 [0.0404894128442] [0.0688708499074]
0.053249513730399996 [0.0399397052824] [0.0665593221784]
0.0516988877207 [0.0391256101429] [0.0642721652985]
0.04955236427485 [0.0370348878205] [0.0620698407292]
0.0472894608974 [0.0336259193718] [0.060953002423]
0.045945129357299996 [0.0301656890661] [0.0617245696485]
0.0459119649604 [0.0275095347315] [0.0643143951893]
0.04715136345475 [0.0260286759585] [0.068274050951]
0.049078596755849996 [0.0254545249045] [0.0727026686072]
0.0511421924457 [0.0254173632711] [0.0768670216203]
0.05357009731235 [0.0258105359972] [0.0813296586275]
0.05666479282085 [0.0268875844777] [0.086442001164]
0.0614539207891 [0.0286879409105] [0.0942199006677]
0.0679343808441 [0.0309248752892] [0.104943886399]
0.0748421587051 [0.0329802632332] [0.116704054177]
0.08181126788245 [0.0342745706439] [0.129347965121]
0.08821190334855 [0.0348917581141] [0.141532048583]
0.0949584282933 [0.0355542227626] [0.154362633824]
0.102307688445 [0.037519864738] [0.167095512152]
0.10986060090375 [0.0421526916325] [0.177568510175]
0.1163234021513 [0.0502238087356] [0.182422995567]
0.1192355025562 [0.0612273551524] [0.17724364996]
0.10895529203109999 [0.0621265731752] [0.155784010887]
0.08400256000459999 [0.0455070324242] [0.122498087585]
0.06067668274045 [0.029572956264] [0.0917804092169]
0.0457125818357 [0.0205789860338] [0.0708461776376]
0.03739012405275 [0.0159590393305] [0.058821208775]
0.0330890659243 [0.0136068277061] [0.0525713041425]
0.0309306173585 [0.0124687729403] [0.0493924617767]
0.029712846037 [0.012016559951] [0.047409132123]
0.02878614189105 [0.0119334096089] [0.0456388741732]
0.027976198587550002 [0.0119695337489] [0.0439828634262]
0.027199966833 [0.0120403282344] [0.0423596054316]
0.02638623397795 [0.012049568817] [0.0407228991389]
0.0254598786123 [0.0119758630171] [0.0389438942075]
0.024670716375100002 [0.0119372010231] [0.0374042317271]
0.0242481837049 [0.0119954366237] [0.0365009307861]
0.0247030383907 [0.0124227842316] [0.0369832925498]
0.0267899357714 [0.0135460542515] [0.0400338172913]
0.0321644190699 [0.0160910189152] [0.0482378192246]
0.04180859960615 [0.0192133970559] [0.0644038021564]
0.0554850231856 [0.0207824371755] [0.0901876091957]
0.0704099116845 [0.020190378651] [0.120629444718]
0.0827872185034 [0.0191000010818] [0.146474435925]
0.0897208796815 [0.017871895805] [0.161569863558]
0.0915742162617 [0.0166049934924] [0.166543439031]
0.09114859718815001 [0.0157500002533] [0.166547194123]
0.09046469861645001 [0.0153796868399] [0.165549710393]
0.09035967616354999 [0.0153681850061] [0.165351167321]
0.09078324958665 [0.0155444666743] [0.166022032499]
0.0908525129782 [0.0157688390464] [0.16593618691]
0.09062034636755 [0.0160353630781] [0.165205329657]
0.09046260081254999 [0.0163181684911] [0.164607033134]
0.09099692013115 [0.0166108887643] [0.165382951498]
0.0921580996362 [0.0167798511684] [0.167536348104]
0.09353147074570001 [0.0166977867484] [0.170365154743]
0.09285329002885 [0.0164232049137] [0.169283375144]
0.0850372556598 [0.0162350572646] [0.153839454055]
0.06661759037505 [0.0170192588121] [0.116215921938]
0.042900656350000003 [0.0198167059571] [0.0659846067429]
0.03119574487205 [0.0228544697165] [0.0395370200276]
0.0246495548636 [0.0210681241006] [0.0282309856266]
0.0204887818545 [0.0177884846926] [0.0231890790164]
0.01785343000665 [0.0153444251046] [0.0203624349087]
0.01634339103475 [0.0138901183382] [0.0187966637313]
0.01558623788875 [0.0130884228274] [0.0180840529501]
0.015287355519849999 [0.0125776845962] [0.0179970264435]
0.015220767352749999 [0.0121639138088] [0.0182776208967]
0.015260718762850001 [0.0118140466511] [0.0187073908746]
0.0152399521321 [0.0114598460495] [0.0190200582147]
0.015110010281200001 [0.0111172590405] [0.0191027615219]
0.014867875725 [0.0107917152345] [0.0189440362155]
0.014605136122549999 [0.010509188287] [0.0187010839581]
0.01450432697315 [0.0104328906164] [0.0185757633299]
0.01481918571515 [0.0107965664938] [0.0188418049365]
0.01597474422305 [0.012002998963] [0.0199464894831]
0.01871538022535 [0.014781142585] [0.0226496178657]
0.02497944422065 [0.0209198165685] [0.0290390718728]
0.0381781179458 [0.0343941189349] [0.0419621169567]
0.0627126432955 [0.0623044222593] [0.0631208643317]
0.09168361127375 [0.0995769128203] [0.0837903097272]
0.10698282718665 [0.121927060187] [0.0920385941863]
0.11060948669920001 [0.130431443453] [0.0907875299454]
0.11148440465314999 [0.135670021176] [0.0872987881303]
0.11252222955249999 [0.13996103406] [0.085083425045]
0.1150499396026 [0.144442781806] [0.0856570973992]
0.12113232538079999 [0.151643171906] [0.0906214788556]
0.1323091574015 [0.163612037897] [0.101006276906]
0.152129914612 [0.186267986894] [0.11799184233]
0.184093736112 [0.224091142416] [0.144096329808]
0.22014144063000002 [0.267463475466] [0.172819405794]
0.24161055684049998 [0.295085728168] [0.188135385513]
0.2407233193515 [0.293631970882] [0.187814667821]
0.2367464080455 [0.290411293507] [0.183081522584]
0.23441895842549998 [0.288409888744] [0.180428028107]
0.23505153506999998 [0.287368297577] [0.182734772563]
0.2384028583765 [0.287018120289] [0.189787596464]
0.23812963068499998 [0.276592761278] [0.199666500092]
0.23331981897350001 [0.258617371321] [0.208022266626]
0.226031512022 [0.238823547959] [0.213239476085]
0.21932012587799998 [0.222678720951] [0.215961530805]
0.21213143318900002 [0.212425246835] [0.211837619543]
0.209805615246 [0.206724911928] [0.212886318564]
0.208151526749 [0.19896531105] [0.217337742448]
0.205753415823 [0.189519166946] [0.2219876647]
0.20274541527 [0.177298814058] [0.228192016482]
0.1964636445045 [0.158109501004] [0.234817788005]
0.19149526953700002 [0.14109775424] [0.241892784834]
0.189825974405 [0.130275592208] [0.249376356602]
0.18942964077 [0.122469514608] [0.256389766932]
0.18771621212349998 [0.116332732141] [0.259099692106]
0.18357774615300002 [0.111304819584] [0.255850672722]
0.177411522716 [0.10808134824] [0.246741697192]
0.1702749468385 [0.106406696141] [0.234143197536]
0.1629951000215 [0.106448605657] [0.219541594386]
0.1550322808325 [0.107010982931] [0.203053578734]
0.147529941052 [0.106993861496] [0.188066020608]
0.142902869731 [0.106043316424] [0.179762423038]
0.138868845999 [0.104241803288] [0.17349588871]
0.1323634684085 [0.101872637868] [0.162854298949]
0.12793201208105 [0.0994343012571] [0.156429722905]
0.12627225741755 [0.0976068452001] [0.154937669635]
0.12632695212950001 [0.096914537251] [0.155739367008]
0.1283467486503 [0.0993077009916] [0.157385796309]
0.131435330957 [0.10379255563] [0.159078106284]
0.13432696834250002 [0.107644207776] [0.161009728909]
0.137421891093 [0.11084485054] [0.163998931646]
0.1392183043065 [0.109975330532] [0.168461278081]
0.1402976810935 [0.106634899974] [0.173960462213]
0.140359289944 [0.101970300078] [0.17874827981]
0.13874763250345 [0.0969829857349] [0.180512279272]
0.13583052903429998 [0.0919344872236] [0.179726570845]
0.13296815007925 [0.0885363817215] [0.177399918437]
0.12711439281725 [0.0859039872885] [0.168324798346]
0.11841893196120001 [0.0801810473204] [0.156656816602]
0.10727028548699999 [0.0709746629] [0.143565908074]
0.0973415318876 [0.0611598528922] [0.133523210883]
0.0904571842402 [0.0534040890634] [0.127510279417]
0.08524472452685 [0.0490951426327] [0.121394306421]
0.08078881725670001 [0.0468145757914] [0.114763058722]
0.07712746970355 [0.0457294844091] [0.108525454998]
0.0743668153881 [0.0454523265362] [0.10328130424]
0.0726101938635 [0.045766595751] [0.099453791976]
