0.0216257497668 [0.0203494094312] [0.0229020901024]
0.022445696406100002 [0.0211210753769] [0.0237703174353]
0.0240777246654 [0.023010160774] [0.0251452885568]
0.0267167836428 [0.0262792259455] [0.0271543413401]
0.03068540617825 [0.0313796289265] [0.02999118343]
0.03694366663695 [0.0393469110131] [0.0345404222608]
0.0473355427384 [0.0518846660852] [0.0427864193916]
0.06364133022725 [0.0700224861503] [0.0572601743042]
0.0859927609563 [0.0935462191701] [0.0784393027425]
0.0944895856084 [0.100418403745] [0.0885607674718]
0.08236607909205 [0.0880448892713] [0.0766872689128]
0.06404240056875 [0.0731774866581] [0.0549073144794]
0.04921245388685 [0.060318544507] [0.0381063632667]
0.0386790968478 [0.0497081242502] [0.0276500694454]
0.0313462372869 [0.0406377352774] [0.0220547392964]
0.02631110232325 [0.0334804169834] [0.0191417876631]
0.02293800376355 [0.028239659965] [0.0176363475621]
0.020707047544449998 [0.0244914516807] [0.0169226434082]
0.019125186838199998 [0.0218613408506] [0.0163890328258]
0.018061653710900002 [0.0200603548437] [0.0160629525781]
0.01737813744695 [0.0188928153366] [0.0158634595573]
0.0170343993232 [0.0181592702866] [0.0159095283598]
0.016827017068850002 [0.0174833405763] [0.0161706935614]
0.01661156583575 [0.0166657697409] [0.0165573619306]
0.016480302438100003 [0.0158554203808] [0.0171051844954]
0.01676757400855 [0.01537500415] [0.0181601438671]
0.0178019730374 [0.0153952799737] [0.0202086661011]
0.01968613732605 [0.0160069260746] [0.0233653485775]
0.0221846466884 [0.016978662461] [0.0273906309158]
0.0245219599456 [0.017873832956] [0.0311700869352]
0.0259657073766 [0.0185109488666] [0.0334204658866]
0.026517934165900002 [0.0190411340445] [0.0339947342873]
0.02697468269615 [0.019858142361] [0.0340912230313]
0.0280345119536 [0.0211469419301] [0.0349220819771]
0.02944480627775 [0.0224339812994] [0.0364556312561]
0.030602886341499998 [0.0233431179076] [0.0378626547754]
0.0312720369548 [0.0238102562726] [0.038733817637]
0.03202085755765 [0.0244179666042] [0.0396237485111]
0.0333907166496 [0.0257214475423] [0.0410599857569]
0.03544457815585 [0.0279753953218] [0.0429137609899]
0.0376530904323 [0.030467081815] [0.0448390990496]
0.038582564331549996 [0.0310651492327] [0.0460999794304]
0.03779148869215 [0.0294372066855] [0.0461457706988]
0.03705174010245 [0.027305258438] [0.0467982217669]
0.0383461965248 [0.0263890791684] [0.0503033138812]
0.04293895326555 [0.0273725874722] [0.0585053190589]
0.0531917689368 [0.0308525841683] [0.0755309537053]
0.0696036778392 [0.0363553091884] [0.10285204649]
0.08498093858355 [0.0403540655971] [0.12960781157]
