0.02859052177515 [0.0347798131406] [0.0224012304097]
0.02760739810765 [0.0341128334403] [0.021101962775]
0.026781211607150003 [0.0338239260018] [0.0197384972125]
0.026455846615150002 [0.0343947671354] [0.0185169260949]
0.02687601931395 [0.0360109135509] [0.017741125077]
0.0279467096552 [0.0385346263647] [0.0173587929457]
0.02906290255485 [0.0410472974181] [0.0170785076916]
0.02908448223025 [0.0419781431556] [0.0161908213049]
0.02642372669655 [0.0387897565961] [0.014057696797]
0.0214965604246 [0.0312286410481] [0.0117644798011]
0.016423061024395 [0.02303786017] [0.00980826187879]
0.01262182369829 [0.016932759434] [0.00831088796258]
0.010157708078625 [0.0130632724613] [0.00725214369595]
0.008675223682055 [0.0107960645109] [0.00655438285321]
0.0079132784158 [0.00966368895024] [0.00616286788136]
0.0077184657566249995 [0.00937392562628] [0.00606300588697]
0.007913835113865 [0.00960800051689] [0.00621966971084]
0.008260154631 [0.0100159943104] [0.0065043149516]
0.008619476109735 [0.0103803584352] [0.00685859378427]
0.008857791544855 [0.0105072977021] [0.00720828538761]
0.009016319410885 [0.010471646674] [0.00756099214777]
0.00918678008018 [0.0103986766189] [0.00797488354146]
0.009522973094125 [0.0104440404102] [0.00860190577805]
0.010147417429850002 [0.0107244011015] [0.0095704337582]
0.011257017962649999 [0.0113978208974] [0.0111162150279]
0.013243984431 [0.0127569977194] [0.0137309711426]
0.01676734164355 [0.0153053887188] [0.0182292945683]
0.02286749705675 [0.019831225276] [0.0259037688375]
0.03268530312925 [0.0272861029953] [0.0380845032632]
0.04605276882645 [0.0380512103438] [0.0540543273091]
0.05905502475795 [0.0503140799701] [0.0677959695458]
0.0690011270344 [0.062006033957] [0.0759962201118]
0.07589050754905 [0.0712828859687] [0.0804981291294]
0.083939563483 [0.0813095346093] [0.0865695923567]
0.09160259366035 [0.0894885212183] [0.0937166661024]
0.09468377009029999 [0.0919471532106] [0.09742038697]
0.09523336589335 [0.0921159982681] [0.0983507335186]
0.09570659324525 [0.092487975955] [0.0989252105355]
0.0976930744948 [0.0951451957226] [0.100240953267]
0.101058796048 [0.099811218679] [0.102306373417]
0.105447549373 [0.106070317328] [0.104824781418]
0.1101679839195 [0.113239578903] [0.107096388936]
0.114764694124 [0.120937608182] [0.108591780066]
0.1198457255955 [0.130319371819] [0.109372079372]
0.12332126870749999 [0.137645542622] [0.108996994793]
0.1187620908025 [0.132030785084] [0.105493396521]
0.10065323486915001 [0.107997342944] [0.0933091267943]
0.07657076045875 [0.0802358463407] [0.0729056745768]
0.05979348532855 [0.0637608543038] [0.0558261163533]
0.0517241526395 [0.0569148287177] [0.0465334765613]
0.04768569767475 [0.0537511669099] [0.0416202284396]
0.04599752277135 [0.0528458543122] [0.0391491912305]
0.04576146230104999 [0.0534199997783] [0.0381029248238]
0.04616392590105 [0.0545267760754] [0.0378010757267]
0.0465417075902 [0.0552502274513] [0.0378331877291]
0.046367330476649996 [0.054976452142] [0.0377582088113]
0.04539619013665 [0.0535311922431] [0.0372611880302]
0.0437939260155 [0.0513244904578] [0.0362633615732]
0.0419586244971 [0.0491154417396] [0.0348018072546]
0.0406541209668 [0.0474530644715] [0.0338551774621]
0.03990351222455 [0.0464739575982] [0.0333330668509]
0.039856681600249994 [0.0462687760592] [0.0334445871413]
0.0406046602875 [0.0468031987548] [0.0344061218202]
0.04205207526685 [0.0477288067341] [0.0363753437996]
0.044239738956100005 [0.0491370074451] [0.0393424704671]
0.0440664626658 [0.0473164990544] [0.0408164262772]
0.04136208631095 [0.0425563678145] [0.0401678048074]
0.03825018927455 [0.0384403206408] [0.0380600579083]
0.035458987578750004 [0.0357122570276] [0.0352057181299]
0.03294558264315 [0.0337926782668] [0.0320984870195]
0.03096701577305 [0.0325301848352] [0.0294038467109]
0.0298131527379 [0.0319859758019] [0.0276403296739]
0.0295107597485 [0.0321062803268] [0.0269152391702]
0.0299861263484 [0.0326564908028] [0.027315761894]
0.0308557478711 [0.0331752821803] [0.0285362135619]
0.03179542999715 [0.0334602594376] [0.0301306005567]
0.032837264239800004 [0.0337105020881] [0.0319640263915]
0.03390398435295 [0.0340082198381] [0.0337997488678]
0.03511954844 [0.034561984241] [0.035677112639]
0.036568203940999994 [0.0355007834733] [0.0376356244087]
0.03873148187995 [0.0369988419116] [0.0404641218483]
0.04172367788855 [0.0389705076814] [0.0444768480957]
0.04466560669245 [0.0406135134399] [0.048717699945]
0.04836438037455 [0.0426779016852] [0.0540508590639]
0.052903868258 [0.0451416969299] [0.0606660395861]
0.05809940584005 [0.0481095053256] [0.0680893063545]
0.0632167123258 [0.0499985963106] [0.076434828341]
0.06747471913695 [0.0510915517807] [0.0838578864932]
0.07042821869255 [0.0516634583473] [0.0891929790378]
0.07173490896825 [0.0518732145429] [0.0915966033936]
0.0722950473428 [0.0519452765584] [0.0926448181272]
0.07234739512205 [0.0515042021871] [0.093190588057]
0.07241288200019999 [0.0508769601583] [0.0939488038421]
0.0726642087102 [0.0504842028022] [0.0948442146182]
0.07312542013824999 [0.0507187731564] [0.0955320671201]
0.07352239079770001 [0.0515473298728] [0.0954974517226]
0.0730525702238 [0.0524237677455] [0.0936813727021]
0.07240953296425 [0.0527584701777] [0.0920605957508]
0.07256575487555 [0.0525966919959] [0.0925348177552]
0.07507206872105 [0.0530914515257] [0.0970526859164]
0.07931243441975 [0.0538275800645] [0.104797288775]
0.0823988784106 [0.0528676696122] [0.111930087209]
0.0826353374871 [0.0496317185462] [0.115638956428]
0.0796682592484 [0.0451148487628] [0.114221669734]
0.0752226430922 [0.0404218770564] [0.110023409128]
