0.1472503878175 0.1471990831195 0.1464061141015 0.144776325673 0.143689017743 0.1415402181445 0.1446958370505 0.1502857245505 0.15615670383 0.1612055823205 0.1625130176545 0.16076897084699998 0.16076897084699998 0.16076897084699998 0.16076897084699998 
0.16076897084699998 0.16076897084699998 0.16076897084699998 0.16076897084699998 0.16076897084699998 0.170879408717 0.18054121732700001 0.18229340761899998 0.18229340761899998 0.18229340761899998 0.18229340761899998 0.18229340761899998 0.18229340761899998 0.18229340761899998 0.18229340761899998 
0.18229340761899998 0.1473616808655 0.1530135013165 0.156652800739 0.179892249405 0.168375916779 0.15824764967 0.1522774770855 0.150739066303 0.1529086977245 0.15729345381249998 0.1623118221755 0.1669589206575 0.177404887974 0.18550772219900002 
0.19091226160500002 0.1894448921085 0.184397786856 0.1799071729185 0.17663799226299998 0.174417488277 0.1728992164135 0.179657995701 0.18545627594 0.1885256916285 0.18690381944200002 0.18237501382799998 0.1765742376445 0.169368892908 0.160378843546 
0.1502503715455 0.1405998766425 0.1509559378025 0.183012910187 0.2202927991745 0.26775725185849997 0.381550580263 0.368885099888 0.358922123909 0.350971996784 0.34350648522399996 0.3378131538625 0.3333568274975 0.3277575224635 0.315167181194 
0.29098878055800004 0.2591322660445 0.227006368339 0.21367105841599998 0.20160686969749997 0.1888735592365 0.174418978393 0.16075000911935 0.1497710719707 0.14065087586629998 0.1315963789819 0.12117047421615 0.10843827947975 0.0938816927373 0.09290292114015 
0.09290663525455001 0.09378099068995 0.09519691020245 0.27355442941175 0.22911065071815 0.18930233269955 0.1634224690495 0.1509082615374 0.14855714887395 0.1546385772525 0.165982492268 0.17834990471599999 0.18846847862 0.19413266331 0.1926496848465 
0.1805701479315 0.163980707526 0.146657861769 0.132094088942 0.12216295301909999 0.1160057261586 0.1136104203759 0.1148046441378 0.117617879063 0.12086373567575 0.1231282576918 0.1233146116138 0.1209471300245 0.11762030422690001 0.11511046439405001 
0.11518704891205 0.11847886443120001 0.124130420387 0.132224611938 0.143369972706 0.1579727977515 0.17354722321 0.18753335624950002 0.1956461295485 0.1942315846685 0.1834029629825 0.1684412434695 0.15484327822900001 0.14760392159250002 0.14793733507399998 
0.1545830741525 0.164048306644 0.1746261790395 0.1837551593785 0.1906725913285 0.19463942199950002 0.194578155875 0.1921418085695 0.1893850043415 0.18902371823800002 0.1911668479445 0.1942664384845 0.199441589415 0.205879718065 0.20908777415750002 
0.207556933165 0.2017631977795 0.1930720731615 0 0 0 0 0 0 0 0 0 0 0 0 
