0.246308796108 0.25017747283 0.25492694973950003 0.2598773762585 0.26539483666450003 0.271992109716 0.279497846961 0.2873965874315 0.2941553220155 0.29755176603800004 0.297447778285 0.294319175184 0.28825131058700004 0.27976577729 0.27043239027300003 
0.26213529706 0.255441531539 0.2498809024695 0.2448625937105 0.2406650185585 0.23941083252450002 0.24173052609 0.2476609125735 0.2547793984415 0.2599965259435 0.262002743781 0.2627594769005 0.264393307269 0.2674952298405 0.251326352358 
0.24603841453800002 0.244759254158 0.245121486485 0.24539582431350002 0.245876081288 0.24596237391250003 0.24506563693300001 0.243517547846 0.24230709672 0.24266483634750002 0.24487701058400002 0.246583670378 0.24716347456 0.232735261321 0.23356273025250002 
0.234593875706 0.2412548437715 0.256630003452 0.271728642285 0.2869458794595 0.2910519987345 0.2911845743655 0.2889127656815 0.2840440943835 0.2765876576305 0.2678422033785 0.2598442733285 0.253628835082 0.2487796396015 0.243827961385 
0.243827961385 0.243827961385 0.243827961385 0.243827961385 0.243827961385 0.243827961385 0.21066923066965 0.2171621471645 0.2235124893485 0.22925100475549998 0.2343672290445 0.239139854908 0.2438287883995 0.2487697452305 0.2607070356605 
0.262673936784 0.265975743532 0.2668991833925 0.28216496855 0.294658601284 0.300921499729 0.3039774447675 0.3060972839595 0.30839112401 0.310671687126 0.3121827095745 0.3107012212275 0.3101344406605 0.3112920075655 0.31550475955 
0.32230466604249997 0.33461827039750003 0.346394956112 0.35258495807650003 0.34979313611999996 0.339910879731 0.3309802263975 0.32752597332 0.32875913381550004 0.33336848020550003 0.342037111521 0.351227760315 0.356770068407 0.356899753213 0.35142444074150003 
0.3441722989085 0.3384265303615 0.3333458453415 0.3333469480275 0.334487244487 0.33708162605750003 0.33928288519350003 0.342158511281 0.34233191609400004 0.336650982499 0.32623142004 0.3162144720555 0.309296309948 0.30606061965200004 0.3050576820965 
0.30254404246800004 0.301878511906 0.3022250235085 0.30560684204099997 0.31258174777049996 0.3253600150345 0.341508343816 0.3600083589555 0.3761107176545 0.3851668089625 0.3828103989365 0.3768286406995 0.3704248815775 0.3662860542535 0.36579708755 
0.3682852089405 0.3702052384615 0.36782123148400003 0.358554497361 0.342272117734 0.32071205973600003 0.296563103795 0.270969867706 0.2488335445525 0.233618721366 0.2259030640125 0.2266911938785 0.233366936445 0.2395739853385 0.24132911860950002 
0.2419895753265 0.243811376393 0.24805223196749998 0.256301246583 0.2682463526725 0.2825739979745 0.298723652959 0.315881818533 0.3335200324655 0.350783906877 0.36672781407849997 0.380499511957 0.39117513597 0.396740958095 0.3950998187065 
0.3855983167885 0.37140923738450005 0.35407121479500003 0.337445497513 0.32406772673149997 0.312351182103 0.3034149631855 0.2975060865285 0.292433641851 0.286486193538 0.27878133952649997 0.2705387696625 0.26433914899800004 0.263224512339 0.2682789936665 
0.2764253914355 0.28475800156599995 0.290038019419 0.289632022381 0.286720007658 0.28445824980699996 0.283783271909 0.28365963697450003 0.283506914973 0 0 0 0 0 0 
