0.252075538039 0.2612422406675 0.275148615241 0.2858269512655 0.28966639936 0.28701671957999997 0.28072965145100004 0.276193574071 0.2733795940875 0.2692732661965 0.2687367498875 0.2672908604145 0.264194905758 0.257295921445 0.2441151216625 
0.227516643703 0.2118635177615 0.201066978276 0.196346245706 0.19634388387200002 0.1987887844445 0.202801287174 0.2056118398905 0.207057483494 0.20688385516399999 0.204968728125 0.2002697512505 0.193983606994 0.1893403977155 0.1880807578565 
0.19015700370049998 0.1941054165365 0.19726243615150002 0.197841897607 0.1960965916515 0.1937823295595 0.276842266321 0.2824318110945 0.2864918485285 0.319717086852 0.33122368902 0.3475208580495 0.3652260750535 0.383768901229 0.4014621675015 
0.416502028704 0.428106173873 0.4385554939505 0.447400569916 0.44735725224 0.4308821111915 0.3912763148545 0.3307159245015 0.3020120710135 0.294144317508 0.28469575941549996 0.27322141826150004 0.259414553642 0.24492456018949998 0.22986653447150002 
0.2126396521925 0.1907855048775 0.164372600615 0.135878805071 0.1228546872735 0.1228546872735 0.1228546872735 0.1228546872735 0.1228546872735 0.21568118408300002 0.296487852931 0.3114568591115 0.317153170705 0.3158143013715 0.31286519765849996 
0.31178356707099997 0.31402646005150003 0.31855045259000003 0.323495566845 0.3270843327045 0.3295461386445 0.3342171013355 0.3429384678605 0.3488093316555 0.349315479398 0.3427917510275 0.329937197268 0.307520486414 0.27758656442199997 0.2431077733635 
0.2123443111775 0.1887213550505 0.1727667227385 0.162686970085 0.156469516456 0.1529902666805 0.15161242336 0.1519442088905 0.153163135052 0.15413711965100002 0.15414585173099998 0.153410769999 0.1543319374325 0.1594214886425 0.170747175813 
0.188512772322 0.209933064878 0.23232214152800001 0.251979455352 0.26694825291650004 0.27753357589250005 0.284515812993 0.288289770484 0.2908523976805 0.295164257288 0.303011521697 0.3158138543365 0.3355753421785 0.3604827821255 0.38642865419350003 
0.4053736180065 0.4197148531675 0.431337594986 0.440600275993 0.4472217857835 0.451288223267 0.4514173567295 0.4451904147865 0.433401241899 0.4222555458545 0.41412602365 0.409533932805 0.405750468373 0.400226727128 0.39198635518549996 
0.38100975751849997 0.366817727685 0.3509686142205 0.3352572619915 0.321384072304 0.3110373318195 0.307227447629 0.311975583434 0.3253370672465 0.34556025266650003 0.370520234108 0.3954994529485 0.4198022782805 0.44177518785000003 0.4603685438635 
0.47516591846949996 0.48621401190749997 0.49362815916549996 0.49853806197649997 0.5016712993385 0.5023348629475 0.499345570803 0.4912655353545 0.47758238017599997 0.458239629865 0.440320983529 0.4248727858065 0.4095172286035 0.3953765928745 0.383754685521 
0.3741092085835 0.366045624018 0.36283661425150004 0.3620902001855 0.3631708621975 0.3663570433855 0.371954917908 0.379530966282 0.390424400568 0.4029772281645 0.41647225618399997 0.42726038396349997 0.4346442818645 0.440811917186 0.44497306644900003 
0.4425985664125 0.43387959897499995 0.42517170309999996 0.419547304511 0.418091714382 0.418639048934 0.4198635518555 0 0 0 0 0 0 0 0 
