0.1020258702338 [0.134493008256] [0.0695587322116]
0.0942252352836 [0.121134795249] [0.0673156753182]
0.0885886400939 [0.110016167164] [0.0671611130238]
0.08580923452985001 [0.10232359916] [0.0692948698997]
0.08514185994865 [0.09753177315] [0.0727519467473]
0.08595334738495 [0.0962123349309] [0.075694359839]
0.08575470000505 [0.0952665954828] [0.0762428045273]
0.08261012285950001 [0.0914580076933] [0.0737622380257]
0.0741101577878 [0.080294251442] [0.0679260641336]
0.06137314625085 [0.0630475059152] [0.0596987865865]
0.04862676747145 [0.0465116016567] [0.0507419332862]
0.0393904391676 [0.0355189107358] [0.0432619675994]
0.033729842863950005 [0.0289809014648] [0.0384787842631]
0.03075819369405 [0.0255314391106] [0.0359849482775]
0.029544876888399997 [0.0239782780409] [0.0351114757359]
0.02877968456595 [0.0233616363257] [0.0341977328062]
0.02714670449495 [0.02263648808] [0.0316569209099]
0.024159274064 [0.0209465138614] [0.0273720342666]
0.0205282382667 [0.0185848083347] [0.0224716681987]
0.0172959454358 [0.0162422023714] [0.0183496885002]
0.0148962265812 [0.0143628725782] [0.0154295805842]
0.013366330414999999 [0.0129917562008] [0.0137409046292]
0.01262500090525 [0.012170416303] [0.0130795855075]
0.0125523782335 [0.0119072543457] [0.0131975021213]
0.0130280740559 [0.0122054545209] [0.0138506935909]
0.01396701717745 [0.0130382943898] [0.0148957399651]
0.01529992790895 [0.0143904844299] [0.016209371388]
0.0169877959415 [0.0161787010729] [0.0177968908101]
0.01871018763635 [0.0181049201638] [0.0193154551089]
0.0202853316441 [0.0199688486755] [0.0206018146127]
0.021909905597599998 [0.0220618154854] [0.0217579957098]
0.02425108011815 [0.0250773429871] [0.0234248172492]
0.02831408474595 [0.0299961324781] [0.0266320370138]
0.0358122810721 [0.0384514406323] [0.0331731215119]
0.0496076587588 [0.0532362237573] [0.0459790937603]
0.07404943555595 [0.0796924829483] [0.0684063881636]
0.10942572727795 [0.121305540204] [0.0975459143519]
0.140187188983 [0.163776114583] [0.116598263383]
0.1535570062695 [0.186480090022] [0.120633922517]
0.1571545936165 [0.194911122322] [0.119398064911]
0.1579231023785 [0.197873562574] [0.117972642183]
0.1588891930875 [0.199945658445] [0.11783272773]
0.1588902138175 [0.199168637395] [0.11861179024]
0.15568522736399998 [0.191047891974] [0.120322562754]
0.1439444608985 [0.1648209095] [0.123068012297]
0.1231127642095 [0.121620558202] [0.124604970217]
0.1003894433379 [0.0800555497408] [0.120723336935]
0.0816798191515 [0.051174018532] [0.112185619771]
0.06776014715425 [0.0343328639865] [0.101187430322]
0.0578754199669 [0.0251423995942] [0.0906084403396]
0.050335964188 [0.0203160606325] [0.0803558677435]
0.04266078211365 [0.0177979953587] [0.0675235688686]
0.03119855653495 [0.0163325984031] [0.0460645146668]
0.02083687111735 [0.0153804961592] [0.0262932460755]
0.0200001839548 [0.014761256054] [0.0252391118556]
0.019292824436 [0.0144254816696] [0.0241601672024]
0.01870304485785 [0.0142986895517] [0.023107400164]
0.01816944032905 [0.0142749994993] [0.0220638811588]
0.0176912820898 [0.0144023085013] [0.0209802556783]
0.0173505395651 [0.014896966517] [0.0198041126132]
0.01726868469265 [0.0160714369267] [0.0184659324586]
0.01766684744505 [0.0183350648731] [0.016998630017]
0.0186941893771 [0.0220257695764] [0.0153626091778]
0.02076169615615 [0.0270386040211] [0.0144847882912]
0.0241422280669 [0.0326824747026] [0.0156019814312]
0.0272441180423 [0.0363467298448] [0.0181415062398]
0.02892318554225 [0.0362224876881] [0.0216238833964]
0.030107522383350002 [0.0336730703712] [0.0265419743955]
0.03521162085235 [0.0309785827994] [0.0394446589053]
0.0334487464279 [0.0292641296983] [0.0376333631575]
0.0322070084512 [0.0285775288939] [0.0358364880085]
0.031485776416949995 [0.0284903552383] [0.0344811975956]
0.031183341518050002 [0.0286267660558] [0.0337399169803]
0.0310741523281 [0.0286881309003] [0.0334601737559]
0.03105445578695 [0.0285664871335] [0.0335424244404]
0.0310325147584 [0.0282641965896] [0.0338008329272]
0.030997440218949998 [0.0278649441898] [0.0341299362481]
0.0308672804385 [0.0272703543305] [0.0344642065465]
0.0315497107804 [0.0265888348222] [0.0365105867386]
0.0315742297098 [0.0260572228581] [0.0370912365615]
0.0312300445512 [0.0264953207225] [0.0359647683799]
0.03161402605475 [0.0291666053236] [0.0340614467859]
0.0344084948301 [0.0355765484273] [0.0332404412329]
0.04173956252635 [0.0482368245721] [0.0352423004806]
0.05548455193635 [0.0698753148317] [0.041093789041]
0.07576052658275001 [0.10053062439] [0.0509904287755]
0.09712569788125 [0.130532637239] [0.0637187585235]
0.11315981298665001 [0.14941945672] [0.0769001692533]
0.1236508153379 [0.15883885324] [0.0884627774358]
0.13203945010875 [0.167359411716] [0.0967194885015]
0.1373860798775 [0.173038482666] [0.101733677089]
0.1386353336275 [0.174138873816] [0.103131793439]
0.134671352804 [0.168562099338] [0.10078060627]
0.12607228010915 [0.156963244081] [0.0951813161373]
0.11671459302305001 [0.144622951746] [0.0888062343001]
0.10980143770584999 [0.135484620929] [0.0841182544827]
0.10524477809685 [0.12888532877] [0.0816042274237]
0.1034458726647 [0.125090733171] [0.0818010121584]
0.1032157652082 [0.122708179057] [0.0837233513594]
0.10246148705475 [0.119625635445] [0.0852973386645]
0.09897391498075 [0.114939972758] [0.0830078572035]
0.09431847929945 [0.109559483826] [0.0790774747729]
0.09066072478885001 [0.105107218027] [0.0762142315507]
0.0888697579504 [0.10297588259] [0.0747636333108]
0.08764922246324999 [0.101572781801] [0.0737256631255]
0.08640883490425 [0.100427612662] [0.0723900571465]
0.0846433378756 [0.0989421010017] [0.0703445747495]
0.082616250962 [0.0971454232931] [0.0680870786309]
0.08143921196465001 [0.0964797586203] [0.066398665309]
0.08228186890479999 [0.0985759720206] [0.065987765789]
0.08493604511014999 [0.103460125625] [0.0664119645953]
0.0874755010011 [0.108324863017] [0.0666261389852]
0.088388014585 [0.111124530435] [0.065651498735]
0.0885012485085 [0.113433681428] [0.063568815589]
0.08861276321099999 [0.116087734699] [0.061137791723]
0.08742391690605 [0.115532517433] [0.0593153163791]
0.0777212046087 [0.0988930463791] [0.0565493628383]
0.05797175690535 [0.0682907700539] [0.0476527437568]
0.0416922364384 [0.0455843806267] [0.0378000922501]
0.0324322991073 [0.0333173833787] [0.0315472148359]
0.02775833290075 [0.0271687265486] [0.0283479392529]
0.0254323380068 [0.0239545181394] [0.0269101578742]
0.02459995262325 [0.0225009769201] [0.0266989283264]
