0.029799858108200003 [0.0491737648845] [0.0104259513319]
0.03268038574605 [0.0537739172578] [0.0115868542343]
0.0358610758558 [0.0584502220154] [0.0132719296962]
0.0382272792049 [0.0614582151175] [0.0149963432923]
0.0391145106405 [0.0621452480555] [0.0160837732255]
0.03883079253135 [0.0614399798214] [0.0162216052413]
0.038148996420200004 [0.0603841915727] [0.0159138012677]
0.03850294835865 [0.0611642748117] [0.0158416219056]
0.04015865642575 [0.0639806240797] [0.0163366887718]
0.0428030425683 [0.0681723505259] [0.0174337346107]
0.04614163935185 [0.0734520256519] [0.0188312530518]
0.0488724308088 [0.0778007805347] [0.0199440810829]
0.0486116008833 [0.0772351846099] [0.0199880171567]
0.0454567745328 [0.0720812082291] [0.0188323408365]
0.04189476091415 [0.0653862059116] [0.0184033159167]
0.0393482707441 [0.0607498474419] [0.0179466940463]
0.0373056596145 [0.0570114478469] [0.0175998713821]
0.03520492650565 [0.0529504306614] [0.0174594223499]
0.03243893291805 [0.0473084636033] [0.0175694022328]
0.029523300007 [0.0411607772112] [0.0178858228028]
0.027334459126 [0.0362814739347] [0.0183874443173]
0.02586574759335 [0.0328569598496] [0.0188745353371]
0.024905486963649998 [0.0305284336209] [0.0192825403064]
0.024177821353100003 [0.0289307329804] [0.0194249097258]
0.02336944919075 [0.0278170946985] [0.018921803683]
0.0229667248204 [0.0270116459578] [0.018921803683]
0.022836221382 [0.026750639081] [0.018921803683]
0.0227517420426 [0.0265816804022] [0.018921803683]
0.0227918177843 [0.0266618318856] [0.018921803683]
0.02243001107125 [0.0259382184595] [0.018921803683]
0.021228696219600003 [0.0235355887562] [0.018921803683]
0.0198881998658 [0.0208545960486] [0.018921803683]
0.0188242541626 [0.0187267046422] [0.018921803683]
0.01795249059795 [0.0169831775129] [0.018921803683]
0.01726453518495 [0.0156072666869] [0.018921803683]
0.01677748421205 [0.0146331647411] [0.018921803683]
0.01650638878345 [0.0140909738839] [0.018921803683]
0.0164250084199 [0.0139282131568] [0.018921803683]
0.01645807409655 [0.0139943445101] [0.018921803683]
0.0164521196857 [0.0139824356884] [0.018921803683]
0.0163544616662 [0.0137871196494] [0.018921803683]
0.016119019594 [0.013316235505] [0.018921803683]
0.0174960670993 [0.0130821987987] [0.0219099353999]
0.0169637245126 [0.0130301890895] [0.0208972599357]
0.0167027707212 [0.0132440393791] [0.0201615020633]
0.01672788709405 [0.0138275250793] [0.0196282491088]
0.0170396515168 [0.0149317057803] [0.0191475972533]
0.01804084517065 [0.0173575766385] [0.0187241137028]
0.020272232592100002 [0.0219139102846] [0.0186305548996]
0.0227294974029 [0.0269672032446] [0.0184917915612]
0.0241964105517 [0.0300375428051] [0.0183552782983]
0.0243859048933 [0.0307765156031] [0.0179952941835]
0.0229050870985 [0.0287676751614] [0.0170424990356]
0.02113478770475 [0.0266478657722] [0.0156217096373]
0.0200564917177 [0.0258781481534] [0.014234835282]
0.01967221824455 [0.0259855426848] [0.0133588938043]
0.01989489048715 [0.0269578825682] [0.0128318984061]
0.02044495055455 [0.0282999556512] [0.0125899454579]
0.0208634715527 [0.0292206984013] [0.0125062447041]
0.02083656191825 [0.029180534184] [0.0124925896525]
0.0204941695556 [0.0284839645028] [0.0125043746084]
0.0202266993001 [0.0278895497322] [0.012563848868]
0.020319534 [0.0279142819345] [0.0127247860655]
0.020755070727300002 [0.0285654310137] [0.0129447104409]
0.0215455456637 [0.0296151638031] [0.0134759275243]
0.0224406695925 [0.0307855792344] [0.0140957599506]
0.0234189722687 [0.0321077182889] [0.0147302262485]
0.02458126004785 [0.0337578840554] [0.0154046360403]
0.02612481825055 [0.036024633795] [0.0162250027061]
0.028960299678150003 [0.0402315333486] [0.0176890660077]
0.0316702257842 [0.0434267148376] [0.0199137367308]
0.03202350251375 [0.0423936024308] [0.0216534025967]
0.0311301453039 [0.0402405522764] [0.0220197383314]
0.03029893431815 [0.0395810157061] [0.0210168529302]
0.029875408858049998 [0.0389516018331] [0.020799215883]
0.0293209599331 [0.0382542945445] [0.0203876253217]
0.0286432392895 [0.0374002717435] [0.0198862068355]
0.0276946108788 [0.0361332967877] [0.0192559249699]
0.026367126964049997 [0.0343444980681] [0.01838975586]
0.024631926789899998 [0.032089792192] [0.0171740613878]
0.0227595139295 [0.0297132320702] [0.0158057957888]
0.0211033062078 [0.0276477430016] [0.014558869414]
0.01999936951325 [0.0263104476035] [0.013688291423]
0.0197046757676 [0.0258682984859] [0.0135410530493]
0.02004246832805 [0.0263444017619] [0.0137405348942]
0.02004246832805 [0.0263444017619] [0.0137405348942]
0.02004246832805 [0.0263444017619] [0.0137405348942]
0.02004246832805 [0.0263444017619] [0.0137405348942]
0.02004246832805 [0.0263444017619] [0.0137405348942]
0.02004246832805 [0.0263444017619] [0.0137405348942]
0.02004246832805 [0.0263444017619] [0.0137405348942]
0.02004246832805 [0.0263444017619] [0.0137405348942]
0.02004246832805 [0.0263444017619] [0.0137405348942]
0.02004246832805 [0.0263444017619] [0.0137405348942]
0.02004246832805 [0.0263444017619] [0.0137405348942]
0.02004246832805 [0.0263444017619] [0.0137405348942]
0.02004246832805 [0.0263444017619] [0.0137405348942]
0.02004246832805 [0.0263444017619] [0.0137405348942]
0.02004246832805 [0.0263444017619] [0.0137405348942]
0.02004246832805 [0.0263444017619] [0.0137405348942]
0.02004246832805 [0.0263444017619] [0.0137405348942]
0.02004246832805 [0.0263444017619] [0.0137405348942]
0.02004246832805 [0.0263444017619] [0.0137405348942]
0.02004246832805 [0.0263444017619] [0.0137405348942]
0.02004246832805 [0.0263444017619] [0.0137405348942]
0.02004246832805 [0.0263444017619] [0.0137405348942]
0.02004246832805 [0.0263444017619] [0.0137405348942]
0.02004246832805 [0.0263444017619] [0.0137405348942]
0.02004246832805 [0.0263444017619] [0.0137405348942]
0.02004246832805 [0.0263444017619] [0.0137405348942]
0.02004246832805 [0.0263444017619] [0.0137405348942]
0.02004246832805 [0.0263444017619] [0.0137405348942]
0.02004246832805 [0.0263444017619] [0.0137405348942]
0.02004246832805 [0.0263444017619] [0.0137405348942]
0.02004246832805 [0.0263444017619] [0.0137405348942]
0.014344493392849999 [0.0149484518915] [0.0137405348942]
0.015287142712649998 [0.0168337505311] [0.0137405348942]
0.0160761442967 [0.0184117536992] [0.0137405348942]
0.0169000499882 [0.0200595650822] [0.0137405348942]
0.0178536572494 [0.0219667796046] [0.0137405348942]
0.01883111847565 [0.0239217020571] [0.0137405348942]
0.01963467663155 [0.0255288183689] [0.0137405348942]
0.02023311378435 [0.0267256926745] [0.0137405348942]
0.02072642324495 [0.0277123115957] [0.0137405348942]
0.0212442534976 [0.028747972101] [0.0137405348942]
0.053416408598399995 [0.0297495797276] [0.0770832374692]
0.0588371679187 [0.0305714532733] [0.0871028825641]
0.067847289145 [0.0406644567847] [0.0950301215053]
0.0743117295206 [0.0517236143351] [0.0968998447061]
0.07207231037315001 [0.0575922168791] [0.0865524038672]
0.05884670466185 [0.0535371825099] [0.0641562268138]
0.053147001192 [0.0421377755702] [0.0641562268138]
0.0480837505311 [0.0320112742484] [0.0641562268138]
0.0445552095771 [0.0249541923404] [0.0641562268138]
0.042330625467 [0.0205050241202] [0.0641562268138]
0.04104126337915 [0.0179262999445] [0.0641562268138]
0.04038115404545 [0.0166060812771] [0.0641562268138]
0.04090151842685 [0.0160207729787] [0.065782263875]
0.0410205293447 [0.0157070346177] [0.0663340240717]
0.0400343411602 [0.0153073417023] [0.0647613406181]
0.03614443400875 [0.0148021476343] [0.0574867203832]
0.03135509509595 [0.0143761802465] [0.0483340099454]
0.027095708530399998 [0.0141990622506] [0.0399923548102]
0.02483079116795 [0.0142485480756] [0.0354130342603]
0.026170984841900002 [0.014360094443] [0.0379818752408]
0.0417058961466 [0.013990232721] [0.0694215595722]
0.04215786233545 [0.0132189542055] [0.0710967704654]
0.04003826295955 [0.0123720420524] [0.0677044838667]
0.0370027059689 [0.0116488691419] [0.0623565427959]
0.0342406607233 [0.0111329546198] [0.0573483668268]
0.032125601545 [0.0108222924173] [0.0534289106727]
