0.0351789249107 [0.0453520044684] [0.025005845353]
0.03573067393155 [0.0460000894964] [0.0254612583667]
0.0377638144419 [0.0491653196514] [0.0263623092324]
0.040645343251550003 [0.0539939403534] [0.0272967461497]
0.042947161011400004 [0.0580481998622] [0.0278461221606]
0.04394192807375 [0.0600814335048] [0.0278024226427]
0.04348513111475 [0.0596926659346] [0.0272775962949]
0.04060590919105 [0.0551542676985] [0.0260575506836]
0.0339261777699 [0.0444766618311] [0.0233756937087]
0.02654053550215 [0.0334288440645] [0.0196522269398]
0.02081140317025 [0.0256597660482] [0.0159630402923]
0.017260634340350002 [0.0212675407529] [0.0132537279278]
0.015278851147700001 [0.0190171077847] [0.0115405945107]
0.01441662339495 [0.0181822795421] [0.0106509672478]
0.01428727712485 [0.0181880053133] [0.0103865489364]
0.01452320953835 [0.0184981990606] [0.0105482200161]
0.0147887580097 [0.0186450686306] [0.0109324473888]
0.014981191605299999 [0.0185682252049] [0.0113941580057]
0.01515551982445 [0.0184071101248] [0.0119039295241]
0.015255406033249999 [0.0182123370469] [0.0122984750196]
0.014909082558000001 [0.0179412774742] [0.0118768876418]
0.0144403586164 [0.0174304936081] [0.0114502236247]
0.01377452444285 [0.0164209790528] [0.0111280698329]
0.013123409822600001 [0.0150928506628] [0.0111539689824]
0.0128615330905 [0.0138718020171] [0.0118512641639]
0.01340332301335 [0.0130743654445] [0.0137322805822]
0.015313684474650001 [0.0129085341468] [0.0177188348025]
0.0192944924347 [0.0131955044344] [0.025393480435]
0.0254048658535 [0.0135262962431] [0.0372834354639]
0.03116863686595 [0.01352760382] [0.0488096699119]
0.0341767007485 [0.0132583398372] [0.0550950616598]
0.03397915605455 [0.0128632504493] [0.0550950616598]
0.0337401642464 [0.012385266833] [0.0550950616598]
0.03348034853115 [0.0118656354025] [0.0550950616598]
0.0332708368078 [0.0114466119558] [0.0550950616598]
0.06371363066145 [0.0112402327359] [0.116187028587]
0.05533766839655 [0.011389920488] [0.0992854163051]
0.052405139897 [0.0121443318203] [0.0926659479737]
0.053820718079799997 [0.0139351710677] [0.0937062650919]
0.0582956755534 [0.0176775250584] [0.0989138260484]
0.06515843514360001 [0.0252540949732] [0.105062775314]
0.0748062059285 [0.039396956563] [0.110215455294]
0.08745609410095 [0.0615718923509] [0.113340295851]
0.0985320173206 [0.0846295505762] [0.112434484065]
0.10027993470425 [0.0971092656255] [0.103450603783]
0.0852685421705 [0.0914302393794] [0.0791068449616]
0.0613055061549 [0.0709307268262] [0.0516802854836]
0.041742976754900005 [0.0512354560196] [0.0322504974902]
0.03074474446475 [0.0391905233264] [0.0222989656031]
0.02517822477965 [0.033064302057] [0.0172921475023]
0.02239606529475 [0.0301209501922] [0.0146711803973]
0.02116832137105 [0.0290683507919] [0.0132682919502]
0.02064763521775 [0.0288926437497] [0.0124026266858]
0.0202250806615 [0.0287302993238] [0.0117198619992]
0.019682427868250002 [0.0282167382538] [0.0111481174827]
0.019047311041500002 [0.0273539461195] [0.0107406759635]
0.018465243745599998 [0.0264439992607] [0.0104864882305]
0.017969481647 [0.0256621707231] [0.0102767925709]
0.01764076482505 [0.0252568963915] [0.0100246332586]
0.0176543309353 [0.0251563489437] [0.0101523129269]
0.01774230413138 [0.0255920961499] [0.00989251211286]
0.018625493627050002 [0.0272086877376] [0.0100422995165]
0.0209470856935 [0.0310872383416] [0.0108069330454]
0.02570272842425 [0.0389626398683] [0.0124428169802]
0.034619344864 [0.0539549849927] [0.0152837047353]
0.04904596600685 [0.078984618187] [0.0191073138267]
0.0665522981434 [0.110138915479] [0.0229656808078]
0.07762931752930001 [0.129793182015] [0.0254654530436]
0.0830172030255 [0.13970862329] [0.026325782761]
0.0853896383195 [0.145168200135] [0.025611076504]
0.08885499276235001 [0.153989568353] [0.0237204171717]
0.09377414174385 [0.163827866316] [0.0237204171717]
0.09759752638635 [0.171474635601] [0.0237204171717]
0.09961619414385 [0.175511971116] [0.0237204171717]
0.10009709186835 [0.176473766565] [0.0237204171717]
0.09993384219685 [0.176147267222] [0.0237204171717]
0.10014818049985 [0.176575943828] [0.0237204171717]
0.10197413898985 [0.180227860808] [0.0237204171717]
0.10557632334535 [0.187432229519] [0.0237204171717]
0.10628240741785 [0.188844397664] [0.0237204171717]
0.09491614438585 [0.1661118716] [0.0237204171717]
0.07609219290335001 [0.128463968635] [0.0237204171717]
0.059955464676 [0.0961905121803] [0.0237204171717]
0.049609774723649996 [0.0754991322756] [0.0237204171717]
0.0434051658958 [0.0630899146199] [0.0237204171717]
0.03971851430835 [0.055716611445] [0.0237204171717]
0.03745725378395 [0.0511940903962] [0.0237204171717]
0.03609741851685 [0.048474419862] [0.0237204171717]
0.0353643670678 [0.0470083169639] [0.0237204171717]
0.0350282024592 [0.0463359877467] [0.0237204171717]
0.09235052019335 [0.0463638603687] [0.138337180018]
0.0989111345262 [0.0466257445514] [0.151196524501]
0.09919288940714999 [0.0465827025473] [0.151803076267]
0.09211385436335 [0.0457707233727] [0.138456985354]
0.08014548383634999 [0.0442724637687] [0.116018503904]
