0.07094259187579999 [0.0770250186324] [0.0648601651192]
0.08217076957225 [0.0916306376457] [0.0727109014988]
0.09283927082995 [0.107102297246] [0.0785762444139]
0.0964852757753 [0.111942522228] [0.0810280293226]
0.08956357091665 [0.100299693644] [0.0788274481893]
0.07882428914305001 [0.082946434617] [0.0747021436691]
0.07185600697995 [0.0688849166036] [0.0748270973563]
0.0668569728732 [0.0589534565806] [0.0747604891658]
0.0630755927414 [0.0514316298068] [0.074719555676]
0.0599626470357 [0.0453876368701] [0.0745376572013]
0.05734608508645 [0.0405350066721] [0.0741571635008]
0.055264027789250006 [0.0368729643524] [0.0736550912261]
0.053782623261199994 [0.0344997793436] [0.0730654671788]
0.0524305216968 [0.0331104174256] [0.071750625968]
0.05083233304325 [0.0323310531676] [0.0693336129189]
0.048513961955900006 [0.0317524187267] [0.0652755051851]
0.045658359304100005 [0.0314145050943] [0.0599022135139]
0.0457827523351 [0.0316632911563] [0.0599022135139]
0.04643134213985 [0.0329604707658] [0.0599022135139]
0.047548782080450006 [0.035195350647] [0.0599022135139]
0.0487135201693 [0.0375248268247] [0.0599022135139]
0.03435252793135 [0.0376918576658] [0.0310131981969]
0.0331273339689 [0.0352414697409] [0.0310131981969]
0.03136046603325 [0.0317077338696] [0.0310131981969]
0.0300085293129 [0.0290038604289] [0.0310131981969]
0.02943555638195 [0.027857914567] [0.0310131981969]
0.029510039836149998 [0.0280068814754] [0.0310131981969]
0.0298862606287 [0.0287593230605] [0.0310131981969]
0.030194460414349998 [0.0293757226318] [0.0310131981969]
0.03025290556255 [0.0294926129282] [0.0310131981969]
0.0301081230864 [0.0292030479759] [0.0310131981969]
0.0298994630575 [0.0287857279181] [0.0310131981969]
0.0297579113394 [0.0285026244819] [0.0310131981969]
0.02957328315825 [0.0281333681196] [0.0310131981969]
0.0288229743019 [0.0266327504069] [0.0310131981969]
0.02699248678985 [0.0229717753828] [0.0310131981969]
0.02417969796805 [0.0173461977392] [0.0310131981969]
0.021853673271849998 [0.0126941483468] [0.0310131981969]
0.0217337142676 [0.0124542303383] [0.0310131981969]
0.02157861553135 [0.0121440328658] [0.0310131981969]
0.02130868891255 [0.0116041796282] [0.0310131981969]
0.020914829336099998 [0.0108164604753] [0.0310131981969]
0.020449153147644998 [0.00988510809839] [0.0310131981969]
0.020009770989425 [0.00900634378195] [0.0310131981969]
0.019651167560375 [0.00828913692385] [0.0310131981969]
0.01936526666396 [0.00771733513102] [0.0310131981969]
0.01912932959386 [0.00724546099082] [0.0310131981969]
0.01887703314424 [0.00674086809158] [0.0310131981969]
0.018573493463925 [0.00613378873095] [0.0310131981969]
0.018573493463925 [0.00613378873095] [0.0310131981969]
0.021370895905425 [0.00613378873095] [0.0366080030799]
0.020445679081625 [0.00613378873095] [0.0347575694323]
0.020050869090475 [0.00613378873095] [0.03396794945]
0.020172091899425003 [0.00613378873095] [0.0342103950679]
0.020672340644525 [0.00613378873095] [0.0352108925581]
0.0244733542204 [0.0122255384922] [0.0367211699486]
0.02558273868635 [0.0128596546128] [0.0383058227599]
0.026337538845850002 [0.0131581667811] [0.0395169109106]
0.0266467425972 [0.0133792199194] [0.039914265275]
0.02676730928945 [0.0138548864052] [0.0396797321737]
0.0269320760854 [0.0146718891338] [0.039192263037]
0.02734394092115 [0.0158047769219] [0.0388831049204]
0.02817057445645 [0.017146859318] [0.0391942895949]
0.0291172908619 [0.0186081174761] [0.0396264642477]
0.0301093868911 [0.0199856869876] [0.0402330867946]
0.0302517609671 [0.0209517013282] [0.039551820606]
0.02875367552045 [0.0210771970451] [0.0364301539958]
0.028407706879049997 [0.0249000843614] [0.0319153293967]
0.027268690057050002 [0.0267428066581] [0.027794573456]
0.025478160008800002 [0.0258529856801] [0.0251033343375]
0.0240840939805 [0.0243941154331] [0.0237740725279]
0.02339155599475 [0.0235989391804] [0.0231841728091]
0.0231670187786 [0.0236061066389] [0.0227279309183]
0.0231528384611 [0.0242651905864] [0.0220404863358]
0.02320495061575 [0.0251227933913] [0.0212871078402]
0.02338096126915 [0.0258885212243] [0.020873401314]
0.02360626589505 [0.026305232197] [0.0209072995931]
0.02374392654745 [0.0263203848153] [0.0211674682796]
0.0237348591909 [0.0259204506874] [0.0215492676944]
0.023701338097450002 [0.0253444816917] [0.0220581945032]
0.02397267334165 [0.025066325441] [0.0228790212423]
0.025148525834100002 [0.0258761253208] [0.0244209263474]
0.02770295646045 [0.0285137407482] [0.0268921721727]
0.032025389373299996 [0.0339676178992] [0.0300831608474]
0.0384992752224 [0.0437398776412] [0.0332586728036]
0.04691920615735 [0.0581828802824] [0.0356555320323]
0.05472464859485 [0.072053655982] [0.0373956412077]
0.05985292978585 [0.080230794847] [0.0394750647247]
0.062352759763599996 [0.0818083807826] [0.0428971387446]
0.06336753256615 [0.0786818489432] [0.0480532161891]
0.06066183559595 [0.068259447813] [0.0530642233789]
0.0537017900497 [0.0523247420788] [0.0550788380206]
0.0452086534351 [0.0394545048475] [0.0509628020227]
0.038996042683699994 [0.0319458097219] [0.0460462756455]
0.03504716046155 [0.027952156961] [0.0421421639621]
0.03290693461895 [0.0262829773128] [0.0395308919251]
0.0320854727179 [0.0261507816613] [0.0380201637745]
0.0323526682332 [0.0271941106766] [0.0375112257898]
0.03264833707365 [0.0287832375616] [0.0365134365857]
0.03273547813295 [0.0298235081136] [0.0356474481523]
0.03170890826735 [0.0287758652121] [0.0346419513226]
0.028099307790349998 [0.024954624474] [0.0312439911067]
0.02381354011595 [0.0213140249252] [0.0263130553067]
0.02076960261915 [0.0191011372954] [0.0224380679429]
0.018935469910499998 [0.0178620405495] [0.0200088992715]
0.0181600013748 [0.0174489244819] [0.0188710782677]
0.01820980850605 [0.0177388247102] [0.0186807923019]
0.01883649174125 [0.0185167659074] [0.0191562175751]
0.0197384255007 [0.019496627152] [0.0199802238494]
0.020718617364750003 [0.0203694645315] [0.021067770198]
0.021547460928549998 [0.0208483543247] [0.0222465675324]
0.0218754755333 [0.0208338629454] [0.0229170881212]
0.02124281506985 [0.0204034373164] [0.0220821928233]
0.020922388881450003 [0.0197625849396] [0.0220821928233]
0.0206520119682 [0.0192218311131] [0.0220821928233]
0.020194016397 [0.0191295426339] [0.0212584901601]
0.0206809779629 [0.0198784936219] [0.0214834623039]
0.02279232256115 [0.0219359565526] [0.0236486885697]
0.028009304776799998 [0.0263577178121] [0.0296608917415]
0.038095092400900005 [0.0336883738637] [0.0425018109381]
0.052820101380349996 [0.041929975152] [0.0637102276087]
0.0639068055898 [0.0466471426189] [0.0811664685607]
0.0648752897978 [0.0473243892193] [0.0824261903763]
0.0596870146692 [0.0464869886637] [0.0728870406747]
0.0591497756541 [0.0454125106335] [0.0728870406747]
0.05874041467905 [0.0445937886834] [0.0728870406747]
0.0584253259003 [0.0439636111259] [0.0728870406747]
0.0583915002644 [0.0438959598541] [0.0728870406747]
0.1232070829718 [0.0450220666826] [0.201392099261]
0.12307447381325 [0.0479709245265] [0.1981780231]
0.12073568813525001 [0.0538109354675] [0.187660440803]
0.10937129333615 [0.0639637187123] [0.15477886796]
0.09453903883685 [0.0784021168947] [0.110675960779]
0.08416084200144999 [0.0933046042919] [0.075017079711]
0.07442762143909999 [0.0946140214801] [0.0542412213981]
0.06167234107855 [0.0802436321974] [0.0431010499597]
0.050062257796550005 [0.0631069764495] [0.0370175391436]
0.042005373165 [0.0501541607082] [0.0338565856218]
0.03716601990165 [0.0418076440692] [0.0325243957341]
0.0346285086125 [0.036840043962] [0.032416973263]
0.03221186995505 [0.0340018160641] [0.030421923846]
0.03027195762845 [0.0318221971393] [0.0287217181176]
0.02836091630165 [0.0294947419316] [0.0272270906717]
0.0251517435536 [0.0264150835574] [0.0238884035498]
0.02161104790865 [0.0232620947063] [0.019960001111]
0.018735238350899998 [0.0206968579441] [0.0167736187577]
0.0168136493303 [0.0188554823399] [0.0147718163207]
0.01570403715595 [0.0176746025681] [0.0137334717438]
0.0151729155332 [0.017033463344] [0.0133123677224]
0.01483918214215 [0.016811247915] [0.0128671163693]
0.0146661978215 [0.0169116854668] [0.0124207101762]
0.014641460962599998 [0.0172860398889] [0.0119968820363]
0.014643230009800001 [0.0178242214024] [0.0114622386172]
0.01450190972535 [0.0183080732822] [0.0106957461685]
