0.04170027188955 [0.0527036078274] [0.0306969359517]
0.030180869624049998 [0.0333697833121] [0.026991955936]
0.02325705904515 [0.0232378486544] [0.0232762694359]
0.019276712089800002 [0.0180085320026] [0.020544892177]
0.01695889839905 [0.0153768071905] [0.0185409896076]
0.015483565628550001 [0.0139340888709] [0.0170330423862]
0.01497089955955 [0.0130207892507] [0.0169210098684]
0.0147057711147 [0.0125502115116] [0.0168613307178]
0.0144537976012 [0.0123007409275] [0.0166068542749]
0.01416683150455 [0.0123377954587] [0.0159958675504]
0.013836605008700001 [0.0126186003909] [0.0150546096265]
0.01339803589505 [0.012904016301] [0.0138920554891]
0.01299596065655 [0.0131169846281] [0.012874936685]
0.01272127451375 [0.0133518902585] [0.012090658769]
0.01265710173175 [0.0138325281441] [0.0114816753194]
0.01281528221445 [0.0147442156449] [0.010886348784]
0.013239116407899999 [0.0162262935191] [0.0102519392967]
0.014111404307199999 [0.0179708693177] [0.0102519392967]
0.0147888343781 [0.0193257294595] [0.0102519392967]
0.0150321256369 [0.0198123119771] [0.0102519392967]
0.01495602354405 [0.0196601077914] [0.0102519392967]
0.014850643463399999 [0.0194493476301] [0.0102519392967]
0.0148327825591 [0.0194136258215] [0.0102519392967]
0.0148375276476 [0.0194231159985] [0.0102519392967]
0.0147480694577 [0.0192441996187] [0.0102519392967]
0.01461182534695 [0.0189717113972] [0.0102519392967]
0.01449473854155 [0.0187375377864] [0.0102519392967]
0.014241498895 [0.0182310584933] [0.0102519392967]
0.01391645148395 [0.0175809636712] [0.0102519392967]
0.0135280927643 [0.0168042462319] [0.0102519392967]
0.0131396623328 [0.0160273853689] [0.0102519392967]
0.012795163318499999 [0.0153383873403] [0.0102519392967]
0.0125867128372 [0.0149214863777] [0.0102519392967]
0.0125840292312 [0.0149161191657] [0.0102519392967]
0.012795008253299999 [0.0153380772099] [0.0102519392967]
0.0131216943264 [0.0159914493561] [0.0102519392967]
0.01336883194745 [0.0164857245982] [0.0102519392967]
0.0133871482685 [0.0165223572403] [0.0102519392967]
0.01323953364045 [0.0162271279842] [0.0102519392967]
0.0133158871904 [0.0163798350841] [0.0102519392967]
0.013983997516299999 [0.0177160557359] [0.0102519392967]
0.04654452949765 [0.021116450429] [0.0719726085663]
0.0478817988187 [0.0271472819149] [0.0686163157225]
0.05107668414715 [0.0357669219375] [0.0663864463568]
0.05513722635805 [0.0489965565503] [0.0612778961658]
0.0594034902751 [0.0575290843844] [0.0612778961658]
0.056088084354949996 [0.0508982725441] [0.0612778961658]
0.0497048832476 [0.0381318703294] [0.0612778961658]
0.0452074296772 [0.0291369631886] [0.0612778961658]
0.0428626844659 [0.024447472766] [0.0612778961658]
0.0416743038222 [0.0220707114786] [0.0612778961658]
0.04097173176705 [0.0206655673683] [0.0612778961658]
0.0405981130898 [0.0199183300138] [0.0612778961658]
0.0396214462817 [0.0196855068207] [0.0595573857427]
0.03835043590515 [0.0197450313717] [0.0569558404386]
0.0370166460052 [0.0198836121708] [0.0541496798396]
0.03706578258425 [0.0199818853289] [0.0541496798396]
0.0369886904955 [0.0198277011514] [0.0541496798396]
0.03685805387795 [0.0195664279163] [0.0541496798396]
0.0366133293137 [0.0190769787878] [0.0541496798396]
0.03634297754615 [0.0185362752527] [0.0541496798396]
0.0359840039164 [0.0178183279932] [0.0541496798396]
0.035894549451749996 [0.0176394190639] [0.0541496798396]
0.0358513854444 [0.0175530910492] [0.0541496798396]
0.035914184525599996 [0.0176786892116] [0.0541496798396]
0.036155364476150004 [0.0181610491127] [0.0541496798396]
0.03657698910685 [0.0190042983741] [0.0541496798396]
0.0370931942016 [0.0200367085636] [0.0541496798396]
0.03730556182565 [0.0204614438117] [0.0541496798396]
0.03697863128035 [0.0198075827211] [0.0541496798396]
0.036303149536249996 [0.0184566192329] [0.0541496798396]
0.0354351270944 [0.0167205743492] [0.0541496798396]
0.0348566910252 [0.0155637022108] [0.0541496798396]
0.03510314505545 [0.0160566102713] [0.0541496798396]
0.03549469821155 [0.0168397165835] [0.0541496798396]
0.0363504560664 [0.0185512322932] [0.0541496798396]
0.045000359416 [0.0358510389924] [0.0541496798396]
0.0448745675385 [0.0355994552374] [0.0541496798396]
0.04610544256865 [0.0380612052977] [0.0541496798396]
0.04859425872565 [0.0430388376117] [0.0541496798396]
0.05179261043665 [0.0494355410337] [0.0541496798396]
0.05498912744225 [0.0558285750449] [0.0541496798396]
0.05781157687305 [0.0614734739065] [0.0541496798396]
0.06020979583265 [0.0662699118257] [0.0541496798396]
0.062245253473500003 [0.0703408271074] [0.0541496798396]
0.06387495994565 [0.0736002400517] [0.0541496798396]
0.0650170855224 [0.0758844912052] [0.0541496798396]
0.11010719835765 [0.0772475600243] [0.142966836691]
0.11736413463955 [0.0802508667111] [0.154477402568]
0.1272118836639 [0.0892992466688] [0.165124520659]
0.1362769044935 [0.107429288328] [0.165124520659]
0.15163241326799998 [0.138140305877] [0.165124520659]
0.17078384011949999 [0.17644315958] [0.165124520659]
0.188164517283 [0.211204513907] [0.165124520659]
0.19671308249199998 [0.228301644325] [0.165124520659]
0.1966603994365 [0.228196278214] [0.165124520659]
0.1943027749655 [0.223481029272] [0.165124520659]
0.18890119343950001 [0.21267786622] [0.165124520659]
0.18091986328350002 [0.196715205908] [0.165124520659]
0.178779952228 [0.17595115304] [0.181608751416]
0.17719244956949998 [0.151709333062] [0.202675566077]
0.1658777445555 [0.129079923034] [0.202675566077]
0.1554322429 [0.108188919723] [0.202675566077]
0.14897533133614999 [0.0952750965953] [0.202675566077]
0.14421407878385 [0.0857525914907] [0.202675566077]
0.1395768634974 [0.0764781609178] [0.202675566077]
0.13381614163505 [0.0649567171931] [0.202675566077]
0.12893014959979998 [0.0551847331226] [0.202675566077]
0.12526416406024998 [0.0478527620435] [0.202675566077]
0.12263579294075 [0.0425960198045] [0.202675566077]
0.12073842063535 [0.0388012751937] [0.202675566077]
0.11918713711189999 [0.0356987081468] [0.202675566077]
0.11782880313685 [0.0329820401967] [0.202675566077]
0.1166466977446 [0.0306178294122] [0.202675566077]
0.11566265486169999 [0.0286497436464] [0.202675566077]
0.11499949730919999 [0.0273234285414] [0.202675566077]
0.11462876573195 [0.0265819653869] [0.202675566077]
0.11446388158935 [0.0262521971017] [0.202675566077]
0.11439067311574999 [0.0261057801545] [0.202675566077]
0.11431016772975 [0.0259447693825] [0.202675566077]
0.11427280213669999 [0.0258700381964] [0.202675566077]
0.11442345101375 [0.0261713359505] [0.202675566077]
0.11485462356345 [0.0270336810499] [0.202675566077]
0.11552388872939999 [0.0283722113818] [0.202675566077]
0.1163996933027 [0.0301238205284] [0.202675566077]
0.11738988384594999 [0.0321042016149] [0.202675566077]
