0.09603895992055 [0.100813686848] [0.0912642329931]
0.09647242724915 [0.102565325797] [0.0903795287013]
0.0966158434751 [0.103826284409] [0.0894054025412]
0.0974380709231 [0.105689778924] [0.0891863629222]
0.0989953055976 [0.108437620103] [0.0895529910922]
0.10071630403410001 [0.11116707325] [0.0902655348182]
0.1001866012814 [0.110534049571] [0.0898391529918]
0.09531142935165 [0.103552863002] [0.0870699957013]
0.08712624385955 [0.0924026370049] [0.0818498507142]
0.0793953537941 [0.0825183391571] [0.0762723684311]
0.0737285502255 [0.0750735625625] [0.0723835378885]
0.0708479098976 [0.0690282955766] [0.0726675242186]
0.069915022701 [0.0639389529824] [0.0758910924196]
0.06861105747520001 [0.0598080866039] [0.0774140283465]
0.06237226352095 [0.0545670241117] [0.0701775029302]
0.05008201673625 [0.0472666732967] [0.0528973601758]
0.03877225890755 [0.0385987237096] [0.0389457941055]
0.034252583049249996 [0.0307669024915] [0.037738263607]
0.03045653458685 [0.024554098025] [0.0363589711487]
0.0273566385731 [0.01981667988] [0.0348965972662]
0.024831739254299996 [0.0162206422538] [0.0334428362548]
0.02281738677995 [0.0135048897937] [0.0321298837662]
0.02131527801975 [0.0116046862677] [0.0310258697718]
0.0202435818501 [0.0104520460591] [0.0300351176411]
0.019351693801564998 [0.00982584245503] [0.0288775451481]
0.018347297329465002 [0.00944464746863] [0.0272499471903]
0.016999436542395 [0.00892444141209] [0.0250744316727]
0.015350683126594999 [0.00814556609839] [0.0225558001548]
0.01081796688957 [0.00724689569324] [0.0143890380859]
0.008432460716005001 [0.00652750721201] [0.01033741422]
0.007066910620775 [0.00613305997103] [0.00800076127052]
0.00630990229547 [0.00607198476791] [0.00654781982303]
0.006982534658165 [0.00629308773205] [0.00767198158428]
0.007795620244 [0.00670798774809] [0.00888325273991]
0.00865783891641 [0.00731247616932] [0.0100032016635]
0.009460920933619998 [0.00807774439454] [0.0108440974727]
0.010248086880895 [0.00898189749569] [0.0115142762661]
0.011035961564615001 [0.00986347161233] [0.0122084515169]
0.011787093244499999 [0.0105544021353] [0.0130197843537]
0.01250387122855 [0.0110121900216] [0.0139955524355]
0.0132989943959 [0.0114636020735] [0.0151343867183]
0.0144130741246 [0.012434351258] [0.0163917969912]
0.0161142195575 [0.0146048469469] [0.0176235921681]
0.01975957583635 [0.0190134886652] [0.0205056630075]
0.02544237766415 [0.0269931033254] [0.0238916520029]
0.03306718636305 [0.0390259474516] [0.0271084252745]
0.04073317721485 [0.0518963448703] [0.0295700095594]
0.043575970456 [0.0558233708143] [0.0313285700977]
0.0396717749536 [0.0463459901512] [0.032997559756]
0.033430345356499996 [0.0321965813637] [0.0346641093493]
0.02902724500745 [0.0218853857368] [0.0361691042781]
0.026809887960549998 [0.0162197314203] [0.0374000445008]
0.026077374815950002 [0.0134825222194] [0.0386722274125]
0.02637145295735 [0.0123711712658] [0.0403717346489]
0.0272237779573 [0.0121551845223] [0.0422923713923]
0.0281045665033 [0.0123564833775] [0.0438526496291]
0.0286313225515 [0.0126848788932] [0.0445777662098]
0.0286959577352 [0.0129165835679] [0.0444753319025]
0.028387696016549998 [0.0128830047324] [0.0438923873007]
0.02790310187265 [0.0125642633066] [0.0432419404387]
0.0274164583534 [0.0121606960893] [0.0426722206175]
0.0268903230317 [0.0118243368343] [0.0419563092291]
0.026431676466 [0.011761595495] [0.041101757437]
0.02616039291025 [0.0122000835836] [0.0401207022369]
0.02653608703985 [0.013469167985] [0.0396030060947]
0.0282864868641 [0.0161413215101] [0.0404316522181]
0.03249107580635 [0.0213693212718] [0.0436128303409]
0.040582332760099996 [0.031821411103] [0.0493432544172]
0.0541867669672 [0.0516783818603] [0.0566951520741]
0.07251520082355001 [0.0821006447077] [0.0629297569394]
0.08712153881795 [0.107974626124] [0.0662684515119]
0.0937707945704 [0.120278187096] [0.0672634020448]
0.09656228870174999 [0.125660002232] [0.0674645751715]
0.0996357835831 [0.13125962019] [0.0680119469762]
0.1021818220616 [0.135175779462] [0.0691878646612]
0.10520294681200001 [0.139165595174] [0.07124029845]
0.10642370954175 [0.139315515757] [0.0735319033265]
0.1044104397299 [0.133674114943] [0.0751467645168]
0.1001438573004 [0.125646799803] [0.0746409147978]
0.09557344764495 [0.118050500751] [0.0730963945389]
0.09403175860650001 [0.116640508175] [0.071423009038]
0.0954664051531 [0.120990477502] [0.0699423328042]
0.09581939131014999 [0.122942239046] [0.0686965435743]
0.09398046135905 [0.12187474221] [0.0660861805081]
0.0850966814906 [0.11035168916] [0.0598416738212]
0.06756079755725 [0.0857684463263] [0.0493531487882]
0.04824417456985 [0.0585856325924] [0.0379027165473]
0.03403488174085 [0.0395550578833] [0.0285147055984]
0.025480006821449998 [0.0287460703403] [0.0222139433026]
0.0206538438797 [0.022954441607] [0.0183532461524]
0.01805659756065 [0.0199587922543] [0.016154402867]
0.01680466905235 [0.0185534004122] [0.0150559376925]
0.01632866077125 [0.0179705675691] [0.0146867539734]
0.01629863120615 [0.0177731029689] [0.0148241594434]
0.0165031361394 [0.0177107546479] [0.0152955176309]
0.016665000468500002 [0.0176003482193] [0.0157296527177]
0.016581148840449998 [0.0171941835433] [0.0159681141376]
0.0162117108703 [0.016519876197] [0.0159035455436]
0.015724821947500002 [0.0156825594604] [0.0157670844346]
0.015384408645350001 [0.0149572379887] [0.015811579302]
0.01557075837625 [0.0146651929244] [0.0164763238281]
0.01679050084205 [0.0152864214033] [0.0182945802808]
0.01997230853885 [0.0175969935954] [0.0223476234823]
0.02694850135595 [0.0232242625207] [0.0306727401912]
0.04164663515985 [0.0359598323703] [0.0473334379494]
0.06977512314914999 [0.0634177401662] [0.0761325061321]
0.11023063585199999 [0.110999450088] [0.109461821616]
0.1420039758085 [0.156671613455] [0.127336338162]
0.1535391062495 [0.177496090531] [0.129582121968]
0.1535597145555 [0.180932551622] [0.126186877489]
0.152068451047 [0.176337391138] [0.127799510956]
0.15506982058250002 [0.174880161881] [0.135259479284]
0.158733807504 [0.170151159167] [0.147316455841]
0.164683677256 [0.168138042092] [0.16122931242]
0.17359354347 [0.172033339739] [0.175153747201]
0.181885719299 [0.179193601012] [0.184577837586]
0.188483156264 [0.18516394496] [0.191802367568]
0.19175723940150002 [0.186207279563] [0.19730719924]
0.1879482716325 [0.179678425193] [0.196218118072]
0.18160712719 [0.171298399568] [0.191915854812]
0.17355995625249998 [0.162974670529] [0.184145241976]
0.166348643601 [0.15564891696] [0.177048370242]
0.162499971688 [0.151808187366] [0.17319175601]
0.1605284512045 [0.150603696704] [0.170453205705]
0.16038938611749998 [0.152420923114] [0.168357849121]
0.1610814779995 [0.156361311674] [0.165801644325]
