0.04139125859367 [0.0783970355988] [0.00438548158854]
0.042981691658475 [0.0813949257135] [0.00456845760345]
0.0441925644409 [0.0835170298815] [0.0048680990003]
0.04441057750953 [0.0835438072681] [0.00527734775096]
0.042836209526300004 [0.0799582153559] [0.0057142036967]
0.039033904671664996 [0.0716004744172] [0.00646733492613]
0.034322359133529996 [0.0610138215125] [0.00763089675456]
0.02906329324467 [0.0489681139588] [0.00915847253054]
0.024224730208500002 [0.0377486720681] [0.0107007883489]
0.02043942408635 [0.0291988439858] [0.0116800041869]
0.017737737856800002 [0.0235566254705] [0.0119188502431]
0.01592206489295 [0.0202023871243] [0.0116417426616]
0.014775097835850001 [0.018335826695] [0.0112143689767]
0.0142250088975 [0.0176361408085] [0.0108138769865]
0.013859994243799998 [0.0176209211349] [0.0100990673527]
0.0139592080377 [0.0178193487227] [0.0100990673527]
0.01389609416945 [0.0176931209862] [0.0100990673527]
0.013399450574049999 [0.0166998337954] [0.0100990673527]
0.0125719984062 [0.0150449294597] [0.0100990673527]
0.01171418558805 [0.0133293038234] [0.0100990673527]
0.01106883306055 [0.0120385987684] [0.0100990673527]
0.01071576494725 [0.0113324625418] [0.0100990673527]
0.010662164539099999 [0.0112252617255] [0.0100990673527]
0.01086317189035 [0.011627276428] [0.0100990673527]
0.011289191432299998 [0.0124793155119] [0.0100990673527]
0.011919032782299999 [0.0137389982119] [0.0100990673527]
0.01275154203175 [0.0154040167108] [0.0100990673527]
0.01365201501175 [0.0172049626708] [0.0100990673527]
0.01435622712595 [0.0186133868992] [0.0100990673527]
0.01476321509105 [0.0194273628294] [0.0100990673527]
0.0149719347246 [0.0198448020965] [0.0100990673527]
0.015291237738 [0.0204834081233] [0.0100990673527]
0.016275137197199998 [0.0224512070417] [0.0100990673527]
0.0184487425722 [0.0267984177917] [0.0100990673527]
0.021691757719949998 [0.0332844480872] [0.0100990673527]
0.023494952823949998 [0.0368908382952] [0.0100990673527]
0.02141245407985 [0.032725840807] [0.0100990673527]
0.018000355456 [0.0259016435593] [0.0100990673527]
0.015801562462 [0.0215040575713] [0.0100990673527]
0.014587770681799998 [0.0190764740109] [0.0100990673527]
0.01393626770005 [0.0177734680474] [0.0100990673527]
0.01341063762085 [0.016722207889] [0.0100990673527]
0.01277200505135 [0.01544494275] [0.0100990673527]
0.01290785288435 [0.0140683278441] [0.0117473779246]
0.0129798352718 [0.0129562206566] [0.013003449887]
0.0133482837118 [0.0122911054641] [0.0144054619595]
0.013993953820300001 [0.0120905051008] [0.0158974025398]
0.0147842383012 [0.0121895223856] [0.0173789542168]
0.0156776751392 [0.0124367969111] [0.0189185533673]
0.0165937528946 [0.0127239292488] [0.0204635765404]
0.0173731916584 [0.0131172472611] [0.0216291360557]
0.018477472011 [0.0137810753658] [0.0231738686562]
0.0197305902839 [0.0148764010519] [0.0245847795159]
0.02118556760255 [0.0162920225412] [0.0260791126639]
0.02166619896885 [0.0176855307072] [0.0256468672305]
0.0221557440236 [0.0188281740993] [0.0254833139479]
0.0230720862746 [0.020625077188] [0.0255190953612]
0.0251368228346 [0.0246239248663] [0.0256497208029]
0.0302877873182 [0.0324556082487] [0.0281199663877]
0.0358597356826 [0.0423909984529] [0.0293284729123]
0.0407621115446 [0.0523843578994] [0.0291398651898]
0.04248570650815 [0.0570006482303] [0.027970764786]
0.04119899217035 [0.0559185929596] [0.0264793913811]
0.0385881504044 [0.0521147362888] [0.02506156452]
0.0365714225918 [0.0491444021463] [0.0239984430373]
0.03595658950505 [0.0484336391091] [0.023479539901]
0.0374711798504 [0.0518337972462] [0.0231085624546]
0.04131702147425 [0.0590821094811] [0.0235519334674]
0.046172856353199995 [0.0675490647554] [0.024796647951]
0.0495854020119 [0.0731935873628] [0.025977216661]
0.07249722816075 [0.118818879128] [0.0261755771935]
0.08549259882395001 [0.145287841558] [0.0256973560899]
0.09342694282545 [0.161992684007] [0.0248612016439]
0.11502418853325 [0.206204295158] [0.0238440819085]
0.1091144420207 [0.19531942904] [0.0229094550014]
0.10662694927289999 [0.190976142883] [0.0222777556628]
0.10688321292384999 [0.191412195563] [0.0223542302847]
0.11039199586949999 [0.19487452507] [0.025909466669]
0.1163472533226 [0.199030071497] [0.0336644351482]
0.12621957622475 [0.202735990286] [0.0497031621635]
0.155645351857 [0.206937626004] [0.10435307771]
0.1634083651005 [0.211553946137] [0.115262784064]
0.17075807601249998 [0.218502402306] [0.123013749719]
0.1781011819835 [0.22650578618] [0.129696577787]
0.1843339428305 [0.233992099762] [0.134675785899]
0.18790928274399998 [0.235566973686] [0.140251591802]
0.1904567852615 [0.235412836075] [0.145500734448]
0.192057810724 [0.236493751407] [0.147621870041]
0.18900488317 [0.234184384346] [0.143825381994]
0.182157151401 [0.227239266038] [0.137075036764]
0.170212522149 [0.214716657996] [0.125708386302]
0.1586381457745 [0.20098349452] [0.116292797029]
0.150477219373 [0.188432887197] [0.112521551549]
0.1406524777415 [0.177102044225] [0.104202911258]
0.13134371116735 [0.167167499661] [0.0955199226737]
