0.037968890741450004 [0.046869341284] [0.0290684401989]
0.03677740879355 [0.045209672302] [0.0283451452851]
0.036596852354700005 [0.0446966737509] [0.0284970309585]
0.037486387416700004 [0.0455239713192] [0.0294488035142]
0.039359942078599996 [0.0474684536457] [0.0312514305115]
0.0422798655927 [0.049885045737] [0.0346746854484]
0.045396039262450005 [0.0515777394176] [0.0392143391073]
0.04703878238795 [0.0513787232339] [0.042698841542]
0.04566902294755 [0.049267668277] [0.0420703776181]
0.04261447675525 [0.0452944636345] [0.039934489876]
0.038235146552299995 [0.0390951707959] [0.0373751223087]
0.0330836866051 [0.0308574587107] [0.0353099144995]
0.0285378918052 [0.0229382142425] [0.0341375693679]
0.02533822041005 [0.0173278208822] [0.0333486199379]
0.02335466025395 [0.0140323108062] [0.0326770097017]
0.022134505212300003 [0.012177426368] [0.0320915840566]
0.0215039597824 [0.0112836565822] [0.0317242629826]
0.0213033081964 [0.0110259447247] [0.0315806716681]
0.02133618155495 [0.011121978052] [0.0315503850579]
0.0215172176249 [0.0114444950595] [0.0315899401903]
0.0218064622022 [0.0117971980944] [0.03181572631]
0.02206019312145 [0.0118735358119] [0.032246850431]
0.0221671643667 [0.0115690892562] [0.0327652394772]
0.022380331996849998 [0.0109836095944] [0.0337770543993]
0.02302996488285 [0.0104602621868] [0.0355996675789]
0.02433274034415 [0.0101795624942] [0.0384859181941]
0.0263679805212 [0.0102788982913] [0.0424570627511]
0.02949479734525 [0.0108760362491] [0.0481135584414]
0.0342000182718 [0.0121342390776] [0.056265797466]
0.04079037625345 [0.0143060553819] [0.067274697125]
0.0483285179362 [0.0172171276063] [0.0794399082661]
0.0547224003822 [0.0198629908264] [0.089581809938]
0.05797576531765 [0.0213624536991] [0.0945890769362]
0.05805483926085 [0.0216551367193] [0.0944545418024]
0.05623128823935 [0.0213185586035] [0.0911440178752]
0.05333563685415 [0.0211765170097] [0.0854947566986]
0.04999809525905 [0.0222818739712] [0.0777143165469]
0.044701728038500005 [0.0256388541311] [0.0637646019459]
0.03881165385245 [0.0317800231278] [0.0458432845771]
0.03576353006065 [0.0391403064132] [0.0323867537081]
0.0344201447442 [0.0437841489911] [0.0250561404973]
0.03375823330135 [0.0459006987512] [0.0216157678515]
0.0330569418147 [0.0459464713931] [0.0201674122363]
0.032545647583899995 [0.045351434499] [0.0197398606688]
0.03218356054275 [0.0446742735803] [0.0196928475052]
0.0318438773975 [0.0440395064652] [0.0196482483298]
0.0315041039139 [0.0434717126191] [0.0195364952087]
0.03084817063065 [0.0423366390169] [0.0193597022444]
0.0304955272004 [0.0417496934533] [0.0192413609475]
0.0303649166599 [0.0415679067373] [0.0191619265825]
0.0304592102766 [0.041731890291] [0.0191865302622]
0.0305871628225 [0.0419629737735] [0.0192113518715]
0.0306380093098 [0.0419171713293] [0.0193588472903]
0.03073819726705 [0.041527248919] [0.0199491456151]
0.03135432302955 [0.0412719137967] [0.0214367322624]
0.033916734159 [0.0430163629353] [0.0248171053827]
0.0404670275748 [0.0494715832174] [0.0314624719322]
0.0516969803721 [0.0623396113515] [0.0410543493927]
0.0609554816037 [0.0762148275971] [0.0456961356103]
0.060589723288999996 [0.0762148275971] [0.0449646189809]
0.0587210897356 [0.0762148275971] [0.0412273518741]
0.0564763266593 [0.0762148275971] [0.0367378257215]
0.0544815827161 [0.0762148275971] [0.0327483378351]
0.02727625146505 [0.0254024416208] [0.0291500613093]
0.025818567723050002 [0.0255020558834] [0.0261350795627]
0.02549206186085 [0.0270371548831] [0.0239469688386]
0.0261768484488 [0.0296067111194] [0.0227469857782]
0.0275565134361 [0.0326190963387] [0.0224939305335]
0.0292631601915 [0.0355517752469] [0.0229745451361]
0.030887498520299997 [0.0379324480891] [0.0238425489515]
0.0321752158925 [0.0396752506495] [0.0246751811355]
0.033124327659599995 [0.0409323237836] [0.0253163315356]
0.0337616764009 [0.0418738722801] [0.0256494805217]
0.034176347777249996 [0.0425007008016] [0.0258519947529]
0.03435524459925 [0.0426173135638] [0.0260931756347]
0.03468534722925 [0.0428527407348] [0.0265179537237]
0.035332855768499996 [0.0435519553721] [0.0271137561649]
0.03654643986375 [0.0452718436718] [0.0278210360557]
0.0381076801568 [0.0478723682463] [0.0283429920673]
0.03969933092595 [0.0512124076486] [0.0281862542033]
0.03888740576805 [0.052512191236] [0.0252626203001]
0.0366370100528 [0.0469752401114] [0.0262987799942]
0.03151741530745 [0.0362723954022] [0.0267624352127]
0.0267090117559 [0.0270557347685] [0.0263622887433]
0.023539518937450002 [0.0218198094517] [0.0252592284232]
0.02163958270105 [0.0193915050477] [0.0238876603544]
0.02051796671005 [0.0186219830066] [0.0224139504135]
0.0198052804917 [0.0186631903052] [0.0209473706782]
0.0192094501108 [0.0189904998988] [0.0194284003228]
0.0185528891161 [0.0193213671446] [0.0177844110876]
0.01780122052875 [0.0196540597826] [0.0159483812749]
0.01694263890385 [0.019885038957] [0.0140002388507]
0.01709739211945 [0.0201945453882] [0.0140002388507]
0.01731087639925 [0.0206215139478] [0.0140002388507]
0.01749409083275 [0.0209879428148] [0.0140002388507]
0.01772498432545 [0.0214497298002] [0.0140002388507]
0.01822508126495 [0.0224499236792] [0.0140002388507]
0.01935856509955 [0.0247168913484] [0.0140002388507]
0.05036051105705 [0.029139181599] [0.0715818405151]
0.048331262543800005 [0.0368342064321] [0.0598283186555]
0.047534279525249995 [0.0490850061178] [0.0459835529327]
0.0509193390608 [0.0658786073327] [0.0359600707889]
0.0567534407601 [0.0838355496526] [0.0296713318676]
0.06203672569245 [0.0977537408471] [0.0263197105378]
0.0662958240139 [0.10627193749] [0.0263197105378]
0.0681526577099 [0.109985604882] [0.0263197105378]
0.0711189722644 [0.115918233991] [0.0263197105378]
0.0756789287554 [0.125038146973] [0.0263197105378]
0.0817887177689 [0.137257725] [0.0263197105378]
0.0899674659594 [0.153615221381] [0.0263197105378]
0.09695935994405 [0.169669568539] [0.0242491513491]
0.10054903291175 [0.179246991873] [0.0218510739505]
0.09932431392365 [0.179363965988] [0.0192846618593]
0.09582254290585 [0.174683764577] [0.0169613212347]
0.0935077141038 [0.171714633703] [0.0153007945046]
0.0943598593583 [0.173418924212] [0.0153007945046]
0.0943598593583 [0.173418924212] [0.0153007945046]
0.0943598593583 [0.173418924212] [0.0153007945046]
0.0943598593583 [0.173418924212] [0.0153007945046]
0.0943598593583 [0.173418924212] [0.0153007945046]
0.0943598593583 [0.173418924212] [0.0153007945046]
0.0943598593583 [0.173418924212] [0.0153007945046]
0.049835398327550004 [0.0843700021505] [0.0153007945046]
0.0529061588459 [0.0905115231872] [0.0153007945046]
0.056852343957899995 [0.0984038934112] [0.0153007945046]
0.08650723099714999 [0.105802319944] [0.0672121420503]
0.0902961902319 [0.11143117398] [0.0691612064838]
0.09118578583015 [0.115013226867] [0.0673583447933]
0.09023980796315001 [0.1164342314] [0.0640453845263]
0.0880133695898 [0.115573264658] [0.0604534745216]
0.08559810183965 [0.113568104804] [0.0576280988753]
0.08425239659865 [0.110876694322] [0.0576280988753]
