0.152499459684 [0.14644753933] [0.158551380038]
0.148783221841 [0.14208380878] [0.155482634902]
0.14361541718249998 [0.138422936201] [0.148807898164]
0.13723465055200001 [0.135432526469] [0.139036774635]
0.1312458738685 [0.133056163788] [0.129435583949]
0.1265120282765 [0.131303325295] [0.121720731258]
0.1236648485065 [0.130617663264] [0.116712033749]
0.1225319616495 [0.130854025483] [0.114209897816]
0.1220189146695 [0.130721494555] [0.113316334784]
0.121602382511 [0.130130022764] [0.113074742258]
0.12108589336299999 [0.129404306412] [0.112767480314]
0.120692808181 [0.128827422857] [0.112558193505]
0.12111607939 [0.128791183233] [0.113440975547]
0.1241969652475 [0.132680878043] [0.115713052452]
0.129496317357 [0.139439880848] [0.119552753866]
0.1337369680405 [0.143127173185] [0.124346762896]
0.1377358958125 [0.144857823849] [0.130613967776]
0.14338617771849999 [0.146268039942] [0.140504315495]
0.1514069512485 [0.14773067832] [0.155083224177]
0.16286312043700002 [0.149668335915] [0.176057904959]
0.17482789605850002 [0.152762681246] [0.196893110871]
0.18356575816850002 [0.156976908445] [0.210154607892]
0.188378110528 [0.162618160248] [0.214138060808]
0.1922355815765 [0.170965030789] [0.213506132364]
0.196273930371 [0.180170238018] [0.212377622724]
0.201828435063 [0.187533691525] [0.216123178601]
0.209003828466 [0.191867172718] [0.226140484214]
0.21480675041699998 [0.194249123335] [0.235364377499]
0.2173978760835 [0.194778591394] [0.240017160773]
0.2187686935065 [0.197668969631] [0.239868417382]
0.222852252424 [0.203348964453] [0.242355540395]
0.2290017977355 [0.211981743574] [0.246021851897]
0.238467216492 [0.222997069359] [0.253937363625]
0.247237153351 [0.231082126498] [0.263392180204]
0.244375139475 [0.22257360816] [0.26617667079]
0.2125069200995 [0.17811639607] [0.246897444129]
0.1601594910025 [0.116465121508] [0.203853860497]
0.1132841371001 [0.0711041465402] [0.15546412766]
0.08163479156815 [0.0457476191223] [0.117521964014]
0.06292567402125 [0.032668851316] [0.0931824967265]
0.052391837351050005 [0.0260667037219] [0.0787169709802]
0.04702683072535 [0.0228892024606] [0.0711644589901]
0.04478257428855 [0.0214960854501] [0.068069063127]
0.044123341329400004 [0.0209428984672] [0.0673037841916]
0.0439239256084 [0.020657941699] [0.0671899095178]
0.0436050388962 [0.0202920846641] [0.0669179931283]
0.042952924966800005 [0.0197258144617] [0.0661800354719]
0.042081532068550004 [0.0188149977475] [0.0653480663896]
0.041386883705849996 [0.0177176967263] [0.0650560706854]
0.041189705021699996 [0.0166412461549] [0.0657381638885]
0.042054336518049996 [0.0160644128919] [0.0680442601442]
0.0447177514434 [0.0164409801364] [0.0729945227504]
0.0503434929997 [0.0183949284256] [0.0822920575738]
0.0608402863145 [0.0230254530907] [0.0986551195383]
0.07924121245730001 [0.0326480194926] [0.125834405422]
0.10771425813435 [0.0517550110817] [0.163673505187]
0.14247310534135 [0.0848435536027] [0.20010265708]
0.173571370542 [0.125197976828] [0.221944764256]
0.1939346417785 [0.154320567846] [0.233548715711]
0.2076088488105 [0.170989170671] [0.24422852695]
0.2197571098805 [0.183405607939] [0.256108611822]
0.22839584946650002 [0.195047467947] [0.261744230986]
0.23232312500500002 [0.203666031361] [0.260980218649]
0.2287884354595 [0.20793132484] [0.249645546079]
0.20954630523950002 [0.198755130172] [0.220337480307]
0.177127465606 [0.180878058076] [0.173376873136]
0.14521561563 [0.161082178354] [0.129349052906]
0.12468113377699999 [0.146861091256] [0.102501176298]
0.11362042650569999 [0.137338504195] [0.0899023488164]
0.10690208897004999 [0.130569547415] [0.0832346305251]
0.10189617425229999 [0.123116716743] [0.0806756317616]
0.09403723478325 [0.108463406563] [0.0796110630035]
0.0820144303143 [0.0861598178744] [0.0778690427542]
0.06975417584185001 [0.0645613893867] [0.074946962297]
0.0603294558823 [0.0488100871444] [0.0718488246202]
0.05424335971475 [0.0386980697513] [0.0697886496782]
0.05090754851695 [0.0327590256929] [0.069056071341]
0.04937315359715 [0.0296191722155] [0.0691271349788]
0.048884284682600004 [0.0281588006765] [0.0696097686887]
0.04859099723395 [0.0275298170745] [0.0696521773934]
0.0480887852609 [0.0272376015782] [0.0689399689436]
0.04607399366795 [0.0270243696868] [0.0651236176491]
0.0441670436412 [0.0268292091787] [0.0615048781037]
0.04321919847275 [0.0265872906893] [0.0598511062562]
0.042428145185100005 [0.0263988263905] [0.0584574639797]
0.04180335160345 [0.0262673217803] [0.0573393814266]
0.041758683510099995 [0.0266747269779] [0.0568426400423]
0.042756992392250004 [0.0285110231489] [0.0570029616356]
0.045316886156800004 [0.0331613086164] [0.0574724636972]
0.0501452293247 [0.0427394807339] [0.0575509779155]
0.0583970639855 [0.0598923452199] [0.0569017827511]
0.07026994228365 [0.0846546441317] [0.0558852404356]
0.08187066577385 [0.108683884144] [0.0550574474037]
0.08863517455745 [0.122679851949] [0.0545904971659]
0.09137807227684999 [0.128074422479] [0.0546817220747]
0.09441587515165001 [0.133168056607] [0.0556636936963]
0.0999315585943 [0.141727432609] [0.0581356845796]
0.1099716611206 [0.156382575631] [0.0635607466102]
0.12494636327035 [0.176415666938] [0.0734770596027]
0.14376785978675 [0.199541375041] [0.0879943445325]
0.15602203458545 [0.213012471795] [0.0990315973759]
0.15164857357745 [0.208773508668] [0.0945236384869]
0.13853653147795 [0.193863138556] [0.0832099243999]
0.12222952395674999 [0.17267075181] [0.0717882961035]
0.10829352960000001 [0.153010427952] [0.063576631248]
0.0985536966474 [0.138837605715] [0.0582697875798]
0.0926783252509 [0.12984405458] [0.0555125959218]
0.08954144269215 [0.124505087733] [0.0545777976513]
0.08825133368390001 [0.121851883829] [0.0546507835388]
0.0879626907409 [0.120802909136] [0.0551224723458]
0.08816619962475 [0.12051807344] [0.0558143258095]
0.0882436297833 [0.120176553726] [0.0563107058406]
0.08800969459095 [0.119472444057] [0.0565469451249]
0.08751088380795 [0.118458345532] [0.0565634220839]
0.0873355306683 [0.117727912962] [0.0569431483746]
0.08807694725685 [0.117997214198] [0.0581566803157]
0.0906163696199 [0.120505966246] [0.0607267729938]
0.09695303812605 [0.127515852451] [0.0663902238011]
0.10863970592635 [0.139180928469] [0.0780984833837]
0.1301980540155 [0.157796308398] [0.102599799633]
0.1646887362005 [0.180546462536] [0.148831009865]
0.2050193697215 [0.19660846889] [0.213430270553]
0.22978990524999998 [0.199871018529] [0.259708791971]
0.23126286268250001 [0.192970186472] [0.269555538893]
0.22770051658149998 [0.188594967127] [0.266806066036]
0.224730856717 [0.184923961759] [0.264537751675]
0.22530505061149997 [0.1812902987] [0.269319802523]
0.22591433674100003 [0.177714034915] [0.274114638567]
0.218857586384 [0.174148142338] [0.26356703043]
0.2060511782765 [0.17025731504] [0.241845041513]
0.19143623858699998 [0.165308371186] [0.217564105988]
0.17929380387100002 [0.158971101046] [0.199616506696]
0.170650012791 [0.151972532272] [0.18932749331]
0.1646924093365 [0.146605849266] [0.182778969407]
0.16166018694649997 [0.14408582449] [0.179234549403]
0.160899594426 [0.145044863224] [0.176754325628]
0.162743352354 [0.150823310018] [0.17466339469]
0.16873241215950002 [0.16266284883] [0.174801975489]
0.177593484521 [0.178380295634] [0.176806673408]
0.188852928579 [0.199997574091] [0.177708283067]
0.20035459846249998 [0.224538207054] [0.176170989871]
0.2075194492935 [0.242761492729] [0.172277405858]
0.20863015949699998 [0.250627160072] [0.166633158922]
0.2046910598875 [0.24895170331] [0.160430416465]
0.1979486942295 [0.239482223988] [0.156415164471]
0.192558981478 [0.22944624722] [0.155671715736]
0.1886562407015 [0.218142181635] [0.159170299768]
0.18876215815550001 [0.212484046817] [0.165040269494]
0.1879265755415 [0.211628898978] [0.164224252105]
0.185060493648 [0.211444452405] [0.158676534891]
0.18063635379100001 [0.211957603693] [0.149315103889]
0.1743227168915 [0.209982216358] [0.138663217425]
0.167143829167 [0.205337390304] [0.12895026803]
0.1602949239315 [0.199901983142] [0.120687864721]
0.1534731052815 [0.193347215652] [0.113598994911]
0.1469064503905 [0.186307892203] [0.107505008578]
0.140927795321 [0.179208829999] [0.102646760643]
0.13755092397340002 [0.175428196788] [0.0996736511588]
0.13751737400885 [0.175994247198] [0.0990405008197]
0.1419425047935 [0.182849273086] [0.101035736501]
0.1506360024215 [0.194769561291] [0.106502443552]
0.16063466295599999 [0.20786999166] [0.113399334252]
0.16702001541849998 [0.217398881912] [0.116641148925]
0.1704026423395 [0.222635895014] [0.118169389665]
0.171467993408 [0.22218298912] [0.120752997696]
0.1715173572305 [0.216579049826] [0.126455664635]
0.1715034767985 [0.207521677017] [0.13548527658]
0.1739729866385 [0.201108589768] [0.146837383509]
0.17807984352150003 [0.197924613953] [0.15823507309]
0.18319568037950001 [0.197502955794] [0.168888404965]
0.1882513687015 [0.197122693062] [0.179380044341]
0.192004323006 [0.195252925158] [0.188755720854]
0.1934758275745 [0.190912798047] [0.196038857102]
0.1914916560055 [0.182579621673] [0.200403690338]
0.18757891654949999 [0.172871798277] [0.202286034822]
0.1827811598775 [0.163890779018] [0.201671540737]
0.178756289184 [0.157774761319] [0.199737817049]
0.1762007921935 [0.154784664512] [0.197616919875]
0.175755470991 [0.155455291271] [0.196055650711]
0.17673663795 [0.159634500742] [0.193838775158]
