0.0487017259002 [0.0610482618213] [0.0363551899791]
0.03706586081535 [0.0478369854391] [0.0262947361916]
0.0282804453745 [0.0364257395267] [0.0201351512223]
0.02304054237905 [0.0289941877127] [0.0170868970454]
0.02045040484515 [0.0248162075877] [0.0160846021026]
0.01934096217155 [0.0224678441882] [0.0162140801549]
0.01892111077905 [0.0211034491658] [0.0167387723923]
0.01864193193615 [0.0201453976333] [0.017138466239]
0.0184081280604 [0.0195120479912] [0.0173042081296]
0.018098965287250003 [0.0190045461059] [0.0171933844686]
0.0177693143487 [0.0186810623854] [0.016857566312]
0.01738700363785 [0.0185001567006] [0.0162738505751]
0.01706847175955 [0.0185024682432] [0.0156344752759]
0.01693595107645 [0.018708569929] [0.0151633322239]
0.01736248843375 [0.0194233749062] [0.0153016019613]
0.01881164498625 [0.0209445543587] [0.0166787356138]
0.0219665877521 [0.0238500405103] [0.0200831349939]
0.027817815542200003 [0.02928712219] [0.0263485088944]
0.0371989607811 [0.03857479617] [0.0358231253922]
0.04908737912775 [0.0522833801806] [0.0458913780749]
0.06025239452720001 [0.0682323500514] [0.052272439003]
0.06770913675425 [0.0804334506392] [0.0549848228693]
0.0722905024886 [0.0871484950185] [0.0574325099587]
0.07675525918600001 [0.0906501859426] [0.0628603324294]
0.0816931128502 [0.092376947403] [0.0710092782974]
0.08200312405825 [0.0880135893822] [0.0759926587343]
0.0735029838979 [0.0738029554486] [0.0732030123472]
0.0600979346782 [0.0546576343477] [0.0655382350087]
0.0472311656922 [0.0386422276497] [0.0558201037347]
0.03789510950445 [0.0281724818051] [0.0476177372038]
0.0320750558749 [0.0222046095878] [0.041945502162]
0.0286562088877 [0.0189886465669] [0.0383237712085]
0.026917991228400003 [0.0173308420926] [0.0365051403642]
0.0264460751787 [0.0165805350989] [0.0363116152585]
0.02711537200955 [0.0163674149662] [0.0378633290529]
0.028893823735399997 [0.0164376888424] [0.0413499586284]
0.0315162781626 [0.0167055428028] [0.0463270135224]
0.0343698905781 [0.0170179475099] [0.0517218336463]
0.03697733581065 [0.0172947868705] [0.0566598847508]
0.038996349088849996 [0.0175503809005] [0.0604423172772]
0.04084345139565 [0.0178803689778] [0.0638065338135]
0.04379824455825 [0.0189482029527] [0.0686482861638]
0.049309973605 [0.0218777153641] [0.0767422318459]
0.0593427233398 [0.0285375416279] [0.0901479050517]
0.07648329250515 [0.0420713685453] [0.110895216465]
0.10230939835319999 [0.0670614242554] [0.137557372451]
0.132764708251 [0.103684194386] [0.161845222116]
0.15796113759250002 [0.138408079743] [0.177514195442]
0.1711612939835 [0.157148554921] [0.185174033046]
0.177627123892 [0.165981814265] [0.189272433519]
0.1826286911965 [0.172394230962] [0.192863151431]
0.1849042475225 [0.172674879432] [0.197133615613]
0.173955403268 [0.153467804193] [0.194443002343]
0.139702335 [0.110848605633] [0.168556064367]
0.09724812954655 [0.0696858838201] [0.124810375273]
0.06512377597395 [0.043903965503] [0.0863435864449]
0.04536539129915 [0.0302495248616] [0.0604812577367]
0.0344626698643 [0.0232626497746] [0.045662689954]
0.0286714071408 [0.0196393150836] [0.037703499198]
0.0255934204906 [0.017728600651] [0.0334582403302]
0.02397181745615 [0.0168005544692] [0.0311430804431]
0.023111322894699998 [0.0164718106389] [0.0297508351505]
0.022611040622 [0.01657086052] [0.028651220724]
0.02228679694235 [0.0169534236193] [0.0276201702654]
0.021965246647600002 [0.0174486730248] [0.0264818202704]
0.0217453241348 [0.0179480053484] [0.0255426429212]
0.0216201012954 [0.018513623625] [0.0247265789658]
0.0217324430123 [0.0192569959909] [0.0242078900337]
0.0224005924538 [0.0204570051283] [0.0243441797793]
0.024176786653700003 [0.0227356590331] [0.0256179142743]
0.02791804540905 [0.0272164810449] [0.0286196097732]
0.034970626234999996 [0.0357434414327] [0.0341978110373]
0.04684016108515 [0.0508578568697] [0.0428224653006]
0.06255744956435 [0.0728933289647] [0.052221570164]
0.07503967918455 [0.0920014679432] [0.0580778904259]
0.07673817127945 [0.0961532369256] [0.0573231056333]
0.0721521861851 [0.0896815732121] [0.0546227991581]
0.067141354084 [0.0819861963391] [0.0522965118289]
0.06313919276 [0.0756895244122] [0.0505888611078]
0.059891235083349995 [0.0715615004301] [0.0482209697366]
0.05662500299515 [0.0685159638524] [0.0447340421379]
0.05347929894925 [0.0659118294716] [0.0410467684269]
0.05163862742485 [0.0643803924322] [0.0388968624175]
0.051178008317950004 [0.0643419474363] [0.0380140691996]
0.05199366435405 [0.0660655200481] [0.03792180866]
0.05310269258915 [0.0683252066374] [0.0378801785409]
0.053646117448800004 [0.0702706351876] [0.03702159971]
0.0531744137406 [0.0713405758142] [0.035008251667]
0.05215506628155 [0.0714150816202] [0.0328950509429]
0.05141674727205 [0.0714675113559] [0.0313659831882]
0.0512164877728 [0.0720458850265] [0.0303870905191]
0.050661566667300005 [0.0717316642404] [0.0295914690942]
0.0496189855039 [0.0708401352167] [0.0283978357911]
0.0482105333358 [0.0693860054016] [0.02703506127]
0.046933109872049995 [0.0678500384092] [0.0260161813349]
0.045736500062049996 [0.0658857524395] [0.0255872476846]
0.044274843297900005 [0.0631033182144] [0.0254463683814]
0.0426557417959 [0.06030305475] [0.0250084288418]
0.04066931642595 [0.0571423172951] [0.0241963155568]
0.038046046160150004 [0.0527753010392] [0.0233167912811]
0.0352471936494 [0.0475004389882] [0.0229939483106]
0.0330363558605 [0.0424771867692] [0.0235955249518]
0.0318718953058 [0.0386994704604] [0.0250443201512]
0.0320748593658 [0.0367298349738] [0.0274198837578]
0.0328432163224 [0.0362817756832] [0.0294046569616]
0.0340088522062 [0.0371482484043] [0.0308694560081]
0.035473626107 [0.0386964045465] [0.0322508476675]
0.03746551275255 [0.0404846929014] [0.0344463326037]
0.03978838212785 [0.0419946350157] [0.03758212924]
0.0425114240497 [0.0432720482349] [0.0417507998645]
0.0458963997662 [0.0445583872497] [0.0472344122827]
0.0503353420645 [0.0462524667382] [0.0544182173908]
0.05580308288335 [0.0485857501626] [0.0630204156041]
0.06267294846475 [0.0523805953562] [0.0729653015733]
0.06978010199965 [0.0577583573759] [0.0818018466234]
0.07596919685605 [0.0659962370992] [0.0859421566129]
0.08074152842165 [0.0785471573472] [0.0829358994961]
0.0842091590166 [0.0932912901044] [0.0751270279288]
0.08674565330145 [0.106228865683] [0.0672624409199]
0.08727826736845 [0.112890772521] [0.0616657622159]
0.0875757988541 [0.116569317877] [0.0585822798312]
0.08968411013505001 [0.121450312436] [0.0579179078341]
0.09369563497615001 [0.12867808342] [0.0587131865323]
