0.134786132723 [0.158168286085] [0.111403979361]
0.15560525655750002 [0.180541783571] [0.130668729544]
0.170751951635 [0.196297749877] [0.145206153393]
0.178717523813 [0.206049531698] [0.151385515928]
0.1826401874425 [0.21313777566] [0.152142599225]
0.183483548462 [0.218470498919] [0.148496598005]
0.18374677002450002 [0.225063502789] [0.14243003726]
0.18685773015 [0.235095903277] [0.138619557023]
0.19245100021349998 [0.247437492013] [0.137464508414]
0.1987325102095 [0.259654283524] [0.137810736895]
0.203686878085 [0.268159508705] [0.139214247465]
0.206149414182 [0.272278338671] [0.140020489693]
0.204242281616 [0.269971728325] [0.138512834907]
0.19863139838 [0.263788878918] [0.133473917842]
0.1845799311995 [0.243166103959] [0.12599375844]
0.155375491828 [0.194464311004] [0.116286672652]
0.1195816695695 [0.132253825665] [0.106909513474]
0.09226107597354999 [0.0856667235494] [0.0988554283977]
0.0766578931361 [0.0593522302806] [0.0939635559916]
0.0684399828315 [0.0454984158278] [0.0913815498352]
0.06447929330169999 [0.0383360125124] [0.090622574091]
0.0627498421818 [0.0347513742745] [0.0907483100891]
0.062009241431949996 [0.0330288261175] [0.0909896567464]
0.061340494081350005 [0.0322580374777] [0.090422950685]
0.06055910512805 [0.0320625081658] [0.0890557020903]
0.06050862558185 [0.0323220603168] [0.0886951908469]
0.0610313415527 [0.0328275263309] [0.0892351567745]
0.061959136277450005 [0.0332344919443] [0.0906837806106]
0.06320136785505001 [0.0332334935665] [0.0931692421436]
0.06504679098725 [0.0329746752977] [0.0971189066768]
0.0681517180055 [0.033171299845] [0.103132136166]
0.073556084186 [0.035105727613] [0.112006440759]
0.08292953670005 [0.0408455431461] [0.125013530254]
0.09684217348679999 [0.0542644932866] [0.139419853687]
0.11184141039855 [0.0807412266731] [0.142941594124]
0.12746804580100002 [0.121615312994] [0.133320778608]
0.138834055513 [0.158421888947] [0.119246222079]
0.140454482287 [0.17247839272] [0.108430571854]
0.134284544736 [0.168051898479] [0.100517190993]
0.124350786209 [0.156563773751] [0.092137798667]
0.11292942985915 [0.141468584538] [0.0843902751803]
0.09937322884815 [0.121527321637] [0.0772191360593]
0.08378244191405 [0.0973873734474] [0.0701775103807]
0.06933525577185001 [0.0753738284111] [0.0632966831326]
0.058472273871299996 [0.0596700794995] [0.0572744682431]
0.05133803002535 [0.0499568581581] [0.0527192018926]
0.04708095639945 [0.0443995036185] [0.0497624091804]
0.044633943587550004 [0.0412722863257] [0.0479956008494]
0.04292332939805 [0.0390821658075] [0.0467644929886]
0.04118156433105 [0.0367683619261] [0.045594766736]
0.039065821096299996 [0.0339855588973] [0.0441460832953]
0.0370146324858 [0.0310774911195] [0.0429517738521]
0.03580772131685 [0.028793938458] [0.0428215041757]
0.03606088086965 [0.027587428689] [0.0445343330503]
0.03724754229185 [0.0271575003862] [0.0473375841975]
0.03890936635435 [0.0274205170572] [0.0503982156515]
0.04130991455165 [0.0286847297102] [0.0539350993931]
0.04490849375725 [0.0316984094679] [0.0581185780466]
0.050976600497950005 [0.0379009395838] [0.0640522614121]
0.06090845353905 [0.0498359613121] [0.071980945766]
0.07562496885655 [0.0712317153811] [0.080018222332]
0.0916683413087 [0.101188920438] [0.0821477621794]
0.09800330176975 [0.122750923038] [0.0732556805015]
0.09016474708915 [0.119923427701] [0.0604060664773]
0.0781576782465 [0.106067866087] [0.050247490406]
0.06920572556555 [0.0943747460842] [0.0440367050469]
0.0651653725654 [0.0893741771579] [0.0409565679729]
0.0651904642582 [0.0904529243708] [0.0399280041456]
0.06718594953415 [0.0946746394038] [0.0396972596645]
0.0685051493347 [0.09779227525] [0.0392180234194]
0.06793685443700001 [0.0984252542257] [0.0374484546483]
0.0664700455964 [0.0979890674353] [0.0349510237575]
0.06539423204955 [0.098084770143] [0.0327036939561]
0.06481617316605 [0.0985126942396] [0.0311196520925]
0.06473338324575 [0.0991417169571] [0.0303250495344]
0.0650475574657 [0.0998697802424] [0.030225334689]
0.0662371907381 [0.101640425622] [0.0308339558542]
0.06899382919095 [0.105594389141] [0.0323932692409]
0.072922253981 [0.110653288662] [0.0351912193]
0.07857229374345 [0.117686100304] [0.0394584871829]
0.08380699902765 [0.123519413173] [0.0440945848823]
0.08393048867575001 [0.122684933245] [0.0451760441065]
0.07961791381239999 [0.116211026907] [0.0430248007178]
0.07489918731165 [0.109365180135] [0.0404331944883]
0.0718782972543 [0.105300620198] [0.0384559743106]
0.07205359637735001 [0.106681279838] [0.0374259129167]
0.0734043233095 [0.10953477025] [0.037273876369]
0.07456145435585 [0.111369468272] [0.0377534404397]
0.0751195810735 [0.111517868936] [0.038721293211]
0.07441808469604999 [0.109245695174] [0.0395904742181]
0.0732917618007 [0.106607399881] [0.0399761237204]
0.073342874646 [0.105888240039] [0.040797509253]
0.07497385330495 [0.107768215239] [0.0421794913709]
0.0774498172106 [0.111414201558] [0.0434854328632]
0.07987806201 [0.115634016693] [0.044122107327]
0.08231555670525001 [0.120622158051] [0.0440089553595]
0.0854183845224 [0.126791775227] [0.0440449938178]
0.0903458874672 [0.135313823819] [0.0453779511154]
0.09738957695665 [0.145539611578] [0.0492395423353]
0.10623532161095 [0.15561671555] [0.0568539276719]
0.11454946175200001 [0.16518099606] [0.063917927444]
0.11928385868675 [0.170291721821] [0.0682759955525]
0.1210160627962 [0.171049565077] [0.0709825605154]
0.12199025973675001 [0.171416863799] [0.0725636556745]
0.1245980300009 [0.174565911293] [0.0746301487088]
0.1300424523652 [0.181700795889] [0.0783841088414]
0.1392966955899 [0.194371461868] [0.0842219293118]
0.15401303395605 [0.212166473269] [0.0958595946431]
0.17345055192699999 [0.231030553579] [0.115870550275]
0.19309847801899999 [0.245768755674] [0.140428200364]
0.205276332796 [0.257910549641] [0.152642115951]
0.2121786102655 [0.268565297127] [0.155791923404]
0.21388104557999998 [0.273691445589] [0.154070645571]
0.2064271569255 [0.271201938391] [0.14165237546]
0.1886569671335 [0.258319228888] [0.118994705379]
0.16839142888805 [0.242341473699] [0.0944413840771]
0.15224646404365 [0.227130323648] [0.0773626044393]
0.14157938584685 [0.217069491744] [0.0660892799497]
0.1368210930376 [0.214087039232] [0.0595551468432]
0.1358985900879 [0.21602229774] [0.0557748824358]
0.13582994230115 [0.217714875937] [0.0539450086653]
0.13242363370955 [0.212129086256] [0.0527181811631]
0.12688905000685 [0.201719969511] [0.0520581305027]
0.1213409733025 [0.190857648849] [0.051824297756]
0.11727726645765 [0.182428792119] [0.0521257407963]
0.1147668566556 [0.176856607199] [0.0526771061122]
0.11344783194385 [0.173498526216] [0.0533971376717]
0.11272131651625 [0.171291530132] [0.0541511029005]
0.11270110681654999 [0.170299038291] [0.0551031753421]
0.11406231299064999 [0.171238958836] [0.0568856671453]
0.11841794848449999 [0.176451995969] [0.060383901]
0.12484451383365 [0.183384433389] [0.0663045942783]
0.13258985057475 [0.190052330494] [0.0751273706555]
0.1395115032793 [0.194479942322] [0.0845430642366]
0.14205061271795 [0.192106485367] [0.0919947400689]
0.14227935299299999 [0.187321543694] [0.097237162292]
0.144050847739 [0.185693055391] [0.102408640087]
0.150007888675 [0.18892647326] [0.11108930409]
0.16179386526349998 [0.196817427874] [0.126770302653]
0.176491640508 [0.206438139081] [0.146545141935]
0.18895214051 [0.21289332211] [0.16501095891]
0.1922563761475 [0.212603017688] [0.171909734607]
0.189246676862 [0.210105091333] [0.168388262391]
0.17325714975599998 [0.196903526783] [0.149610772729]
0.1469965726135 [0.175744950771] [0.118248194456]
0.11950504779794999 [0.150139585137] [0.0888705104589]
0.0974547937511 [0.126253083348] [0.0686565041542]
0.08212307281815001 [0.107778757811] [0.0564673878253]
0.0731108561158 [0.0965166017413] [0.0497051104903]
0.06875603459775001 [0.0915636345744] [0.0459484346211]
0.0667013954371 [0.0895411223173] [0.0438616685569]
