0.1743491590025 [0.224738225341] [0.123960092664]
0.1879316419365 [0.234812423587] [0.141050860286]
0.21270647645000001 [0.252855718136] [0.172557234764]
0.252440288663 [0.283146113157] [0.221734464169]
0.2972093820575 [0.316369622946] [0.278049141169]
0.319673001766 [0.331243932247] [0.308102071285]
0.315447881818 [0.329139560461] [0.301756203175]
0.30690889060500004 [0.325688540936] [0.288129240274]
0.3015285134315 [0.326930433512] [0.276126593351]
0.297850742936 [0.32421207428] [0.271489411592]
0.295783624053 [0.318621575832] [0.272945672274]
0.292657867074 [0.311161905527] [0.274153828621]
0.29376155138 [0.312482237816] [0.275040864944]
0.3006974756715 [0.327009230852] [0.274385720491]
0.3107335716485 [0.348467499018] [0.272999644279]
0.3211205154655 [0.368781805038] [0.273459225893]
0.329946398735 [0.38482272625] [0.27507007122]
0.33736923337 [0.397527754307] [0.277210712433]
0.345329463482 [0.409648388624] [0.28101053834]
0.35439157485999995 [0.421563237906] [0.287219911814]
0.36277538538 [0.43184748292] [0.29370328784]
0.3714935481545 [0.440819084644] [0.302168011665]
0.376827150583 [0.44382455945] [0.309829741716]
0.37899541854850005 [0.444064438343] [0.313926398754]
0.3807297199965 [0.442098021507] [0.319361418486]
0.384289547801 [0.441859573126] [0.326719522476]
0.38497620821 [0.440415531397] [0.329536885023]
0.38356599211700004 [0.43815895915] [0.328973025084]
0.3827586025 [0.442639112473] [0.322878092527]
0.386459231377 [0.454196363688] [0.318722099066]
0.38875572383400003 [0.460940241814] [0.316571205854]
0.3822777569295 [0.460682779551] [0.303872734308]
0.383175626397 [0.46196526289] [0.304385989904]
0.3848996013405 [0.464671045542] [0.305128157139]
0.385364457965 [0.464746296406] [0.305982619524]
0.38647270202600004 [0.464840173721] [0.308105230331]
0.388952806592 [0.4680814147] [0.309824198484]
0.392992347479 [0.476661592722] [0.309323102236]
0.396395608783 [0.488267153502] [0.304524064064]
0.39391559362399997 [0.49299377203] [0.294837415218]
0.3907374292615 [0.496068030596] [0.285406827927]
0.38573426008199996 [0.493362635374] [0.27810588479]
0.37940263748150005 [0.48442530632] [0.274379968643]
0.37940263748150005 [0.48442530632] [0.274379968643]
0.37940263748150005 [0.48442530632] [0.274379968643]
0.37940263748150005 [0.48442530632] [0.274379968643]
0.37940263748150005 [0.48442530632] [0.274379968643]
0.37940263748150005 [0.48442530632] [0.274379968643]
0.37940263748150005 [0.48442530632] [0.274379968643]
0.37940263748150005 [0.48442530632] [0.274379968643]
0.37940263748150005 [0.48442530632] [0.274379968643]
0.37940263748150005 [0.48442530632] [0.274379968643]
0.37940263748150005 [0.48442530632] [0.274379968643]
0.2967127524315 [0.48442530632] [0.109000198543]
0.2958739586175 [0.48442530632] [0.107322610915]
0.29353396594500003 [0.48442530632] [0.10264262557]
0.0559673612006 [0.0149489128962] [0.096985809505]
0.05629066750405 [0.0171323046088] [0.0954490303993]
0.0574195124209 [0.0190213099122] [0.0958177149296]
0.059553000144649995 [0.0205130185932] [0.0985929816961]
0.062039912678099995 [0.0213807094842] [0.102699115872]
0.0635381890459 [0.0214192401618] [0.10565713793]
0.061581711284900004 [0.0200619082898] [0.10310151428]
0.056155887432400006 [0.0178220290691] [0.0944897457957]
0.0497868414968 [0.015719179064] [0.0838545039296]
0.0454560164362 [0.0147239528596] [0.0761880800128]
0.0428456263617 [0.0151555705816] [0.0705356821418]
0.0426571490243 [0.016780840233] [0.0685334578156]
0.0455001182854 [0.0205349475145] [0.0704652890563]
0.049613327719250006 [0.0242264587432] [0.0750001966953]
0.053685859777 [0.0272998604923] [0.0800718590617]
0.05679850373415 [0.0291364658624] [0.0844605416059]
0.0589109715074 [0.0301735959947] [0.0876483470201]
0.05969379562885 [0.0307748634368] [0.0886127278209]
0.0591763975099 [0.0311649013311] [0.0871878936887]
0.05824385769665 [0.0315870158374] [0.0849006995559]
0.057946231216199996 [0.0324731096625] [0.0834193527699]
0.0598131623119 [0.0347277112305] [0.0848986133933]
0.06497476622465001 [0.039578743279] [0.0903707891703]
0.07462082803245 [0.0486137419939] [0.100627914071]
0.0889041721821 [0.0630679354072] [0.114740408957]
0.10548055171955001 [0.0819896608591] [0.12897144258]
0.118806432933 [0.100251398981] [0.137361466885]
0.124972507358 [0.112061440945] [0.137883573771]
0.1249474585055 [0.115362048149] [0.134532868862]
0.12381732463850001 [0.115505516529] [0.132129132748]
0.1232734918595 [0.114569798112] [0.131977185607]
0.12432793900400001 [0.114459909499] [0.134195968509]
0.127000119537 [0.115831814706] [0.138168424368]
0.1323928162455 [0.120637074113] [0.144148558378]
0.13954013586050001 [0.127326563001] [0.15175370872]
0.14630478620550003 [0.133860960603] [0.158748611808]
0.15032782405599998 [0.136189192533] [0.164466455579]
0.1505014300345 [0.134402424097] [0.166600435972]
0.1498153433205 [0.132158190012] [0.167472496629]
0.152086853981 [0.132695108652] [0.17147859931]
0.1587563082575 [0.13887424767] [0.178638368845]
0.16924232989549998 [0.14852489531] [0.189959764481]
0.18078975379450002 [0.159824505448] [0.201755002141]
0.1900267004965 [0.170797228813] [0.20925617218]
0.1960073933005 [0.180619969964] [0.211394816637]
0.19999741762849998 [0.189290910959] [0.210703924298]
0.2033180892465 [0.19629843533] [0.210337743163]
0.2077300623055 [0.200961142778] [0.214498981833]
0.21308953315 [0.203262731433] [0.222916334867]
0.2132684662935 [0.204404234886] [0.222132697701]
0.2035262137655 [0.203821882606] [0.203230544925]
0.1846033558245 [0.196511894464] [0.172694817185]
0.1529004871845 [0.170636415482] [0.135164558887]
