0.1512099653485 [0.154362782836] [0.148057147861]
0.143960505724 [0.147487893701] [0.140433117747]
0.139541491866 [0.141578376293] [0.137504607439]
0.137715689838 [0.138298198581] [0.137133181095]
0.137696951628 [0.137833014131] [0.137560889125]
0.1373483091595 [0.13970528543] [0.134991332889]
0.134593605995 [0.142649441957] [0.126537770033]
0.128954004496 [0.14436802268] [0.113539986312]
0.12340553477399999 [0.146687552333] [0.100123517215]
0.12004255130880001 [0.150756806135] [0.0893282964826]
0.1200122572481 [0.157908335328] [0.0821161791682]
0.12314831465465001 [0.168175116181] [0.0781215131283]
0.1274278685449 [0.178712815046] [0.0761429220438]
0.130044363439 [0.185250982642] [0.074837744236]
0.12428411841404999 [0.17523701489] [0.0733312219381]
0.10556177422419999 [0.140328511596] [0.0707950368524]
0.08155234530565 [0.0983673110604] [0.0647373795509]
0.062468187883500004 [0.0681099295616] [0.0568264462054]
0.049758972600099996 [0.0508190505207] [0.0486988946795]
0.04176875017585 [0.0418106876314] [0.0417268127203]
0.0368999391794 [0.0374330207705] [0.0363668575883]
0.03415918163955 [0.035334713757] [0.0329836495221]
0.0328237321228 [0.033970605582] [0.0316768586636]
0.032145895063900004 [0.0324480980635] [0.0318436920643]
0.03172531072055 [0.0305055584759] [0.0329450629652]
0.03122390434145 [0.0279748998582] [0.0344729088247]
0.03024267870935 [0.0245958995074] [0.0358894579113]
0.028610537759949997 [0.020358806476] [0.0368622690439]
0.0267498921603 [0.0162384472787] [0.0372613370419]
0.0252185598947 [0.0131684439257] [0.0372686758637]
0.02434675116095 [0.0113733876497] [0.0373201146722]
0.02426372561605 [0.0106237549335] [0.0379036962986]
0.02507294900715 [0.0106351822615] [0.0395107157528]
0.02684675343335 [0.0111633315682] [0.0425301752985]
0.0295861754566 [0.0118979774415] [0.0472743734717]
0.033244601450849995 [0.0125233847648] [0.0539658181369]
0.03757454128935 [0.0128676490858] [0.0622814334929]
0.042366360314200005 [0.0130260977894] [0.071706622839]
0.046848793979749996 [0.013134743087] [0.0805628448725]
0.0501494943164 [0.0133132142946] [0.0869857743382]
0.05186150874945 [0.0136373471469] [0.090085670352]
0.053176834247999995 [0.0143217425793] [0.0920319259167]
0.05548726860435 [0.015794897452] [0.0951796397567]
0.06025200802815 [0.0188623983413] [0.101641617715]
0.0688816234469 [0.0251184552908] [0.112644791603]
0.0831168871371 [0.0381087176502] [0.128125056624]
0.1047950051723 [0.0656954720616] [0.143894538283]
0.13462648913300002 [0.118666879833] [0.150586098433]
0.15715081989750002 [0.174954563379] [0.139347076416]
0.142408464104 [0.173360750079] [0.111456178129]
0.10812286660065 [0.137952506542] [0.0782932266593]
0.08341696858395001 [0.110705912113] [0.0561280250549]
0.06818699277939999 [0.0927561223507] [0.0436178632081]
0.05965959839525 [0.081960067153] [0.0373591296375]
0.05462226830425 [0.0747444406152] [0.0345000959933]
0.0510063134134 [0.0689509510994] [0.0330616757274]
0.047318177297700006 [0.0629385486245] [0.0316978059709]
0.04301729053255 [0.0562753975391] [0.029759183526]
0.039132322184750004 [0.0503651499748] [0.0278994943947]
0.0363488057628 [0.0462039597332] [0.0264936517924]
0.03471201471985 [0.0438003987074] [0.0256236307323]
0.03390340320765 [0.0427898131311] [0.0250169932842]
0.03326092567295 [0.0421784743667] [0.0243433769792]
0.032506634481250005 [0.0414806641638] [0.0235326047987]
0.0317739956081 [0.0406503714621] [0.0228976197541]
0.031539818272 [0.040128942579] [0.022950693965]
0.03221298381685 [0.0406676903367] [0.023758277297]
0.033776961267 [0.0423628799617] [0.0251910425723]
0.0357206929475 [0.0449502244592] [0.0264911614358]
0.0376728819683 [0.0482940673828] [0.0270516965538]
0.03971572499725 [0.0523567385972] [0.0270747113973]
0.0423766160384 [0.0572681091726] [0.0274851229042]
0.04648531787095 [0.063979819417] [0.0289908163249]
0.05128091294315 [0.0713756754994] [0.0311861503869]
0.0548147018999 [0.0771535634995] [0.0324758403003]
0.056090561673 [0.0797554403543] [0.0324256829917]
0.0559723265469 [0.0799384117126] [0.0320062413812]
0.0565009377897 [0.0802888274193] [0.0327130481601]
0.0598778259009 [0.0840443968773] [0.0357112549245]
0.06687683425839999 [0.0924796313047] [0.0412740372121]
0.0769497212021 [0.104836568236] [0.0490628741682]
0.0857968404889 [0.115554459393] [0.0560392215848]
0.09187225438645 [0.122598543763] [0.0611459650099]
0.09448928758505 [0.124353915453] [0.0646246597171]
0.09517368674269999 [0.123068846762] [0.0672785267234]
0.09571502357715 [0.121436998248] [0.0699930489063]
0.09617215767519999 [0.119592726231] [0.0727515891194]
0.0983468927442 [0.119570225477] [0.0771235600114]
0.1039345636963 [0.122307628393] [0.0855614989996]
0.11632967367800001 [0.129988819361] [0.102670527995]
0.1391061767935 [0.144642204046] [0.133570149541]
0.1706701219085 [0.163655892015] [0.177684351802]
0.200026616454 [0.176464051008] [0.2235891819]
0.21477150917049997 [0.177626252174] [0.251916766167]
