0.1307255625725 [0.12612876296] [0.135322362185]
0.1239609867335 [0.118717759848] [0.129204213619]
0.1121206693355 [0.114270575345] [0.109970763326]
0.1005881987514 [0.11156141758] [0.0896149799228]
0.09245125576839999 [0.109886229038] [0.0750162824988]
0.0869451016185 [0.109148561954] [0.064741641283]
0.08331254497185 [0.108649298549] [0.0579757913947]
0.0808705203233 [0.107905991375] [0.0538350492716]
0.07901191711425 [0.106458209455] [0.0515656247735]
0.0775427613405 [0.104614347219] [0.050471175462]
0.07760138250885 [0.105088032782] [0.0501147322357]
0.07830764166984999 [0.107226543128] [0.0493887402117]
0.0787406936289 [0.109475374222] [0.0480060130358]
0.07855099253344999 [0.11020899564] [0.0468929894269]
0.07674732431760001 [0.107462979853] [0.0460316687822]
0.07409098371879999 [0.103521049023] [0.0446609184146]
0.07128143683075 [0.0992735773325] [0.043289296329]
0.07016221247615 [0.0978597402573] [0.042464684695]
0.0709005575627 [0.0991824492812] [0.0426186658442]
0.0711410846561 [0.0980064421892] [0.044275727123]
0.0714911110699 [0.0957721248269] [0.0472100973129]
0.0702308025211 [0.0907513946295] [0.0497102104127]
0.06412574462595 [0.0803029313684] [0.0479485578835]
0.05167496576905 [0.0623501725495] [0.0409997589886]
0.03811211697755 [0.0437293574214] [0.0324948765337]
0.0284993527457 [0.0312316250056] [0.0257670804858]
0.0224804272875 [0.0238073337823] [0.0211535207927]
0.018967904150500002 [0.0198529083282] [0.0180828999728]
0.0170627543703 [0.0181422606111] [0.0159832481295]
0.016181644517949997 [0.0176710300148] [0.0146922590211]
0.01588742481545 [0.0178050901741] [0.0139697594568]
0.0158592923544 [0.0181140080094] [0.0136045766994]
0.0159561033361 [0.0184947457165] [0.0134174609557]
0.0161408786662 [0.0190481897444] [0.013233567588]
0.0164023265243 [0.019787888974] [0.0130167640746]
0.016716870944950002 [0.020634425804] [0.0127993160859]
0.0172251132317 [0.0216950979084] [0.012755128555]
0.0180309023708 [0.0230687223375] [0.0129930824041]
0.019504238385749998 [0.0252725053579] [0.0137359714136]
0.0221445397474 [0.0289483629167] [0.0153407165781]
0.02664032857865 [0.0349825024605] [0.0182981546968]
0.033406310714750004 [0.0437349155545] [0.023077705875]
0.041817768476900004 [0.0547062158585] [0.0289293210953]
0.0491800457239 [0.0653541088104] [0.0330059826374]
0.05391113460065 [0.0738353356719] [0.0339869335294]
0.0566947776824 [0.0798337906599] [0.0335557647049]
0.058798510581250005 [0.0845952704549] [0.0330017507076]
0.05988127738235 [0.0873509198427] [0.032411634922]
0.0594602897763 [0.0874140411615] [0.0315065383911]
0.05907968524845 [0.0877732411027] [0.0303861293942]
0.0597687372938 [0.08988507092] [0.0296524036676]
0.0621993616223 [0.0948642492294] [0.0295344740152]
0.06692389398795 [0.103382259607] [0.0304655283689]
0.07451946660889999 [0.116362564266] [0.0326763689518]
0.08353106118715001 [0.131486177444] [0.0355759449303]
0.0904463324695 [0.14161978662] [0.039272878319]
0.09436884522455 [0.144339308143] [0.0443983823061]
0.09770235978080001 [0.143979713321] [0.0514250062406]
0.10145846195540001 [0.143196344376] [0.0597205795348]
0.10393502935755 [0.140542194247] [0.0673278644681]
0.10563129559185 [0.137440219522] [0.0738223716617]
0.1067122779785 [0.133145689964] [0.080278865993]
0.1070975176988 [0.126062482595] [0.0881325528026]
0.1083347015081 [0.116759754717] [0.0999096482992]
0.1097813658415 [0.10547286272] [0.114089868963]
0.11260028555990001 [0.0960175469518] [0.129183024168]
0.11683889850984999 [0.0888113752007] [0.144866421819]
0.1189556010069 [0.0834384337068] [0.154472768307]
0.12207129225150001 [0.080381937325] [0.163760647178]
0.12137428671115 [0.0796180665493] [0.163130506873]
0.11592638120075 [0.0810721591115] [0.15078060329]
0.1096063815056 [0.0854492858052] [0.133763477206]
0.10418797284365 [0.0911378338933] [0.117238111794]
0.1017802394926 [0.0971863865852] [0.1063740924]
0.1001131534576 [0.10100466758] [0.0992216393352]
0.09862960875015 [0.102991878986] [0.0942673385143]
0.09927352145315 [0.107106551528] [0.0914404913783]
0.10191909968875 [0.114129967988] [0.0897082313895]
0.10589217022065 [0.123275846243] [0.0885084941983]
0.10899855941535 [0.129861459136] [0.0881356596947]
0.10996063426115 [0.13295841217] [0.0869628563523]
0.10845964774465 [0.133813232183] [0.0831060633063]
0.10010639950645 [0.133028611541] [0.0671841874719]
0.09248764812955 [0.130659773946] [0.0543155223131]
0.08734044432645 [0.127101302147] [0.0475795865059]
0.08355145901444999 [0.122824586928] [0.0442783311009]
0.0798098035157 [0.117968261242] [0.0416513457894]
0.076686838642 [0.113983124495] [0.039390552789]
0.0751080140471 [0.112710841] [0.0375051870942]
0.0726251080632 [0.109399959445] [0.0358502566814]
0.066352782771 [0.0987757220864] [0.0339298434556]
0.0587099194527 [0.0853264704347] [0.0320933684707]
0.052954101935 [0.07524921] [0.03065899387]
0.0493449959904 [0.0689859464765] [0.0297040455043]
0.0468776654452 [0.0646219551563] [0.0291333757341]
0.045143628492950005 [0.061424497515] [0.0288627594709]
0.04379470273855 [0.0590564981103] [0.0285329073668]
0.0426784222946 [0.0574542395771] [0.0279026050121]
0.04171584919095 [0.0565287470818] [0.0269029513001]
0.0406927289441 [0.0557748824358] [0.0256105754524]
0.03979162033645 [0.0549377016723] [0.0246455390006]
0.039044987410300006 [0.0537893213332] [0.0243006534874]
0.038508229889 [0.0525121316314] [0.0245043281466]
0.038606993854050004 [0.0513795465231] [0.025834441185]
0.039656026288849996 [0.05117309466] [0.0281389579177]
0.0421286970377 [0.0522465929389] [0.0320108011365]
0.04653971083465 [0.0545631684363] [0.038516253233]
0.05464416742325 [0.0588077642024] [0.0504805706441]
0.0686577297747 [0.0661177188158] [0.0711977407336]
0.08690570667385 [0.0754278600216] [0.0983835533261]
0.1000460945071 [0.0844009369612] [0.115691252053]
0.1069302223622 [0.0919909477234] [0.121869497001]
0.10858150571575 [0.0969217941165] [0.120241217315]
0.10908631235374999 [0.0995024219155] [0.118670202792]
0.10966851189749999 [0.101285740733] [0.118051283062]
0.1106902211905 [0.102454118431] [0.11892632395]
0.112713750452 [0.1043478176] [0.121079683304]
0.11495112255199999 [0.107074655592] [0.122827589512]
0.116246867925 [0.110095754266] [0.122397981584]
0.116517763585 [0.113028123975] [0.120007403195]
0.1175079159435 [0.1177149266] [0.117300905287]
0.1196279115975 [0.123340502381] [0.115915320814]
0.122874468565 [0.126698791981] [0.119050145149]
0.1238161958755 [0.12186614424] [0.125766247511]
0.125578086823 [0.116050355136] [0.13510581851]
0.128319643438 [0.111445441842] [0.145193845034]
0.1308332644405 [0.107365988195] [0.154300540686]
0.133106451482 [0.104277081788] [0.161935821176]
0.136894837022 [0.102388739586] [0.171400934458]
0.14014348387699999 [0.101901873946] [0.178385093808]
0.137343212962 [0.10084952414] [0.173836901784]
0.1219890527426 [0.0956595614552] [0.14831854403]
0.0913048274817 [0.0811218842864] [0.101487770677]
0.06276950240135 [0.0608674660325] [0.0646715387702]
0.048253288492550006 [0.0477102361619] [0.0487963408232]
0.04165857844055 [0.0406471900642] [0.0426699668169]
0.0383239276707 [0.0366818234324] [0.039966031909]
0.036299798637649996 [0.0342328436673] [0.038366753608]
0.03518197871745 [0.0327433608472] [0.0376205965877]
0.0347164366394 [0.0319594852626] [0.0374733880162]
0.03460468165575 [0.0315760411322] [0.0376333221793]
0.03457199782135 [0.0313269235194] [0.0378170721233]
0.034395436756299996 [0.0310042481869] [0.0377866253257]
0.0340718338266 [0.0306230988353] [0.0375205688179]
0.03367098979655 [0.0302766039968] [0.0370653755963]
0.0333266379312 [0.0300927292556] [0.0365605466068]
0.03314486145975 [0.0302115827799] [0.0360781401396]
0.033068567514450004 [0.0305683203042] [0.0355688147247]
0.0331265591085 [0.0311758555472] [0.0350772626698]
0.033785147592400006 [0.0325475595891] [0.0350227355957]
0.03639362193645 [0.0359170995653] [0.0368701443076]
0.0438937135041 [0.0441367775202] [0.043650649488]
0.0580897014588 [0.0601654238999] [0.0560139790177]
0.07682884857055 [0.0804870948195] [0.0731706023216]
0.0849616266787 [0.0918638557196] [0.0780593976378]
0.07373480871320001 [0.0786053985357] [0.0688642188907]
0.05853791348635 [0.0579601898789] [0.0591156370938]
0.047875350341199996 [0.0435111038387] [0.0522395968437]
0.041210623458 [0.0349496603012] [0.0474715866148]
