0.13729787617900002 [0.131233409047] [0.143362343311]
0.133001342416 [0.129504546523] [0.136498138309]
0.1289743036035 [0.127969235182] [0.129979372025]
0.124938234687 [0.125883743167] [0.123992726207]
0.12141494825499999 [0.123231031001] [0.119598865509]
0.11805230006600001 [0.118972837925] [0.117131762207]
0.115729294717 [0.115069285035] [0.116389304399]
0.112477004528 [0.111317411065] [0.113636597991]
0.10905959829699999 [0.108523070812] [0.109596125782]
0.1049877107145 [0.105616211891] [0.104359209538]
0.10018070042114999 [0.101693294942] [0.0986681059003]
0.09497644007205 [0.096062079072] [0.0938908010721]
0.09115639328955 [0.0905653685331] [0.091747418046]
0.08870252221819999 [0.0860092192888] [0.0913958251476]
0.0866416953504 [0.0830654576421] [0.0902179330587]
0.08225613459945 [0.0807271376252] [0.0837851315737]
0.06930760666725 [0.0759179294109] [0.0626972839236]
0.05085473693905 [0.0657421350479] [0.0359673388302]
0.03720640111715 [0.0541886463761] [0.0202241558582]
0.02889066375795 [0.0447914376855] [0.0129898898304]
0.023989737499515003 [0.0381290279329] [0.00985044706613]
0.020835332106820002 [0.0331171266735] [0.00855353754014]
0.0189027194865 [0.0295856297016] [0.0082198092714]
0.017944002524005 [0.0274478960782] [0.00844010896981]
0.017672458663580002 [0.0264126881957] [0.00893222913146]
0.01779989479111 [0.0261207520962] [0.00947903748602]
0.01808856753634 [0.0261814631522] [0.00999567192048]
0.01842276472595 [0.0263379756361] [0.0105075538158]
0.0187615081668 [0.0264715161175] [0.0110515002161]
0.01915734633805 [0.0267240535468] [0.0115906391293]
0.0195803833194 [0.0269931387156] [0.0121676279232]
0.02006768295545 [0.0272657964379] [0.012869569473]
0.020734322723 [0.0274637229741] [0.0140049224719]
0.02204677648845 [0.0279116611928] [0.0161818917841]
0.024799411185099998 [0.0291222129017] [0.0204766094685]
0.03084722161295 [0.0325167402625] [0.0291777029634]
0.0437248647213 [0.0398984961212] [0.0475512333214]
0.07001763954755 [0.053089171648] [0.0869461074471]
0.11454182863225 [0.0717795193195] [0.157304137945]
0.16066789999585002 [0.0928335413337] [0.228502258658]
0.18680411204699998 [0.111566834152] [0.262041389942]
0.1898618116975 [0.124888941646] [0.254834681749]
0.182113736868 [0.135362252593] [0.228865221143]
0.16853643953800002 [0.140793010592] [0.196279868484]
0.15540885925249998 [0.143103793263] [0.167713925242]
0.143323630095 [0.141721695662] [0.144925564528]
0.13312149792900002 [0.139546304941] [0.126696690917]
0.1198102720085 [0.13892993331] [0.100690610707]
0.1065871864558 [0.139382839203] [0.0737915337086]
0.09952417388575 [0.142307236791] [0.0567411109805]
0.09766816534085 [0.146187201142] [0.0491491295397]
0.09561674296835 [0.145715385675] [0.0455181002617]
0.090867601335 [0.138819515705] [0.042915686965]
0.08405460230985001 [0.127082586288] [0.0410266183317]
0.07758188247665 [0.115395903587] [0.0397678613663]
0.07282924465839999 [0.106469616294] [0.0391888730228]
0.0695407446474 [0.0998747199774] [0.0392067693174]
0.06755380518735 [0.0954998657107] [0.039607744664]
0.0667514279485 [0.0933349952102] [0.0401678606868]
0.0666579566896 [0.0925886929035] [0.0407272204757]
0.06711234524845 [0.0930343866348] [0.0411903038621]
0.0681883916259 [0.0949837937951] [0.0413929894567]
0.0690974034369 [0.0969308391213] [0.0412639677525]
0.06927127577365 [0.097699560225] [0.0408429913223]
0.06875479780134999 [0.0970681682229] [0.0404414273798]
0.068792713806 [0.0956394821405] [0.0419459454715]
0.07212309911850001 [0.095385491848] [0.048860706389]
0.0818824805319 [0.0982662886381] [0.0654986724257]
0.09660234674820001 [0.104416370392] [0.0887883231044]
0.1084388308225 [0.112747110426] [0.104130551219]
0.11534287407999999 [0.121790260077] [0.108895488083]
0.1201177984475 [0.129470542073] [0.110765054822]
0.12297376990350001 [0.133033305407] [0.1129142344]
0.12299582362200001 [0.130601987243] [0.115389660001]
0.1223264858125 [0.126097023487] [0.118555948138]
0.120818089694 [0.121354095638] [0.12028208375]
0.11835567653199999 [0.115585431457] [0.121125921607]
0.115820452571 [0.11064658314] [0.120994322002]
0.11226785927999999 [0.103647843003] [0.120887875557]
0.10752559453245 [0.0952797755599] [0.119771413505]
0.1016943305731 [0.0866123065352] [0.116776354611]
0.09606992825845001 [0.0788013041019] [0.113338552415]
0.0916187725962 [0.0728515163064] [0.110386028886]
0.0888417549429 [0.0687577351928] [0.108925774693]
0.08779318258165 [0.0662062317133] [0.10938013345]
0.08708719164155 [0.0642092674971] [0.109965115786]
0.0860490854829 [0.0620371885598] [0.110060982406]
0.0846153721215 [0.060024343431] [0.109206400812]
0.0833720806985 [0.058137241751] [0.108606919646]
0.0826324000953 [0.0566288009286] [0.108635999262]
0.08242025226355 [0.0558173879981] [0.109023116529]
0.0829916056247 [0.0556779913604] [0.110305219889]
0.0854093432427 [0.0556229650974] [0.115195721388]
0.08894439600385 [0.0559506751597] [0.121938116848]
0.09192441217604999 [0.0580508671701] [0.125797957182]
0.09625773876910002 [0.0630109459162] [0.129504531622]
0.10284448415055 [0.0711749941111] [0.13451397419]
0.11025044321994999 [0.0813349634409] [0.139165922999]
0.1167650707065 [0.091365672648] [0.142164468765]
0.12100175023064999 [0.0990997701883] [0.142903730273]
0.122617635876 [0.103155709803] [0.142079561949]
0.1222701929505 [0.104306094348] [0.140234291553]
0.120423607528 [0.10231988132] [0.138527333736]
0.1179892383517 [0.0979576930404] [0.138020783663]
0.11705390736445001 [0.0942936018109] [0.139814212918]
0.11770611628885 [0.0936340913177] [0.14177814126]
0.1203513480723 [0.0956640318036] [0.145038664341]
0.123877413571 [0.100214585662] [0.14754024148]
0.1270449832085 [0.10558834672] [0.148501619697]
0.127575151622 [0.108452916145] [0.146697387099]
0.125264324248 [0.107473656535] [0.143054991961]
0.1219882145525 [0.103003278375] [0.14097315073]
0.11846169456820001 [0.0974444523454] [0.139478936791]
0.11731316894315 [0.0939651429653] [0.140661194921]
0.1202484779059 [0.0961894914508] [0.144307464361]
0.1265155486765 [0.103885702789] [0.149145394564]
0.1354718357325 [0.115439340472] [0.155504330993]
0.1449167057875 [0.128367200494] [0.161466211081]
0.152870282531 [0.141491338611] [0.164249226451]
0.1606383025645 [0.154435530305] [0.166841074824]
0.1669719591735 [0.164308384061] [0.169635534286]
0.1727993786335 [0.172593578696] [0.173005178571]
0.17695271968850002 [0.178548589349] [0.175356850028]
0.1800129413605 [0.181310519576] [0.178715363145]
0.1825135275725 [0.182275295258] [0.182751759887]
0.18495889753099998 [0.182869195938] [0.187048599124]
0.188398696482 [0.185351848602] [0.191445544362]
0.191491417587 [0.187845617533] [0.195137217641]
0.1910426691175 [0.187077477574] [0.195007860661]
0.1858764886855 [0.180807620287] [0.190945357084]
0.176581129432 [0.169158190489] [0.184004068375]
0.16690926998849998 [0.15726017952] [0.176558360457]
0.15836393833149998 [0.146230071783] [0.17049780488]
0.15364471823 [0.140339702368] [0.166949734092]
0.1528989896175 [0.142742425203] [0.163055554032]
0.1534361690285 [0.148933723569] [0.157938614488]
0.15336306393100002 [0.156390368938] [0.150335758924]
0.153716169298 [0.162343859673] [0.145088478923]
0.15293089300399998 [0.163284689188] [0.14257709682]
0.154339380562 [0.167015224695] [0.141663536429]
0.156741805375 [0.170004487038] [0.143479123712]
0.16085806488999999 [0.173857331276] [0.147858798504]
0.1644044667485 [0.175799787045] [0.153009146452]
0.16780475527049998 [0.17634677887] [0.159262731671]
0.1709462851285 [0.174332529306] [0.167560040951]
0.1703695654865 [0.167559817433] [0.17317931354]
0.150766611099 [0.149163737893] [0.152369484305]
0.111214969307 [0.116379544139] [0.106050394475]
0.07353895902635 [0.0785951688886] [0.0684827491641]
0.049646273255349996 [0.0517375767231] [0.0475549697876]
0.03635987639425 [0.0360924005508] [0.0366273522377]
0.029539848677799997 [0.0275646280497] [0.0315150693059]
