0.0348803279921 [0.0474094189703] [0.0223512370139]
0.03615953959525 [0.0491752177477] [0.0231438614428]
0.0377611843869 [0.0510303489864] [0.0244920197874]
0.03974506631495 [0.0528076775372] [0.0266824550927]
0.04192096181215 [0.05414589867] [0.0296960249543]
0.04413666576145 [0.055062957108] [0.0332103744149]
0.0459925048053 [0.0556243099272] [0.0363606996834]
0.046972742304199996 [0.0558048337698] [0.0381406508386]
0.046937670558700004 [0.0555492527783] [0.0383260883391]
0.046030478552 [0.0546969473362] [0.0373640097678]
0.04448528774085 [0.053185351193] [0.0357852242887]
0.042842457070949996 [0.0515804253519] [0.03410448879]
0.0435257703066 [0.0517248772085] [0.0353266634047]
0.04945055581625 [0.0561643466353] [0.0427367649972]
0.06281051784755 [0.0645421892405] [0.0610788464546]
0.08129365742205 [0.073676623404] [0.0889106914401]
0.0954113602636 [0.0805137306452] [0.110308989882]
0.10334381461129999 [0.0835651159286] [0.123122513294]
0.1081468313932 [0.0859496444464] [0.13034401834]
0.1121898405253 [0.0898812934756] [0.134498387575]
0.11739107221345 [0.0953835397959] [0.139398604631]
0.124672845006 [0.100697278976] [0.148648411036]
0.13275847211449998 [0.105648346245] [0.159868597984]
0.13976647704849998 [0.11028893292] [0.169244021177]
0.1462825201455 [0.115183718503] [0.177381321788]
0.151480935514 [0.120275631547] [0.182686239481]
0.1568656414745 [0.125961154699] [0.18777012825]
0.16019987314950002 [0.131972491741] [0.188427254558]
0.1610907688735 [0.137868762016] [0.184312775731]
0.1593364477155 [0.141851007938] [0.176821887493]
0.154840581119 [0.145606085658] [0.16407507658]
0.150852330029 [0.151500806212] [0.150203853846]
0.15201259404450002 [0.158901408315] [0.145123779774]
0.1550179719925 [0.163778439164] [0.146257504821]
0.159189246595 [0.169036924839] [0.149341568351]
0.1609559953215 [0.171325519681] [0.150586470962]
0.15372044593099998 [0.167997211218] [0.139443680644]
0.1337470933795 [0.160140156746] [0.107354030013]
0.10893822461345 [0.143692925572] [0.0741835236549]
0.08601401373735 [0.120753854513] [0.0512741729617]
0.0671325866133 [0.0971489325166] [0.03711624071]
0.0530067598447 [0.0775988399982] [0.0284146796912]
0.044283333234500004 [0.0654104202986] [0.0231562461704]
0.03944960888475 [0.0587032400072] [0.0201959777623]
0.0368709722534 [0.0550403818488] [0.018701562658]
0.03563051763925 [0.0531742423773] [0.0180867929012]
0.03520961944015 [0.0526269897819] [0.0177922490984]
0.03500207792965 [0.0523760616779] [0.0176280941814]
0.03485673666 [0.0521526224911] [0.0175608508289]
0.0347664421424 [0.0520134568214] [0.0175194274634]
0.03487031068655 [0.0523018464446] [0.0174387749285]
0.03507172502575 [0.0529626011848] [0.0171808488667]
0.03515888843685 [0.0537274368107] [0.016590340063]
0.0353461354971 [0.0546730645001] [0.0160192064941]
0.0362600227818 [0.056472864002] [0.0160471815616]
0.0390179734677 [0.060421731323] [0.0176142156124]
0.0452844975516 [0.0681881904602] [0.022380804643]
0.0565062258393 [0.0803631767631] [0.0326492749155]
0.07316925376655 [0.0948975980282] [0.0514409095049]
0.09334871172915 [0.107857309282] [0.0788401141763]
0.11173729226000001 [0.117041029036] [0.106433555484]
0.124766755849 [0.122027285397] [0.127506226301]
0.132182918489 [0.12449978292] [0.139866054058]
0.13589961081750002 [0.125390708447] [0.146408513188]
0.1364087462425 [0.125709682703] [0.147107809782]
0.135849852115 [0.124766327441] [0.146933376789]
0.1347167491915 [0.12130881846] [0.148124679923]
0.1351450122895 [0.11930834502] [0.150981679559]
0.1366946846245 [0.119000852108] [0.154388517141]
0.1418725810945 [0.121394850314] [0.162350311875]
0.1449138633905 [0.124120168388] [0.165707558393]
0.143419995904 [0.125197902322] [0.161642089486]
0.14111517742250002 [0.124909840524] [0.157320514321]
0.1376079656185 [0.124258615077] [0.15095731616]
0.1320721320805 [0.12162553519] [0.142518728971]
0.125074286014 [0.117455132306] [0.132693439722]
0.1173482872545 [0.111938737333] [0.122757837176]
0.11235405132199999 [0.109587751329] [0.115120351315]
0.1105840355155 [0.111456491053] [0.109711579978]
0.11078835651300001 [0.116964504123] [0.104612208903]
0.112390723079 [0.123641647398] [0.10113979876]
0.113100990653 [0.127660781145] [0.098541200161]
0.1113375611601 [0.126513883471] [0.0961612388492]
0.1081072613595 [0.12270514667] [0.093509376049]
0.10388869792205 [0.117216095328] [0.0905613005161]
0.1000210195778 [0.110948309302] [0.0890937298536]
0.09881581738595 [0.106173619628] [0.0914580151439]
0.10162631422295 [0.103995010257] [0.0992576181889]
0.1069020293655 [0.102974034846] [0.110830023885]
0.110623527318 [0.102030687034] [0.119216367602]
0.1119180545211 [0.0996263548732] [0.124209754169]
0.11038585379725 [0.0967989861965] [0.123972721398]
0.10838026180855001 [0.0944500342011] [0.122310489416]
0.10677915066480001 [0.0924999564886] [0.121058344841]
0.10479597374795 [0.0906129106879] [0.118979036808]
0.10107515007235 [0.0887608006597] [0.113389499485]
0.09707244858165 [0.0884484499693] [0.105696447194]
0.09417447447775 [0.0899942591786] [0.0983546897769]
0.0926038175821 [0.0926598757505] [0.0925477594137]
0.0922453328967 [0.0954152867198] [0.0890753790736]
0.09250545874235 [0.098067343235] [0.0869435742497]
0.0936071239414 [0.101303622127] [0.0859106257558]
0.09530891850615 [0.105097688735] [0.0855201482773]
0.09725048020475 [0.108967848122] [0.0855331122875]
0.09960165992365 [0.113040372729] [0.0861629471183]
0.10289140418175 [0.117953106761] [0.0878297016025]
0.1067236922683 [0.123095467687] [0.0903519168496]
0.11055522412070001 [0.129006162286] [0.0921042859554]
0.11311865225435 [0.132288068533] [0.0939492359757]
0.1102446019648 [0.127140074968] [0.0933491289616]
0.1009938381611 [0.113706089556] [0.0882815867662]
0.0897139534354 [0.0976144969463] [0.0818134099245]
0.07901327684525 [0.0820472314954] [0.0759793221951]
0.0694129429758 [0.0668350681663] [0.0719908177853]
0.0604286380112 [0.0529831200838] [0.0678741559386]
0.0529128201306 [0.0428513661027] [0.0629742741585]
0.04684785380955 [0.0366968773305] [0.0569988302886]
0.04271693900225 [0.0330709889531] [0.0523628890514]
0.0403627017513 [0.0312245134264] [0.0495008900762]
0.0390746789053 [0.0303503554314] [0.0477990023792]
0.03809895645825 [0.0297635588795] [0.046434354037]
