0.1590253561735 [0.126302033663] [0.191748678684]
0.153409332037 [0.129226520658] [0.177592143416]
0.1476000547405 [0.128764569759] [0.166435539722]
0.14315636456050002 [0.127504512668] [0.158808216453]
0.141309864819 [0.128588587046] [0.154031142592]
0.142583452165 [0.133028835058] [0.152138069272]
0.1461789757015 [0.139883756638] [0.152474194765]
0.150918871164 [0.146650984883] [0.155186757445]
0.156597614288 [0.154239133] [0.158956095576]
0.16309311240899999 [0.163870334625] [0.162315890193]
0.16933108121149998 [0.174601241946] [0.164060920477]
0.1744554042815 [0.184426262975] [0.164484545588]
0.18038125336150002 [0.195240139961] [0.165522366762]
0.1826223134995 [0.201177448034] [0.164067178965]
0.17981611937300002 [0.199277088046] [0.1603551507]
0.167769446969 [0.184939235449] [0.150599658489]
0.143836170435 [0.168230906129] [0.119441434741]
0.11507647857084999 [0.151655673981] [0.0784972831607]
0.09216629900020001 [0.135328635573] [0.0490039624274]
0.0763087328522 [0.120047099888] [0.0325703658164]
0.06529716588545 [0.106598742306] [0.0239955894649]
0.057748436927800004 [0.0959236174822] [0.0195732563734]
0.0528184343129 [0.0882399231195] [0.0173969455063]
0.049970156513149996 [0.0833792984486] [0.0165610145777]
0.048563498072299996 [0.0806446149945] [0.0164823811501]
0.04820730537175 [0.0796679705381] [0.0167466402054]
0.04795796610415 [0.0789136216044] [0.0170023106039]
0.047689522616550004 [0.0782600939274] [0.0171189513057]
0.047420558519650005 [0.0778354927897] [0.0170056242496]
0.04725136235355 [0.0776904597878] [0.0168122649193]
0.047547446563849995 [0.078498095274] [0.0165967978537]
0.0482618138194 [0.079979903996] [0.0165437236428]
0.049821164459 [0.0826582312584] [0.0169840976596]
0.05289847683165 [0.0871920064092] [0.0186049472541]
0.0580727085471 [0.0935724377632] [0.022572979331]
0.066993009299 [0.103575631976] [0.030410386622]
0.0800405330956 [0.117142252624] [0.0429388135672]
0.09461603686199999 [0.132220059633] [0.057012014091]
0.10551403462895001 [0.145384475589] [0.0656435936689]
0.1102485880254 [0.152918308973] [0.0675788670778]
0.11238335445525 [0.157483369112] [0.0672833397985]
0.11170912534010001 [0.156083211303] [0.0673350393772]
0.11072604730735 [0.153962120414] [0.0674899742007]
0.1098067089917 [0.152399465442] [0.0672139525414]
0.108557213098 [0.150836259127] [0.066278167069]
0.10749691352265 [0.149466633797] [0.0655271932483]
0.10721706226455 [0.148937821388] [0.0654963031411]
0.1073245517908 [0.148726776242] [0.0659223273396]
0.1061269417406 [0.145563170314] [0.0666907131672]
0.1053127869962 [0.141580328345] [0.0690452456474]
0.1050857491789 [0.135582208633] [0.0745892897248]
0.1068028248848 [0.129148885608] [0.0844567641616]
0.11168852821 [0.122224703431] [0.101152352989]
0.120533131063 [0.116382159293] [0.124684102833]
0.131194014102 [0.114156536758] [0.148231491446]
0.1400453075765 [0.115565910935] [0.164524704218]
0.1479139626025 [0.119157284498] [0.176670640707]
0.1570387855175 [0.124243989587] [0.189833581448]
0.16718480736000002 [0.128636330366] [0.205733284354]
0.1756304875015 [0.127345114946] [0.223915860057]
0.1734828315675 [0.11287573725] [0.234089925885]
0.1581776253878 [0.0876710787416] [0.228684172034]
0.14010469242955 [0.0677218511701] [0.212487533689]
0.1267746444792 [0.0580614320934] [0.195487856865]
0.11984581314029999 [0.0551198385656] [0.184571787715]
0.1165865454825 [0.055309060961] [0.177864030004]
0.11518853716535 [0.0568989031017] [0.173478171229]
0.11343645490685 [0.0585250146687] [0.168347895145]
0.11070543155054999 [0.0593151375651] [0.162095725536]
0.10663793608545 [0.0593149289489] [0.153960943222]
0.10172898881115 [0.0587517879903] [0.144706189632]
0.09848556108775 [0.0580060221255] [0.13896510005]
0.09701963141545 [0.0575269088149] [0.136512354016]
0.0968777295204 [0.0573940388858] [0.136361420155]
0.09792853146815 [0.0578987002373] [0.137958362699]
0.0999098308382 [0.0595077201724] [0.140311941504]
0.10287481918924998 [0.0626904293895] [0.143059208989]
0.10656901076445 [0.0673568770289] [0.1457811445]
0.11073433980354999 [0.0736597105861] [0.147808969021]
0.11478466913095 [0.0803663954139] [0.149202942848]
0.11731422320024999 [0.0845176801085] [0.150110766292]
0.1178913377227 [0.0850745365024] [0.150708138943]
0.11830699816325 [0.0835743919015] [0.153039604425]
0.1213157884778 [0.0818450823426] [0.160786494613]
0.12577026337375 [0.0818546414375] [0.16968588531]
0.12719290703545 [0.0813789665699] [0.173006847501]
0.11453784629725 [0.0757456198335] [0.153330072761]
0.0804114155471 [0.0602158084512] [0.100607022643]
0.04985977709295 [0.0415345989168] [0.0581849552691]
0.0324032139033 [0.0287630595267] [0.0360433682799]
0.0238331491128 [0.0220159851015] [0.0256503131241]
0.019934447482249998 [0.0190839841962] [0.0207849107683]
0.0185497291386 [0.0183592811227] [0.0187401771545]
0.0185587760061 [0.0189884155989] [0.0181291364133]
