0.08641335740685 [0.0817684829235] [0.0910582318902]
0.08885667845605 [0.0861535295844] [0.0915598273277]
0.0917768999934 [0.0920988470316] [0.0914549529552]
0.09590281173580001 [0.10011985898] [0.0916857644916]
0.10172434151189999 [0.110088206828] [0.0933604761958]
0.10718080401415 [0.117496497929] [0.0968651100993]
0.1080646552145 [0.113684587181] [0.102444723248]
0.10792284831400001 [0.107820942998] [0.10802475363]
0.10797603055800001 [0.10281368345] [0.113138377666]
0.108876220882 [0.10015604645] [0.117596395314]
0.1072285585105 [0.094836704433] [0.119620412588]
0.1004849262536 [0.0851139053702] [0.115855947137]
0.08667396008965 [0.0726428180933] [0.100705102086]
0.06730050779874999 [0.0620669610798] [0.0725340545177]
0.0514226499945 [0.0551085472107] [0.0477367527783]
0.04191434942185 [0.0511116795242] [0.0327170193195]
0.036878275684999996 [0.048761036247] [0.024995515123]
0.034442074596900005 [0.0474306121469] [0.0214535370469]
0.0334042599425 [0.0466638952494] [0.0201446246356]
0.0333047900349 [0.0467188805342] [0.0198906995356]
0.03391751646995 [0.0479104965925] [0.0199245363474]
0.03513667639345 [0.0504860430956] [0.0197873096913]
0.036379551514949995 [0.0533712133765] [0.0193878896534]
0.0372595777735 [0.0557312853634] [0.0187878701836]
0.03738988097755 [0.0565890371799] [0.0181907247752]
0.03723386488855 [0.0570068955421] [0.017460834235]
0.037210895679900005 [0.0578618645668] [0.016559926793]
0.037960946559900004 [0.0607833601534] [0.0151385329664]
0.039448380935949996 [0.0653929486871] [0.0135038131848]
0.0414886702783 [0.070954747498] [0.0120225930586]
0.044025113806100004 [0.0771369487047] [0.0109132789075]
0.0467696362175 [0.0833303928375] [0.0102088795975]
0.049408936873055004 [0.0889907777309] [0.00982709601521]
0.051818970590815 [0.0939840301871] [0.00965391099453]
0.053488987497995 [0.0974086225033] [0.00956935249269]
0.05400281213226 [0.0985037684441] [0.00950185582042]
0.05294885858895 [0.0964481532574] [0.0094495639205]
0.05093748215586 [0.0924907848239] [0.00938417948782]
0.049026124645035 [0.088720202446] [0.00933204684407]
0.047822145279485 [0.0863863378763] [0.00925795268267]
0.047403590753689995 [0.0855434983969] [0.00926368311048]
0.04722067108379 [0.0851385816932] [0.00930276047438]
0.04643195495009 [0.0833576619625] [0.00950624793768]
0.043706078547999995 [0.0773194432259] [0.0100927138701]
0.0392969115637 [0.0670432820916] [0.0115505410358]
0.034941859077700005 [0.054918717593] [0.0149650005624]
0.0332195032388 [0.0439297743142] [0.0225092321634]
0.035719418898250005 [0.0350193716586] [0.0364194661379]
0.03953015897425 [0.0291637387127] [0.0498965792358]
0.03920444566755 [0.0258534308523] [0.0525554604828]
0.0374197876081 [0.0244883242995] [0.0503512509167]
0.03680428490045 [0.0246491506696] [0.0489594191313]
0.0368308145553 [0.025496840477] [0.0481647886336]
0.0371407773346 [0.0263132080436] [0.0479683466256]
0.03715460468085 [0.0268544945866] [0.0474547147751]
0.03740538656715 [0.0272502675653] [0.047560505569]
0.03635942935945 [0.027513243258] [0.0452056154609]
0.03287941217425 [0.0272636637092] [0.0384951606393]
0.027865019626900002 [0.0261160973459] [0.0296139419079]
0.02363847568635 [0.0250035785139] [0.0222733728588]
0.0211705910042 [0.0246745124459] [0.0176666695625]
0.0203963853419 [0.0255978833884] [0.0151948872954]
0.02103930618615 [0.0278115067631] [0.0142671056092]
0.022604056168349998 [0.0308587048203] [0.0143494075164]
0.02440629852935 [0.0339212194085] [0.0148913776502]
0.0258097881451 [0.0361894443631] [0.0154301319271]
0.026586599647999996 [0.0375474058092] [0.0156257934868]
0.02687684167175 [0.0382531322539] [0.0155005510896]
0.02687386190515 [0.0385588109493] [0.015188912861]
0.0265619698912 [0.0384683161974] [0.014655623585]
