0.132770311087 [0.163841873407] [0.101698748767]
0.1401404626665 [0.173782378435] [0.106498546898]
0.148163355887 [0.183181792498] [0.113144919276]
0.1549552604555 [0.192112252116] [0.117798268795]
0.1605201363565 [0.200123205781] [0.120917066932]
0.16390780732 [0.205633088946] [0.122182525694]
0.167075444013 [0.210997194052] [0.123153693974]
0.171359658241 [0.217614665627] [0.125104650855]
0.174731954932 [0.22245298326] [0.127010926604]
0.177468493581 [0.224309667945] [0.130627319217]
0.17932565510249998 [0.222733899951] [0.135917410254]
0.179819189012 [0.219711735845] [0.139926642179]
0.174061983824 [0.21570956707] [0.132414400578]
0.156638585031 [0.206026792526] [0.107250377536]
0.13572631403785002 [0.194442555308] [0.0770100727677]
0.12093595042845 [0.187356680632] [0.0545152202249]
0.11236921325310001 [0.183740019798] [0.0409984067082]
0.10765796340975 [0.182007297873] [0.0333086289465]
0.10636309348055 [0.183916822076] [0.0288093648851]
0.1025352384895 [0.179189696908] [0.025880780071]
0.0975203495473 [0.171376824379] [0.0236638747156]
0.09015580359835 [0.158353179693] [0.0219584275037]
0.08183644991365001 [0.14309848845] [0.0205744113773]
0.0748751657084 [0.13010263443] [0.0196476969868]
0.0702485740184 [0.121427670121] [0.0190694779158]
0.06774016935385 [0.116660013795] [0.0188203249127]
0.06650296319275 [0.114081017673] [0.0189249087125]
0.0657845009116 [0.111846722662] [0.0197222791612]
0.06518760975445001 [0.108730636537] [0.0216445829719]
0.06500477250685 [0.104588709772] [0.0254208352417]
0.06614208780225 [0.100038871169] [0.0322453044355]
0.0702805798501 [0.0961687266827] [0.0443924330175]
0.0785345956683 [0.0920957252383] [0.0649734660983]
0.09197203069925 [0.0890193581581] [0.0949247032404]
0.10605975612990001 [0.0859296694398] [0.12618984282]
0.11747239902609999 [0.0855963602662] [0.149348437786]
0.1264992132781 [0.0878806561232] [0.165117770433]
0.13452563807385 [0.0925866290927] [0.176464647055]
0.1400070786475 [0.095975458622] [0.184038698673]
0.14056941121805 [0.0953342914581] [0.185804530978]
0.1374273784458 [0.0929958596826] [0.181858897209]
0.13064648956045 [0.0911392271519] [0.170153751969]
0.12067516893125001 [0.0878202319145] [0.153530105948]
0.1109644658863 [0.0858399793506] [0.136088952422]
0.1038575433196 [0.0863797664642] [0.121335320175]
0.0995243750511 [0.0872189551592] [0.111829794943]
0.0972129106524 [0.0882123485208] [0.106213472784]
0.0966409780085 [0.089553900063] [0.103728055954]
0.096608892083 [0.09153290838] [0.101684875786]
0.09690961986805 [0.0937529653311] [0.100066274405]
0.09715631604194999 [0.0956584438682] [0.0986541882157]
0.09618106856940001 [0.0963768288493] [0.0959853082895]
0.0937611684203 [0.095356836915] [0.0921654999256]
0.0909211933613 [0.092858761549] [0.0889836251736]
0.0888285525143 [0.0896840766072] [0.0879730284214]
0.08842856809495 [0.087068028748] [0.0897891074419]
0.0909628421068 [0.0876828432083] [0.0942428410053]
0.09536270052205001 [0.0892472267151] [0.101478174329]
0.100766543299 [0.092855386436] [0.108677700162]
0.1032218486071 [0.0972288101912] [0.109214887023]
0.0927844829857 [0.0961847454309] [0.0893842205405]
0.0702241361141 [0.0840123519301] [0.0564359202981]
0.048592083156150004 [0.0646718963981] [0.0325122699142]
0.03413170296695 [0.0479056164622] [0.0203577894717]
0.02545426553115 [0.0363524965942] [0.0145560344681]
0.0205503879115 [0.0292575377971] [0.0118432380259]
0.0179548515007 [0.0251475106925] [0.0107621923089]
0.0166862006299 [0.0228620171547] [0.0105103841051]
0.0161244370975 [0.0217117723078] [0.0105371018872]
0.01597427157685 [0.0214052926749] [0.0105432504788]
0.0158830024302 [0.0213218070567] [0.0104441978037]
0.0159164131619 [0.021444555372] [0.0103882709518]
0.0159336668439 [0.0214737281203] [0.0103936055675]
0.0158216794953 [0.021130213514] [0.0105131454766]
0.01559326797725 [0.0203493703157] [0.0108371656388]
0.0152933364734 [0.0193451009691] [0.0112415719777]
0.015353253576949999 [0.0186905805022] [0.0120159266517]
0.0160913625732 [0.0186731778085] [0.0135095473379]
0.0175386751071 [0.0192924384028] [0.0157849118114]
0.0195963624865 [0.0203475672752] [0.0188451576978]
0.02180241514 [0.0213847011328] [0.0222201291472]
0.0232550194487 [0.0216532312334] [0.024856807664]
0.02307614590975 [0.020617807284] [0.0255344845355]
0.02151462435725 [0.0185184106231] [0.0245108380914]
0.0196009837091 [0.0163886193186] [0.0228133480996]
0.01792326243595 [0.014582359232] [0.0212641656399]
0.016766274347899998 [0.0133984275162] [0.0201341211796]
0.0161367622204 [0.0128311431035] [0.0194423813373]
0.01587599981575 [0.012749703601] [0.0190022960305]
0.0158598292619 [0.0130341164768] [0.018685542047]
0.016134495846950002 [0.0136558637023] [0.0186131279916]
0.01670670975 [0.0145789179951] [0.0188345015049]
0.0173472682945 [0.0156220560893] [0.0190724804997]
0.0180418882519 [0.0167703665793] [0.0193134099245]
0.01779111102225 [0.0174095332623] [0.0181726887822]
0.016402276232800002 [0.0171177666634] [0.0156867858022]
0.014550363645 [0.0161266215146] [0.0129741057754]
