0.0592709518969 [0.0818870961666] [0.0366548076272]
0.05851325765255 [0.0815053507686] [0.0355211645365]
0.058645367622399996 [0.0823199525476] [0.0349707826972]
0.058301730081449996 [0.0819508135319] [0.034652646631]
0.057033773511649996 [0.0796432197094] [0.0344243273139]
0.0547707807273 [0.0753035396338] [0.0342380218208]
0.05239288508895 [0.0707436949015] [0.0340420752764]
0.05061588436365 [0.0674210935831] [0.0338106751442]
0.05039784871045 [0.0672855973244] [0.0335101000965]
0.0509382672608 [0.0690537467599] [0.0328227877617]
0.0499812308699 [0.0683859884739] [0.0315764732659]
0.04827366489915 [0.0671408548951] [0.0294064749032]
0.0456906799227 [0.0653851851821] [0.0259961746633]
0.04246809706095 [0.0629106909037] [0.0220255032182]
0.03947105351835 [0.0607251189649] [0.0182169880718]
0.03702093986795 [0.0588510744274] [0.0151908053085]
0.03514401149005 [0.057065423578] [0.0132225994021]
0.0336998347193 [0.055193156004] [0.0122065134346]
0.0326231508516 [0.053455516696] [0.0117907850072]
0.03202662663535 [0.0522654540837] [0.011787799187]
0.03198829712345 [0.05179797858] [0.0121786156669]
0.0326140304096 [0.0523650050163] [0.0128630558029]
0.03389114234595 [0.0540275685489] [0.013754716143]
0.03570172796025 [0.0567703358829] [0.0146331200376]
0.03764256602155 [0.0596756115556] [0.0156095204875]
0.0393890272826 [0.0620890595019] [0.0166889950633]
0.04122645128515 [0.0642353072762] [0.0182175952941]
0.0435148011893 [0.0663116574287] [0.0207179449499]
0.0470738811418 [0.0689955130219] [0.0251522492617]
0.052953407168399996 [0.0726267397404] [0.0332800745964]
0.0611245390028 [0.0746799632907] [0.0475691147149]
0.07194325327869999 [0.0766215100884] [0.067264996469]
0.08052371814845 [0.0795932859182] [0.0814541503787]
0.08162006735800001 [0.083545923233] [0.079694211483]
0.0782261826098 [0.0875917747617] [0.0688605904579]
0.0749058742076 [0.0914321541786] [0.0583795942366]
0.07261566258964999 [0.093848824501] [0.0513825006783]
0.07115279883145001 [0.0945049598813] [0.0478006377816]
0.0703538917005 [0.093845911324] [0.046861872077]
0.06995051912965 [0.0920207202435] [0.0478803180158]
0.07039264403285 [0.0910900682211] [0.0496952198446]
0.0713345389813 [0.0907469242811] [0.0519221536815]
0.0726168807596 [0.0910450667143] [0.0541886948049]
0.0746102333069 [0.092521622777] [0.0566988438368]
0.07721303030849999 [0.0952219218016] [0.0592041388154]
0.08037544973194999 [0.0989665389061] [0.0617843605578]
0.08336842805155001 [0.102215267718] [0.0645215883851]
0.08614415302865 [0.103892572224] [0.0683957338333]
0.0903019793331 [0.105468481779] [0.0751354768872]
0.09782100096325 [0.108717627823] [0.0869243741035]
0.108831323683 [0.112355314195] [0.105307333171]
0.1219733804465 [0.114983648062] [0.128963112831]
0.13472508266549998 [0.118347875774] [0.151102289557]
0.140949241817 [0.122295677662] [0.159602805972]
0.14007884263999998 [0.128480881453] [0.151676803827]
0.13288684189299999 [0.136617198586] [0.1291564852]
0.1238975301385 [0.144042894244] [0.103752166033]
0.11498623713850001 [0.148573577404] [0.081398896873]
0.11006302759049999 [0.151375696063] [0.068750359118]
0.10786406695855 [0.152511969209] [0.0632161647081]
0.10633097402755 [0.152565971017] [0.0600959770381]
0.10474210232505 [0.151466548443] [0.0580176562071]
0.1032024025915 [0.149721190333] [0.05668361485]
0.1011582240465 [0.14646075666] [0.055855691433]
0.09857698157445 [0.141733631492] [0.0554203316569]
0.09548010118280001 [0.135570287704] [0.0553899146616]
0.09295679628825 [0.130083456635] [0.0558301359415]
0.0918108765036 [0.127129778266] [0.0564919747412]
0.09166965447384999 [0.126366913319] [0.0569723956287]
0.09105415083445001 [0.125512450933] [0.0565958507359]
0.0877234153451 [0.120507963002] [0.0549388676882]
0.0823923554272 [0.112589262426] [0.0521954484284]
0.07466864027065 [0.100052669644] [0.0492846108973]
0.06786897592245 [0.0883174613118] [0.0474204905331]
0.063024552539 [0.0782791823149] [0.0477699227631]
0.060006855055649996 [0.0701412633061] [0.0498724468052]
0.0590392369777 [0.0650245398283] [0.0530539341271]
0.058780619874599996 [0.0620889179409] [0.0554723218083]
0.0583484750241 [0.0599779076874] [0.0567190423608]
0.05764857679605 [0.0576926991343] [0.0576044544578]
0.05645243823525 [0.0548226088285] [0.058082267642]
0.054892018437350004 [0.0514992550015] [0.0582847818732]
0.053128762170650004 [0.0482432320714] [0.0580142922699]
0.051940131932499994 [0.0458977818489] [0.0579824820161]
0.0521951243281 [0.0451676957309] [0.0592225529253]
0.0547109935433 [0.0458160452545] [0.0636059418321]
0.060357330367 [0.0482843331993] [0.0724303275347]
0.0694847423583 [0.0531616695225] [0.0858078151941]
0.08074739016615 [0.0604338236153] [0.101060956717]
0.0904992409051 [0.0683060064912] [0.112692475319]
0.09632726758735 [0.0747285857797] [0.117925949395]
0.09845425933595 [0.0796220004559] [0.117286518216]
0.10025914385894999 [0.0835172533989] [0.117001034319]
0.10123555362205 [0.0859044566751] [0.116566650569]
0.10203702002785 [0.0881272926927] [0.115946747363]
0.1033927127719 [0.0904360115528] [0.116349413991]
0.10511056333805 [0.0926733314991] [0.117547795177]
0.1074394211174 [0.0951481759548] [0.11973066628]
0.10959588363745 [0.0979708656669] [0.121220901608]
0.110722862184 [0.101477123797] [0.119968600571]
0.112354617566 [0.105630338192] [0.11907889694]
0.1161760129035 [0.110279507935] [0.122072517872]
0.120097666979 [0.116003252566] [0.124192081392]
0.113842513412 [0.123283728957] [0.104401297867]
0.10071558132785 [0.129012063146] [0.0724190995097]
0.09439459815605 [0.134043768048] [0.0547454282641]
0.0927706006914 [0.137969225645] [0.0475719757378]
0.09328282065695 [0.141138881445] [0.0454267598689]
0.0941382106394 [0.144492328167] [0.0437840931118]
0.09486903995255 [0.147199913859] [0.0425381660461]
0.0956181921064 [0.149328380823] [0.0419080033898]
0.09662788175029999 [0.151415660977] [0.0418401025236]
0.09687413834049999 [0.151685535908] [0.042062740773]
0.09681710600855 [0.151322260499] [0.0423119515181]
0.09586844965835001 [0.149334892631] [0.0424020066857]
0.0937292948363 [0.1452652812] [0.0421933084726]
0.0903306156399 [0.139340102673] [0.0413211286068]
0.08595997840175 [0.131957024336] [0.0399629324675]
0.08123500645175 [0.124627016485] [0.0378429964185]
0.07729515247065 [0.119435988367] [0.0351543165743]
0.07405818253759999 [0.115876287222] [0.0322400778532]
0.07098462991395 [0.112411729991] [0.0295575298369]
0.06801146548260001 [0.107039958239] [0.0289829727262]
0.06565906852485 [0.0998691767454] [0.0314489603043]
0.06445135734975 [0.0931452810764] [0.0357574336231]
0.0638581532985 [0.0888023152947] [0.0389139913023]
0.0633078906685 [0.0865428671241] [0.0400729142129]
0.06270849145945 [0.0854059681296] [0.0400110147893]
0.061807811260200005 [0.0843195989728] [0.0392960235476]
0.0608424693346 [0.0829584673047] [0.0387264713645]
0.060639660805449996 [0.0825583860278] [0.0387209355831]
0.06163233518605 [0.0835978314281] [0.039666838944]
0.06423884443935 [0.0860204622149] [0.0424572266638]
0.06920633278785 [0.0903888642788] [0.0480238012969]
0.07744952477514999 [0.0968512371182] [0.0580478124321]
0.08924716338489999 [0.105163827538] [0.0733304992318]
0.10304335132245 [0.114774696529] [0.0913120061159]
0.111960273236 [0.121419273317] [0.102501273155]
0.11338377371450001 [0.123134583235] [0.103632964194]
0.1093467250464 [0.119313076138] [0.0993803739548]
0.10392931848745 [0.111971609294] [0.0958870276809]
0.09908657893555001 [0.105221897364] [0.0929512605071]
0.0964038297534 [0.102313041687] [0.0904946178198]
0.09650121256694999 [0.103257551789] [0.0897448733449]
0.09910349175345 [0.1078421399] [0.0903648436069]
0.10310849547385 [0.113217741251] [0.0929992496967]
0.10725355520855 [0.117330029607] [0.0971770808101]
0.109744075686 [0.117420189083] [0.102067962289]
0.10742545872949999 [0.108363799751] [0.106487117708]
0.09852252155545 [0.0926199704409] [0.10442507267]
0.0830969251692 [0.0727670714259] [0.0934267789125]
0.06592199765145 [0.0543195940554] [0.0775244012475]
