0.1992713063955 [0.060281932354] [0.338260680437]
0.19977662153540002 [0.0612925626338] [0.338260680437]
0.20068926736710002 [0.0631178542972] [0.338260680437]
0.20171257853505 [0.0651644766331] [0.338260680437]
0.20297759771345003 [0.0676945149899] [0.338260680437]
0.20467809587715002 [0.0710955113173] [0.338260680437]
0.20661161094900002 [0.074962541461] [0.338260680437]
0.20759472995990003 [0.0769287794828] [0.338260680437]
0.20772761106485002 [0.0771945416927] [0.338260680437]
0.20551456511015 [0.0727684497833] [0.338260680437]
0.2033489719033 [0.0684372633696] [0.338260680437]
0.20130718871945003 [0.0643536970019] [0.338260680437]
0.19998379983005002 [0.0617069192231] [0.338260680437]
0.19940551742905002 [0.0605503544211] [0.338260680437]
0.19934877008195 [0.0604368597269] [0.338260680437]
0.19966325908895002 [0.0610658377409] [0.338260680437]
0.19932684674855 [0.0603930130601] [0.338260680437]
0.19861601479345 [0.0589713491499] [0.338260680437]
0.19763183780010002 [0.0570029951632] [0.338260680437]
0.1964955683797 [0.0547304563224] [0.338260680437]
0.19536404311655 [0.0524674057961] [0.338260680437]
0.1945697665214 [0.0508788526058] [0.338260680437]
0.19448139518495 [0.0507021099329] [0.338260680437]
0.19546545483170003 [0.0526702292264] [0.338260680437]
0.19795545190570002 [0.0576502233744] [0.338260680437]
0.2016852982342 [0.0651099160314] [0.338260680437]
0.2052434980869 [0.0722263157368] [0.338260680437]
0.20795230939980003 [0.0776439383626] [0.338260680437]
0.20795230939980003 [0.0776439383626] [0.338260680437]
0.20795230939980003 [0.0776439383626] [0.338260680437]
0.20795230939980003 [0.0776439383626] [0.338260680437]
0.20795230939980003 [0.0776439383626] [0.338260680437]
0.20795230939980003 [0.0776439383626] [0.338260680437]
0.20795230939980003 [0.0776439383626] [0.338260680437]
0.20795230939980003 [0.0776439383626] [0.338260680437]
0.20795230939980003 [0.0776439383626] [0.338260680437]
0.2203348465265 [0.102409012616] [0.338260680437]
0.22731149941700002 [0.116362318397] [0.338260680437]
0.23261860758050001 [0.126976534724] [0.338260680437]
0.23626350611450003 [0.134266331792] [0.338260680437]
0.23826497793200002 [0.138269275427] [0.338260680437]
0.23884291946900002 [0.139425158501] [0.338260680437]
0.238258332014 [0.138255983591] [0.338260680437]
0.2370697036385 [0.13587872684] [0.338260680437]
0.2363793849945 [0.134498089552] [0.338260680437]
0.236276566982 [0.134292453527] [0.338260680437]
0.235953576863 [0.133646473289] [0.338260680437]
0.23489182442400003 [0.131522968411] [0.338260680437]
0.2411780804395 [0.144095480442] [0.338260680437]
0.2445994615555 [0.150938242674] [0.338260680437]
0.2438060343265 [0.149351388216] [0.338260680437]
0.2412160411475 [0.144171401858] [0.338260680437]
0.2387884631755 [0.139316245914] [0.338260680437]
0.2371479421855 [0.136035203934] [0.338260680437]
0.2362728640435 [0.13428504765] [0.338260680437]
0.23558318614950002 [0.132905691862] [0.338260680437]
0.2355055585505 [0.132750436664] [0.338260680437]
0.236503340304 [0.134746000171] [0.338260680437]
0.236916951835 [0.135573223233] [0.338260680437]
0.23802515864350002 [0.13778963685] [0.338260680437]
0.24072936922300003 [0.143198058009] [0.338260680437]
0.2437802180645 [0.149299755692] [0.338260680437]
0.247509725392 [0.156758770347] [0.338260680437]
0.249864012003 [0.161467343569] [0.338260680437]
0.24574728310100002 [0.153233885765] [0.338260680437]
0.23517709970450001 [0.132093518972] [0.338260680437]
0.223744995892 [0.109229311347] [0.338260680437]
0.21482412889595 [0.0913875773549] [0.338260680437]
0.20896955579515003 [0.0796784311533] [0.338260680437]
0.20564343035215002 [0.0730261802673] [0.338260680437]
0.20416047424075 [0.0700602680445] [0.338260680437]
0.20363831147545003 [0.0690159425139] [0.338260680437]
0.20333276316520002 [0.0684048458934] [0.338260680437]
0.20279575511810002 [0.0673308297992] [0.338260680437]
0.20193579420445001 [0.0656109079719] [0.338260680437]
0.2009040340781 [0.0635473877192] [0.338260680437]
0.19983276538545003 [0.0614048503339] [0.338260680437]
0.19850872643290002 [0.0587567724288] [0.338260680437]
0.19660201855 [0.054943356663] [0.338260680437]
0.1945092529058 [0.0507578253746] [0.338260680437]
0.19279214553530002 [0.0473236106336] [0.338260680437]
0.19239408709105002 [0.0465274937451] [0.338260680437]
0.19467563368375002 [0.0510905869305] [0.338260680437]
0.20077178254720002 [0.0632828846574] [0.338260680437]
0.2094202190637 [0.0805797576904] [0.338260680437]
0.2162545025348 [0.0942483246326] [0.338260680437]
0.2183700278401 [0.0984793752432] [0.338260680437]
0.21392431482670002 [0.0895879492164] [0.338260680437]
0.21004750207060002 [0.0818343237042] [0.338260680437]
0.2087295427918 [0.0791984051466] [0.338260680437]
0.20844747498625002 [0.0786342695355] [0.338260680437]
0.2085858173668 [0.0789109542966] [0.338260680437]
0.20909247919915003 [0.0799242779613] [0.338260680437]
0.2099956646561 [0.0817306488752] [0.338260680437]
0.21094116941090002 [0.0836216583848] [0.338260680437]
