0.20395831018680002 [0.0696559399366] [0.338260680437]
0.20251103863115 [0.0667613968253] [0.338260680437]
0.20086638256905 [0.0634720847011] [0.338260680437]
0.1989175919443 [0.0595745034516] [0.338260680437]
0.19692860729990003 [0.0555965341628] [0.338260680437]
0.19514654949305002 [0.0520324185491] [0.338260680437]
0.1936644222587 [0.0490681640804] [0.338260680437]
0.19255975820120003 [0.0468588359654] [0.338260680437]
0.19181769341225002 [0.0453747063875] [0.338260680437]
0.19127998687325 [0.0442992933095] [0.338260680437]
0.1909489817917 [0.0436372831464] [0.338260680437]
0.19099667109545002 [0.0437326617539] [0.338260680437]
0.19236137531695002 [0.0464620701969] [0.338260680437]
0.19511690922075 [0.0519731380045] [0.338260680437]
0.19851500913495002 [0.0587693378329] [0.338260680437]
0.19901686348015002 [0.0597730465233] [0.338260680437]
0.19722937792535 [0.0561980754137] [0.338260680437]
0.19339746795590002 [0.0485342554748] [0.338260680437]
0.19380748830730002 [0.0493542961776] [0.338260680437]
0.1941176410764 [0.0499746017158] [0.338260680437]
0.19406023621555002 [0.0498597919941] [0.338260680437]
0.19336970336730003 [0.0484787262976] [0.338260680437]
0.1922675725072 [0.0462744645774] [0.338260680437]
0.19100261665875 [0.0437445528805] [0.338260680437]
0.18966385349625 [0.0410670265555] [0.338260680437]
0.18837401457125003 [0.0384873487055] [0.338260680437]
0.18702770583325 [0.0357947312295] [0.338260680437]
0.18695798330005 [0.0356552861631] [0.338260680437]
0.1894959583878 [0.0407312363386] [0.338260680437]
0.1930765546858 [0.0478924289346] [0.338260680437]
0.19736507534975 [0.0564694702625] [0.338260680437]
0.20352670177815002 [0.0687927231193] [0.338260680437]
0.21714494377370003 [0.0960292071104] [0.338260680437]
0.21714494377370003 [0.0960292071104] [0.338260680437]
0.21714494377370003 [0.0960292071104] [0.338260680437]
0.21714494377370003 [0.0960292071104] [0.338260680437]
0.21714494377370003 [0.0960292071104] [0.338260680437]
0.21714494377370003 [0.0960292071104] [0.338260680437]
0.21714494377370003 [0.0960292071104] [0.338260680437]
0.21714494377370003 [0.0960292071104] [0.338260680437]
0.21714494377370003 [0.0960292071104] [0.338260680437]
0.21714494377370003 [0.0960292071104] [0.338260680437]
0.23299804329850002 [0.12773540616] [0.338260680437]
0.23299804329850002 [0.12773540616] [0.338260680437]
0.23299804329850002 [0.12773540616] [0.338260680437]
0.23299804329850002 [0.12773540616] [0.338260680437]
0.23299804329850002 [0.12773540616] [0.338260680437]
0.23299804329850002 [0.12773540616] [0.338260680437]
0.23299804329850002 [0.12773540616] [0.338260680437]
0.23299804329850002 [0.12773540616] [0.338260680437]
0.32629197835900003 [0.314323276281] [0.338260680437]
0.323880329728 [0.309499979019] [0.338260680437]
0.32395491004 [0.309649139643] [0.338260680437]
0.325834274292 [0.313407868147] [0.338260680437]
0.3283301889895 [0.318399697542] [0.338260680437]
0.3286210745575 [0.318981468678] [0.338260680437]
0.328195422888 [0.318130165339] [0.338260680437]
0.327643677592 [0.317026674747] [0.338260680437]
0.324792087078 [0.311323493719] [0.338260680437]
0.3180503994225 [0.297840118408] [0.338260680437]
0.3040533065795 [0.269845932722] [0.338260680437]
0.283761933446 [0.229263186455] [0.338260680437]
0.262258462608 [0.186256244779] [0.338260680437]
0.24529068171950003 [0.152320683002] [0.338260680437]
0.2360713779925 [0.133882075548] [0.338260680437]
0.23188251256950002 [0.125504344702] [0.338260680437]
0.22979552298800002 [0.121330365539] [0.338260680437]
0.22877338156100002 [0.119286082685] [0.338260680437]
0.228073462844 [0.117886245251] [0.338260680437]
0.22724101319900003 [0.116221345961] [0.338260680437]
0.226037289947 [0.113813899457] [0.338260680437]
0.22405681386600002 [0.109852947295] [0.338260680437]
0.22085239365700002 [0.103444106877] [0.338260680437]
0.21661939844485 [0.0949781164527] [0.338260680437]
0.21216598898170003 [0.0860712975264] [0.338260680437]
0.20848621800535 [0.0787117555737] [0.338260680437]
0.20637800917025 [0.0744953379035] [0.338260680437]
0.20592457428570002 [0.0735884681344] [0.338260680437]
0.2062839902937 [0.0743073001504] [0.338260680437]
0.20715634897345 [0.0760520175099] [0.338260680437]
0.20811739936465 [0.0779741182923] [0.338260680437]
0.2072851732373 [0.0763096660376] [0.338260680437]
0.2046787180006 [0.0710967555642] [0.338260680437]
0.20153916254635001 [0.0648176446557] [0.338260680437]
0.1988676525652 [0.0594746246934] [0.338260680437]
0.19699854962525 [0.0557364188135] [0.338260680437]
0.19607262127095001 [0.0538845621049] [0.338260680437]
0.19585503637785 [0.0534493923187] [0.338260680437]
0.19584997929630002 [0.0534392781556] [0.338260680437]
0.1957685668021 [0.0532764531672] [0.338260680437]
0.19538752362130002 [0.0525143668056] [0.338260680437]
0.19469635374840003 [0.0511320270598] [0.338260680437]
0.1941442638635 [0.05002784729] [0.338260680437]
0.19398743286725 [0.0497141852975] [0.338260680437]
0.19423327408725002 [0.0502058677375] [0.338260680437]
0.19488084688780002 [0.0515010133386] [0.338260680437]
0.19593489356335 [0.0536091066897] [0.338260680437]
0.1974734719842 [0.0566862635314] [0.338260680437]
0.19950325414535003 [0.0607458278537] [0.338260680437]
0.20182008296245002 [0.0653794854879] [0.338260680437]
0.2040928676724 [0.0699250549078] [0.338260680437]
0.20593821629875 [0.0736157521605] [0.338260680437]
0.2071490846574 [0.0760374888778] [0.338260680437]
0.20805688574905 [0.0778530910611] [0.338260680437]
0.20915172621605002 [0.0800427719951] [0.338260680437]
0.21120671927925 [0.0841527581215] [0.338260680437]
0.21365465223785002 [0.0890486240387] [0.338260680437]
0.2154679521918 [0.0926752239466] [0.338260680437]
0.21636807918545 [0.0944754779339] [0.338260680437]
0.21500952169295 [0.0917583629489] [0.338260680437]
0.21195384114975002 [0.0856470018625] [0.338260680437]
0.20799850672480003 [0.0777363330126] [0.338260680437]
0.2042766064405 [0.070292532444] [0.338260680437]
0.20138686895365002 [0.0645130574703] [0.338260680437]
0.1995506305247 [0.0608405806124] [0.338260680437]
0.1984434779733 [0.0586262755096] [0.338260680437]
0.19754344038660002 [0.0568262003362] [0.338260680437]
0.19645392708475 [0.0546471737325] [0.338260680437]
0.19508137926455002 [0.0519020780921] [0.338260680437]
0.19375048391515 [0.0492402873933] [0.338260680437]
0.19289821945125002 [0.0475357584655] [0.338260680437]
0.19267337583000002 [0.047086071223] [0.338260680437]
0.19302058964965002 [0.0477804988623] [0.338260680437]
0.19357639551160002 [0.0488921105862] [0.338260680437]
0.19396508112545002 [0.0496694818139] [0.338260680437]
0.1940028853714 [0.0497450903058] [0.338260680437]
0.1942127272486 [0.0501647740602] [0.338260680437]
0.19512365944680002 [0.0519866384566] [0.338260680437]
0.19695712998505002 [0.0556535795331] [0.338260680437]
0.1992511916905 [0.060241702944] [0.338260680437]
0.20154610648745003 [0.0648315325379] [0.338260680437]
0.2038310170173 [0.0694013535976] [0.338260680437]
0.20628622174260003 [0.0743117630482] [0.338260680437]
0.2090636491775 [0.079866617918] [0.338260680437]
0.2102803140878 [0.0822999477386] [0.338260680437]
0.2089440450072 [0.0796274095774] [0.338260680437]
0.20382171496745002 [0.0693827494979] [0.338260680437]
0.19748837128275 [0.0567160621285] [0.338260680437]
0.19246633164580002 [0.0466719828546] [0.338260680437]
0.18931475095445002 [0.0403688214719] [0.338260680437]
0.1876635830849 [0.0370664857328] [0.338260680437]
0.18695743940765003 [0.0356541983783] [0.338260680437]
0.18664495460685002 [0.0350292287767] [0.338260680437]
0.18636449240145 [0.0344683043659] [0.338260680437]
0.1857849247753 [0.0333091691136] [0.338260680437]
0.18487281352275 [0.0314849466085] [0.338260680437]
0.18372896034265002 [0.0291972402483] [0.338260680437]
0.18261380400505 [0.0269669275731] [0.338260680437]
0.18177263811225 [0.0252845957875] [0.338260680437]
0.18145328480745002 [0.0246458891779] [0.338260680437]
0.18176794797180001 [0.0252752155066] [0.338260680437]
0.18270751927045 [0.0271543581039] [0.338260680437]
0.18395316321400002 [0.029645645991] [0.338260680437]
0.18530640378590002 [0.0323521271348] [0.338260680437]
