0.18478136882180002 [0.0313020572066] [0.338260680437]
0.1839965647086 [0.0297324489802] [0.338260680437]
0.18304089643055002 [0.0278211124241] [0.338260680437]
0.1818591281771 [0.0254575759172] [0.338260680437]
0.18054034840310001 [0.0228200163692] [0.338260680437]
0.17942575551565002 [0.0205908305943] [0.338260680437]
0.1786266062408 [0.0189925320446] [0.338260680437]
0.17804647050795003 [0.0178322605789] [0.338260680437]
0.17770551424470002 [0.0171503480524] [0.338260680437]
0.17772433068600002 [0.017187980935] [0.338260680437]
0.17769012041385002 [0.0171195603907] [0.338260680437]
0.17759566381570002 [0.0169306471944] [0.338260680437]
0.17744743265205 [0.0166341848671] [0.338260680437]
0.1772437933832 [0.0162269063294] [0.338260680437]
0.17699084989720001 [0.0157210193574] [0.338260680437]
0.17670634016390002 [0.0151519998908] [0.338260680437]
0.17642251681530002 [0.0145843531936] [0.338260680437]
0.1761108078062 [0.0139609351754] [0.338260680437]
0.17575933039185002 [0.0132579803467] [0.338260680437]
0.1753659746609 [0.0124712688848] [0.338260680437]
0.1753659746609 [0.0124712688848] [0.338260680437]
0.1753659746609 [0.0124712688848] [0.338260680437]
0.1753659746609 [0.0124712688848] [0.338260680437]
0.1753659746609 [0.0124712688848] [0.338260680437]
0.1753659746609 [0.0124712688848] [0.338260680437]
0.320857539773 [0.303454399109] [0.338260680437]
0.31197883188700004 [0.285696983337] [0.338260680437]
0.29796943068500004 [0.257678180933] [0.338260680437]
0.284777753055 [0.231294825673] [0.338260680437]
0.2701551392675 [0.202049598098] [0.338260680437]
0.2554480433465 [0.172635406256] [0.338260680437]
0.23731867969050002 [0.136376678944] [0.338260680437]
0.21802369132635002 [0.0977867022157] [0.338260680437]
0.20517561957235 [0.0720905587077] [0.338260680437]
0.198327884078 [0.058395087719] [0.338260680437]
0.19509569555515002 [0.0519307106733] [0.338260680437]
0.19380970299240002 [0.0493587255478] [0.338260680437]
0.19318892434235002 [0.0481171682477] [0.338260680437]
0.19296688027675002 [0.0476730801165] [0.338260680437]
0.19265047274525002 [0.0470402650535] [0.338260680437]
0.19210680946705 [0.0459529384971] [0.338260680437]
0.19137468002730001 [0.0444886796176] [0.338260680437]
0.19067795760925002 [0.0430952347815] [0.338260680437]
0.1901562288403 [0.0420517772436] [0.338260680437]
0.1898374818265 [0.041414283216] [0.338260680437]
0.1896888762712 [0.0411170721054] [0.338260680437]
0.1897988133132 [0.0413369461894] [0.338260680437]
0.19051353260870002 [0.0427663847804] [0.338260680437]
0.19254978373640003 [0.0468388870358] [0.338260680437]
0.19698768295345 [0.0557146854699] [0.338260680437]
0.20398461073635002 [0.0697085410357] [0.338260680437]
0.20854386314745002 [0.0788270458579] [0.338260680437]
0.2056102342903 [0.0729597881436] [0.338260680437]
0.19951051473615 [0.0607603490353] [0.338260680437]
0.19451003521675 [0.0507593899965] [0.338260680437]
0.19156126491720002 [0.0448618493974] [0.338260680437]
0.19018180668350002 [0.04210293293] [0.338260680437]
0.18939068913455 [0.0405206978321] [0.338260680437]
0.18848992511625 [0.0387191697955] [0.338260680437]
0.18690806813535002 [0.0355554558337] [0.338260680437]
0.18479205295440002 [0.0313234254718] [0.338260680437]
0.18270255438980001 [0.0271444283426] [0.338260680437]
0.1810091203078 [0.0237575601786] [0.338260680437]
0.17970125935965 [0.0211418382823] [0.338260680437]
0.17866150848565002 [0.0190623365343] [0.338260680437]
0.17784574255345 [0.0174308046699] [0.338260680437]
0.17730010207740002 [0.0163395237178] [0.338260680437]
0.1771588400006 [0.0160569995642] [0.338260680437]
0.17743044719095002 [0.0166002139449] [0.338260680437]
0.17808074411000002 [0.017900807783] [0.338260680437]
0.17894240748135 [0.0196241345257] [0.338260680437]
0.17970490828150001 [0.021149136126] [0.338260680437]
0.18035078886890002 [0.0224408973008] [0.338260680437]
0.18077025748785003 [0.0232798345387] [0.338260680437]
0.18115127179765 [0.0240418631583] [0.338260680437]
0.1818990670144 [0.0255374535918] [0.338260680437]
0.18354341294610002 [0.0288261454552] [0.338260680437]
0.18598711304360002 [0.0337135456502] [0.338260680437]
0.18856693245465 [0.0388731844723] [0.338260680437]
0.1903710328042 [0.0424813851714] [0.338260680437]
0.19112603180105 [0.0439913831651] [0.338260680437]
0.19129619747395002 [0.0443317145109] [0.338260680437]
0.19105077907440002 [0.0438408777118] [0.338260680437]
0.19042057171460003 [0.0425804629922] [0.338260680437]
0.18901726230975002 [0.0397738441825] [0.338260680437]
0.1867329217493 [0.0352051630616] [0.338260680437]
0.18400782439855 [0.0297549683601] [0.338260680437]
0.1817342722788 [0.0252078641206] [0.338260680437]
0.18028418254105003 [0.0223076846451] [0.338260680437]
0.17970660980785003 [0.0211525391787] [0.338260680437]
0.17981421574945 [0.0213677510619] [0.338260680437]
0.1803270997479 [0.0223935190588] [0.338260680437]
0.1808305783197 [0.0234004762024] [0.338260680437]
0.18111941870300002 [0.023978156969] [0.338260680437]
0.18135572504250003 [0.024450769648] [0.338260680437]
0.18156051449475002 [0.0248603485525] [0.338260680437]
0.18176125548775002 [0.0252618305385] [0.338260680437]
0.18205846659835 [0.0258562527597] [0.338260680437]
0.1824683574959 [0.0266760345548] [0.338260680437]
0.1831086836755 [0.027956686914] [0.338260680437]
0.18420589901505002 [0.0301511175931] [0.338260680437]
0.1860183551907 [0.0337760299444] [0.338260680437]
0.18855006247755002 [0.0388394445181] [0.338260680437]
0.1913657430559 [0.0444708056748] [0.338260680437]
0.1923847738653 [0.0465088672936] [0.338260680437]
0.19165542721745002 [0.0450501739979] [0.338260680437]
0.19002844206985 [0.0417962037027] [0.338260680437]
0.18861217610535003 [0.0389636717737] [0.338260680437]
0.1876955404877 [0.0371304005384] [0.338260680437]
0.18709308281535 [0.0359254851937] [0.338260680437]
0.18640418536955 [0.0345476903021] [0.338260680437]
0.18573506548995 [0.0332094505429] [0.338260680437]
0.18510006740685 [0.0319394543767] [0.338260680437]
0.18440396245565002 [0.0305472444743] [0.338260680437]
0.18360334075985002 [0.0289460010827] [0.338260680437]
0.18293779529625 [0.0276149101555] [0.338260680437]
0.1825911523774 [0.0269216243178] [0.338260680437]
0.18262882065025002 [0.0269969608635] [0.338260680437]
0.18302945047615002 [0.0277982205153] [0.338260680437]
0.18358237203205002 [0.0289040636271] [0.338260680437]
0.18378691282120002 [0.0293131452054] [0.338260680437]
0.18367705494160003 [0.0290934294462] [0.338260680437]
0.18355815391985 [0.0288556274027] [0.338260680437]
0.18369315844025003 [0.0291256364435] [0.338260680437]
0.18400863744315002 [0.0297565944493] [0.338260680437]
0.1843546358868 [0.0304485913366] [0.338260680437]
0.18470642529425002 [0.0311521701515] [0.338260680437]
0.18525342643255002 [0.0322461724281] [0.338260680437]
0.1863208506256 [0.0343810208142] [0.338260680437]
0.1878991313278 [0.0375375822186] [0.338260680437]
0.1900059394538 [0.0417511984706] [0.338260680437]
0.19229164533315002 [0.0463226102293] [0.338260680437]
0.19358486868435001 [0.0489090569317] [0.338260680437]
0.19315918721255002 [0.0480576939881] [0.338260680437]
0.19137701950965003 [0.0444933585823] [0.338260680437]
