0.1969349198043 [0.0556091591716] [0.338260680437]
0.1950567141175 [0.051852747798] [0.338260680437]
0.19404728151855002 [0.0498338826001] [0.338260680437]
0.19353797845540002 [0.0488152764738] [0.338260680437]
0.19321098737415002 [0.0481612943113] [0.338260680437]
0.19301507808265 [0.0477694757283] [0.338260680437]
0.192990347743 [0.047720015049] [0.338260680437]
0.19312721118325002 [0.0479937419295] [0.338260680437]
0.19334354624150002 [0.048426412046] [0.338260680437]
0.19312132336195 [0.0479819662869] [0.338260680437]
0.1928933113813 [0.0475259423256] [0.338260680437]
0.19310999102885001 [0.0479593016207] [0.338260680437]
0.19400384463365 [0.0497470088303] [0.338260680437]
0.1956688370555 [0.053076993674] [0.338260680437]
0.1980647090822 [0.0578687377274] [0.338260680437]
0.20146420970555 [0.0646677389741] [0.338260680437]
0.20668653771275003 [0.0751123949885] [0.338260680437]
0.21372770518060002 [0.0891947299242] [0.338260680437]
0.22136140614750002 [0.104462131858] [0.338260680437]
0.2259720750155 [0.113683469594] [0.338260680437]
0.2066866010427 [0.0751125216484] [0.338260680437]
0.19665901549155002 [0.0550573505461] [0.338260680437]
0.19058121368285003 [0.0429017469287] [0.338260680437]
0.18716135434800002 [0.036062028259] [0.338260680437]
0.185869757086 [0.033478833735] [0.338260680437]
0.18618695251640002 [0.0341132245958] [0.338260680437]
0.18672667257485 [0.0351926647127] [0.338260680437]
0.18725330196315002 [0.0362459234893] [0.338260680437]
0.18754358775910002 [0.0368264950812] [0.338260680437]
0.18748051114375003 [0.0367003418505] [0.338260680437]
0.1871990524232 [0.0361374244094] [0.338260680437]
0.1867462228983 [0.0352317653596] [0.338260680437]
0.18580861948425 [0.0333565585315] [0.338260680437]
0.18580861948425 [0.0333565585315] [0.338260680437]
0.18580861948425 [0.0333565585315] [0.338260680437]
0.18563961610195 [0.0330185517669] [0.338260680437]
0.18570302240545 [0.0331453643739] [0.338260680437]
0.18592046201225002 [0.0335802435875] [0.338260680437]
0.18619349226350002 [0.03412630409] [0.338260680437]
0.1863565444946 [0.0344524085522] [0.338260680437]
0.18617564253505 [0.0340906046331] [0.338260680437]
0.18554084002965002 [0.0328209996223] [0.338260680437]
0.18445994053030002 [0.0306592006236] [0.338260680437]
0.18566315248605 [0.0330656245351] [0.338260680437]
0.18551885895425002 [0.0327770374715] [0.338260680437]
0.1844041133299 [0.0305475462228] [0.338260680437]
0.18364645726975 [0.0290322341025] [0.338260680437]
0.18430589418855 [0.0303511079401] [0.338260680437]
0.18422357644880002 [0.0301864724606] [0.338260680437]
0.18438787385815 [0.0305150672793] [0.338260680437]
0.18431189376855 [0.0303631071001] [0.338260680437]
0.1841676542535 [0.03007462807] [0.338260680437]
0.18440834898495 [0.0305560175329] [0.338260680437]
0.18535352312025002 [0.0324463658035] [0.338260680437]
0.18535352312025002 [0.0324463658035] [0.338260680437]
0.18535352312025002 [0.0324463658035] [0.338260680437]
0.18535352312025002 [0.0324463658035] [0.338260680437]
0.18535352312025002 [0.0324463658035] [0.338260680437]
0.18490661494430002 [0.0315525494516] [0.338260680437]
0.18481388874350002 [0.03136709705] [0.338260680437]
0.18647096492345 [0.0346812494099] [0.338260680437]
0.18929724767800002 [0.040333814919] [0.338260680437]
0.1928948294371 [0.0475289784372] [0.338260680437]
0.197216194123 [0.056171707809] [0.338260680437]
0.2022881247103 [0.0663155689836] [0.338260680437]
0.20829879865045 [0.0783369168639] [0.338260680437]
0.21529212221500002 [0.092323563993] [0.338260680437]
0.221670821309 [0.105080962181] [0.338260680437]
0.22537283226850002 [0.1124849841] [0.338260680437]
0.2233083583415 [0.108356036246] [0.338260680437]
0.22196146100750003 [0.105662241578] [0.338260680437]
0.22135129198450001 [0.104441903532] [0.338260680437]
