0.19681441411370001 [0.0553681477904] [0.338260680437]
0.18976521119470002 [0.0412697419524] [0.338260680437]
0.18641358613965 [0.0345664918423] [0.338260680437]
0.1848432011902 [0.0314257219434] [0.338260680437]
0.18390878662465002 [0.0295568928123] [0.338260680437]
0.18325064796950002 [0.028240615502] [0.338260680437]
0.18325064796950002 [0.028240615502] [0.338260680437]
0.18325064796950002 [0.028240615502] [0.338260680437]
0.18325064796950002 [0.028240615502] [0.338260680437]
0.18353508133435 [0.0288094822317] [0.338260680437]
0.18372701480980003 [0.0291933491826] [0.338260680437]
0.18342336546625002 [0.0285860504955] [0.338260680437]
0.18312818743285 [0.0279956944287] [0.338260680437]
0.18297059834 [0.027680516243] [0.338260680437]
0.1829433087259 [0.0276259370148] [0.338260680437]
0.18296621087935 [0.0276717413217] [0.338260680437]
0.18283094372595002 [0.0274012070149] [0.338260680437]
0.18243220727885 [0.0266037341207] [0.338260680437]
0.18195915315295003 [0.0256576258689] [0.338260680437]
0.1816474124789 [0.0250341445208] [0.338260680437]
0.18176905065770002 [0.0252774208784] [0.338260680437]
0.18192584719505 [0.0255910139531] [0.338260680437]
0.1820730650797 [0.0258854497224] [0.338260680437]
0.18187953718000002 [0.025498393923] [0.338260680437]
0.1812178045511 [0.0241749286652] [0.338260680437]
0.18100291490550002 [0.023745149374] [0.338260680437]
0.18091302551325 [0.0235653705895] [0.338260680437]
0.1808169977739 [0.0233733151108] [0.338260680437]
0.18065477069465002 [0.0230488609523] [0.338260680437]
0.18037323933090002 [0.0224857982248] [0.338260680437]
0.18008855916555 [0.0219164378941] [0.338260680437]
0.18000045511865 [0.0217402298003] [0.338260680437]
0.18020956590765003 [0.0221584513783] [0.338260680437]
0.1806718828156 [0.0230830851942] [0.338260680437]
0.1811895696446 [0.0241184588522] [0.338260680437]
0.18132575508205 [0.0243908297271] [0.338260680437]
0.18132575508205 [0.0243908297271] [0.338260680437]
0.18132575508205 [0.0243908297271] [0.338260680437]
0.18132575508205 [0.0243908297271] [0.338260680437]
0.18132575508205 [0.0243908297271] [0.338260680437]
0.18132575508205 [0.0243908297271] [0.338260680437]
0.18132575508205 [0.0243908297271] [0.338260680437]
0.18132575508205 [0.0243908297271] [0.338260680437]
0.18132575508205 [0.0243908297271] [0.338260680437]
0.18132575508205 [0.0243908297271] [0.338260680437]
0.18132575508205 [0.0243908297271] [0.338260680437]
0.18132575508205 [0.0243908297271] [0.338260680437]
0.18132575508205 [0.0243908297271] [0.338260680437]
0.17620960716155 [0.0141585338861] [0.338260680437]
0.17565369000655 [0.0130466995761] [0.338260680437]
0.17546113440765002 [0.0126615883783] [0.338260680437]
0.17553036101160002 [0.0128000415862] [0.338260680437]
0.17587619973340002 [0.0134917190298] [0.338260680437]
0.17646318860350002 [0.01466569677] [0.338260680437]
0.17723062727595001 [0.0162005741149] [0.338260680437]
0.17723062727595001 [0.0162005741149] [0.338260680437]
0.17723062727595001 [0.0162005741149] [0.338260680437]
0.17723062727595001 [0.0162005741149] [0.338260680437]
0.17723062727595001 [0.0162005741149] [0.338260680437]
0.17723062727595001 [0.0162005741149] [0.338260680437]
0.17702977918085 [0.0157988779247] [0.338260680437]
0.1769970413297 [0.0157334022224] [0.338260680437]
0.17725509312 [0.016249505803] [0.338260680437]
0.1780093526467 [0.0177580248564] [0.338260680437]
0.1794283399358 [0.0205959994346] [0.338260680437]
0.1815717630088 [0.0248828455806] [0.338260680437]
0.1815717630088 [0.0248828455806] [0.338260680437]
0.1815717630088 [0.0248828455806] [0.338260680437]
0.1815717630088 [0.0248828455806] [0.338260680437]
0.1815717630088 [0.0248828455806] [0.338260680437]
0.26746018975950003 [0.196659699082] [0.338260680437]
0.2762049362065 [0.214149191976] [0.338260680437]
0.28262477368100003 [0.226988866925] [0.338260680437]
0.2870090305805 [0.235757380724] [0.338260680437]
0.28963714838 [0.241013616323] [0.338260680437]
0.289577707648 [0.240894734859] [0.338260680437]
0.28680624812850003 [0.23535181582] [0.338260680437]
0.282529890537 [0.226799100637] [0.338260680437]
0.277289494872 [0.216318309307] [0.338260680437]
0.27077736705550004 [0.203294053674] [0.338260680437]
0.26285933703200004 [0.187457993627] [0.338260680437]
0.25496635586 [0.171672031283] [0.338260680437]
0.25140362978 [0.164546579123] [0.338260680437]
0.2489221841095 [0.159583687782] [0.338260680437]
0.24827940017 [0.158298119903] [0.338260680437]
0.2445750162005 [0.150889351964] [0.338260680437]
0.238236673176 [0.138212665915] [0.338260680437]
0.22684853151450002 [0.115436382592] [0.338260680437]
0.2190161719918 [0.0997716635466] [0.338260680437]
0.21330742537970002 [0.0883541703224] [0.338260680437]
0.2099839933216 [0.0817073062062] [0.338260680437]
0.20848414674395002 [0.0787076130509] [0.338260680437]
0.20768693462010002 [0.0771131888032] [0.338260680437]
0.2074664011597 [0.0766721218824] [0.338260680437]
0.20858579501505 [0.0789109095931] [0.338260680437]
0.2120050564408 [0.0857494324446] [0.338260680437]
0.2180996201932 [0.0979385599494] [0.338260680437]
0.2255932614205 [0.112925842404] [0.338260680437]
0.23120892420400002 [0.124157167971] [0.338260680437]
0.2318719401955 [0.125483199954] [0.338260680437]
0.2323908880355 [0.126521095634] [0.338260680437]
0.232934087515 [0.127607494593] [0.338260680437]
0.23852636665100002 [0.138792052865] [0.338260680437]
0.243184238672 [0.148107796907] [0.338260680437]
0.243452720344 [0.148644760251] [0.338260680437]
0.23864509165300002 [0.139029502869] [0.338260680437]
0.232499487698 [0.126738294959] [0.338260680437]
0.22763548046350002 [0.11701028049] [0.338260680437]
0.224445722997 [0.110630765557] [0.338260680437]
0.22206567227850002 [0.10587066412] [0.338260680437]
0.2196075990795 [0.100954517722] [0.338260680437]
0.2169478088617 [0.0956349372864] [0.338260680437]
0.21459877118465 [0.0909368619323] [0.338260680437]
0.21279501542445 [0.0873293504119] [0.338260680437]
0.21162315458055 [0.0849856287241] [0.338260680437]
0.21062632277605 [0.0829919651151] [0.338260680437]
0.20901345834130003 [0.0797662362456] [0.338260680437]
0.20777632668610002 [0.0772919729352] [0.338260680437]
0.20750743523235002 [0.0767541900277] [0.338260680437]
0.2088801041245 [0.079499527812] [0.338260680437]
0.21205923333760002 [0.0858577862382] [0.338260680437]
0.21682137623425002 [0.0953820720315] [0.338260680437]
0.22187620401400002 [0.105491727591] [0.338260680437]
0.22541856020700002 [0.112576439977] [0.338260680437]
0.2248232513665 [0.111385822296] [0.338260680437]
0.2209103927015 [0.103560104966] [0.338260680437]
0.21604779362675003 [0.0938349068165] [0.338260680437]
0.21185220032925 [0.0854437202215] [0.338260680437]
0.20861743763085 [0.0789741948247] [0.338260680437]
0.2065158449113 [0.0747710093856] [0.338260680437]
0.20551892369980002 [0.0727771669626] [0.338260680437]
0.20615192875260002 [0.0740431770682] [0.338260680437]
0.208506565541 [0.078752450645] [0.338260680437]
0.21208066865795 [0.0859006568789] [0.338260680437]
0.21608342975375 [0.0939061790705] [0.338260680437]
0.21802715212100002 [0.097793623805] [0.338260680437]
0.2179320901632 [0.0976034998894] [0.338260680437]
0.2152949608862 [0.0923292413354] [0.338260680437]
0.21107882633800001 [0.083896972239] [0.338260680437]
0.20683529973025 [0.0754099190235] [0.338260680437]
0.20379062369460002 [0.0693205669522] [0.338260680437]
0.20238538458940003 [0.0665100887418] [0.338260680437]
0.20243586972350003 [0.06661105901] [0.338260680437]
0.20329140499230003 [0.0683221295476] [0.338260680437]
0.2041336931288 [0.0700067058206] [0.338260680437]
0.20410087704655 [0.0699410736561] [0.338260680437]
0.20266009867185003 [0.0670595169067] [0.338260680437]
0.19995701499280003 [0.0616533495486] [0.338260680437]
0.19631013087925 [0.0543595813215] [0.338260680437]
0.19233296439045 [0.0464052483439] [0.338260680437]
0.18880244530735002 [0.0393442101777] [0.338260680437]
0.18637709692115 [0.0344935134053] [0.338260680437]
0.18543289974325 [0.0326051190495] [0.338260680437]
0.18582107871765002 [0.0333814769983] [0.338260680437]
