0.21435615420335002 [0.0904516279697] [0.338260680437]
0.21234619244930003 [0.0864317044616] [0.338260680437]
0.21032958850260003 [0.0823984965682] [0.338260680437]
0.207907795906 [0.077554911375] [0.338260680437]
0.20488955080505 [0.0715184211731] [0.338260680437]
0.20154894888395003 [0.0648372173309] [0.338260680437]
0.1984018348157 [0.0585429891944] [0.338260680437]
0.1958626080304 [0.0534645356238] [0.338260680437]
0.19371602870520002 [0.0491713769734] [0.338260680437]
0.19371602870520002 [0.0491713769734] [0.338260680437]
0.19371602870520002 [0.0491713769734] [0.338260680437]
0.19371602870520002 [0.0491713769734] [0.338260680437]
0.19371602870520002 [0.0491713769734] [0.338260680437]
0.19371602870520002 [0.0491713769734] [0.338260680437]
0.19371602870520002 [0.0491713769734] [0.338260680437]
0.19371602870520002 [0.0491713769734] [0.338260680437]
0.19371602870520002 [0.0491713769734] [0.338260680437]
0.19371602870520002 [0.0491713769734] [0.338260680437]
0.19371602870520002 [0.0491713769734] [0.338260680437]
0.19371602870520002 [0.0491713769734] [0.338260680437]
0.19371602870520002 [0.0491713769734] [0.338260680437]
0.19371602870520002 [0.0491713769734] [0.338260680437]
0.19371602870520002 [0.0491713769734] [0.338260680437]
0.20677551254625 [0.0752903446555] [0.338260680437]
0.19609280489380002 [0.0539249293506] [0.338260680437]
0.1886119879782 [0.0389632955194] [0.338260680437]
0.1841220101341 [0.0299833398312] [0.338260680437]
0.18168438225980002 [0.0251080840826] [0.338260680437]
0.1806183829903 [0.0229760855436] [0.338260680437]
0.1805501244962 [0.0228395685554] [0.338260680437]
0.18120808433735003 [0.0241554882377] [0.338260680437]
0.18120808433735003 [0.0241554882377] [0.338260680437]
0.18227033596480002 [0.0262799914926] [0.338260680437]
0.1832153489813 [0.0281700175256] [0.338260680437]
0.18393840640780001 [0.0296161323786] [0.338260680437]
0.18345754034815 [0.0286544002593] [0.338260680437]
0.1829502023756 [0.0276397243142] [0.338260680437]
0.18261660728600002 [0.026972534135] [0.338260680437]
0.18254791945215001 [0.0268351584673] [0.338260680437]
0.18282237462695 [0.0273840688169] [0.338260680437]
0.18352512735870002 [0.0287895742804] [0.338260680437]
0.18469037022435 [0.0311200600117] [0.338260680437]
0.18617760017510002 [0.0340945199132] [0.338260680437]
0.18763809837395 [0.0370155163109] [0.338260680437]
0.18850458599625003 [0.0387484915555] [0.338260680437]
0.18870604783290001 [0.0391514152288] [0.338260680437]
0.1893359459936 [0.0404112115502] [0.338260680437]
0.18920902721580002 [0.0401573739946] [0.338260680437]
0.1891175769269 [0.0399744734168] [0.338260680437]
0.18903723545370002 [0.0398137904704] [0.338260680437]
0.18908848427230002 [0.0399162881076] [0.338260680437]
0.18947946652765002 [0.0406982526183] [0.338260680437]
0.1904848963022 [0.0427091121674] [0.338260680437]
0.19222290255125002 [0.0461851246655] [0.338260680437]
0.1947205457836 [0.0511804111302] [0.338260680437]
0.19787383824580002 [0.0574869960546] [0.338260680437]
0.20120256021615002 [0.0641444399953] [0.338260680437]
0.20389540120955002 [0.0695301219821] [0.338260680437]
0.20485002920025003 [0.0714393779635] [0.338260680437]
0.20404798537490001 [0.0698352903128] [0.338260680437]
0.20262398943300003 [0.066987298429] [0.338260680437]
0.20199661701915 [0.0657325536013] [0.338260680437]
0.2016438879072 [0.0650270953774] [0.338260680437]
0.2012180835008 [0.0641754865646] [0.338260680437]
0.20051582902665002 [0.0627709776163] [0.338260680437]
0.19957990944380002 [0.0608991384506] [0.338260680437]
0.19847187586125 [0.0586830712855] [0.338260680437]
0.197416909039 [0.056573137641] [0.338260680437]
0.19662471115585 [0.0549887418747] [0.338260680437]
0.196174358949 [0.054088037461] [0.338260680437]
0.19562610238785 [0.0529915243387] [0.338260680437]
0.19468264654275003 [0.0511046126485] [0.338260680437]
0.19352242723105 [0.0487841740251] [0.338260680437]
0.1923014130443 [0.0463421456516] [0.338260680437]
0.19138108752665 [0.0445014946163] [0.338260680437]
0.19056951068335 [0.0428783409297] [0.338260680437]
0.18983535841105 [0.0414100363851] [0.338260680437]
0.1891618855297 [0.0400630906224] [0.338260680437]
0.18864470906550002 [0.039028737694] [0.338260680437]
0.18832184374330002 [0.0383830070496] [0.338260680437]
0.18826000578695 [0.0382593311369] [0.338260680437]
0.18832889758045002 [0.0383971147239] [0.338260680437]
0.18844952806825002 [0.0386383756995] [0.338260680437]
0.18838380463415 [0.0385069288313] [0.338260680437]
0.18805342726405 [0.0378461740911] [0.338260680437]
0.18775241635735002 [0.0372441522777] [0.338260680437]
0.18785484135145 [0.0374490022659] [0.338260680437]
0.188445424661 [0.038630168885] [0.338260680437]
0.18960407003755 [0.0409474596381] [0.338260680437]
0.1909772381186 [0.0436937958002] [0.338260680437]
0.1924144290387 [0.0465681776404] [0.338260680437]
0.19405079819260002 [0.0498409159482] [0.338260680437]
0.19605120085175 [0.0538417212665] [0.338260680437]
0.19908806122835002 [0.0599154420197] [0.338260680437]
0.2035168148577 [0.0687729492784] [0.338260680437]
0.20950525254005 [0.0807498246431] [0.338260680437]
0.21565187722440002 [0.0930430740118] [0.338260680437]
0.21839903667565003 [0.0985373929143] [0.338260680437]
0.22290464863200002 [0.107548616827] [0.338260680437]
0.22527317702750002 [0.112285673618] [0.338260680437]
0.22629732638600003 [0.114333972335] [0.338260680437]
0.22655546292650003 [0.114850245416] [0.338260680437]
0.226454619318 [0.114648558199] [0.338260680437]
0.2262894026935 [0.11431812495] [0.338260680437]
0.22601805627350002 [0.11377543211] [0.338260680437]
0.22563671320650003 [0.113012745976] [0.338260680437]
0.21474434062835002 [0.0912280008197] [0.338260680437]
0.21277572214600002 [0.087290763855] [0.338260680437]
0.21271860599515002 [0.0871765315533] [0.338260680437]
0.2121874168515 [0.086114153266] [0.338260680437]
0.20965990051625 [0.0810591205955] [0.338260680437]
0.2050819471478 [0.0719032138586] [0.338260680437]
0.19881555438035 [0.0593704283237] [0.338260680437]
0.19632114656265 [0.0543816126883] [0.338260680437]
0.19505650177595002 [0.0518523231149] [0.338260680437]
0.1944008544087 [0.0505410283804] [0.338260680437]
0.19393331371245 [0.0496059469879] [0.338260680437]
0.1935512479394 [0.0488418154418] [0.338260680437]
0.1934231854975 [0.048585690558] [0.338260680437]
0.19347747974095 [0.0486942790449] [0.338260680437]
0.1935159489512 [0.0487712174654] [0.338260680437]
0.19380318187175002 [0.0493456833065] [0.338260680437]
0.19208407215770001 [0.0459074638784] [0.338260680437]
0.18999705463645 [0.0417334288359] [0.338260680437]
0.1886926311999 [0.0391245819628] [0.338260680437]
0.18862248398360001 [0.0389842875302] [0.338260680437]
0.18991603702300003 [0.041571393609] [0.338260680437]
0.19233696907755002 [0.0464132577181] [0.338260680437]
0.19562947191295002 [0.0529982633889] [0.338260680437]
0.19863164797420002 [0.0590026155114] [0.338260680437]
0.20043849200005 [0.0626163035631] [0.338260680437]
0.2013203836977 [0.0643800869584] [0.338260680437]
0.20124138146635 [0.0642220824957] [0.338260680437]
0.20073097199195 [0.0632012635469] [0.338260680437]
0.2005790844559 [0.0628974884748] [0.338260680437]
0.20133908092970002 [0.0644174814224] [0.338260680437]
0.20329901576040002 [0.0683373510838] [0.338260680437]
0.20650466904040002 [0.0747486576438] [0.338260680437]
0.21111050620670002 [0.0839603319764] [0.338260680437]
0.2171647623181 [0.0960688441992] [0.338260680437]
0.223311088979 [0.108361497521] [0.338260680437]
0.2294314205645 [0.120602160692] [0.338260680437]
0.235294237733 [0.132327795029] [0.338260680437]
0.2398755550385 [0.14149042964] [0.338260680437]
0.24250776320700002 [0.146754845977] [0.338260680437]
0.24367072433250003 [0.149080768228] [0.338260680437]
0.2446875721215 [0.151114463806] [0.338260680437]
0.2451732754705 [0.152085870504] [0.338260680437]
0.2458161115645 [0.153371542692] [0.338260680437]
0.243858322501 [0.149455964565] [0.338260680437]
0.2402418777345 [0.142223075032] [0.338260680437]
