0.1797223091125 [0.021183937788] [0.338260680437]
0.1800246080383 [0.0217885356396] [0.338260680437]
0.18055624514815002 [0.0228518098593] [0.338260680437]
0.18115445040160003 [0.0240482203662] [0.338260680437]
0.18175709713245 [0.0252535138279] [0.338260680437]
0.18238920532165 [0.0265177302063] [0.338260680437]
0.18333846516905 [0.0284162499011] [0.338260680437]
0.18456805590535003 [0.0308754313737] [0.338260680437]
0.18581894226370002 [0.0333772040904] [0.338260680437]
0.18633528798815002 [0.0344098955393] [0.338260680437]
0.18609539978200001 [0.033930119127] [0.338260680437]
0.18562067672605 [0.0329806730151] [0.338260680437]
0.1854304410517 [0.0326002016664] [0.338260680437]
0.185667803511 [0.033074926585] [0.338260680437]
0.1860907375812 [0.0339207947254] [0.338260680437]
0.18628027290100002 [0.034299865365] [0.338260680437]
0.18607347831125 [0.0338862761855] [0.338260680437]
0.18551737256345002 [0.0327740646899] [0.338260680437]
0.18483059108255 [0.0314005017281] [0.338260680437]
0.18415967188770002 [0.0300586633384] [0.338260680437]
0.18350293766705 [0.0287451948971] [0.338260680437]
0.1826095068827 [0.0269583333284] [0.338260680437]
0.18153546378010002 [0.0248102471232] [0.338260680437]
0.18054236844180002 [0.0228240564466] [0.338260680437]
0.18003313336515 [0.0218055862933] [0.338260680437]
0.18048411142075002 [0.0227075424045] [0.338260680437]
0.18144444748755 [0.0246282145381] [0.338260680437]
0.1826308201998 [0.0270009599626] [0.338260680437]
0.18355111870910001 [0.0288415569812] [0.338260680437]
0.18379098828880003 [0.0293212961406] [0.338260680437]
0.18346395436670002 [0.0286672282964] [0.338260680437]
0.18289529345925 [0.0275299064815] [0.338260680437]
0.18223809171465002 [0.0262155029923] [0.338260680437]
0.18145439587530002 [0.0246481113136] [0.338260680437]
0.18046364374455 [0.0226666070521] [0.338260680437]
0.1799260191619 [0.0215913578868] [0.338260680437]
0.18003698997195 [0.0218132995069] [0.338260680437]
0.18143658060575002 [0.0246124807745] [0.338260680437]
0.1863274611532 [0.0343942418694] [0.338260680437]
0.20071624219415002 [0.0631718039513] [0.338260680437]
0.2459499910475 [0.153639301658] [0.338260680437]
0.255657888949 [0.173055097461] [0.338260680437]
0.2558261081575 [0.173391535878] [0.338260680437]
0.2474080622195 [0.156555444002] [0.338260680437]
0.23488488793350001 [0.13150909543] [0.338260680437]
0.223267581314 [0.108274482191] [0.338260680437]
0.21511948481200002 [0.091978289187] [0.338260680437]
0.21030346304175002 [0.0823462456465] [0.338260680437]
0.207894064486 [0.077527448535] [0.338260680437]
0.2071852535009 [0.0761098265648] [0.338260680437]
0.20806453749535 [0.0778683945537] [0.338260680437]
0.20852354913945 [0.0787864178419] [0.338260680437]
0.20754390954965002 [0.0768271386623] [0.338260680437]
0.20459426194425 [0.0709278434515] [0.338260680437]
0.20070146024225002 [0.0631422400475] [0.338260680437]
0.19637503288680003 [0.0544893853366] [0.338260680437]
0.19215648062525 [0.0460522808135] [0.338260680437]
0.18895806930955 [0.0396554581821] [0.338260680437]
0.1870653368532 [0.0358699932694] [0.338260680437]
0.18644670583305 [0.0346327312291] [0.338260680437]
0.18684563226995002 [0.0354305841029] [0.338260680437]
0.18774691224095003 [0.0372331440449] [0.338260680437]
0.18886788375670002 [0.0394750870764] [0.338260680437]
0.18776541203255 [0.0372701436281] [0.338260680437]
0.18511623330410001 [0.0319717861712] [0.338260680437]
0.18211891874665 [0.0259771570563] [0.338260680437]
0.17970313783730002 [0.0211455952376] [0.338260680437]
0.17811155971135 [0.0179624389857] [0.338260680437]
0.17729002982375003 [0.0163193792105] [0.338260680437]
0.17702197842295 [0.0157832764089] [0.338260680437]
0.17700680531555002 [0.0157529301941] [0.338260680437]
0.17689217394215 [0.0155236674473] [0.338260680437]
0.17642422672355002 [0.0145877730101] [0.338260680437]
0.1756664663553 [0.0130722522736] [0.338260680437]
0.17481735022735 [0.0113740200177] [0.338260680437]
0.174097800627305 [0.00993492081761] [0.338260680437]
0.17436392651865001 [0.0104671726003] [0.338260680437]
0.17461248487230002 [0.0109642893076] [0.338260680437]
0.1749674384482 [0.0116741964594] [0.338260680437]
0.1758153773844 [0.0133700743318] [0.338260680437]
0.17767671030010002 [0.0170927401632] [0.338260680437]
0.18101775553075 [0.0237748306245] [0.338260680437]
0.1853898223489 [0.0325189642608] [0.338260680437]
0.18887045420700002 [0.039480227977] [0.338260680437]
0.19108071550720002 [0.0439007505774] [0.338260680437]
0.19292942807075 [0.0475981757045] [0.338260680437]
0.19511394388970002 [0.0519672073424] [0.338260680437]
0.19730322435495 [0.0563457682729] [0.338260680437]
0.19880840927360002 [0.0593561381102] [0.338260680437]
0.19909518025810002 [0.0599296800792] [0.338260680437]
0.1987940482795 [0.059327416122] [0.338260680437]
0.1982978917658 [0.0583351030946] [0.338260680437]
0.19816534966225002 [0.0580700188875] [0.338260680437]
0.19882572814820001 [0.0593907758594] [0.338260680437]
0.20078986138100002 [0.063319042325] [0.338260680437]
0.20337614044545002 [0.0684916004539] [0.338260680437]
0.20435040071600002 [0.070440120995] [0.338260680437]
