0.2121494486925 [0.168532118201] [0.255766779184]
0.21683487296099999 [0.177902966738] [0.255766779184]
0.22126751393049998 [0.186768248677] [0.255766779184]
0.116320192814 [0.195152640343] [0.037487745285]
0.11956416629250001 [0.201145350933] [0.037982981652]
0.1223325859753 [0.205529659986] [0.0391355119646]
0.12417194433495 [0.208203822374] [0.0401400662959]
0.12542382068945002 [0.210707575083] [0.0401400662959]
0.12771226651945 [0.215284466743] [0.0401400662959]
0.13154101558045 [0.222941964865] [0.0401400662959]
0.13627543486645 [0.232410803437] [0.0401400662959]
0.14137272723045 [0.242605388165] [0.0401400662959]
0.14527575857945 [0.250411450863] [0.0401400662959]
0.14727369137095 [0.254407316446] [0.0401400662959]
0.14684148319045 [0.253542900085] [0.0401400662959]
0.1439935583623 [0.247277721763] [0.0407093949616]
0.1385065373031 [0.235789135098] [0.0412239395082]
0.13160807266835 [0.220800548792] [0.0424155965447]
0.12254654243585 [0.202677488327] [0.0424155965447]
0.11257654055935 [0.182737484574] [0.0424155965447]
0.10235958918935001 [0.162303581834] [0.0424155965447]
0.09271624311785 [0.143016889691] [0.0424155965447]
0.08417889103285 [0.125942185521] [0.0424155965447]
0.07776596024635 [0.113116323948] [0.0424155965447]
0.07338532805435 [0.104355059564] [0.0424155965447]
0.07077664136885 [0.099137686193] [0.0424155965447]
0.06863662600515 [0.0948576554656] [0.0424155965447]
0.06512007862325 [0.0878245607018] [0.0424155965447]
0.060455471277199996 [0.0784953460097] [0.0424155965447]
0.056220181286300006 [0.0700247660279] [0.0424155965447]
0.053722232580150006 [0.0650288686156] [0.0424155965447]
0.05290372297165 [0.0633918493986] [0.0424155965447]
0.0534880980849 [0.0645605996251] [0.0424155965447]
0.05495768040415 [0.0674997642636] [0.0424155965447]
0.05652120709415 [0.0706268176436] [0.0424155965447]
0.057359751313900004 [0.0723039060831] [0.0424155965447]
0.057343456894150005 [0.0722713172436] [0.0424155965447]
0.0568213164806 [0.0712270364165] [0.0424155965447]
0.056543804705099995 [0.0706720128655] [0.0424155965447]
0.0567902103066 [0.0711648240685] [0.0424155965447]
0.058006446808549994 [0.0735972970724] [0.0424155965447]
0.0605049058795 [0.0785942152143] [0.0424155965447]
0.0650172717869 [0.0876189470291] [0.0424155965447]
0.07162288203835 [0.100830167532] [0.0424155965447]
0.07964451238535 [0.116873428226] [0.0424155965447]
0.08661881461735 [0.13082203269] [0.0424155965447]
0.09059546515335 [0.138775333762] [0.0424155965447]
0.1882825121285 [0.13711835444] [0.239446669817]
0.1829780489205 [0.130176126957] [0.235779970884]
0.1748571395875 [0.119622632861] [0.230091646314]
0.1696822308 [0.11351557821] [0.22584888339]
0.168816447258 [0.112020462751] [0.225612431765]
0.170813649893 [0.112802177668] [0.228825122118]
0.172247517854 [0.112601496279] [0.231893539429]
0.168763183057 [0.105869531631] [0.231656834483]
0.16093016788365 [0.0937098637223] [0.228150472045]
0.15286349505175 [0.0815701931715] [0.224156796932]
0.14796643331635 [0.0735936686397] [0.222339197993]
0.14657590165735 [0.0693628564477] [0.223788946867]
0.14819864183644998 [0.0662852376699] [0.230112046003]
0.14830499514935 [0.0638241693377] [0.232785820961]
0.1473188176752 [0.0621835142374] [0.232454121113]
0.14675939269365001 [0.0619693882763] [0.231549397111]
0.1465934924779 [0.0621241554618] [0.231062829494]
0.14829050749525 [0.0628248900175] [0.233756124973]
0.14996211603295 [0.0645894184709] [0.235334813595]
0.15063209831695 [0.0671797096729] [0.234084486961]
0.15066782757629998 [0.0698763653636] [0.231459289789]
0.1513839140535 [0.072319060564] [0.230448767543]
0.1542895771564 [0.0754401311278] [0.233139023185]
0.15993060916665 [0.0798394680023] [0.240021750331]
0.16642135381685 [0.0846576988697] [0.248185008764]
0.1708695627747 [0.0884211435914] [0.253317981958]
0.1705547198654 [0.0887248963118] [0.252384543419]
0.1650841943922 [0.0851902738214] [0.244978114963]
0.15671222656945 [0.0792728513479] [0.234151601791]
0.14801906421785 [0.0723096504807] [0.223728477955]
0.14013183116935 [0.0666484236717] [0.213615238667]
0.13323595002295 [0.0635010078549] [0.202970892191]
0.1269818320869 [0.0613546222448] [0.192609041929]
0.12197771295925 [0.0606705620885] [0.18328486383]
0.11838519014405001 [0.0601545311511] [0.176615849137]
0.1162303946911 [0.0590031519532] [0.173457637429]
0.11548239737749999 [0.057212010026] [0.173752784729]
0.11469721421620001 [0.0550138130784] [0.174380615354]
0.1138308234514 [0.0529846474528] [0.17467699945]
0.11206596531 [0.051042187959] [0.173089742661]
0.10991259291745 [0.0494045391679] [0.170420646667]
0.10784224793309999 [0.0481266453862] [0.16755785048]
0.1064049582929 [0.0475487224758] [0.16526119411]
0.10575883276770001 [0.0480414517224] [0.163476213813]
0.10606391541645 [0.0500869266689] [0.162040904164]
0.10776615701625 [0.0539646707475] [0.161567643285]
0.11154626496129999 [0.0591188557446] [0.163973674178]
0.11695000901815 [0.0631369128823] [0.170763105154]
0.12319009006029999 [0.0648085325956] [0.181571647525]
0.12880821526055 [0.0642921030521] [0.193324327469]
0.13234547525645 [0.0637099742889] [0.200980976224]
0.13240016996839998 [0.0634073019028] [0.201393038034]
0.1308813281356 [0.0630328133702] [0.198729842901]
0.1310025751591 [0.0625008493662] [0.199504300952]
0.13320039957750002 [0.061678737402] [0.204722061753]
0.1378567274661 [0.0613143704832] [0.214399084449]
0.14543215557935 [0.0638121441007] [0.227052167058]
0.15466631576425 [0.0693783685565] [0.239954262972]
0.1640153899789 [0.0767074674368] [0.251323312521]
0.17124013602735 [0.0830058455467] [0.259474426508]
0.1748235449194 [0.0874088853598] [0.262238204479]
0.17607801407595 [0.0906530767679] [0.261502951384]
0.17763635516175 [0.0950311124325] [0.260241597891]
0.181780338287 [0.101466953754] [0.26209372282]
0.18990135565400001 [0.109915114939] [0.269887596369]
0.2014219090345 [0.118494078517] [0.284349739552]
0.2118893228475 [0.122240059078] [0.301538586617]
0.217902030796 [0.121109507978] [0.314694553614]
0.217382978648 [0.118961445987] [0.315804511309]
0.213567953557 [0.117654524744] [0.30948138237]
0.2047321386635 [0.115673072636] [0.293791204691]
0.2017619758845 [0.112507969141] [0.291015982628]
0.199005741626 [0.109130419791] [0.288881063461]
0.19833054021 [0.107640214264] [0.289020866156]
0.1996929496525 [0.106142878532] [0.293243020773]
0.20313667878500002 [0.10403572768] [0.30223762989]
