0.19583090394730002 [0.0534011274576] [0.338260680437]
0.19542764686045 [0.0525946132839] [0.338260680437]
0.19471592269835 [0.0511711649597] [0.338260680437]
0.1928507275879 [0.0474407747388] [0.338260680437]
0.1897026635706 [0.0411446467042] [0.338260680437]
0.1863797809928 [0.0344988815486] [0.338260680437]
0.18383126053955 [0.0294018406421] [0.338260680437]
0.18230046518145002 [0.0263402499259] [0.338260680437]
0.18161455076185 [0.0249684210867] [0.338260680437]
0.1814410248771 [0.0246213693172] [0.338260680437]
0.18143830634650002 [0.024615932256] [0.338260680437]
0.18137935362750002 [0.024498026818] [0.338260680437]
0.18122419714925 [0.0241877138615] [0.338260680437]
0.18101215455675002 [0.0237636286765] [0.338260680437]
0.1808126047253 [0.0233645290136] [0.338260680437]
0.18066057655955 [0.0230604726821] [0.338260680437]
0.1805547177791 [0.0228487551212] [0.338260680437]
0.18049454782155 [0.0227284152061] [0.338260680437]
0.18073796108360002 [0.0232152417302] [0.338260680437]
0.18139507994050003 [0.024529479444] [0.338260680437]
0.1823640009388 [0.0264673214406] [0.338260680437]
0.18301946204150002 [0.027778243646] [0.338260680437]
0.182721639052 [0.027182597667] [0.338260680437]
0.18180673196905 [0.0253527835011] [0.338260680437]
0.18101532105350002 [0.02376996167] [0.338260680437]
0.18064511753615 [0.0230295546353] [0.338260680437]
0.1804886292666 [0.0227165780962] [0.338260680437]
0.1803394882008 [0.0224182959646] [0.338260680437]
0.1801805980503 [0.0221005156636] [0.338260680437]
0.1800606437027 [0.0218606069684] [0.338260680437]
0.180107794702 [0.021954908967] [0.338260680437]
0.18029311485585 [0.0223255492747] [0.338260680437]
0.1805685795843 [0.0228764787316] [0.338260680437]
0.18076475616540003 [0.0232688318938] [0.338260680437]
0.18091438617555 [0.0235680919141] [0.338260680437]
0.18117188662285003 [0.0240830928087] [0.338260680437]
0.18178498372430002 [0.0253092870116] [0.338260680437]
0.18285249173635001 [0.0274443030357] [0.338260680437]
0.18408146686850002 [0.0299022533] [0.338260680437]
0.18498573265965002 [0.0317107848823] [0.338260680437]
0.18524226918810002 [0.0322238579392] [0.338260680437]
0.18519403971725001 [0.0321273989975] [0.338260680437]
0.18548383191225 [0.0327069833875] [0.338260680437]
0.18658799491820002 [0.0349153093994] [0.338260680437]
0.18833270855245002 [0.0384047366679] [0.338260680437]
0.19002633728085 [0.0417919941247] [0.338260680437]
0.1910883672535 [0.04391605407] [0.338260680437]
0.1915129330009 [0.0447651855648] [0.338260680437]
0.19158153608435002 [0.0449023917317] [0.338260680437]
0.1914979051798 [0.0447351299226] [0.338260680437]
0.19103523530060001 [0.0438097901642] [0.338260680437]
0.19042396545405002 [0.0425872504711] [0.338260680437]
0.18999781832095003 [0.0417349562049] [0.338260680437]
0.19027630798515002 [0.0422919355333] [0.338260680437]
0.19105620495970002 [0.0438517294824] [0.338260680437]
0.19237993471320003 [0.0464991889894] [0.338260680437]
0.19396375305945002 [0.0496668256819] [0.338260680437]
0.19547192566090002 [0.0526831708848] [0.338260680437]
0.19846370443695002 [0.0586667284369] [0.338260680437]
0.20197730138895 [0.0656939223409] [0.338260680437]
0.20135584101075002 [0.0644510015845] [0.338260680437]
0.20060761645430003 [0.0629545524716] [0.338260680437]
0.19988070242105002 [0.0615007244051] [0.338260680437]
0.19946391321715 [0.0606671459973] [0.338260680437]
0.19960141368205 [0.0609421469271] [0.338260680437]
0.2004707306623 [0.0626807808876] [0.338260680437]
0.20203672349450003 [0.065812766552] [0.338260680437]
0.2145108953118 [0.0907611101866] [0.338260680437]
0.22917904704800002 [0.120097413659] [0.338260680437]
0.244385406375 [0.150510132313] [0.338260680437]
0.258712403476 [0.179164126515] [0.338260680437]
0.273303039372 [0.208345398307] [0.338260680437]
0.288459047675 [0.238657414913] [0.338260680437]
0.30310681462300004 [0.267952948809] [0.338260680437]
0.3307394236325 [0.323218166828] [0.338260680437]
0.32304832339300005 [0.307835966349] [0.338260680437]
0.316415771842 [0.294570863247] [0.338260680437]
0.31093199551100004 [0.283603310585] [0.338260680437]
0.3061540722845 [0.274047464132] [0.338260680437]
0.301405504346 [0.264550328255] [0.338260680437]
0.296551182866 [0.254841685295] [0.338260680437]
0.2919765785335 [0.24569247663] [0.338260680437]
0.283659823239 [0.229058966041] [0.338260680437]
0.2716301456095 [0.204999610782] [0.338260680437]
0.25757899135350004 [0.17689730227] [0.338260680437]
0.244932077825 [0.151603475213] [0.338260680437]
0.2354540899395 [0.132647499442] [0.338260680437]
0.229863964021 [0.121467247605] [0.338260680437]
0.2275825366375 [0.116904392838] [0.338260680437]
0.226828020066 [0.115395359695] [0.338260680437]
0.22605079785 [0.113840915263] [0.338260680437]
0.22449359297750002 [0.110726505518] [0.338260680437]
0.2214269191025 [0.104593157768] [0.338260680437]
0.21813862025735 [0.0980165600777] [0.338260680437]
0.2154274359345 [0.092594191432] [0.338260680437]
0.2136426120996 [0.0890245437622] [0.338260680437]
0.21262103319165002 [0.0869813859463] [0.338260680437]
0.2119357809424 [0.0856108814478] [0.338260680437]
0.21087605878705 [0.0834914371371] [0.338260680437]
0.2093765735626 [0.0804924666882] [0.338260680437]
0.20764575526115 [0.0770308300853] [0.338260680437]
0.2059822194278 [0.0737037584186] [0.338260680437]
0.2045124880969 [0.0707642957568] [0.338260680437]
0.20241377130145002 [0.0665668621659] [0.338260680437]
0.19986231811340002 [0.0614639557898] [0.338260680437]
0.19758020713920002 [0.0568997338414] [0.338260680437]
0.19581049680705 [0.0533603131771] [0.338260680437]
0.19465065374965002 [0.0510406270623] [0.338260680437]
0.19407089985905002 [0.0498811192811] [0.338260680437]
0.19403082132335 [0.0498009622097] [0.338260680437]
0.1943550109863 [0.0504493415356] [0.338260680437]
0.1944198068231 [0.0505789332092] [0.338260680437]
0.19391859695310001 [0.0495765134692] [0.338260680437]
0.19363084621725002 [0.0490010119975] [0.338260680437]
0.19369410909710003 [0.0491275377572] [0.338260680437]
0.19407859258350002 [0.04989650473] [0.338260680437]
0.19467834755775001 [0.0510960146785] [0.338260680437]
0.19520140811795 [0.0521421357989] [0.338260680437]
0.1956511996686 [0.0530417189002] [0.338260680437]
0.19626284390685 [0.0542650073767] [0.338260680437]
0.19720622152085002 [0.0561517626047] [0.338260680437]
0.19813876040275002 [0.0580168403685] [0.338260680437]
0.19793114811180001 [0.0576016157866] [0.338260680437]
0.19548729807135 [0.0527139157057] [0.338260680437]
