0.010404335334919999 [0.00835797935724] [0.0124506913126]
0.01064785709605 [0.0084372786805] [0.0128584355116]
0.011148725636305 [0.00893458258361] [0.013362868689]
0.011453090235595 [0.00909528788179] [0.0138108925894]
0.01160627277567 [0.00890910066664] [0.0143034448847]
0.011666139587775001 [0.00852381344885] [0.0148084657267]
0.011832486838095 [0.00826171599329] [0.0154032576829]
0.012218099553115 [0.00832261051983] [0.0161135885864]
0.01289299549536 [0.00881331320852] [0.0169726777822]
0.013922847807425 [0.00972033292055] [0.0181253626943]
0.015232631471 [0.0108136096969] [0.0196516532451]
0.01678824052215 [0.0118268840015] [0.0217495970428]
0.018503267317999998 [0.0123932417482] [0.0246132928878]
0.02069812780245 [0.0127640487626] [0.0286322068423]
0.02370798029005 [0.0132061615586] [0.0342097990215]
0.02836115052925 [0.0143031245098] [0.0424191765487]
0.0359930638224 [0.0163914039731] [0.0555947236717]
0.04852562677115 [0.0200860034674] [0.0769652500749]
0.06887906230969999 [0.0258367173374] [0.111921407282]
0.09845238178975001 [0.0351783931255] [0.161726370454]
0.132399789989 [0.048531845212] [0.216267734766]
0.1371024101974 [0.0592830777168] [0.214921742678]
0.1223913207649 [0.0718718022108] [0.172910839319]
0.105380322784 [0.081824220717] [0.128936424851]
0.0930842347443 [0.0900558531284] [0.0961126163602]
0.08488961681724999 [0.0958768799901] [0.0739023536444]
0.0781970508397 [0.0978231802583] [0.0585709214211]
0.0718668382615 [0.0956793129444] [0.0480543635786]
0.06542420759795001 [0.0893563479185] [0.0414920672774]
0.05866341106595 [0.0796084627509] [0.037718359381]
0.05200204998255 [0.0684822425246] [0.0355218574405]
0.046421721577649996 [0.0585981458426] [0.0342452973127]
0.04248595424 [0.0513823628426] [0.0335895456374]
0.042291579768049994 [0.0512571148574] [0.0333260446787]
0.0418956466019 [0.0504797287285] [0.0333115644753]
0.038892960175850005 [0.0448983758688] [0.0328875444829]
0.03816547989845 [0.04463211447] [0.0316988453269]
0.0330245671794 [0.036063157022] [0.0299859773368]
0.0301271472126 [0.0319437496364] [0.0283105447888]
0.02822429966185 [0.029176581651] [0.0272720176727]
0.026678542606500003 [0.0261834338307] [0.0271736513823]
0.0254925685003 [0.0229780375957] [0.0280070994049]
0.0245503904298 [0.0201527345926] [0.028948046267]
0.023721553385249998 [0.0178303811699] [0.0296127256006]
0.02256304584445 [0.015916807577] [0.0292092841119]
0.02088358206675 [0.0142632210627] [0.0275039430708]
0.01911735767495 [0.0130688389763] [0.0251658763736]
0.0176599761471 [0.012367548421] [0.0229524038732]
0.016442081891 [0.0116690229625] [0.0212151408195]
0.01549434522165 [0.0109779136255] [0.0200107768178]
0.014775985386200001 [0.010278201662] [0.0192737691104]
0.014341986272469999 [0.00967793446034] [0.0190060380846]
0.014195776078845 [0.00920259300619] [0.0191889591515]
0.014176454395075 [0.00881069898605] [0.0195422098041]
0.014062759466469999 [0.00846081227064] [0.0196647066623]
0.013498498126845001 [0.00808865018189] [0.0189083460718]
0.012615426676330001 [0.00780322635546] [0.0174276269972]
0.011778803542265 [0.00757568329573] [0.0159819237888]
0.01116496371105 [0.0075039146468] [0.0148260127753]
0.011021778453135 [0.00778083130717] [0.0142627255991]
0.01116578420624 [0.00824927724898] [0.0140822911635]
0.01147115882486 [0.00878664571792] [0.0141556719318]
0.011678280774485 [0.00915875006467] [0.0141978114843]
0.011651178356275 [0.00928349699825] [0.0140188597143]
0.011550178751325 [0.00943599734455] [0.0136643601581]
0.01163507532329 [0.00990279391408] [0.0133673567325]
0.0119676492177 [0.0107440892607] [0.0131912091747]
0.0125177069567 [0.0120140183717] [0.0130213955417]
0.0130324987695 [0.0130923809484] [0.0129726165906]
0.01323641743515 [0.0134360911325] [0.0130367437378]
0.01327969226985 [0.0131494626403] [0.0134099218994]
0.01322398753835 [0.0122523466125] [0.0141956284642]
0.013444385491349999 [0.0113872457296] [0.0155015252531]
0.013996143825350001 [0.0106978192925] [0.0172944683582]
0.014496944844699999 [0.0102167818695] [0.0187771078199]
0.014817880932220001 [0.00995594542474] [0.0196798164397]
0.015002073254435 [0.00988660100847] [0.0201175455004]
0.015183014329499998 [0.0100312801078] [0.0203347485512]
0.015467776451250002 [0.010478165932] [0.0204573869705]
0.015913818962849997 [0.0112028028816] [0.0206248350441]
0.01648118393495 [0.0120647633448] [0.0208976045251]
0.017068499699199997 [0.0127644706517] [0.0213725287467]
0.0175195978954 [0.0131883602589] [0.0218508355319]
0.01772356871515 [0.0133515745401] [0.0220955628902]
0.01765512721615 [0.0133657688275] [0.0219444856048]
0.0175654129125 [0.0133658470586] [0.0217649787664]
0.01787059102205 [0.0137861166149] [0.0219550654292]
0.01872578449545 [0.0147400777787] [0.0227114912122]
0.019922956824300002 [0.0161933433264] [0.0236525703222]
0.0208507720381 [0.0175680462271] [0.0241334978491]
0.0205494929105 [0.0177646279335] [0.0233343578875]
0.01860895752905 [0.0160677600652] [0.0211501549929]
0.01579355495055 [0.0133711593226] [0.0182159505785]
0.01308295689525 [0.0109078502283] [0.0152580635622]
0.01127189863475 [0.0094570973888] [0.0130866998807]
0.01017942884938 [0.00869902130216] [0.0116598363966]
0.00958182429896 [0.00836960412562] [0.0107940444723]
0.009283968247465 [0.00826699845493] [0.01030093804]
0.009142917115234999 [0.00823392998427] [0.0100519042462]
0.009132041130225001 [0.00826368667185] [0.0100003955886]
0.009161571506415 [0.00822207145393] [0.0101010715589]
0.009223820641639999 [0.00813727732748] [0.0103103639558]
0.00919830985366 [0.00796073954552] [0.0104358801618]
0.00912109343335 [0.007742700167] [0.0104994866997]
0.009050688473525 [0.00765739241615] [0.0104439845309]
0.009071683511135 [0.00779506843537] [0.0103482985869]
0.009343497920794998 [0.00829564034939] [0.0103913554922]
0.010083266533905 [0.00922031700611] [0.0109462160617]
0.01154738711195 [0.0106601454318] [0.0124346287921]
0.01399318221955 [0.0128564881161] [0.015129876323]
0.01728782476855 [0.0155145777389] [0.0190610717982]
0.0205604415387 [0.0177457984537] [0.0233750846237]
0.02280060108755 [0.0188734531403] [0.0267277490348]
0.024143056012650002 [0.0193331558257] [0.0289529561996]
0.02500797994435 [0.019447285682] [0.0305686742067]
0.025917843915499998 [0.0197917949408] [0.0320438928902]
0.026886755600549997 [0.0203068144619] [0.0334666967392]
0.0282071242109 [0.0211174692959] [0.0352967791259]
0.029872138984500002 [0.0220889430493] [0.0376553349197]
0.0322622163221 [0.0232990477234] [0.0412253849208]
0.03556270711125 [0.0247527845204] [0.0463726297021]
0.03972699400035 [0.0264137443155] [0.0530402436852]
0.04453710932285 [0.0286051798612] [0.0604690387845]
