0.02623893972485 [0.0307511053979] [0.0217267740518]
0.0264450535178 [0.0300408899784] [0.0228492170572]
0.0261784316972 [0.027939369902] [0.0244174934924]
0.0253803655505 [0.0248521007597] [0.0259086303413]
0.0243032583967 [0.0217359419912] [0.0268705748022]
0.0233555259183 [0.0191906187683] [0.0275204330683]
0.0228095529601 [0.0172138661146] [0.0284052398056]
0.02285143639895 [0.0157146211714] [0.0299882516265]
0.0234877173789 [0.0145245315507] [0.0324509032071]
0.02453687321395 [0.013657046482] [0.0354166999459]
0.02599534764885 [0.0131994374096] [0.0387912578881]
0.0276471530087 [0.0129593769088] [0.0423349291086]
0.029066837858400002 [0.0127482851967] [0.0453853905201]
0.02899563871325 [0.0123202316463] [0.0456710457802]
0.02638078900055 [0.0115988561884] [0.0411627218127]
0.0227423668839 [0.0107987271622] [0.0346860066056]
0.02009927202015 [0.0102092511952] [0.0299892928451]
0.018690159078695 [0.00999180693179] [0.0273885112256]
0.0183011423796 [0.0101466439664] [0.0264556407928]
0.0184755576774 [0.010685108602] [0.0262660067528]
0.01891043316575 [0.011563481763] [0.0262573845685]
0.0194593332708 [0.0129277557135] [0.0259909108281]
0.0200613196939 [0.014711137861] [0.0254115015268]
0.02065964601935 [0.0165237803012] [0.0247955117375]
0.020996659062800002 [0.0178517960012] [0.0241415221244]
0.020953233353799998 [0.0183412451297] [0.0235652215779]
0.0207544146106 [0.0183523539454] [0.0231564752758]
0.02077858988195 [0.0184256117791] [0.0231315679848]
0.0215553836897 [0.0191917009652] [0.0239190664142]
0.023573198355750002 [0.0212090536952] [0.0259373430163]
0.0272272573784 [0.0248991884291] [0.0295553263277]
0.03239542618395 [0.0301546305418] [0.0346362218261]
0.03787209466095 [0.035896487534] [0.0398477017879]
0.04168414883315 [0.0402853004634] [0.0430829972029]
0.04349501244725 [0.0423092283309] [0.0446807965636]
0.04482625797395 [0.0425792075694] [0.0470733083785]
0.04589062184095 [0.0407040901482] [0.0510771535337]
0.0484351757914 [0.0388461239636] [0.0580242276192]
0.05325364693995 [0.0379686877131] [0.0685386061668]
0.059072969481299996 [0.0389773510396] [0.079168587923]
0.06598880141975 [0.0427162349224] [0.0892613679171]
0.07417861931025 [0.0491562373936] [0.0992010012269]
0.08373117260645 [0.0583757348359] [0.109086610377]
0.09302882105089999 [0.0664655342698] [0.119592107832]
0.100749451667 [0.071935005486] [0.129563897848]
0.1067387759685 [0.075405985117] [0.13807156682]
0.1119181029499 [0.0787329301238] [0.145103275776]
0.1177214793863 [0.0834852829576] [0.151957675815]
0.12378037348375001 [0.0892077460885] [0.158353000879]
0.1295475102961 [0.0962478592992] [0.162847161293]
0.1331466548145 [0.102594532073] [0.163698777556]
0.132804084569 [0.106059975922] [0.159548193216]
0.1264468990265 [0.103029690683] [0.14986410737]
0.11473293975019999 [0.0954122915864] [0.134053587914]
0.09594496339575 [0.0834245458245] [0.108465380967]
0.07607137411835 [0.0739564523101] [0.0781862959266]
0.06376343593 [0.0681026652455] [0.0594242066145]
0.0557681862265 [0.0615424476564] [0.0499939247966]
0.0482379216701 [0.0515187494457] [0.0449570938945]
0.040956145152449996 [0.0405292585492] [0.0413830317557]
0.035103265196050004 [0.0317583121359] [0.0384482182562]
0.0310495654121 [0.0261009763926] [0.0359981544316]
0.0285754362121 [0.0231037531048] [0.0340471193194]
0.027466124855000003 [0.022174673155] [0.032757576555]
0.027461471967399998 [0.0227241422981] [0.0321988016367]
0.02828786242755 [0.0241646822542] [0.0324110426009]
0.029612879268799998 [0.0259137395769] [0.0333120189607]
0.03108955267815 [0.0274190735072] [0.0347600318491]
0.0324439788237 [0.0283341426402] [0.0365538150072]
0.033518715761599996 [0.0285305250436] [0.0385069064796]
0.0343781840056 [0.0281515344977] [0.0406048335135]
0.0354135949165 [0.0278250202537] [0.0430021695793]
0.03759333398195 [0.028359124437] [0.0468275435269]
0.042056882754000005 [0.0306627005339] [0.0534510649741]
0.04985472746195001 [0.0360612384975] [0.0636482164264]
0.06193632259965 [0.0463447347283] [0.077527910471]
0.0782235823572 [0.0631623119116] [0.0932848528028]
0.09917135536675001 [0.0853894129395] [0.112953297794]
0.11802583187849999 [0.103746339679] [0.132305324078]
0.127856038511 [0.11048078537] [0.145231291652]
0.128913644701 [0.109828613698] [0.147998675704]
0.1262803301215 [0.109220921993] [0.14333973825]
0.122435115278 [0.108828574419] [0.136041656137]
0.1185203753415 [0.107855178416] [0.129185572267]
0.11605972796649999 [0.107885241508] [0.124234214425]
0.1151369214055 [0.108680784702] [0.121593058109]
0.11519104614850001 [0.109611034393] [0.120771057904]
0.11586539074749999 [0.110098160803] [0.121632620692]
0.11677062138899999 [0.1093300879] [0.124211154878]
0.11743180826300001 [0.107196249068] [0.127667367458]
0.11840175092250001 [0.105451524258] [0.131351977587]
0.11883648857500001 [0.10108358413] [0.13658939302]
0.10852314904325 [0.0772188827395] [0.139827415347]
0.08799054846155001 [0.0440982654691] [0.131882831454]
0.0679265093061 [0.0253823883832] [0.110470630229]
0.052121091634 [0.0174127221107] [0.0868294611573]
0.04226342123005 [0.0139557924122] [0.0705710500479]
0.0370460269041 [0.0121472449973] [0.0619448088109]
0.03490504063665 [0.0111837089062] [0.0586263723671]
0.034357687924099996 [0.010658771731] [0.0580566041172]
0.0344969201833 [0.010320328176] [0.0586735121906]
0.03463359270245 [0.0100380722433] [0.0592291131616]
0.03442555479705 [0.0098053663969] [0.0590457431972]
0.033956322353309996 [0.00965221505612] [0.0582604296505]
0.033459494821720004 [0.00958599708974] [0.0573329925537]
0.033195695374175 [0.00948714558035] [0.056904245168]
0.03317136038096 [0.00946980901062] [0.0568729117513]
0.03339017275721 [0.00942903198302] [0.0573513135314]
0.0338352951221 [0.0094149177894] [0.0582556724548]
0.034399013034999995 [0.0093829613179] [0.0594150647521]
0.034297164529585 [0.00911016762257] [0.0594841614366]
0.03227593470367 [0.00851720012724] [0.0560346692801]
0.02777236374093 [0.00738929305226] [0.0481554344296]
0.02299590641634 [0.00618874002248] [0.0398030728102]
0.01934454496951 [0.00541414879262] [0.0332749411464]
0.01721189334055 [0.0051119341515] [0.0293118525296]
0.016196928918355 [0.00511758029461] [0.0272762775421]
0.0158599896822 [0.0052700531669] [0.0264499261975]
0.01585869234988 [0.00552691938356] [0.0261904653162]
0.015889277681685 [0.00583008676767] [0.0259484685957]
0.01568203466011 [0.00612934213132] [0.0252347271889]
0.01532767433671 [0.00645566359162] [0.0241996850818]
0.014870718354375 [0.00679759914055] [0.0229438375682]
0.01431487384251 [0.00702371401712] [0.0216060336679]
0.013850270072015 [0.00723057659343] [0.0204699635506]
0.013747502816845 [0.00753706460819] [0.0199579410255]
0.01430612662809 [0.00805615726858] [0.0205560959876]
0.015641449484995 [0.00886568147689] [0.0224172174931]
0.0176728558727 [0.0100162951276] [0.0253294166178]
0.01993934717025 [0.0112519189715] [0.028626775369]
0.021669216454 [0.0121447443962] [0.0311936885118]
0.022434839047500002 [0.0124542172998] [0.0324154607952]
0.0225210930221 [0.0122614903376] [0.0327806957066]
0.022317952942099997 [0.0117514943704] [0.0328844115138]
0.0221751658246 [0.011149154976] [0.0332011766732]
0.022543664556 [0.0106515316293] [0.0344357974827]
0.0235496959649 [0.0102893477306] [0.0368100441992]
0.025290019810199998 [0.0101200416684] [0.040459997952]
0.0274790311232 [0.0101448651403] [0.0448131971061]
0.0284523651935 [0.0102357128635] [0.0466690175235]
0.026579692959800002 [0.0102757550776] [0.042883630842]
0.0229472918436 [0.0100103486329] [0.0358842350543]
0.01955157984046 [0.00945850089192] [0.029644658789]
0.01717928098516 [0.00893363822252] [0.0254249237478]
0.01585304830225 [0.0086709279567] [0.0230351686478]
0.015254838392124999 [0.00864441506565] [0.0218652617186]
0.015010719653225 [0.00872365850955] [0.0212977807969]
0.014961906243110001 [0.00894601922482] [0.0209777932614]
0.014909354969879999 [0.00910863280296] [0.0207100771368]
0.0148434517905 [0.0092552062124] [0.0204316973686]
0.01474003866315 [0.0093542188406] [0.0201258584857]
0.01464944379402 [0.00943126063794] [0.0198676269501]
0.01468825340271 [0.00952973216772] [0.0198467746377]
0.015070622786885 [0.00975213758647] [0.0203891079873]
0.01622084667905 [0.010367105715] [0.0220745876431]
0.01871083676815 [0.0116455834359] [0.0257760901004]
0.02375735295935 [0.0144177256152] [0.0330969803035]
0.0326046431437 [0.0190623421222] [0.0461469441652]
0.0409602439031 [0.0211651492864] [0.0607553385198]
0.0409508263692 [0.017609430477] [0.0642922222614]
0.03557358356195 [0.013892182149] [0.0572549849749]
0.03036793647335 [0.0114405779168] [0.0492952950299]
0.027113064657885 [0.00991342496127] [0.0443127043545]
0.02550829946996 [0.00961589813232] [0.0414007008076]
0.02405881369484 [0.00931257102638] [0.0388050563633]
0.022125950548785002 [0.00898614618927] [0.0352657549083]
0.0196864060126 [0.0082199787721] [0.0311528332531]
0.01747881062328 [0.00755553133786] [0.0274020899087]
0.015788708347814998 [0.00701458659023] [0.0245628301054]
0.01465935050508 [0.00659852614626] [0.0227201748639]
0.013991457875795001 [0.00638005789369] [0.0216028578579]
0.013680409872915 [0.00631109485403] [0.0210497248918]
0.013638975098715 [0.00640092231333] [0.0208770278841]
0.013775986619284999 [0.00659989006817] [0.0209520831704]
0.01413272065112 [0.00696919159964] [0.0212962497026]
0.014800447504975 [0.00760853569955] [0.0219923593104]
0.015844485256825 [0.00860654283315] [0.0230824276805]
0.0171206993982 [0.0099566783756] [0.0242847204208]
0.0177655392326 [0.0102008739486] [0.0253302045166]
0.01848721923305 [0.0104853669181] [0.026489071548]
0.0199744477868 [0.0108847655356] [0.029064130038]
0.02405755221845 [0.0132579915226] [0.0348571129143]
0.0328946663067 [0.0188266132027] [0.0469627194107]
0.050504134967950004 [0.0320915170014] [0.0689167529345]
0.0755542386323 [0.0567694120109] [0.0943390652537]
0.07454234920444999 [0.0600127615035] [0.0890719369054]
0.05023755133155 [0.04004310444] [0.0604319982231]
0.03403074387465 [0.02758047916] [0.0404810085893]
0.02607205696405 [0.0220734719187] [0.0300706420094]
0.02212588023395 [0.0193656682968] [0.0248860921711]
0.02009364962575 [0.0179225206375] [0.022264778614]
0.0192020619288 [0.0172675009817] [0.0211366228759]
