0.1154563575982 [0.184974581003] [0.0459381341934]
0.11486851610225 [0.185229092836] [0.0445079393685]
0.1125255655496 [0.182435289025] [0.0426158420742]
0.10837502591305 [0.176654756069] [0.0400952957571]
0.10331408679465 [0.169380381703] [0.0372477918863]
0.09861904196440001 [0.162250995636] [0.0349870882928]
0.09555747173715 [0.156494528055] [0.0346204154193]
0.09561697579904999 [0.153850495815] [0.0373834557831]
0.0996764749289 [0.155349969864] [0.0440029799938]
0.10155384428809999 [0.149561211467] [0.0535464771092]
0.09455124475065 [0.128149598837] [0.0609528906643]
0.08583322539905 [0.108058661222] [0.0636077895761]
0.07912364229560001 [0.0948072522879] [0.0634400323033]
0.07660092040899999 [0.0898341685534] [0.0633676722646]
0.0771073028445 [0.0888574197888] [0.0653571859002]
0.0753183476627 [0.0887757912278] [0.0618609040976]
0.0712115932256 [0.0892891064286] [0.0531340800226]
0.06453784182665 [0.0872667133808] [0.0418089702725]
0.05783708766105 [0.0819399803877] [0.0337341949344]
0.05072694085535 [0.0727020949125] [0.0287517867982]
0.0422606887296 [0.058039855212] [0.0264815222472]
0.034014090895649995 [0.0426467210054] [0.0253814607859]
0.02763580251485 [0.0312576815486] [0.0240139234811]
0.02407563943415 [0.0255349669605] [0.0226163119078]
0.02229560073465 [0.0227470267564] [0.0218441747129]
0.0215735137463 [0.0214636344463] [0.0216833930463]
0.0216428786516 [0.0211518257856] [0.0221339315176]
0.022105525247750002 [0.0212745554745] [0.022936495021]
0.022617869079100003 [0.021405166015] [0.0238305721432]
0.023194229230299998 [0.0213379878551] [0.0250504706055]
0.02408172376455 [0.020759286359] [0.0274041611701]
0.02498622983695 [0.019592192024] [0.0303802676499]
0.0258483150974 [0.0180339310318] [0.033662699163]
0.02659898158165 [0.0165057461709] [0.0366922169924]
0.02703944267705 [0.0153780626133] [0.0387008227408]
0.0271332017146 [0.0147409988567] [0.0395254045725]
0.027499755844449997 [0.0145935080945] [0.0404060035944]
0.02815832849595 [0.0146738048643] [0.0416428521276]
0.0290488936007 [0.0148551315069] [0.0432426556945]
0.03015204845 [0.0150016350672] [0.0453024618328]
0.031130454037300002 [0.0150104584172] [0.0472504496574]
0.031941728200749996 [0.0149410581216] [0.0489423982799]
0.03277178900315 [0.0149263488129] [0.0506172291934]
0.0339770899154 [0.0150598408654] [0.0528943389654]
0.0355792785995 [0.0154368830845] [0.0557216741145]
0.037962208502 [0.0162425022572] [0.0596819147468]
0.041436209343400005 [0.0176754873246] [0.0651969313622]
0.046453227289050006 [0.0195925328881] [0.07331392169]
0.0527416076511 [0.0213632844388] [0.0841199308634]
0.058015844784699996 [0.021367399022] [0.0946642905474]
0.0592446886003 [0.0190972909331] [0.0993920862675]
0.056936089880749996 [0.0163258407265] [0.097546339035]
0.05398146715015 [0.0144630353898] [0.0934998989105]
0.052007557824250004 [0.013714838773] [0.0903002768755]
0.0509968008846 [0.0139107964933] [0.0880828052759]
0.05066416226325 [0.0144761018455] [0.086852222681]
0.0508548403159 [0.0149572212249] [0.0867524594069]
0.0516351973638 [0.015190070495] [0.0880803242326]
0.0527169397101 [0.0152294095606] [0.0902044698596]
0.05354966269805 [0.0151468673721] [0.091952458024]
0.0534662241116 [0.0149648655206] [0.0919675827026]
0.052305478602649995 [0.0147087648511] [0.0899021923542]
0.05109846079725 [0.0145943136886] [0.0876026079059]
0.050942482426749994 [0.0148949287832] [0.0869900360703]
0.0525580961257 [0.0160264037549] [0.0890897884965]
0.05572344735265 [0.0184835866094] [0.0929633080959]
0.059847061522299995 [0.0229001361877] [0.0967939868569]
0.06346935406325001 [0.0291041433811] [0.0978345647454]
0.06394207291305 [0.0338075421751] [0.094076603651]
