0.0227984059602 [0.0236901268363] [0.0219066850841]
0.02300353627655 [0.0235679112375] [0.0224391613156]
0.023379739373899998 [0.0236662048846] [0.0230932738632]
0.02365764416755 [0.0235596429557] [0.0237556453794]
0.022980177775 [0.022145723924] [0.023814631626]
0.020754002966 [0.0193081088364] [0.0221998970956]
0.0184351578355 [0.0164202526212] [0.0204500630498]
0.01681227097285 [0.0142470085993] [0.0193775333464]
0.015931596513800002 [0.0127882743254] [0.0190749187022]
0.01566650206225 [0.0118410782889] [0.0194919258356]
0.0159235065803 [0.0112388487905] [0.0206081643701]
0.01660028938205 [0.0109284985811] [0.022272080183]
0.01763754710555 [0.0110483132303] [0.0242267809808]
0.0187562294304 [0.0115053169429] [0.0260071419179]
0.01959164021535 [0.0121165784076] [0.0270667020231]
0.02024122979495 [0.0127781387419] [0.027704320848]
0.02072122786195 [0.0134229194373] [0.0280195362866]
0.02141306269915 [0.0139688849449] [0.0288572404534]
0.0226857331581 [0.0146687449887] [0.0307027213275]
0.02524194214495 [0.0161025952548] [0.0343812890351]
0.029930250719199997 [0.0192269533873] [0.0406335480511]
0.0379587057978 [0.0255561619997] [0.0503612495959]
0.05129017308355 [0.038001395762] [0.0645789504051]
0.06998703815045 [0.0612397827208] [0.0787342935801]
0.08918791264295 [0.0947958007455] [0.0835800245404]
0.10045573115369999 [0.124644339085] [0.0762671232224]
0.10165786743170001 [0.138001471758] [0.0653142631054]
0.09446729905899999 [0.134908914566] [0.054025683552]
0.0821542982014 [0.119064830244] [0.0452437661588]
0.0690455362201 [0.0990501493216] [0.0390409231186]
0.0582147594541 [0.0811424180865] [0.0352871008217]
0.05123133771125 [0.0689412504435] [0.033521424979]
0.047306526452300005 [0.0616704411805] [0.0329426117241]
0.0451305732131 [0.0571660995483] [0.0330950468779]
0.0426129288971 [0.0512453988194] [0.0339804589748]
0.0380524676293 [0.0404182076454] [0.0356867276132]
0.03394672926515 [0.0297441910952] [0.0381492674351]
0.0308699021116 [0.0214045178145] [0.0403352864087]
0.028736410662549998 [0.0161394663155] [0.0413333550096]
0.02618001634255 [0.0126383053139] [0.0397217273712]
0.022829872555999997 [0.0103290919214] [0.0353306531906]
0.019242108799525 [0.00859587825835] [0.0298883393407]
0.016446273773925 [0.00735376775265] [0.0255387797952]
0.014516872586685001 [0.00657046446577] [0.0224632807076]
0.013236460974435 [0.00611152825877] [0.0203613936901]
0.012463171500695 [0.00588394608349] [0.0190423969179]
0.012044496834284999 [0.00577201135457] [0.018316982314]
0.01187828416006 [0.00572855118662] [0.0180280171335]
0.01181783783251 [0.00570351956412] [0.0179321561009]
0.01170032098888 [0.00567250326276] [0.017728138715]
0.01143555040472 [0.00567018194124] [0.0172009188682]
0.011057529598465 [0.00574249587953] [0.0163725633174]
0.01079803658648 [0.00594912003726] [0.0156469531357]
0.01083749649115 [0.0063043194823] [0.0153706735]
0.011305459775045 [0.00681466981769] [0.0157962497324]
0.012238360010095001 [0.00754728168249] [0.0169294383377]
0.013577762059870001 [0.00848598219454] [0.0186695419252]
0.01532844500617 [0.00971769634634] [0.020939193666]
0.01760908402505 [0.0113046318293] [0.0239135362208]
0.0205188593827 [0.0134055903181] [0.0276321284473]
0.0238112267107 [0.0160580687225] [0.0315643846989]
0.02588235121225 [0.0180868338794] [0.0336778685451]
0.025282423011950002 [0.0178726185113] [0.0326922275126]
0.023899754509350002 [0.0181769579649] [0.0296225510538]
0.0226200008765 [0.018214751035] [0.027025250718]
0.02217889390885 [0.0186003316194] [0.0257574561983]
0.022573386319 [0.019741198048] [0.02540557459]
0.023474406451 [0.0218542534858] [0.0250945594162]
0.0244454536587 [0.024627238512] [0.0242636688054]
0.02500293869525 [0.0270631797612] [0.0229426976293]
0.0245867650956 [0.0276644546539] [0.0215090755373]
0.02319261897355 [0.026030421257] [0.0203548166901]
0.0224079499021 [0.0252475105226] [0.0195683892816]
0.0218602586538 [0.0247560385615] [0.0189644787461]
0.0214510736987 [0.0243429820985] [0.0185591652989]
0.02136160526425 [0.0242989528924] [0.0184242576361]
0.0229320693761 [0.0270048622042] [0.018859276548]
0.02932085376235 [0.0387502424419] [0.0198914650828]
0.0298734679818 [0.038533128798] [0.0212138071656]
0.029466255567999998 [0.0364573411644] [0.0224751699716]
0.0273094093427 [0.0312372483313] [0.0233815703541]
0.02370846644045 [0.0234925355762] [0.0239243973047]
0.0206166887656 [0.0166377071291] [0.0245956704021]
0.0187892662361 [0.0124065093696] [0.0251720231026]
0.017388808541 [0.010077169165] [0.024700447917]
0.016432845499375 [0.00895192380995] [0.0239137671888]
0.015867291484005 [0.00841454323381] [0.0233200397342]
0.01525762304664 [0.00740507431328] [0.02311017178]
0.014878002926725 [0.00660425797105] [0.0231517478824]
0.01442241971383 [0.00589407095686] [0.0229507684708]
0.013824838446475 [0.00526106590405] [0.0223886109889]
0.01322600431738 [0.00481516867876] [0.021636839956]
0.012760795420029999 [0.00460544927046] [0.0209161415696]
0.012508999556295 [0.00459858775139] [0.0204194113612]
0.012401110958315 [0.00474534276873] [0.0200568791479]
0.012390039861225 [0.00500211678445] [0.019777962938]
0.01257583568804 [0.00538641726598] [0.0197652541101]
0.013109681662154999 [0.00597805436701] [0.0202413089573]
0.01412726310082 [0.00692545296624] [0.0213290732354]
0.015747219789754997 [0.00842193607241] [0.0230725035071]
0.0178854009137 [0.0103389564902] [0.0254318453372]
0.02080426039175 [0.0126072289422] [0.0290012918413]
0.0240656742826 [0.0142748598009] [0.0338564887643]
0.0266169318929 [0.0149083677679] [0.0383254960179]
0.02822908153755 [0.0151969892904] [0.0412611737847]
0.02977767866105 [0.0157508756965] [0.0438044816256]
0.030978994444 [0.0164091400802] [0.0455488488078]
0.030854499898850002 [0.0164948124439] [0.0452141873538]
0.0298604639247 [0.0161996688694] [0.04352125898]
0.02872598264365 [0.0159954447299] [0.0414565205574]
0.02778095938265 [0.0161643400788] [0.0393975786865]
0.02663143817335 [0.016338294372] [0.0369245819747]
0.02510259673 [0.0163022018969] [0.0339029915631]
0.0236976072192 [0.0162139702588] [0.0311812441796]
0.0225920751691 [0.0160004813224] [0.0291836690158]
0.02179256267845 [0.0158214829862] [0.0277636423707]
0.02120063547045 [0.0157872047275] [0.0266140662134]
0.02070490270855 [0.0160265658051] [0.025383239612]
0.020334120839799998 [0.0166891813278] [0.0239790603518]
0.02021113503725 [0.0177601277828] [0.0226621422917]
0.02055690903215 [0.0194218493998] [0.0216919686645]
0.02157818246635 [0.0215981695801] [0.0215581953526]
0.0229692319408 [0.0237253438681] [0.0222131200135]
0.0237758457661 [0.0246489774436] [0.0229027140886]
