0.0397298699245 [0.0278055723757] [0.0516541674733]
0.04407571442425 [0.0309062823653] [0.0572451464832]
0.050188601017 [0.0346548929811] [0.0657223090529]
0.06099852733315 [0.0392147861421] [0.0827822685242]
0.0792123079302 [0.0434770807624] [0.114947535098]
0.1011121161282 [0.0463863387704] [0.155837893486]
0.11463176459065 [0.0481497198343] [0.181113809347]
0.11992478556935 [0.0491806454957] [0.190668925643]
0.123224074021 [0.049717579037] [0.196730569005]
0.127453058958 [0.049703091383] [0.205203026533]
0.13108024187405 [0.0494777001441] [0.212682783604]
0.13416488096135 [0.0497091189027] [0.21862064302]
0.13251652196025002 [0.0503594353795] [0.214673608541]
0.12611600942884998 [0.0503225959837] [0.201909422874]
0.1141292434187 [0.0476893894374] [0.1805690974]
0.09650336950999999 [0.038965806365] [0.154040932655]
0.07754485495380001 [0.0265261270106] [0.128563582897]
0.06025612168015 [0.0173570103943] [0.103155232966]
0.046917071100350004 [0.0120813501999] [0.0817527920008]
0.038145403377700005 [0.0092232208699] [0.0670675858855]
0.033028545789415 [0.00766632147133] [0.0583907701075]
0.03046651324259 [0.00686488952488] [0.0540681369603]
0.029074575752000002 [0.0064517185092] [0.0516974329948]
0.028003439772855 [0.00620362628251] [0.0498032532632]
0.026870998321095 [0.00605781888589] [0.0476841777563]
0.025675427867089998 [0.00591236865148] [0.0454384870827]
0.024618266150369997 [0.00583075359464] [0.0434057787061]
0.023782278876755 [0.00576716568321] [0.0417973920703]
0.023213552776735 [0.00577845145017] [0.0406486541033]
0.022794467862685 [0.00589090120047] [0.0396980345249]
0.0222769144457 [0.0061884871684] [0.038365341723]
0.022053668741135 [0.00686064828187] [0.0372466892004]
0.022673479747015002 [0.00816509779543] [0.0371818616986]
0.024722930975250003 [0.0107327457517] [0.0387131161988]
0.0285487687215 [0.01577729173] [0.041320245713]
0.03424817603085 [0.0241836290807] [0.044312722981]
0.040337685495650005 [0.0343681238592] [0.0463072471321]
0.0441554244608 [0.0419639796019] [0.0463468693197]
0.04603937268255 [0.046840172261] [0.0452385731041]
0.04797033034265 [0.0514393001795] [0.0445013605058]
0.050844710320249994 [0.0576877593994] [0.0440016612411]
0.054458392784 [0.0652099996805] [0.0437067858875]
0.05824056454005 [0.0728824064136] [0.0435987226665]
0.0614698100835 [0.0791241750121] [0.0438154451549]
0.06464189849794999 [0.0840875580907] [0.0451962389052]
0.0695746950805 [0.0901156961918] [0.0490336939692]
0.0784839410337 [0.100265718997] [0.0567021630704]
0.0932876467706 [0.117541715503] [0.0690335780382]
0.11524510756135001 [0.144848510623] [0.0856417044997]
0.14024858921745 [0.181922987103] [0.0985741913319]
0.162774860859 [0.221408069134] [0.104141652584]
0.1634925715625 [0.226181417704] [0.100803725421]
0.14439320191755 [0.201365426183] [0.0874209776521]
0.1163357682524 [0.163670957088] [0.0690005794168]
0.09080067276949999 [0.128826662898] [0.052774682641]
0.0731085240843 [0.103644870222] [0.0425721779466]
0.06314148567615 [0.08794914186] [0.0383338294923]
0.0587822701782 [0.0792308077216] [0.0383337326348]
0.05798054113985 [0.0749757662416] [0.0409853160381]
0.0591560099274 [0.0735460743308] [0.044765945524]
0.06093763001265 [0.0733688846231] [0.0485063754022]
0.061755431816 [0.0718690380454] [0.0516418255866]
0.05885161459445 [0.0645062252879] [0.053197003901]
0.04963116161525 [0.0478439256549] [0.0514183975756]
0.0373175777495 [0.0301283672452] [0.0445067882538]
0.026805881410850003 [0.0183851122856] [0.0352266505361]
0.0199565794319 [0.0122587513179] [0.0276544075459]
0.01613379316405 [0.0092806359753] [0.0229869503528]
0.014346979092804999 [0.00793077517301] [0.0207631830126]
0.01388297905214 [0.00752484844998] [0.0202411096543]
0.014209561515615 [0.00778769049793] [0.0206314325333]
