0.0356239597313 [0.0152729516849] [0.0559749677777]
0.032292974181500005 [0.0150940064341] [0.0494919419289]
0.0268674301915 [0.0149082830176] [0.0388265773654]
0.0220796857029 [0.0148587618023] [0.0293006096035]
0.01903571002185 [0.0148608759046] [0.0232105441391]
0.0172583013773 [0.0146612226963] [0.0198553800583]
0.01613569865005 [0.0140754366294] [0.0181959606707]
0.0153475953266 [0.0133388843387] [0.0173563063145]
0.014956155326250001 [0.0128898797557] [0.0170224308968]
0.01502773258835 [0.0130994636565] [0.0169560015202]
0.01501036994155 [0.0130994636565] [0.0169212762266]
0.014925965107949999 [0.0130994636565] [0.0167524665594]
0.01489347964525 [0.0130994636565] [0.016687495634]
0.014881742186799999 [0.0130994636565] [0.0166640207171]
0.0147487958893 [0.0130994636565] [0.0163981281221]
0.0142806340009 [0.0130994636565] [0.0154618043453]
0.0135538135655 [0.0130994636565] [0.0140081634745]
0.0128567861393 [0.0130994636565] [0.0126141086221]
0.01230853144075 [0.0130994636565] [0.011517599225]
0.01190706714985 [0.0130994636565] [0.0107146706432]
0.011661230586450001 [0.0130994636565] [0.0102229975164]
0.011544948909410001 [0.0130994636565] [0.00999043416232]
0.01151228556407 [0.0130994636565] [0.00992510747164]
0.01153819169847 [0.0130994636565] [0.00997691974044]
0.0115698170848 [0.0130994636565] [0.0100401705131]
0.01158817484975 [0.0130994636565] [0.010076886043]
0.011598494369500001 [0.0130994636565] [0.0100975250825]
0.0115686575882 [0.0130994636565] [0.0100378515199]
0.044669856782985 [0.0794342383742] [0.00990547519177]
0.043245636858065 [0.0766796767712] [0.00981159694493]
0.04163428163155 [0.0732124969363] [0.0100560663268]
0.040432606358100004 [0.0697989314795] [0.0110662812367]
0.04040960595015 [0.0670775473118] [0.0137416645885]
0.04240808822215 [0.065015271306] [0.0198009051383]
0.04764644242825 [0.0631539300084] [0.0321389548481]
0.054934959858650004 [0.0614062026143] [0.048463717103]
0.05980973690745 [0.0598524212837] [0.0597670525312]
0.0606719441712 [0.0581921115518] [0.0631517767906]
0.0596798826009 [0.0553598664701] [0.0639998987317]
0.0569552201778 [0.0506976731122] [0.0632127672434]
0.05382560007275 [0.045925360173] [0.0617258399725]
0.0510278753936 [0.0422802083194] [0.0597755424678]
0.049004374071950005 [0.0393295660615] [0.0586791820824]
0.04801136814055 [0.0375748723745] [0.0584478639066]
0.047641105949899995 [0.0370903387666] [0.0581918731332]
0.0474565625191 [0.0374840795994] [0.0574290454388]
0.0473890416324 [0.0384734272957] [0.0563046559691]
0.0471852235496 [0.0395156554878] [0.0548547916114]
0.04694224335255 [0.0403834432364] [0.0535010434687]
0.047033879905949996 [0.04119181633] [0.0528759434819]
0.0478377379477 [0.0419509224594] [0.053724553436]
0.04832431301475 [0.0421647392213] [0.0544838868082]
0.044980512931950004 [0.0388484187424] [0.0511126071215]
0.03659194521605 [0.03021832183] [0.0429655686021]
0.027065924368800003 [0.0214108321816] [0.032721016556]
0.02071557939055 [0.015737708658] [0.0256934501231]
0.01697814371435 [0.0125053413212] [0.0214509461075]
0.014797839336099999 [0.0107352808118] [0.0188603978604]
0.013531702570615 [0.00978045351803] [0.0172829516232]
0.01267249369992 [0.00916181411594] [0.0161831732839]
0.012178044766185 [0.00878082681447] [0.0155752627179]
0.011994231026605 [0.00834867078811] [0.0156397912651]
0.011590798618265001 [0.00722738774493] [0.0159542094916]
0.011435088468705 [0.00652386015281] [0.0163463167846]
0.011321857804455 [0.00595372403041] [0.0166899915785]
0.011270909104489999 [0.00560622755438] [0.0169355906546]
0.011308932909740001 [0.00545829208568] [0.0171595737338]
0.01141834026204 [0.00542984064668] [0.0174068398774]
0.011651750188344998 [0.00550373736769] [0.017799763009]
0.012107428628945 [0.00568186957389] [0.018532987684]
0.012847070582195001 [0.00598348304629] [0.0197106581181]
0.01403624354861 [0.00641397712752] [0.0216585099697]
0.01567147369495 [0.0068953181617] [0.0244476292282]
0.01755450828931 [0.00731850368902] [0.0277905128896]
0.018637230154145 [0.00736733432859] [0.0299071259797]
0.017998888390155 [0.00709822447971] [0.0288995523006]
0.015698887640600002 [0.0065082279034] [0.0248895473778]
0.012318768771360001 [0.00586904818192] [0.0187684893608]
0.00936817144975 [0.005306083709] [0.0134302591905]
0.00780543498694 [0.00554198492318] [0.0100688850507]
0.006978942546995 [0.0056885285303] [0.00826935656369]
0.00653486070223 [0.00560553651303] [0.00746418489143]
0.006253319326785 [0.00532046006992] [0.00718617858365]
0.00614889198914 [0.00517857912928] [0.007119204849]
0.0061226731631949995 [0.00514515396208] [0.00710019236431]
0.006162449950355 [0.00527319032699] [0.00705170957372]
0.006239837501195 [0.00550975836813] [0.00696991663426]
0.006340238498525001 [0.00583508331329] [0.00684539368376]
0.00644058990292 [0.0061534717679] [0.00672770803794]
0.00658321985975 [0.0065511581488] [0.0066152815707]
0.006942509207875 [0.00720144947991] [0.00668356893584]
0.00792675698176 [0.00872709043324] [0.00712642353028]
0.010847926139855 [0.0134311029688] [0.00826474931091]
0.027909561526 [0.0453195162117] [0.0104996068403]
0.026894449722049997 [0.0394363254309] [0.0143525740132]
