0.0123263709247 [0.0123138371855] [0.0123389046639]
0.013242159504449999 [0.0136654665694] [0.0128188524395]
0.0127866556868 [0.0117979254574] [0.0137753859162]
0.012510167434795001 [0.00920792296529] [0.0158124119043]
0.013561130035655 [0.00725380051881] [0.0198684595525]
0.016781542450170002 [0.00606723316014] [0.0274958517402]
0.023116246797165 [0.00540846399963] [0.0408240295947]
0.032498054439214996 [0.00509874196723] [0.0598973669112]
0.04160349513402 [0.00502402475104] [0.078182965517]
0.046749061904825 [0.00509719364345] [0.0884009301662]
0.049214869271955 [0.00527020450681] [0.0931595340371]
0.052052528597395 [0.00546623207629] [0.0986388251185]
0.054268297739560004 [0.00541246123612] [0.103124134243]
0.056075031403324996 [0.00540549028665] [0.10674457252]
0.054098681546815006 [0.00536841340363] [0.10282894969]
0.045444906223565 [0.00529605988413] [0.085593752563]
0.033526131650410004 [0.00516762537882] [0.061884637922]
0.024047044571475003 [0.00505680870265] [0.0430372804403]
0.01831263047643 [0.00508450577036] [0.0315407551825]
0.01531348400748 [0.00535907642916] [0.0252678915858]
0.014157814672229999 [0.00603657914326] [0.0222790502012]
0.014184796484169999 [0.00711766118184] [0.0212519317865]
0.014903320930884999 [0.00846640765667] [0.0213402342051]
0.015772865619525 [0.00963340792805] [0.021912323311]
0.01643049810085 [0.010345524177] [0.0225154720247]
0.0167180350982 [0.0104739768431] [0.0229620933533]
0.01674200966955 [0.0103247240186] [0.0231592953205]
0.0166498022154 [0.0101445242763] [0.0231550801545]
0.01656808564435 [0.0100587541237] [0.023077417165]
0.01657845452425 [0.0102159641683] [0.0229409448802]
0.0168801648542 [0.0107579939067] [0.0230023358017]
0.017957603558899998 [0.0119646973908] [0.023950509727]
0.02018398512155 [0.0142422709614] [0.0261256992817]
0.0237967055291 [0.0179377365857] [0.0296556744725]
0.028651598840949997 [0.0230612233281] [0.0342419743538]
0.0334237106144 [0.0282726809382] [0.0385747402906]
0.036093049682699996 [0.0311906915158] [0.0409954078496]
0.0360366972163 [0.0311349574476] [0.040938436985]
0.0333106210455 [0.0284683164209] [0.0381529256701]
0.02784702088685 [0.0237164478749] [0.0319775938988]
0.021049167960849997 [0.018044674769] [0.0240536611527]
0.0154484077357 [0.0134299909696] [0.0174668245018]
0.011874321382449999 [0.0105450302362] [0.0132036125287]
0.010637030471100001 [0.0103993481025] [0.0108747128397]
0.010145502165 [0.0100875012577] [0.0102035030723]
0.009597941767425 [0.00958914589137] [0.00960673764348]
0.00901318108663 [0.00888800714165] [0.00913835503161]
0.008363835979255 [0.00798304285854] [0.00874462909997]
0.007658119313415 [0.00698814541101] [0.00832809321582]
0.006910684052855 [0.00601894920692] [0.00780241889879]
0.0058107783552249995 [0.00514600565657] [0.00647555105388]
0.005144708789885001 [0.00444866530597] [0.0058407522738]
0.004663457395505 [0.0038200719282] [0.00550684286281]
0.004381727427245 [0.0033815279603] [0.00538192689419]
0.00440973928198 [0.0033815279603] [0.00543795060366]
0.0046403366141 [0.0033815279603] [0.0058991452679]
0.005232809577135 [0.0033815279603] [0.00708409119397]
0.006432445254175 [0.0033815279603] [0.00948336254805]
0.05869810609165 [0.103961028159] [0.0134351840243]
0.06440312182550001 [0.114356271923] [0.014449971728]
0.06859088921905 [0.121889941394] [0.0152918370441]
0.0674707666039 [0.118955425918] [0.0159861072898]
0.060020399280149996 [0.103407144547] [0.0166336540133]
0.0499772084877 [0.0824698358774] [0.017484581098]
0.04198896326125 [0.0654278695583] [0.0185500569642]
0.0416637510061 [0.0541469417512] [0.029180560261]
0.043883988633749996 [0.0464472286403] [0.0413207486272]
0.04408220760525 [0.041138317436] [0.0470260977745]
0.04123005643485 [0.0375321693718] [0.0449279434979]
0.0371486376971 [0.0338794626296] [0.0404178127646]
0.03259376995265 [0.0292915664613] [0.035895973444]
0.0275245755911 [0.0237883627415] [0.0312607884407]
0.0228814780712 [0.0188848581165] [0.0268780980259]
0.019403479062 [0.0154606811702] [0.0233462769538]
0.0172252589837 [0.0135173685849] [0.0209331493825]
0.016132946591850002 [0.0126532772556] [0.0196126159281]
0.0157408155501 [0.012409651652] [0.0190719794482]
0.0157353957184 [0.0124563639984] [0.0190144274384]
0.01593116717415 [0.0126388864592] [0.0192234478891]
0.01629762817175 [0.0129652097821] [0.0196300465614]
0.0167260100134 [0.0133221438155] [0.0201298762113]
0.0171688320115 [0.0136116892099] [0.0207259748131]
0.0174529766664 [0.0136649347842] [0.0212410185486]
0.01786093739795 [0.0138218412176] [0.0219000335783]
0.01816824264825 [0.0137969572097] [0.0225395280868]
0.018529477994899998 [0.0138692473993] [0.0231897085905]
0.019250314682699998 [0.015020173043] [0.0234804563224]
0.020351810380850002 [0.0180287677795] [0.0226748529822]
0.0224621230736 [0.0244903117418] [0.0204339344054]
0.027877870947099998 [0.0376780219376] [0.0180777199566]
0.0404422851279 [0.0643430203199] [0.0165415499359]
0.0612370325253 [0.106505855918] [0.0159682091326]
0.0783921023829 [0.14080427587] [0.0159799288958]
0.0835524359717 [0.15109218657] [0.0160126853734]
0.08078561816365 [0.145918622613] [0.0156526137143]
0.07369028218064999 [0.132372424006] [0.0150081403553]
0.06519705941915001 [0.116198152304] [0.0141959665343]
0.058679063338550004 [0.103820174932] [0.0135379517451]
0.055266780778749997 [0.0974172204733] [0.0131163410842]
0.08913471223795 [0.165387004614] [0.0128824198619]
0.09341666055865 [0.174008071423] [0.0128252496943]
0.09789480455205 [0.182644024491] [0.0131455846131]
0.10529763950015 [0.196354269981] [0.0142410090193]
0.11190871614945 [0.207111150026] [0.0167062822729]
0.1182663030924 [0.215145543218] [0.0213870629668]
0.12408223655065001 [0.218565776944] [0.0295986961573]
0.13128075189905 [0.219784125686] [0.0427773781121]
0.1410216484221 [0.221252560616] [0.0607907362282]
0.15223925188190002 [0.224319651723] [0.0801588520408]
0.1610864773394 [0.226148054004] [0.0960249006748]
0.170852698386 [0.223259031773] [0.118446364999]
0.18356080353249998 [0.229175373912] [0.137946233153]
0.191386513412 [0.233763873577] [0.149009153247]
0.19531351327899998 [0.237472638488] [0.15315438807]
0.1958589479325 [0.238203912973] [0.153513982892]
0.195432938635 [0.236595138907] [0.154270738363]
0.1934022530915 [0.23202700913] [0.154777497053]
0.185785189271 [0.222962662578] [0.148607715964]
0.1530266702175 [0.18722525239] [0.118828088045]
0.10423649847505001 [0.127964168787] [0.0805088281631]
