0.1645404174926 0.164886582643 0.16544065997000001 0.1635237857698 0.1612664982677 0.15729980170745 0.153926998377 0.1523980051281 0.15010114386655 0.14833062887165 0.148402798921 0.14814459532500002 0.14510974287985 0.13889293372645 0.1269907653333 
0.1151867881418 0.1073595155031 0.10311666130995001 0.10194082371865 0.102689150721 0.1042295303198 0.10587369278085 0.10846839658935 0.1113257743416 0.112678743899 0.11462028697125 0.11843122914425 0.12490575388095 0.1347910910843 0.14847058244055 
0.16593127138925 0.1834220290182 0.1935636065901 0.19584999978525 0.1941498033702 0.19026612862964998 0.18196456879359998 0.16787790134555 0.1492413524536 0.1300716940312 0.11519837193175 0.1059378124776 0.10126221552485 0.09946519881495 0.09902314469225 
0.09717829711715001 0.09461079724155 0.0915429480372 0.08956157416105001 0.088013410568 0.08723071403815 0.08759716339410001 0.08982589468365 0.09488369896990001 0.10347910597900001 0.11527197435475 0.1273853071035 0.134999215603 0.1347075477245 0.1287388838825 
0.1221740320325 0.11883173882949999 0.118405457586 0.1200818903745 0.1227917708455 0.124295320362 0.12545023113499998 0.1263450793925 0.127659793943 0.1305169463155 0.1348731964825 0.139827184379 0.1467320024965 0.15716355294 0.173177070916 
0.1951931640505 0.217087112367 0.232882477343 0.2391994223 0.2410206720235 0.241829931736 0.242482095957 0.2344059124585 0.21993589401250002 0.203570216894 0.190524280071 0.18294361233700002 0.1793219447135 0.178334861994 0.17922613024700002 
0.18086472153650002 0.182237803936 0.18275413662200002 0.1828041374685 0.1830303780735 0.18447194993500002 0.1874010413885 0.191909350455 0.19844806566849998 0.2099885568025 0.2292585745455 0.2529140412805 0.2713950648905 0.27483849227449997 0.2642744034525 
0.253875181079 0.24369961768349999 0.23576737195250003 0.2305888608095 0.226690299809 0.22018707543599997 0.210963368416 0.1991338804365 0.1842450574045 0.17214163392749998 0.162382207811 0.154222138226 0.14698431268349998 0.1408903338015 0.13707450032250001 
0.136236667633 0.1370357349515 0.13749486208 0.1368553228675 0.135937102139 0.135946638882 0.13731871917799998 0.139961779118 0.1450757682325 0.1537743359805 0.1674698665735 0.187216296792 0.207285478711 0.222575224936 0.2331300824885 
0.24068145453950002 0.2456259727475 0.2466402724385 0.240656606853 0.233642712235 0.23199632763849998 0.2310422956945 0.22328680008649998 0.204385176301 0.17630058526999998 0.14613159745909998 0 0 0 0 
