0.0811627916992 0.0879160128536 0.09450874850165 0.10037516802560001 0.1046008206904 0.10671941563500001 0.10713383182899999 0.106179956347 0.10339015349725 0.09856465458855 0.09137711301439999 0.08429616875965 0.0783103816213 0.07431522198005 0.0716423019768 
0.0696007683873 0.06918135285395 0.07086813915515 0.0749890152367 0.08043841272579999 0.0862346859649 0.0925606703387 0.09847785811875 0.103850932792 0.10820086207245 0.11219036486020001 0.11652241926644999 0.12113015912465 0.12606873922035 0.13283494114885 
0.14134497009230002 0.1515839342028 0.16064909100525 0.16085178963835 0.1538725942372 0.1447416953741 0.13705439493069999 0.1323883868754 0.1332508884372 0.13694763556145 0.1386431455612 0.14066180214295 0.1416725553574 0.1393630802631 0.13312006369245 
0.12594616040575 0.12086097523565001 0.11778432503325001 0.11755920946590001 0.1185474321248 0.11894152685985002 0.1182307936253 0.1165941543879 0.11504603549835 0.11384138092425 0.11267543956630001 0.11147784255455 0.11005293577925 0.1092401277275 0.10970446653669999 
0.1112817134707 0.11353140324380001 0.11657585762455 0.1193067394199 0.12130463123304999 0.1217843573538 0.12126766704 0.12073481082905 0.1200485602022 0.1201085671781 0.12222374603139999 0.127793110907 0.1374871209265 0.150607191026 0.1653769686815 
0.177581422031 0.1860098391775 0.19010001421 0.1904870420695 0.1899820789695 0.1909359171985 0.1958206817505 0.2017580494285 0.2018353193995 0.1935807541015 0.18052179366350002 0.1669017001985 0.157349690795 0.151735339314 0.149256516248 
0.14612450823200002 0.14077058807005 0.13363755494365 0.12537652254105 0.11849620565749999 0.1150631420315 0.1155520677565 0.11990895867355 0.1277444362643 0.13887811079635 0.15260116755965 0.16607543081045 0.17603399232035 0.1797340922058 0.1757472865285 
0.16878052428375 0.160414535552 0.1532095484438 0.15029660612325002 0.1489980630578 0.1451696269215 0.13904689252395 0.13195610418905 0.12523230537775001 0.11987830325974999 0.11593882739565 0.11276877671475 0.1103574037552 0.10830263048390001 0.10711943358175 
0.10725840553640001 0.10932166501855001 0.1136412248017 0.11994017288065001 0.1278521567585 0.1357319131495 0.13957186788349998 0.1398609951135 0.1384216733275 0.13611257448800002 0.133683320135 0.132273543626 0.132060751319 0.1330221816895 0.1335464455185 
0.132696274668 0.1300655640665 0.1257245056329 0.12071853876104999 0.1177343800662 0.11759321764085 0.1201583035289 0.12459157034765 0.12753023579725 0.1275959648194 0.12319930270309999 0.11603138968365001 0.1084817796946 0.10290921852015 0.09901794977475 
0.0957390628754 0.09282845072439999 0.090508110821 0.08873699419225001 0 0 0 0 0 0 0 0 0 0 0 
