M B1 B2
0.0804154723884 [0.0413009300828] [0.119530014694]
0.0798368565736 [0.0395533889532] [0.120120324194]
0.07965258695205 [0.0375127308071] [0.121792443097]
0.08092704974105 [0.0355417691171] [0.126312330365]
0.08199964836234999 [0.0331406518817] [0.130858644843]
0.08151965308940001 [0.0297051612288] [0.13333414495]
0.07962616067370001 [0.0256470199674] [0.13360530138]
0.07787458971145 [0.0221346542239] [0.133614525199]
0.0765051990747 [0.0196095854044] [0.133400812745]
0.0763544095682 [0.0182447787374] [0.134464040399]
0.07668433524675 [0.0180654115975] [0.135303258896]
0.0773406000807 [0.0190783981234] [0.135602802038]
0.07903446257124999 [0.0211961865425] [0.1368727386]
0.08237114734954999 [0.0241131521761] [0.140629142523]
0.08770852163435 [0.0274382457137] [0.147978797555]
0.09634071402265001 [0.0316210202873] [0.161060407758]
0.09777221269885 [0.0313609726727] [0.164183452725]
0.09917593467975 [0.0308354292065] [0.167516440153]
0.10055422503515 [0.0303041432053] [0.170804306865]
0.1027023904026 [0.0302889421582] [0.175115838647]
0.10685326904065 [0.0316108316183] [0.182095706463]
0.114408871159 [0.035782661289] [0.193035081029]
0.127028791234 [0.045346301049] [0.208711281419]
0.1466934345665 [0.065728597343] [0.22765827179]
0.1767265498635 [0.107675656676] [0.245777443051]
0.22141429036850002 [0.184440717101] [0.258387863636]
0.2705537378785 [0.278599619865] [0.262507855892]
0.2705537378785 [0.278599619865] [0.262507855892]
0.2705537378785 [0.278599619865] [0.262507855892]
0.2705537378785 [0.278599619865] [0.262507855892]
0.2705537378785 [0.278599619865] [0.262507855892]
0.2705537378785 [0.278599619865] [0.262507855892]
0.2705537378785 [0.278599619865] [0.262507855892]
0.17355013638715 [0.278599619865] [0.0685006529093]
0.09522842615839999 [0.122098840773] [0.0683580115438]
0.09135731309674999 [0.111738942564] [0.0709756836295]
0.09121377766145 [0.106005355716] [0.0764221996069]
0.0938919112084 [0.104096256196] [0.0836875662208]
0.09807073697455 [0.104967787862] [0.0911736860871]
0.10234668105845 [0.107525445521] [0.0971679165959]
0.1057402901355 [0.110432825983] [0.101047754288]
0.10853036865599999 [0.114268645644] [0.102792091668]
0.1095187366005 [0.116167888045] [0.102869585156]
0.1084101349115 [0.11496694386] [0.101853325963]
0.10445072501899999 [0.108629345894] [0.100272104144]
0.10067918524130001 [0.0982560291886] [0.103102341294]
0.09609514474860001 [0.0864873677492] [0.105702921748]
0.09347709268335 [0.0777545571327] [0.109199628234]
0.0934237167237 [0.0730694532394] [0.113777980208]
0.0960147827862 [0.0716486126184] [0.120380952954]
0.09983332082605 [0.0717904344201] [0.127876207232]
0.10391050949675001 [0.0724758431315] [0.135345175862]
0.1074533946811 [0.0728519633412] [0.142054826021]
0.10925110429500001 [0.072827771306] [0.145674437284]
0.1096455268563 [0.0723486468196] [0.146942406893]
0.1097450628876 [0.0711148232222] [0.148375302553]
0.11062313988790001 [0.0691910162568] [0.152055263519]
0.1130226403473 [0.0674719810486] [0.158573299646]
0.11720349639660001 [0.0669673979282] [0.167439594865]
0.12111333385135001 [0.0686921849847] [0.173534482718]
0.12037616595605 [0.0726081803441] [0.168144151568]
0.11473935842535 [0.0774074345827] [0.152071282268]
0.1075192615392 [0.0825606137514] [0.132477909327]
0.10118939727525 [0.0864345133305] [0.11594428122]
0.09548790380370001 [0.0873856022954] [0.103590205312]
0.090486060828 [0.0867874771357] [0.0941846445203]
0.08680912107225 [0.0860984921455] [0.087519749999]
0.08474446833134999 [0.0862715095282] [0.0832174271345]
0.08342787250875 [0.08623983711] [0.0806159079075]
0.0819301493466 [0.0844440162182] [0.079416282475]
0.0806337110698 [0.0825882926583] [0.0786791294813]
0.07986034452915 [0.0813594087958] [0.0783612802625]
0.07947648689155 [0.0809517204762] [0.0780012533069]
0.07874600216745001 [0.0804718136787] [0.0770201906562]
0.0769551768899 [0.078454375267] [0.0754559785128]
0.07396579906345 [0.0737355947495] [0.0741960033774]
0.07085701823235 [0.0671849772334] [0.0745290592313]
0.06992915458975 [0.0612155087292] [0.0786428004503]
