M B1 B2
0.1346575021745 [0.108901560307] [0.160413444042]
0.1386378742755 [0.117082767189] [0.160192981362]
0.1447962373495 [0.124726817012] [0.164865657687]
0.148899696767 [0.128116622567] [0.169682770967]
0.1491957604885 [0.125575572252] [0.172815948725]
0.14481136947849998 [0.11913408339] [0.170488655567]
0.136818103492 [0.111947417259] [0.161688789725]
0.12731290236099999 [0.106106452644] [0.148519352078]
0.1173649318515 [0.101005025208] [0.133724838495]
0.10772880539310001 [0.0952023342252] [0.120255276561]
0.0982836410402 [0.0867607817054] [0.109806500375]
0.09115280956050001 [0.076314419508] [0.105991199613]
0.08705484867075 [0.0662976279855] [0.107812069356]
0.08629890158785 [0.0585844814777] [0.114013321698]
0.08790402486915 [0.0536367297173] [0.122171320021]
0.0902561731639 [0.0501690283418] [0.130343317986]
0.09223168715855 [0.0468667373061] [0.137596637011]
0.09450083598485 [0.0442168340087] [0.144784837961]
0.0971476770938 [0.0429615452886] [0.151333808899]
0.10178002156305 [0.0433333255351] [0.160226717591]
0.10731696151174999 [0.0436045490205] [0.171029374003]
0.11281857639575 [0.0432673841715] [0.18236976862]
0.1187573764472 [0.0417586900294] [0.195756062865]
0.1256312690675 [0.039770282805] [0.21149225533]
0.13392620533685 [0.0381384193897] [0.229713991284]
0.142131499946 [0.037285849452] [0.24697715044]
0.14798561856165002 [0.0370634123683] [0.258907824755]
0.14864885620784998 [0.0369151495397] [0.260382562876]
0.14494524709865 [0.0363399349153] [0.253550559282]
0.13997512124455 [0.0352458618581] [0.244704380631]
0.1351866424084 [0.0341698676348] [0.236203417182]
0.13138775713735001 [0.0333766825497] [0.229398831725]
0.12863246351455 [0.0327848345041] [0.224480092525]
0.12604939937615 [0.0321254581213] [0.219973340631]
0.1244613733145 [0.031518753618] [0.217403993011]
0.12528272811325 [0.0309294927865] [0.21963596344]
0.12755974102780002 [0.0310975108296] [0.224021971226]
0.13027185201625 [0.0325197428465] [0.228023961186]
0.13437836617255 [0.0349662899971] [0.233790442348]
0.13875503465525 [0.0378353223205] [0.23967474699]
0.1425408143549 [0.0407347418368] [0.244346886873]
0.1457507293669 [0.0436967425048] [0.247804716229]
0.1497236695138 [0.0477206520736] [0.251726686954]
0.15638221986575 [0.0541660524905] [0.258598387241]
0.17040156945585 [0.0642362758517] [0.27656686306]
0.1931055486203 [0.0768664479256] [0.309344649315]
0.21642606705429998 [0.0850187689066] [0.347833365202]
0.22543514892455 [0.0828198418021] [0.368050456047]
0.22794042527665 [0.0741171836853] [0.381763666868]
0.2266716435553 [0.0660430043936] [0.387300282717]
0.224542271346 [0.062335036695] [0.386749505997]
0.21817611530429998 [0.0611386969686] [0.37521353364]
0.21387609653175 [0.0616874955595] [0.366064697504]
0.2122331373394 [0.0626796409488] [0.36178663373]
0.20941771566865 [0.0629113018513] [0.355924129486]
0.20582255348545 [0.0625114068389] [0.349133700132]
0.20087783411155 [0.0617461875081] [0.340009480715]
0.19361753948015 [0.0607536770403] [0.32648140192]
0.1851205080748 [0.0601622760296] [0.31007874012]
0.175775844604 [0.060987867415] [0.290563821793]
0.16585264727475 [0.0647931322455] [0.266912162304]
0.15639302507045 [0.0734736099839] [0.239312440157]
0.14936767145975 [0.0881309732795] [0.21060436964]
0.146338943392 [0.108210645616] [0.184467241168]
0.146555811167 [0.130171477795] [0.162940144539]
0.14446482807400002 [0.143313422799] [0.145616233349]
0.1365492492915 [0.141680523753] [0.13141797483]
0.1230322644115 [0.126340821385] [0.119723707438]
0.108081035316 [0.104368932545] [0.111793138087]
0.09552272036655 [0.0848969295621] [0.106148511171]
0.08774538710715 [0.0716093555093] [0.103881418705]
0.0840176567435 [0.064137250185] [0.103898063302]
0.0827308874579 [0.0606501884758] [0.10481158644]
0.0823124479504 [0.0587585307658] [0.105866365135]
0.0825340375305 [0.056231290102] [0.108836784959]
0.0827506221833 [0.0520449504256] [0.113456293941]
0.08400135859855 [0.0471786335111] [0.120824083686]
