M B1 B2
0.07034981809560001 [0.0464482419193] [0.0942513942719]
0.071464849636 [0.0486783050001] [0.0942513942719]
0.07358021475375 [0.0529090352356] [0.0942513942719]
0.076752178371 [0.0592529624701] [0.0942513942719]
0.0810113362968 [0.0677712783217] [0.0942513942719]
0.08511666953565 [0.0759819447994] [0.0942513942719]
0.0873988904059 [0.0805463865399] [0.0942513942719]
0.08711979165675 [0.0799881890416] [0.0942513942719]
0.08494645729665 [0.0756415203214] [0.0942513942719]
0.0822852700949 [0.0703191459179] [0.0942513942719]
0.07972524687650001 [0.0651990994811] [0.0942513942719]
0.0777655411512 [0.0612796880305] [0.0942513942719]
0.076284006238 [0.0583166182041] [0.0942513942719]
0.0751297362149 [0.0560080781579] [0.0942513942719]
0.07428439334035 [0.0543173924088] [0.0942513942719]
0.0738409496844 [0.0534305050969] [0.0942513942719]
0.0736244171858 [0.0529974400997] [0.0942513942719]
0.10603323206315 [0.0522571727633] [0.159809291363]
0.1114929150791 [0.0511503182352] [0.171835511923]
0.115265697241 [0.050187766552] [0.18034362793]
0.1178521495312 [0.0499117039144] [0.185792595148]
0.11976553872205 [0.0506536439061] [0.188877433538]
0.12146764621140001 [0.0522391870618] [0.190696105361]
0.12335681915305 [0.0542557090521] [0.192457929254]
0.1256413795056 [0.0565900281072] [0.194692730904]
0.1282633021475 [0.059181496501] [0.197345107794]
0.13095738925065 [0.0622481890023] [0.199666589499]
0.13282811641700001 [0.065491437912] [0.200164794922]
0.1334593519569 [0.0688911825418] [0.198027521372]
0.14228833839315 [0.0725146457553] [0.212062031031]
0.14969746023414998 [0.0770958662033] [0.222299054265]
0.15255212411265 [0.0847602263093] [0.220344021916]
0.1516013368965 [0.100475475192] [0.202727198601]
0.1536469608545 [0.12928314507] [0.178010776639]
0.1631022170185 [0.172055333853] [0.154149100184]
0.179893091321 [0.22362793982] [0.136158242822]
0.1949753537775 [0.265163600445] [0.12478710711]
0.2031678743665 [0.289024829865] [0.117310918868]
0.2070915810765 [0.304088771343] [0.11009439081]
0.211393944919 [0.320294052362] [0.102493837476]
0.2149908058344 [0.333753943443] [0.0962276682258]
0.215993542224 [0.339421778917] [0.092565305531]
0.21439279988430002 [0.337191075087] [0.0915945246816]
0.2102429568769 [0.327790051699] [0.0926958620548]
0.20973484963175001 [0.324372947216] [0.0950967520475]
0.208416659385 [0.318686336279] [0.098146982491]
0.2058345898985 [0.309750556946] [0.101918622851]
0.20449864119299999 [0.302330046892] [0.106667235494]
0.204633042216 [0.295576870441] [0.113689213991]
0.2067887820305 [0.289310246706] [0.124267317355]
0.2122025936845 [0.285591423512] [0.138813763857]
0.21890366077450002 [0.283009052277] [0.154798269272]
0.2253594398495 [0.280490905046] [0.170227974653]
0.2302112355825 [0.273902237415] [0.18652023375]
0.23401967436100002 [0.260536760092] [0.20750258863]
0.23678252100949998 [0.239033579826] [0.234531462193]
0.233915530145 [0.207338437438] [0.260492622852]
0.2266863435505 [0.179453700781] [0.27391898632]
0.21802508086 [0.158052697778] [0.277997463942]
0.2099742218855 [0.143491432071] [0.2764570117]
0.2055961862205 [0.133900120854] [0.277292251587]
0.1976326704025 [0.125722706318] [0.269542634487]
0.1824536658825 [0.117127425969] [0.247779905796]
0.1616759486495 [0.107123799622] [0.216228097677]
0.13925565406695 [0.0992930755019] [0.179218232632]
0.1198514848949 [0.0939260870218] [0.145776882768]
0.10543349012754999 [0.0902407541871] [0.120626226068]
0.09510963782660001 [0.0875729173422] [0.102646358311]
0.088127464056 [0.0856365635991] [0.0906183645129]
0.08411480113865 [0.0846346616745] [0.0835949406028]
0.08332151919604999 [0.0851360708475] [0.0815069675446]
0.08541344478724999 [0.0875339284539] [0.0832929611206]
0.0898450762033 [0.0920300930738] [0.0876600593328]
0.09530778601765 [0.0986006185412] [0.0920149534941]
0.10011201351874999 [0.105719514191] [0.0945045128465]
0.10334823280595 [0.113159604371] [0.0935368612409]
0.10607421398139999 [0.121765941381] [0.0903824865818]
0.1094207465647 [0.131893187761] [0.0869483053684]
0.1152010448279 [0.14490634203] [0.0854957476258]
0.12257102504369999 [0.158063173294] [0.0870788767934]
0.12982537597425 [0.168313637376] [0.0913371145725]
0.1374725326894 [0.178007945418] [0.0969371199608]
0.1463455818595 [0.190969511867] [0.101721651852]
0.1569596976045 [0.209240213037] [0.104679182172]
0.1665600687265 [0.228004708886] [0.105115428567]
0.1674604304135 [0.231444269419] [0.103476591408]
0.1527260392905 [0.204001456499] [0.101450622082]
0.1323332637548 [0.164927959442] [0.0997385680676]
0.11518666893255 [0.131162285805] [0.0992110520601]
0.1052287220955 [0.108366072178] [0.102091372013]
0.10255565494315 [0.0938481986523] [0.111263111234]
0.10794381424784999 [0.0850839987397] [0.130803629756]
0.12047345936285 [0.0795543193817] [0.161392599344]
0.13393860682855002 [0.0759503468871] [0.19192686677]
0.13990475237345 [0.0739475190639] [0.205861985683]
0.13860865682385 [0.0730197429657] [0.204197570682]
0.13539334386605 [0.0723633468151] [0.198423340917]
0.1339708603919 [0.0704270675778] [0.197514653206]
0.1357658989727 [0.0657469406724] [0.205784857273]
0.13969589211045 [0.0585971362889] [0.220794647932]
0.1436767596752 [0.0513359196484] [0.236017599702]
0.14563781023035 [0.0463071018457] [0.244968518615]
0.1450425367801 [0.0446724109352] [0.245412662625]
0.1435560751704 [0.0466343350708] [0.24047781527]
0.14190340973444998 [0.0514758266509] [0.232330992818]
0.14048767648625 [0.0580609850585] [0.222914367914]
0.13827878609325 [0.0646463260055] [0.211911246181]
0.13510075584065 [0.0701513513923] [0.200050160289]
0.13314373791235 [0.0747662633657] [0.191521212459]
0.13458818197265 [0.0782207995653] [0.19095556438]
0.13912060484310002 [0.0803506150842] [0.197890594602]
0.14601082354765 [0.0810505598783] [0.210971087217]
0.15232348814585 [0.0806482359767] [0.223998740315]
0.15358851850025002 [0.0798921734095] [0.227284863591]
0.15435578674055 [0.0802603363991] [0.228451237082]
0.15685891360055 [0.0830166935921] [0.230701133609]
0.16063982620849998 [0.088228918612] [0.233050733805]
0.16430906578920002 [0.0941489711404] [0.234469160438]
0.16777949035145 [0.0990233719349] [0.236535608768]
0.169106706977 [0.101369306445] [0.236844107509]
0.16855655238 [0.101558886468] [0.235554218292]
0.16131183505070001 [0.0984165370464] [0.224207133055]
0.14147586748015 [0.0908478423953] [0.192103892565]
0.11187471076865 [0.0798365548253] [0.143912866712]
0.0833417735994 [0.0671541765332] [0.0995293706656]
0.06425165757535001 [0.0562098622322] [0.0722934529185]
0.05225135199725 [0.0476471371949] [0.0568555667996]
0.04514942131935 [0.0418596230447] [0.048439219594]
0.04105135425925 [0.0379688218236] [0.0441338866949]
