M B1 B2
0.133209235966 [0.134214773774] [0.132203698158]
0.12522951141 [0.129149481654] [0.121309541166]
0.1142175011335 [0.120281048119] [0.108153954148]
0.1000737547876 [0.107372991741] [0.0927745178342]
0.08503781631589999 [0.0928559601307] [0.0772196725011]
0.07209868729115 [0.0799177289009] [0.0642796456814]
0.062321081757549995 [0.0690625980496] [0.0555795654655]
0.05571625567975 [0.0601119101048] [0.0513206012547]
0.0516693480313 [0.0524824932218] [0.0508562028408]
0.04941704124215 [0.0458865463734] [0.0529475361109]
0.048014039173749995 [0.0402627028525] [0.055765375495]
0.04733296483755 [0.0359812453389] [0.0586846843362]
0.0471335798502 [0.0328857339919] [0.0613814257085]
0.047219944186499996 [0.0306760761887] [0.0637638121843]
0.0478091388941 [0.0290378853679] [0.0665803924203]
0.048827205784649996 [0.0275041032583] [0.070150308311]
0.05077010486275 [0.0258659217507] [0.0756742879748]
0.0541460411623 [0.0242151264101] [0.0840769559145]
0.05994793958965 [0.0229000411928] [0.0969958379865]
0.06874269805854999 [0.0221420861781] [0.115343309939]
0.079680806957 [0.021892471239] [0.137469142675]
0.09047753177580001 [0.0217183344066] [0.159236729145]
0.09917679335945 [0.0212860386819] [0.177067548037]
0.10503530781715 [0.0208127256483] [0.189257889986]
0.10983852297044999 [0.0205530077219] [0.199124038219]
0.1145453313367 [0.0208569485694] [0.208233714104]
0.11865838989615 [0.0216408595443] [0.215675920248]
0.12060064543015 [0.0227376315743] [0.218463659286]
0.12026307266224999 [0.0238824840635] [0.216643661261]
0.1199590116741 [0.0250338166952] [0.214884206653]
0.12081808410585 [0.0263019166887] [0.215334251523]
0.12203518394355001 [0.0281106997281] [0.215959668159]
0.12425431516044999 [0.0308293383569] [0.217679291964]
0.1280106212945 [0.034690182656] [0.221331059933]
0.13332658819865 [0.0396902374923] [0.226962938905]
0.13938593864419999 [0.0454804450274] [0.233291432261]
0.1454829182478 [0.0517907105386] [0.239175125957]
0.15138776227835 [0.0591465756297] [0.243628948927]
0.15836412087105 [0.0694238170981] [0.247304424644]
0.1681455820798 [0.0860592126846] [0.250231951475]
0.18177787959549999 [0.11236166954] [0.251194089651]
0.201117053628 [0.150540024042] [0.251694083214]
0.2245908081535 [0.193436443806] [0.255745172501]
0.238311164081 [0.218153312802] [0.25846901536]
0.2379119843245 [0.219203293324] [0.256620675325]
0.23239509761349997 [0.211486935616] [0.253303259611]
0.22422382980549999 [0.203546464443] [0.244901195168]
0.210973203182 [0.195837765932] [0.226108640432]
0.197491593659 [0.187701463699] [0.207281723619]
0.1850569471715 [0.179642155766] [0.190471738577]
0.1730864048005 [0.168201819062] [0.177970990539]
0.15905939787599999 [0.150634139776] [0.167484655976]
0.14319191873050002 [0.129059642553] [0.157324194908]
0.12774048745650002 [0.109318509698] [0.146162465215]
0.11545647680735 [0.0950467586517] [0.135866194963]
0.10711086913945 [0.0861498787999] [0.128071859479]
0.10152329504505 [0.0812166109681] [0.121829979122]
0.09804661199475001 [0.0789210647345] [0.117172159255]
0.09613502025625001 [0.0783141329885] [0.113955907524]
0.09637689217945 [0.0791986659169] [0.113555118442]
0.09867939352989999 [0.0810433402658] [0.116315446794]
0.1027314998208 [0.0834772884846] [0.121985711157]
0.10896906256665001 [0.0860300660133] [0.13190805912]
0.11587128043190001 [0.0874460488558] [0.144296512008]
0.1215122193096 [0.0880444645882] [0.154979974031]
0.12585133686675 [0.0888174548745] [0.162885218859]
0.12999326363215 [0.0909009948373] [0.169085532427]
0.1361909620463 [0.0963675156236] [0.176014408469]
0.1449898555875 [0.107540681958] [0.182439029217]
0.159366168082 [0.127034008503] [0.191698327661]
0.178389675915 [0.155921950936] [0.200857400894]
0.1970683038235 [0.191241294146] [0.202895313501]
0.2148298695685 [0.222290813923] [0.207368925214]
0.22006070613849998 [0.226720333099] [0.213401079178]
0.212530910969 [0.210493281484] [0.214568540454]
0.1953362822535 [0.187275514007] [0.2033970505]
0.1778732687235 [0.170277059078] [0.185469478369]
0.16204369068149999 [0.157883957028] [0.166203424335]
0.1500273868445 [0.149766981602] [0.150287792087]
0.144717514515 [0.146727561951] [0.142707467079]
0.14344576746249998 [0.146688446403] [0.140203088522]
0.144213683903 [0.147662490606] [0.1407648772]
0.14656490087500001 [0.1487172544] [0.14441254735]
0.14977396279549998 [0.149330690503] [0.150217235088]
0.15209564566599998 [0.149117216468] [0.155074074864]
0.15106329321849998 [0.147762402892] [0.154364183545]
0.1468575000765 [0.147247940302] [0.146467059851]
0.1410502567885 [0.14774236083] [0.134358152747]
0.136734634638 [0.149307742715] [0.124161526561]
0.135712761432 [0.152186155319] [0.119239367545]
0.138282105327 [0.156608641148] [0.119955569506]
0.1459164321425 [0.166394725442] [0.125438138843]
0.1580256447195 [0.181927844882] [0.134123444557]
0.1713517829775 [0.19874432683] [0.143959239125]
0.18460331857200002 [0.215894579887] [0.153312057257]
0.19246267527299998 [0.223889186978] [0.161036163568]
0.19159522652599997 [0.223057210445] [0.160133242607]
0.18552925437700002 [0.216014131904] [0.15504437685]
0.177842132747 [0.208308905363] [0.147375360131]
0.1715640947225 [0.203433632851] [0.139694556594]
0.165720500052 [0.198644921184] [0.13279607892]
0.15952258557100002 [0.189678832889] [0.129366338253]
0.153047814965 [0.176650419831] [0.129445210099]
0.145781770349 [0.160571455956] [0.130992084742]
