0.2238954901695 [0.074714243412] [0.373076736927]
0.1986784301698 [0.0588228330016] [0.338534027338]
0.179946688935 [0.049515184015] [0.310378193855]
0.1649166308343 [0.0430861636996] [0.286747097969]
0.1597679667173 [0.0373195037246] [0.28221642971]
0.1547285653649 [0.0323277190328] [0.277129411697]
0.14978078939 [0.028733599931] [0.270827978849]
0.1436866903679 [0.0261838007718] [0.261189579964]
0.13620745949425 [0.0239584855735] [0.248456433415]
0.1276575587689 [0.0214416012168] [0.233873516321]
0.11841555032865 [0.0189948696643] [0.217836230993]
0.1098577193917 [0.0170295611024] [0.202685877681]
0.10339800454699999 [0.015879098326] [0.190916910768]
0.09991219453515 [0.0153834037483] [0.184440985322]
0.0989762325771 [0.0153067121282] [0.182645753026]
0.09901088802145 [0.0153760230169] [0.182645753026]
0.09900230029595 [0.0153588475659] [0.182645753026]
0.0990309449844 [0.0154161369428] [0.182645753026]
0.0992171727121 [0.0157885923982] [0.182645753026]
0.09972562175245 [0.0168054904789] [0.182645753026]
0.10052011255175 [0.0183944720775] [0.182645753026]
0.1013843258843 [0.0201228987426] [0.182645753026]
0.1022146604955 [0.021783567965] [0.182645753026]
0.1031066067517 [0.0235674604774] [0.182645753026]
0.1044578170404 [0.0262698810548] [0.182645753026]
0.1065242541954 [0.0304027553648] [0.182645753026]
0.1097329519689 [0.0368201509118] [0.182645753026]
0.11454109847544999 [0.0464364439249] [0.182645753026]
0.12136887945235 [0.0600920058787] [0.182645753026]
0.1309320963919 [0.0792184397578] [0.182645753026]
0.14098224043845 [0.0993187278509] [0.182645753026]
0.14858688786649998 [0.114528022707] [0.182645753026]
0.1529073156415 [0.123168878257] [0.182645753026]
0.15517417341450002 [0.127702593803] [0.182645753026]
0.1536453962325 [0.124645039439] [0.182645753026]
0.1427956558765 [0.102945558727] [0.182645753026]
0.1273021325469 [0.0719585120678] [0.182645753026]
0.11530277878045 [0.0479598045349] [0.182645753026]
0.1078785639256 [0.0331113748252] [0.182645753026]
0.10353043302895 [0.0244151130319] [0.182645753026]
0.10111396946015 [0.0195821858943] [0.182645753026]
0.0998572707176 [0.0170687884092] [0.182645753026]
0.09930064342915 [0.0159555338323] [0.182645753026]
0.099138783291 [0.015631813556] [0.182645753026]
0.09913077624515 [0.0156157994643] [0.182645753026]
0.0990931247361 [0.0155404964462] [0.182645753026]
0.09896267717705 [0.0152796013281] [0.182645753026]
0.0986562729813 [0.0146667929366] [0.182645753026]
0.09831905784085 [0.0139923626557] [0.182645753026]
0.0980446287431 [0.0134435044602] [0.182645753026]
0.0979554275982 [0.0132651021704] [0.182645753026]
0.0981388967484 [0.0136320404708] [0.182645753026]
0.09875555709005 [0.0148653611541] [0.182645753026]
0.10001658368855 [0.0173874143511] [0.182645753026]
0.1021406687796 [0.0216355845332] [0.182645753026]
0.1052102278918 [0.0277747027576] [0.182645753026]
0.10876475460825 [0.0348837561905] [0.182645753026]
0.11174049973485001 [0.0408352464437] [0.182645753026]
0.11360152810810001 [0.0445573031902] [0.182645753026]
0.11460675112905 [0.0465677492321] [0.182645753026]
0.11549057625235 [0.0483353994787] [0.182645753026]
0.11676166020334999 [0.0508775673807] [0.182645753026]
0.11892747692765 [0.0552092008293] [0.182645753026]
0.1227453574538 [0.0628449618816] [0.182645753026]
0.1302064359188 [0.0777671188116] [0.182645753026]
0.144008051604 [0.105370350182] [0.182645753026]
0.165394425392 [0.148143097758] [0.182645753026]
0.188539944589 [0.194434136152] [0.182645753026]
0.2055190503595 [0.228392347693] [0.182645753026]
0.320339612663 [0.243462815881] [0.397216409445]
0.311545781791 [0.247138664126] [0.375952899456]
0.3003804832695 [0.228662699461] [0.372098267078]
0.2911755740645 [0.203805834055] [0.378545314074]
0.280846491456 [0.173890471458] [0.387802511454]
0.269535295665 [0.147793367505] [0.391277223825]
0.259090304375 [0.133086293936] [0.385094314814]
0.2466666959225 [0.123444400728] [0.369888991117]
0.2321850024165 [0.117258064449] [0.347111940384]
0.22144740819949998 [0.111915737391] [0.330979079008]
0.20573338121149998 [0.103720679879] [0.307746082544]
0.1996113993226 [0.0914767161012] [0.307746082544]
0.1871520094575 [0.075247310102] [0.299056708813]
0.17689245007915 [0.0612292401493] [0.292555660009]
0.17069683596515 [0.0509849712253] [0.290408700705]
0.16782751865675 [0.0449212528765] [0.290733784437]
0.16594949178405 [0.0418696366251] [0.290029346943]
0.16221436671915 [0.0410203002393] [0.283408433199]
0.15462987311175 [0.0414006747305] [0.267859071493]
0.14332977496095 [0.0423112176359] [0.244348332286]
0.13831099867820001 [0.0430774092674] [0.233544588089]
0.13726728595785 [0.0437142439187] [0.230820327997]
0.14002907089875 [0.0441277734935] [0.235930368304]
0.14448146894549999 [0.04417193681] [0.244791001081]
0.1508810222151 [0.0440265834332] [0.257735460997]
0.1869808640333 [0.0434787385166] [0.33048298955]
0.18615180440265 [0.0418206192553] [0.33048298955]
0.18487971089799998 [0.039276432246] [0.33048298955]
0.1840589866044 [0.0376349836588] [0.33048298955]
0.1836821157487 [0.0368812419474] [0.33048298955]
0.1835188232364 [0.0365546569228] [0.33048298955]
0.1834845263513 [0.0364860631526] [0.33048298955]
0.18355659022945 [0.0366301909089] [0.33048298955]
0.18366322293895 [0.0368434563279] [0.33048298955]
0.18373070843535 [0.0369784273207] [0.33048298955]
0.18368361145275 [0.0368842333555] [0.33048298955]
0.1834163200112 [0.0363496504724] [0.33048298955]
0.18294421769695 [0.0354054458439] [0.33048298955]
0.182398684323 [0.034314379096] [0.33048298955]
0.18189318850655 [0.0333033874631] [0.33048298955]
0.0680609252305 [0.032953325659] [0.103168524802]
0.0656979084015 [0.0339972227812] [0.0973985940218]
0.06614315137265 [0.0375934541225] [0.0946928486228]
0.0697385985404 [0.0458157993853] [0.0936613976955]
0.07802088931199999 [0.0624865889549] [0.0935551896691]
0.0930650047958 [0.0921016559005] [0.0940283536911]
0.1155370622875 [0.136325657368] [0.094748467207]
0.1392565444111 [0.183095872402] [0.0954172164202]
0.15445365756765 [0.212997555733] [0.0959097594023]
0.1556604206563 [0.215016692877] [0.0963041484356]
0.1453875564037 [0.194189727306] [0.0965853855014]
0.12927812337865 [0.161845937371] [0.0967103093863]
0.11346091330035 [0.133024409413] [0.0938974171877]
0.10352455824615 [0.114893630147] [0.0921554863453]
0.09856372699140001 [0.105188049376] [0.0919394046068]
0.0972579792142 [0.0999483913183] [0.0945675671101]
0.0989030525086 [0.0955701172352] [0.102235987782]
0.10361239686595 [0.0908553823829] [0.116369411349]
0.11050089821205 [0.0860694721341] [0.13493232429]
0.11303173378105 [0.0822484567761] [0.143815010786]
0.1133577190339 [0.0802690461278] [0.14644639194]
0.11239100247595 [0.0803319662809] [0.144450038671]
0.1110383868216 [0.0817130804062] [0.140363693237]
0.10913431271909999 [0.0824841931462] [0.135784432292]
0.10545152798315 [0.0801684185863] [0.13073463738]
0.10932378470905 [0.0761138349771] [0.142533734441]
0.10785377770669999 [0.0745756179094] [0.141131937504]
0.109363783151 [0.07738430053] [0.141343265772]
0.11820956319595 [0.0818178802729] [0.154601246119]
0.12179714441315 [0.0844969004393] [0.159097388387]
0.12599632143984998 [0.0862096250057] [0.165783017874]
0.1294590123 [0.086837656796] [0.172080367804]
0.13219873607170002 [0.0876358002424] [0.176761671901]
0.13396184891454999 [0.0880954861641] [0.179828211665]
0.13431195914740002 [0.0874962508678] [0.181127667427]
0.1334439069031 [0.0858560800552] [0.181031733751]
0.131365455687 [0.083349853754] [0.17938105762]
0.12699764966975 [0.0798327326775] [0.174162566662]
0.11700867861514999 [0.0751703828573] [0.158846974373]
0.1002093032003 [0.0662829875946] [0.134135618806]
0.0817764811217 [0.0561726763844] [0.107380285859]
0.06987987458705 [0.0491300672293] [0.0906296819448]
0.06226015463475 [0.0440942421556] [0.0804260671139]
0.05783644877374999 [0.0406617186964] [0.0750111788511]
0.056040225550500006 [0.0387045331299] [0.0733759179711]
0.05626609921455 [0.0377868488431] [0.074745349586]
0.05782846920195 [0.0373652018607] [0.0782917365432]
0.06001099944115 [0.0370601192117] [0.0829618796706]
0.06207485310735 [0.0367361716926] [0.0874135345221]
0.06342684291299999 [0.0364207215607] [0.0904329642653]
0.06349322944880001 [0.0362164825201] [0.0907699763775]
0.0616748705506 [0.0360063165426] [0.0873434245586]
0.061449831351650004 [0.0355831645429] [0.0873164981604]
0.06184399314225 [0.0349354110658] [0.0887525752187]
0.06413776986305 [0.0347146801651] [0.093560859561]
0.0699460860343 [0.0357197634876] [0.104172408581]
0.0810966175048 [0.0395823828876] [0.122610852122]
0.09779341332595 [0.0471498481929] [0.148436978459]
0.1149240341037 [0.0552546046674] [0.17459346354]
0.12129197828475 [0.0589342825115] [0.183649674058]
0.1205986663697 [0.0596850663424] [0.181512266397]
0.11648858711125 [0.0597257092595] [0.173251464963]
0.11148942634485001 [0.0603333488107] [0.162645503879]
0.1080891955644 [0.0618023909628] [0.154376000166]
0.1085048206149 [0.0635082945228] [0.153501346707]
0.11668125540035 [0.0650049746037] [0.168357536197]
0.19615377113225 [0.0666836723685] [0.325623869896]
0.19090541824675 [0.0686095282435] [0.31320130825]
0.191564325243 [0.069927342236] [0.31320130825]
0.18937280401565 [0.0655442997813] [0.31320130825]
0.1833609137682 [0.0535205192864] [0.31320130825]
0.17674911394694998 [0.0402969196439] [0.31320130825]
0.17252032645024998 [0.0318393446505] [0.31320130825]
