0.1020226608964 [0.0204554907978] [0.183589830995]
0.10134818032405 [0.0191065296531] [0.183589830995]
0.1006853375586 [0.0177808441222] [0.183589830995]
0.10007113590855 [0.0165524408221] [0.183589830995]
0.09954598825445 [0.0155021455139] [0.183589830995]
0.099131352734 [0.014672874473] [0.183589830995]
0.09883285081035001 [0.0140758706257] [0.183589830995]
0.09856382058955 [0.0135378101841] [0.183589830995]
0.09462557360515 [0.0129475668073] [0.176303580403]
0.09425896732120001 [0.0122143542394] [0.176303580403]
0.09389982698470001 [0.0114960735664] [0.176303580403]
0.09355635056255 [0.0108091207221] [0.176303580403]
0.09331041295065 [0.0103172454983] [0.176303580403]
0.09318781178430001 [0.0100720431656] [0.176303580403]
0.09325215034170001 [0.0102007202804] [0.176303580403]
0.0935241254045 [0.010744670406] [0.176303580403]
0.09395796013980001 [0.0116123398766] [0.176303580403]
0.09452616656185 [0.0127487527207] [0.176303580403]
0.0950951473786 [0.0138867143542] [0.176303580403]
0.0954938535577 [0.0146841267124] [0.176303580403]
0.09564583934825001 [0.0149880982935] [0.176303580403]
0.09559126570805 [0.0148789510131] [0.176303580403]
0.09547312883645001 [0.0146426772699] [0.176303580403]
0.09537340607480001 [0.0144432317466] [0.176303580403]
0.09525851486235 [0.0142134493217] [0.176303580403]
0.09506949316695 [0.0138354059309] [0.176303580403]
0.09487110935135 [0.0134386382997] [0.176303580403]
0.09470493113605001 [0.0131062818691] [0.176303580403]
0.09468084620295 [0.0130581120029] [0.176303580403]
0.09486172953605 [0.0134198786691] [0.176303580403]
0.09525559516605 [0.0142076099291] [0.176303580403]
0.0959005178882 [0.0154974553734] [0.176303580403]
0.0969070475547 [0.0175105147064] [0.176303580403]
0.09849943965655 [0.0206952989101] [0.176303580403]
0.10073906462625 [0.0251745488495] [0.176303580403]
0.10329059138880001 [0.0302776023746] [0.176303580403]
0.10471810773000001 [0.033132635057] [0.176303580403]
0.10314535908385 [0.0299871377647] [0.176303580403]
0.1003645937888 [0.0244256071746] [0.176303580403]
0.0985017521305 [0.020699923858] [0.176303580403]
0.0974941160528 [0.0186846517026] [0.176303580403]
0.09689300786685001 [0.0174824353307] [0.176303580403]
0.09654883481545 [0.0167940892279] [0.176303580403]
0.0964760789646 [0.0166485775262] [0.176303580403]
0.0962863741441 [0.0162691678852] [0.176303580403]
0.09599841013535 [0.0156932398677] [0.176303580403]
0.09601042885315 [0.0157172773033] [0.176303580403]
0.09629012178615001 [0.0162766631693] [0.176303580403]
0.09672229364500001 [0.017141006887] [0.176303580403]
0.0971863884477 [0.0180691964924] [0.176303580403]
0.09755232464505001 [0.0188010688871] [0.176303580403]
0.09783847071215 [0.0193733610213] [0.176303580403]
0.0982300303875 [0.020156480372] [0.176303580403]
0.09902523085460001 [0.0217468813062] [0.176303580403]
0.10075801704065 [0.0252124536783] [0.176303580403]
0.10492881387455 [0.0335540473461] [0.176303580403]
0.1140749808399 [0.0518463812768] [0.176303580403]
0.13395022600875 [0.0915968716145] [0.176303580403]
0.13476984947905002 [0.0932361185551] [0.176303580403]
0.1351566649972 [0.0940097495914] [0.176303580403]
0.1352966576813 [0.0942897349596] [0.176303580403]
0.1404329538345 [0.104562327266] [0.176303580403]
0.1432332880795 [0.110162995756] [0.176303580403]
0.14343301951850002 [0.110562458634] [0.176303580403]
0.1417840756475 [0.107264570892] [0.176303580403]
0.1400762088595 [0.103848837316] [0.176303580403]
0.140321265906 [0.104338951409] [0.176303580403]
0.204867694527 [0.10921869427] [0.300516694784]
0.216578677297 [0.115901321173] [0.317256033421]
0.2234612219035 [0.12049587816] [0.326426565647]
0.224871184677 [0.120311431587] [0.329430937767]
0.222961101681 [0.117002435029] [0.328919768333]
0.2208796553315 [0.11530648917] [0.326452821493]
0.219130888581 [0.116384118795] [0.321877658367]
0.221114516258 [0.120351374149] [0.321877658367]
0.2227207571265 [0.123563855886] [0.321877658367]
0.2232167087495 [0.124555759132] [0.321877658367]
0.2209686748685 [0.12005969137] [0.321877658367]
0.21468436718 [0.107491075993] [0.321877658367]
0.21498662978425 [0.0890877991915] [0.340885460377]
0.21434971317655002 [0.0700918957591] [0.358607530594]
0.21377021633095 [0.0564698986709] [0.371070533991]
0.21408373117435 [0.0484748780727] [0.379692584276]
0.21424056030799998 [0.04465450719] [0.383826613426]
0.2102015055715 [0.04368198663] [0.376721024513]
0.2105416059493 [0.0443621873856] [0.376721024513]
0.2110849767922 [0.0454489290714] [0.376721024513]
0.21153618209049999 [0.046351339668] [0.376721024513]
0.2116854023187 [0.0466497801244] [0.376721024513]
0.21141961589445 [0.0461182072759] [0.376721024513]
0.2109382804482 [0.0451555363834] [0.376721024513]
0.2103866096585 [0.044052194804] [0.376721024513]
0.21000106446435 [0.0432811044157] [0.376721024513]
0.20973189920175 [0.0427427738905] [0.376721024513]
0.20894790813315 [0.0411747917533] [0.376721024513]
0.2083373777567 [0.0399537310004] [0.376721024513]
0.2085319999604 [0.0403429754078] [0.376721024513]
0.20870367437589998 [0.0406863242388] [0.376721024513]
0.20855038054275 [0.0403797365725] [0.376721024513]
0.208273584023 [0.039826143533] [0.376721024513]
0.2081321161239 [0.0395432077348] [0.376721024513]
0.20824195630835 [0.0397628881037] [0.376721024513]
0.20863362960505 [0.0405462346971] [0.376721024513]
0.2090712804346 [0.0414215363562] [0.376721024513]
0.20936859399069999 [0.0420161634684] [0.376721024513]
0.20950217731285 [0.0422833301127] [0.376721024513]
0.2093890570103 [0.0420570895076] [0.376721024513]
0.20872735232105 [0.0407336801291] [0.376721024513]
0.20751611143339999 [0.0383111983538] [0.376721024513]
0.20619747042644998 [0.0356739163399] [0.376721024513]
0.20528286322939998 [0.0338447019458] [0.376721024513]
0.20564418844864998 [0.0345673523843] [0.376721024513]
0.20731147192405 [0.0379019193351] [0.376721024513]
0.20876345969725 [0.0408058948815] [0.376721024513]
0.20970262773325 [0.0426842309535] [0.376721024513]
0.2098754569887 [0.0430298894644] [0.376721024513]
0.20929733291254998 [0.0418736413121] [0.376721024513]
0.2084003407507 [0.0400796569884] [0.376721024513]
0.2077246289699 [0.0387282334268] [0.376721024513]
0.2076477911322 [0.0385745577514] [0.376721024513]
0.14449046924725 [0.0394499227405] [0.249531015754]
0.14527553319945 [0.0410200506449] [0.249531015754]
0.14658197015535 [0.0436329245567] [0.249531015754]
0.14851296879365 [0.0474949218333] [0.249531015754]
0.15167322754875 [0.0538154393435] [0.249531015754]
0.15517204068615 [0.0608130656183] [0.249531015754]
0.1573429591955 [0.065154902637] [0.249531015754]
