0.0429903510958 [0.0368631407619] [0.0491175614297]
0.0434749089181 [0.0379894264042] [0.048960391432]
0.0438479911536 [0.0388207249343] [0.0488752573729]
0.0436244159937 [0.0386226400733] [0.0486261919141]
0.04300807975235 [0.0380806103349] [0.0479355491698]
0.042031940072800006 [0.0372574031353] [0.0468064770103]
0.040291560813800004 [0.0361460149288] [0.0444371066988]
0.035820929333599996 [0.0339411646128] [0.0377006940544]
0.03019338194285 [0.0301602557302] [0.0302265081555]
0.025406050495799998 [0.0253741983324] [0.0254379026592]
0.022192112170149998 [0.0214893743396] [0.0228948500007]
0.02013129275295 [0.0187232680619] [0.021539317444]
0.0190415093675 [0.016881249845] [0.02120176889]
0.01853787526485 [0.0155602879822] [0.0215154625475]
0.018221761565650002 [0.0144073693082] [0.0220361538231]
0.0179838128388 [0.0134687814862] [0.0224988441914]
0.01781103620305 [0.0128575442359] [0.0227645281702]
0.01779280928895 [0.012669951655] [0.0229156669229]
0.017948709894 [0.0128292506561] [0.0230681691319]
0.0182429952547 [0.0131948962808] [0.0232910942286]
0.01854407368225 [0.0135411126539] [0.0235470347106]
0.018891615327449998 [0.0139035815373] [0.0238796491176]
0.01961325574665 [0.0145955942571] [0.0246309172362]
0.0215139994398 [0.0164595022798] [0.0265684965998]
0.026086748577649997 [0.0208665896207] [0.0313069075346]
0.0369815658778 [0.0312927663326] [0.042670365423]
0.061145972460549994 [0.0552039816976] [0.0670879632235]
0.1064058877525 [0.104519985616] [0.108291789889]
0.153444327414 [0.167355969548] [0.13953268528]
0.1710806712505 [0.201154068112] [0.141007274389]
0.17236077785499998 [0.208845183253] [0.135876372457]
0.1683092713355 [0.206580355763] [0.130038186908]
0.1626358143985 [0.200447782874] [0.124823845923]
0.155796121806 [0.192840456963] [0.118751786649]
0.149239081889 [0.185594156384] [0.112884007394]
0.144098088145 [0.180222839117] [0.107973337173]
0.134908307344 [0.168700575829] [0.101116038859]
0.1087363548576 [0.133163705468] [0.0843090042472]
0.07095785625275 [0.085573002696] [0.0563427098095]
0.05233155190945 [0.0497246347368] [0.0549384690821]
0.0417820736766 [0.0297515206039] [0.0538126267493]
0.0365519747138 [0.0197726264596] [0.053331322968]
0.0340145556256 [0.0147448386997] [0.0532842725515]
0.03262669499965 [0.0121808629483] [0.053072527051]
0.03145410493015 [0.010978538543] [0.0519296713173]
0.0300671826117 [0.0105645908043] [0.0495697744191]
0.028344301506899997 [0.0105603411794] [0.0461282618344]
0.0263658184558 [0.0107136033475] [0.0420180335641]
0.02649755217135 [0.0108132101595] [0.0421818941832]
0.027097160927950004 [0.0107951816171] [0.0433991402388]
0.028020254802 [0.0106577938423] [0.0453827157617]
0.029651938006299998 [0.0104477219284] [0.0488561540842]
0.0350094870664 [0.0102858850732] [0.0597330890596]
0.1127025880849 [0.0103468345478] [0.215058341622]
0.11203185887995 [0.0108810449019] [0.213182672858]
0.1114744376389 [0.0123891495168] [0.210559725761]
0.10993289575005 [0.0158433094621] [0.204022482038]
0.10896416660395 [0.0234669428319] [0.194461390376]
0.11323715560155001 [0.0402543954551] [0.186219915748]
0.12693661451315 [0.0735489428043] [0.180324286222]
0.14678367972349998 [0.11417748034] [0.179389879107]
0.1574397832155 [0.132335007191] [0.18254455924]
0.159469552338 [0.132744193077] [0.186194911599]
0.1596442982555 [0.128365516663] [0.190923079848]
0.160461522639 [0.126416265965] [0.194506779313]
0.1622369661925 [0.12729011476] [0.197183817625]
0.1630566716195 [0.127476379275] [0.198636963964]
0.1631932035085 [0.127206921577] [0.19917948544]
0.165073223412 [0.131604239345] [0.198542207479]
0.1689918711785 [0.140269801021] [0.197713941336]
0.17408680170750002 [0.149775728583] [0.198397874832]
0.17985752224899998 [0.157420530915] [0.202294513583]
0.1858867779375 [0.162383764982] [0.209389790893]
0.1917981654405 [0.165676161647] [0.217920169234]
0.1969498172405 [0.168818533421] [0.22508110106]
0.20175408572 [0.172039419413] [0.231468752027]
0.20292981714000002 [0.17494815588] [0.2309114784]
0.199789851904 [0.177135691047] [0.222444012761]
0.194983258843 [0.176768943667] [0.213197574019]
0.18615774065250001 [0.172065615654] [0.200249865651]
0.17396951466799998 [0.160232722759] [0.187706306577]
0.155653446913 [0.140043616295] [0.171263277531]
0.135754264891 [0.1172619313] [0.154246598482]
0.1169002912936 [0.0969710424542] [0.136829540133]
0.10102762281875 [0.0810608789325] [0.120994366705]
0.08914515376089999 [0.0698493942618] [0.10844091326]
0.0808750074357 [0.0622625015676] [0.0994875133038]
0.0757979527116 [0.0573411360383] [0.0942547693849]
0.0737796910107 [0.0545134618878] [0.0930459201336]
0.07432962395249999 [0.0533038564026] [0.0953553915024]
0.07673031091715 [0.0534006357193] [0.100059986115]
0.0799945387987 [0.0544659756124] [0.105523101985]
0.0831967592238 [0.0561668649316] [0.110226653516]
0.0857910662888 [0.0582144260406] [0.113367706537]
0.08805775083595 [0.0603210963309] [0.115794405341]
0.0909327268598 [0.0625312551856] [0.119334198534]
0.09507887810490001 [0.0649959295988] [0.125161826611]
0.10054732486605 [0.0681170448661] [0.132977604866]
0.10756266117075 [0.0722848027945] [0.142840519547]
0.11461622640485 [0.0778586938977] [0.151373758912]
0.1230074763296 [0.0861651152372] [0.159849837422]
0.1327626369893 [0.0964902862906] [0.169034987688]
0.1412823461 [0.106608845294] [0.175955846906]
0.146556057036 [0.115155890584] [0.177956223488]
0.1478162892165 [0.121593900025] [0.174038678408]
