0.145108819008 [0.13682281971] [0.153394818306]
0.14144061505799999 [0.13381716609] [0.149064064026]
0.13700294494600002 [0.130015939474] [0.143989950418]
0.132444165647 [0.126481816173] [0.138406515121]
0.128449495882 [0.123750321567] [0.133148670197]
0.12576000392449999 [0.121722042561] [0.129797965288]
0.12454511970250001 [0.120365425944] [0.128724813461]
0.125276375562 [0.12111800164] [0.129434749484]
0.12615885213 [0.122743912041] [0.129573792219]
0.126758635044 [0.125444188714] [0.128073081374]
0.127223432064 [0.130517795682] [0.123929068446]
0.126770813018 [0.134837910533] [0.118703715503]
0.12310835719100001 [0.134327888489] [0.111888825893]
0.10884890705325001 [0.122322671115] [0.0953751429915]
0.0818663239479 [0.0955722630024] [0.0681603848934]
0.0536707062274 [0.063568405807] [0.0437730066478]
0.0357416365296 [0.0426809638739] [0.0288023091853]
0.025959726423 [0.0309991780668] [0.0209202747792]
0.02081731148065 [0.0248215477914] [0.0168130751699]
0.0180466901511 [0.0214342735708] [0.0146591067314]
0.0165366935544 [0.0195411089808] [0.013532278128]
0.0157165681012 [0.0184529740363] [0.0129801621661]
0.015202550683199999 [0.017652977258] [0.0127521241084]
0.014862975571349999 [0.0169594213367] [0.012766529806]
0.014592990744850001 [0.0163020826876] [0.0128838988021]
0.0144402510487 [0.0158447735012] [0.0130357285962]
0.01437521120535 [0.015664735809] [0.0130856866017]
0.01443227147685 [0.0157745797187] [0.013089963235]
0.0145954680629 [0.0161663405597] [0.0130245955661]
0.015028549358250001 [0.0169910918921] [0.0130660068244]
0.01604559551925 [0.0185202844441] [0.0135709065944]
0.018209298141299998 [0.0211891960353] [0.0152294002473]
0.022351441904900002 [0.0254945605993] [0.0192083232105]
0.02972845360635 [0.0327746719122] [0.0266822353005]
0.04368653148415 [0.0455178655684] [0.0418551973999]
0.06772815063595 [0.0674965009093] [0.0679598003626]
0.09918060153715 [0.100389048457] [0.0979721546173]
0.1209966801105 [0.127067133784] [0.114926226437]
0.124494273216 [0.130686461926] [0.118302084506]
0.11703391745649999 [0.122506432235] [0.111561402678]
0.10759728029349999 [0.110968515277] [0.10422604531]
0.0975216366351 [0.0976869389415] [0.0973563343287]
0.08828471601005 [0.0857933312654] [0.0907761007547]
0.08052968606355 [0.0768028646708] [0.0842565074563]
0.07791791856290001 [0.0715793296695] [0.0842565074563]
0.0767040364444 [0.0691515654325] [0.0842565074563]
0.07638227939605 [0.0685080513358] [0.0842565074563]
0.0764953009784 [0.0687340945005] [0.0842565074563]
0.15747803077084999 [0.0689565762877] [0.245999485254]
0.1579464524984 [0.0685768723488] [0.247316032648]
0.15353367850209998 [0.0677070692182] [0.239360287786]
0.14824513345945 [0.0669120848179] [0.229578182101]
0.1442309208216 [0.0673035606742] [0.221158280969]
0.1413712836802 [0.0693569108844] [0.213385656476]
0.13904675468815 [0.0733078941703] [0.204785615206]
0.1381624750792 [0.0807521119714] [0.195572838187]
0.14003913477075 [0.0934430882335] [0.186635181308]
0.14600764587499998 [0.112537167966] [0.179478123784]
0.15654955804350001 [0.138047397137] [0.17505171895]
0.17080873250950002 [0.168823584914] [0.172793880105]
0.1839745119215 [0.192151233554] [0.175797790289]
0.18390155583599999 [0.197803467512] [0.16999964416]
0.175309531391 [0.189268022776] [0.161351040006]
0.1684679687025 [0.184027493] [0.152908444405]
0.1667574495075 [0.186135500669] [0.147379398346]
0.170194476843 [0.195613771677] [0.144775182009]
0.1763129904865 [0.207747787237] [0.144878193736]
0.181822888553 [0.21803060174] [0.145615175366]
0.185397826135 [0.224935039878] [0.145860612392]
0.187097989023 [0.227754414082] [0.146441563964]
0.1869487315415 [0.226032093167] [0.147865369916]
0.185574732721 [0.220811069012] [0.15033839643]
0.18368881940850001 [0.214096084237] [0.15328155458]
0.1824300512675 [0.208237588406] [0.156622514129]
0.179512985051 [0.199924349785] [0.159101620317]
0.1682862192395 [0.177875623107] [0.158696815372]
0.1521694362165 [0.149237573147] [0.155101299286]
0.135194029659 [0.12228051573] [0.148107543588]
0.12111316993849999 [0.100265018642] [0.141961321235]
0.11170542612664999 [0.0859264805913] [0.137484371662]
0.10645614191895 [0.0781049802899] [0.134807303548]
0.10507214069364999 [0.0748500674963] [0.135294213891]
0.1061013825239 [0.0743665918708] [0.137836173177]
0.10786789655695 [0.0753929466009] [0.140342846513]
0.11033155396580001 [0.0770777240396] [0.143585383892]
0.11399580910785001 [0.0791656449437] [0.148825973272]
0.1185065992179 [0.0821377709508] [0.154875427485]
0.1224185191095 [0.085459433496] [0.159377604723]
0.12540149316205002 [0.0894097909331] [0.161393195391]
0.11980397999294999 [0.0876862257719] [0.151921734214]
0.09947665408265 [0.0756993815303] [0.123253926635]
0.0727914664894 [0.0584247373044] [0.0871581956744]
0.05286449566485 [0.0443743094802] [0.0613546818495]
0.041044628247599996 [0.0358655415475] [0.0462237149477]
0.03418197948485 [0.0307881254703] [0.0375758334994]
0.0301269851625 [0.027489874512] [0.032764095813]
0.027627454139299998 [0.0250977110118] [0.0301571972668]
