0.0484645552933 [0.0369575694203] [0.0599715411663]
0.05338984541595 [0.0390934683383] [0.0676862224936]
0.05670071952045 [0.0414978824556] [0.0719035565853]
0.05904689989985 [0.0444084592164] [0.0736853405833]
0.06102613545955 [0.0477395243943] [0.0743127465248]
0.06326249986885 [0.050781391561] [0.0757436081767]
0.0657777842134 [0.0532545931637] [0.0783009752631]
0.0691211018711 [0.0553422681987] [0.0828999355435]
0.07402950152755 [0.0577904731035] [0.0902685299516]
0.08056313171974999 [0.0606387630105] [0.100487500429]
0.08785935491345 [0.0638928636909] [0.111825846136]
0.0934038199483 [0.0681335031986] [0.118674136698]
0.0894017107783 [0.0687999650836] [0.110003456473]
0.0840468611569 [0.0564405880868] [0.111653134227]
0.07489829883 [0.036995023489] [0.112801574171]
0.06911204848415 [0.0241638366133] [0.114060260355]
0.0670693805443 [0.0176215898246] [0.116517171264]
0.0671628569255 [0.01423829142] [0.120087422431]
0.06842675153165 [0.0124855730683] [0.124367929995]
0.0696059116161 [0.0115892933682] [0.127622529864]
0.06980305677279999 [0.0112751377746] [0.128330975771]
0.0681174476631 [0.0113307544962] [0.12490414083]
0.06251417053865001 [0.0115263452753] [0.113501995802]
0.0648965202273 [0.0117820352316] [0.118011005223]
0.06905628321705 [0.0119184171781] [0.126194149256]
0.07437675958515 [0.0119516951963] [0.136801823974]
0.07916115736595 [0.0119497133419] [0.14637260139]
0.08535966463405 [0.0120164044201] [0.158702924848]
0.0650770771318 [0.0123741095886] [0.117780044675]
0.0496824486181 [0.0132106300443] [0.0861542671919]
0.03984581585975 [0.0147151630372] [0.0649764686823]
0.0346815166995 [0.0172069128603] [0.0521561205387]
0.032921314239499996 [0.0211766548455] [0.0446659736335]
0.03382187522945 [0.0272785462439] [0.040365204215]
0.03638842888175 [0.0346977114677] [0.0380791462958]
0.03895664587615 [0.0408586077392] [0.0370546840131]
0.04030974023045 [0.0437714830041] [0.0368479974568]
0.039554901421100006 [0.0435321517289] [0.0355776511133]
0.0380034539849 [0.0417443774641] [0.0342625305057]
0.03650973923505 [0.0399332121015] [0.0330862663686]
0.03542900085445 [0.0388303250074] [0.0320276767015]
0.03506393171845 [0.0390930622816] [0.0310348011553]
0.0359604824334 [0.041391916573] [0.0305290482938]
0.0390394050628 [0.0469318665564] [0.0311469435692]
0.0458068698645 [0.0581197328866] [0.0334940068424]
0.0582620259374 [0.0782257094979] [0.0382983423769]
0.07583010382960001 [0.105546243489] [0.0461139641702]
0.09187573194505 [0.126748457551] [0.0570030063391]
0.1055580824613 [0.139126703143] [0.0719894617796]
0.1179522313178 [0.144301891327] [0.0916025713086]
0.130133483559 [0.145281478763] [0.114985488355]
0.1423294991255 [0.146295487881] [0.13836351037]
0.15405917167650002 [0.148445084691] [0.159673258662]
0.16478867083749998 [0.150530710816] [0.179046630859]
0.172034315765 [0.151606947184] [0.192461684346]
0.174596242607 [0.149991884828] [0.199200600386]
0.174130089581 [0.145735055208] [0.202525123954]
0.1728983074425 [0.139892682433] [0.205903932452]
0.17168019712 [0.132921367884] [0.210439026356]
0.170959159732 [0.126242846251] [0.215675473213]
0.1698194257915 [0.118986837566] [0.220652014017]
0.16792069003 [0.11167768389] [0.22416369617]
0.164906386286 [0.105573005974] [0.224239766598]
0.161971908063 [0.102189846337] [0.221753969789]
0.161590587348 [0.102941758931] [0.220239415765]
0.164825603366 [0.106921732426] [0.222729474306]
0.169377565384 [0.113272100687] [0.225483030081]
0.173964742571 [0.120318941772] [0.22761054337]
0.1773958429695 [0.128236413002] [0.226555272937]
0.18087490648 [0.138801306486] [0.222948506474]
