0.0149218291044 [0.014378500171] [0.0154651580378]
0.015806824900200002 [0.015534568578] [0.0160790812224]
0.0167381996289 [0.0165584739298] [0.016917925328]
0.0177070675418 [0.0172910541296] [0.018123080954]
0.0189871126786 [0.0179023575038] [0.0200718678534]
0.020983049646050002 [0.0187089275569] [0.0232571717352]
0.0241241408512 [0.0200357250869] [0.0282125566155]
0.0288454461843 [0.0222659111023] [0.0354249812663]
0.035111804492750004 [0.0254217851907] [0.0448018237948]
0.0420204680413 [0.0292502529919] [0.0547906830907]
0.047959735617050005 [0.0333869047463] [0.0625325664878]
0.05133285932245 [0.0375584550202] [0.0651072636247]
0.0537706296891 [0.0427237637341] [0.0648174956441]
0.056513510644449996 [0.0486364886165] [0.0643905326724]
0.0589703135192 [0.0537631809711] [0.0641774460673]
0.061123743653300006 [0.0564147233963] [0.0658327639103]
0.06294710375365001 [0.0559203587472] [0.0699738487601]
0.0676338672638 [0.0572252050042] [0.0780425295234]
0.07902361825109999 [0.0643949955702] [0.093652240932]
0.09588479623195001 [0.0731858387589] [0.118583753705]
0.1149020642043 [0.0802883058786] [0.14951582253]
0.1317489966749 [0.0837681293488] [0.179729864001]
0.1317489966749 [0.0837681293488] [0.179729864001]
0.1317489966749 [0.0837681293488] [0.179729864001]
0.1317489966749 [0.0837681293488] [0.179729864001]
0.1317489966749 [0.0837681293488] [0.179729864001]
0.144532095641 [0.171420797706] [0.117643393576]
0.1524372696875 [0.178495407104] [0.126379132271]
0.1579919084905 [0.181710600853] [0.134273216128]
0.160984881222 [0.181540802121] [0.140428960323]
0.162205129862 [0.179720565677] [0.144689694047]
0.1627105548975 [0.177780255675] [0.14764085412]
0.1629053354265 [0.176172539592] [0.149638131261]
0.161836527288 [0.174994572997] [0.148678481579]
0.1597495898605 [0.173254951835] [0.146244227886]
0.15519786626100002 [0.169409200549] [0.140986531973]
0.1472424045205 [0.162595823407] [0.131888985634]
0.1372201032935 [0.153777301311] [0.120662905276]
0.128258358687 [0.146054252982] [0.110462464392]
0.11952849105 [0.137726098299] [0.101330883801]
0.11121932417139999 [0.128918290138] [0.0935203582048]
0.10341587290155 [0.119610212743] [0.0872215330601]
0.09899556264279999 [0.114679902792] [0.0833112224936]
0.09771268814785 [0.114312894642] [0.0811124816537]
0.09743431955564999 [0.11605527997] [0.0788133591413]
0.09683637320995 [0.115751773119] [0.0779209733009]
0.0954798124729 [0.112597621977] [0.0783620029688]
0.0936682671308 [0.107478223741] [0.0798583105206]
0.0891934335232 [0.0997269228101] [0.0786599442363]
0.07778565213085001 [0.0862008184195] [0.0693704858422]
0.061047157272650004 [0.0692726001143] [0.052821714431]
0.046657653525449996 [0.054618768394] [0.0386965386569]
0.0374812539667 [0.0451321154833] [0.0298303924501]
0.0317650027573 [0.0388145558536] [0.024715449661]
0.028237717226149997 [0.034446246922] [0.0220291875303]
0.0262653706595 [0.0315675102174] [0.0209632311016]
0.02535069547595 [0.0298379138112] [0.0208634771407]
0.02503562625495 [0.0288393665105] [0.0212318859994]
0.025078489445150003 [0.0283791739494] [0.0217778049409]
0.025333354249600003 [0.0284022502601] [0.0222644582391]
0.0257520377636 [0.0289154499769] [0.0225886255503]
0.0262601720169 [0.0298479478806] [0.0226723961532]
0.02679939195515 [0.0310908723623] [0.022507911548]
0.027464237995450003 [0.0327503867447] [0.0221780892462]
0.0285956542939 [0.0351430289447] [0.0220482796431]
0.03076655603945 [0.0388514846563] [0.0226816274226]
0.03494612593205 [0.0449661426246] [0.0249261092395]
0.043457175604999995 [0.0564514659345] [0.0304628852755]
0.06077386066315 [0.0789536833763] [0.04259403795]
0.09028912335625 [0.114105388522] [0.0664728581905]
0.1282497793435 [0.153633892536] [0.102865666151]
0.154619514942 [0.176189482212] [0.133049547672]
0.16215582937 [0.179435625672] [0.144876033068]
0.1605081558225 [0.174712836742] [0.146303474903]
0.15718932449849998 [0.168207496405] [0.146171152592]
0.1556486487385 [0.16408906877] [0.147208228707]
0.1480590999125 [0.155869618058] [0.140248581767]
0.122401461005 [0.132273390889] [0.112529531121]
0.0852343402803 [0.0964378044009] [0.0740308761597]
0.05529356002805 [0.0651821494102] [0.0454049706459]
0.0377380894497 [0.0452515520155] [0.0302246268839]
0.028693561442199998 [0.0345860682428] [0.0228010546416]
0.02418095991015 [0.0291516259313] [0.019210293889]
0.022112108767 [0.0264830626547] [0.0177411548793]
0.0212968531996 [0.0251751635224] [0.0174185428768]
0.0209480682388 [0.0243355911225] [0.0175605453551]
0.02067168988285 [0.0235955696553] [0.0177478101104]
0.0202699676156 [0.022871106863] [0.0176688283682]
0.01977675780655 [0.0222421735525] [0.0173113420606]
0.019306444562949998 [0.0218201112002] [0.0167927779257]
0.0189555417746 [0.0215379539877] [0.0163731295615]
0.01889699418095 [0.0214801803231] [0.0163138080388]
0.019413623027550002 [0.0218633320183] [0.0169639140368]
0.02113396953795 [0.0233795512468] [0.0188883878291]
0.02513819467275 [0.0271798335016] [0.0230965558439]
0.03355294652285 [0.0353155247867] [0.031790368259]
0.0511261913925 [0.0522446222603] [0.0500077605247]
0.08646652475 [0.0858550742269] [0.0870779752731]
0.1435377821325 [0.139600872993] [0.147474691272]
0.194300830364 [0.184387668967] [0.204213991761]
0.213537916541 [0.198509931564] [0.228565901518]
0.20930343866349999 [0.195285603404] [0.223321273923]
0.19927246868600001 [0.188023999333] [0.210520938039]
0.190086327493 [0.182282730937] [0.197889924049]
0.1814740374685 [0.175941750407] [0.18700632453]
0.1737388819455 [0.168544664979] [0.178933098912]
0.16655051708250002 [0.158349707723] [0.174751326442]
0.16141098737749998 [0.148595914245] [0.17422606051]
0.1570047959685 [0.139343768358] [0.174665823579]
0.156042948365 [0.132217273116] [0.179868623614]
0.15834142267700002 [0.129219800234] [0.18746304512]
0.16190797090550002 [0.130202025175] [0.193613916636]
0.16802497208099998 [0.134531587362] [0.2015183568]
0.174631386995 [0.140421748161] [0.208841025829]
0.17835644632550002 [0.144285291433] [0.212427601218]
0.175457902253 [0.142045706511] [0.208870097995]
0.1646312922235 [0.131166040897] [0.19809654355]
0.14462916180500002 [0.110505156219] [0.178753167391]
0.12429575994629999 [0.0889996662736] [0.159591853619]
0.11001415550685001 [0.0775336176157] [0.142494693398]
0.10223269835105 [0.0742500498891] [0.130215346813]
0.09512721002085 [0.0729434788227] [0.117310941219]
