0.0330536775291 [0.0434411428869] [0.0226662121713]
0.02742469962685 [0.0340629182756] [0.0207864809781]
0.0234247138724 [0.0274131894112] [0.0194362383336]
0.0208296403289 [0.0227614399046] [0.0188978407532]
0.0195424016565 [0.0195979233831] [0.0194868799299]
0.01957966573535 [0.0175256021321] [0.0216337293386]
0.0212723687291 [0.0162518285215] [0.0262929089367]
0.0209058728069 [0.0155188366771] [0.0262929089367]
0.02072625560685 [0.015159602277] [0.0262929089367]
0.02063265116885 [0.014972393401] [0.0262929089367]
0.02059159148485 [0.014890274033] [0.0262929089367]
0.1432276912963 [0.0148848192766] [0.271570563316]
0.13310404913505 [0.0149309197441] [0.251277178526]
0.12116247974359999 [0.0151575617492] [0.227167397738]
0.1083799744956 [0.0155318668112] [0.20122808218]
0.09310456644755 [0.0159434881061] [0.170265644789]
0.077972731553 [0.016275016591] [0.139670446515]
0.0659625548867 [0.0164061523974] [0.115518957376]
0.05820304807295 [0.0162862446159] [0.10011985153]
0.0538749694824 [0.0161013752222] [0.0916485637426]
0.051848477684 [0.016209198162] [0.087487757206]
0.0515663865954 [0.0166610591114] [0.0864717140794]
0.0523354224861 [0.0173189491034] [0.0873518958688]
0.05227093584835 [0.0179233066738] [0.0866185650229]
0.0528138456866 [0.0183701124042] [0.087257578969]
0.05402835644785 [0.0186347998679] [0.0894219130278]
0.05594350490715 [0.0187749061733] [0.093112103641]
0.0583725320175 [0.0188519377261] [0.0978931263089]
0.06100491154935 [0.0189356524497] [0.103074170649]
0.0637765973808 [0.0192893370986] [0.108263857663]
0.06736096274115 [0.0202945452183] [0.114427380264]
0.07345924898970001 [0.0226814076304] [0.124237090349]
0.08469055686169999 [0.0277895797044] [0.141591534019]
0.1054426804185 [0.038211658597] [0.17267370224]
0.14200225844975 [0.0590755566955] [0.224928960204]
0.19384570419810002 [0.0980685651302] [0.289622843266]
0.2472528368235 [0.154289722443] [0.340215951204]
0.280521146953 [0.201080486178] [0.359961807728]
0.28673344850500004 [0.216650754213] [0.356816142797]
0.2784805223345 [0.215178743005] [0.341782301664]
0.26337742805450004 [0.206750154495] [0.320004701614]
0.2386803105475 [0.182747855783] [0.294612765312]
0.21096626669200003 [0.150805488229] [0.271127045155]
0.1865857094525 [0.118429452181] [0.254741966724]
0.17092414200295 [0.0948367416859] [0.24701154232]
0.16171487048295 [0.0769511982799] [0.246478542686]
0.15490100905295 [0.0652658268809] [0.244536191225]
0.1475814804435 [0.05606739223] [0.239095568657]
0.139960102737 [0.047564432025] [0.232355773449]
0.13288068585105 [0.0408168099821] [0.22494456172]
0.12717536836845 [0.0365573018789] [0.217793434858]
0.12308829277774999 [0.0341283380985] [0.212048247457]
0.12121236138035 [0.0332788340747] [0.209145888686]
0.12189801037310001 [0.0334798246622] [0.210316196084]
0.1254454851149 [0.0342545509338] [0.216636419296]
0.13153441995365 [0.0354844480753] [0.227584391832]
0.13990357704445 [0.0373960025609] [0.242411151528]
0.1623769141732 [0.0400822237134] [0.284671604633]
0.1869572177528 [0.0435174554586] [0.330396980047]
0.20893679745495 [0.0471711494029] [0.370702445507]
0.22248541004959999 [0.0504629649222] [0.394507855177]
0.23923584818845 [0.0530703961849] [0.425401300192]
0.217046128586 [0.055584076792] [0.37850818038]
0.1989638302473 [0.0595898516476] [0.338337808847]
0.1869767904283 [0.0675516724586] [0.306401908398]
0.18387687951345 [0.0842946022749] [0.283459156752]
0.19227395951749998 [0.11602589488] [0.268522024155]
0.2139677256345 [0.168229281902] [0.259706169367]
0.2407281026245 [0.225579842925] [0.255876362324]
0.25675536692150003 [0.257261782885] [0.256248950958]
0.2609058618545 [0.261893093586] [0.259918630123]
0.2582928836345 [0.250672101974] [0.265913665295]
0.2474173381925 [0.235563471913] [0.259271204472]
0.2354343906045 [0.217921331525] [0.252947449684]
0.225657343864 [0.201019108295] [0.250295579433]
0.2189873084425 [0.185017123818] [0.252957493067]
0.21691082418 [0.1730081141] [0.26081353426]
0.2211614921685 [0.168935462832] [0.273387521505]
0.230146422982 [0.169605284929] [0.290687561035]
0.2421349957585 [0.172491982579] [0.311778008938]
0.2544330731035 [0.175912871957] [0.33295327425]
0.26644296944150003 [0.178976297379] [0.353909641504]
0.2777130827305 [0.180093511939] [0.375332653522]
0.288271069527 [0.181669801474] [0.39487233758]
0.295374646783 [0.180442720652] [0.410306572914]
0.2979601696135 [0.17485652864] [0.421063810587]
0.2959607616065 [0.166615232825] [0.425306290388]
0.2921252027155 [0.158967062831] [0.4252833426]
0.2889155074955 [0.15376599133] [0.424065023661]
0.28469438105800005 [0.149934545159] [0.419454216957]
0.259782515466 [0.138827756047] [0.380737274885]
0.2459750697015 [0.110259309411] [0.381690829992]
0.2290268912913 [0.0759493261576] [0.382104456425]
