0.035469077527500004 [0.0433870144188] [0.0275511406362]
0.0349494246766 [0.0442720614374] [0.0256267879158]
0.03601946122945 [0.0470231920481] [0.0250157304108]
0.03762170486155 [0.0504043698311] [0.024839039892]
0.03910734783855 [0.0534513145685] [0.0247633811086]
0.0401995349675 [0.0557603910565] [0.0246386788785]
0.04066891409455 [0.056843560189] [0.0244942680001]
0.040740121156 [0.0572044812143] [0.0242757610977]
0.0406516827643 [0.0573567934334] [0.0239465720952]
0.040915307588899996 [0.0581501722336] [0.0236804429442]
0.04213457740845 [0.0603039748967] [0.0239651799202]
0.0447904486209 [0.064306139946] [0.0252747572958]
0.048783031292250006 [0.0695134475827] [0.0280526150018]
0.0491521898657 [0.0665441080928] [0.0317602716386]
0.05358802713454999 [0.0730093419552] [0.0341667123139]
0.05530653335155 [0.0774192735553] [0.0331937931478]
0.0533950878307 [0.0756012946367] [0.0311888810247]
0.0495753725991 [0.069448158145] [0.0297025870532]
0.045275628566700005 [0.0621127299964] [0.028438527137]
0.041866426356099995 [0.0560900047421] [0.0276428479701]
0.0394148780033 [0.0513992756605] [0.0274304803461]
0.0374779822305 [0.0475089214742] [0.0274470429868]
0.03725657239555 [0.0470614619553] [0.0274516828358]
0.03834526147695 [0.0493271686137] [0.0273633543402]
0.0396125726402 [0.0520344413817] [0.0271907038987]
0.0401245681569 [0.0533414334059] [0.0269077029079]
0.040138784796 [0.0537561960518] [0.0265213735402]
0.041202148422600005 [0.0563026033342] [0.026101693511]
0.06624380219715001 [0.106731675565] [0.0257559288293]
0.06408460997064999 [0.102552518249] [0.0256167016923]
0.0647854115816 [0.103757783771] [0.0258130393922]
0.0672956285998 [0.106964059174] [0.0276271980256]
0.07231105491545001 [0.110669381917] [0.0339527279139]
0.08137125894425 [0.113890402019] [0.0488521158695]
0.09678074717509999 [0.114954344928] [0.0786071494222]
0.1123397946355 [0.114422753453] [0.110256835818]
0.113938894123 [0.112561181188] [0.115316607058]
0.10978404805049999 [0.112662054598] [0.106906041503]
0.104456529021 [0.107819408178] [0.101093649864]
0.10264388099315 [0.106045588851] [0.0992421731353]
0.1046940386295 [0.107754871249] [0.10163320601]
0.1090867444875 [0.111676491797] [0.106496997178]
0.114537142217 [0.116339676082] [0.112734608352]
0.1194233596325 [0.119174212217] [0.119672507048]
0.1228105127815 [0.119877994061] [0.125743031502]
0.124927762896 [0.119924195111] [0.129931330681]
0.12569655478 [0.119308233261] [0.132084876299]
0.1242671236395 [0.116585895419] [0.13194835186]
0.12112852185949999 [0.112936854362] [0.129320189357]
0.116644896567 [0.109573148191] [0.123716644943]
0.111318320036 [0.10839767009] [0.114238969982]
0.10905801504849999 [0.108543239534] [0.109572790563]
0.1101194173095 [0.110178776085] [0.110060058534]
0.11252393946049999 [0.11293450743] [0.112113371491]
0.115564070642 [0.115692555904] [0.11543558538]
0.1184426881375 [0.117426261306] [0.119459114969]
0.1216280795635 [0.119779363275] [0.123476795852]
0.12575129419550002 [0.124579116702] [0.126923471689]
0.13010593503700002 [0.131289348006] [0.128922522068]
0.133843250573 [0.138180807233] [0.129505693913]
0.135864265263 [0.143721371889] [0.128007158637]
0.13519473373899998 [0.14586751163] [0.124521955848]
0.131716184318 [0.144136726856] [0.11929564178]
0.12495099380649999 [0.136293932796] [0.113608054817]
0.1145944334565 [0.122123040259] [0.107065826654]
0.1058622971175 [0.107708364725] [0.10401622951]
0.10233638808115 [0.0978300198913] [0.106842756271]
0.1012838743629 [0.0910028666258] [0.1115648821]
