0.0680018607527 [0.0476222373545] [0.0883814841509]
0.06987469643355 [0.0460006445646] [0.0937487483025]
0.071424709633 [0.0451017133892] [0.0977477058768]
0.07250701077295 [0.0445508696139] [0.100463151932]
0.073463464156 [0.044556427747] [0.102370500565]
0.0744744949041 [0.0454859733582] [0.10346301645]
0.0751954820005 [0.047493558377] [0.102897405624]
0.07583258487285 [0.0506734140217] [0.100991755724]
0.07674699462949999 [0.0548204891384] [0.0986735001206]
0.07796482369305 [0.0587617382407] [0.0971679091454]
0.07946297340095 [0.0617572106421] [0.0971687361598]
0.081020783633 [0.0639080479741] [0.0981335192919]
0.08216723427175 [0.0651363059878] [0.0991981625557]
0.08361212536695001 [0.0660778358579] [0.101146414876]
0.08519665896875 [0.0672761797905] [0.103117138147]
0.08572185412055 [0.0690252482891] [0.102418459952]
0.0830446630716 [0.0726583525538] [0.0934309735894]
0.0763567984104 [0.0753646790981] [0.0773489177227]
0.06703179329635 [0.0669909864664] [0.0670726001263]
0.058825675398100005 [0.0545068532228] [0.0631444975734]
0.0534098483622 [0.0445689857006] [0.0622507110238]
0.0503539163619 [0.0376788266003] [0.0630290061235]
0.04984856955705 [0.0331411026418] [0.0665560364723]
0.0498917475343 [0.0304349213839] [0.0693485736847]
0.04948966018855 [0.0287642516196] [0.0702150687575]
0.04723082017155 [0.0277743097395] [0.0666873306036]
0.04262181092055 [0.0270948018879] [0.0581488199532]
0.037701320834450006 [0.0265646148473] [0.0488380268216]
0.0372723406181 [0.0260799210519] [0.0484647601843]
0.0369153795764 [0.0256715398282] [0.0481592193246]
0.0366024300456 [0.0252686142921] [0.0479362457991]
0.0364341298118 [0.0248190332204] [0.0480492264032]
0.03629654925315 [0.0241832118481] [0.0484098866582]
0.03609665948895 [0.023468574509] [0.0487247444689]
0.03555294219405 [0.0227182228118] [0.0483876615763]
0.0342309912667 [0.0220726747066] [0.0463893078268]
0.034721280448149996 [0.0267086122185] [0.0427339486778]
0.0351733751595 [0.0330961570144] [0.0372505933046]
0.035877299495 [0.0410030148923] [0.0307515840977]
0.04096172470595 [0.0511718653142] [0.0307515840977]
0.0478437906131 [0.0649359971285] [0.0307515840977]
0.0587871512398 [0.0868227183819] [0.0307515840977]
0.0600250950083 [0.0892986059189] [0.0307515840977]
0.0620266906917 [0.0928384587169] [0.0312149226665]
0.0659795701504 [0.0970004424453] [0.0349586978555]
0.0698512755334 [0.100954003632] [0.0387485474348]
0.07364948838945 [0.10417599231] [0.0431229844689]
0.07734145037805 [0.106624692678] [0.0480582080781]
0.0807451624423 [0.108154721558] [0.0533356033266]
0.08374236337855 [0.108889512718] [0.0585952140391]
0.08619003370395001 [0.108977794647] [0.0634022727609]
0.08901840448369999 [0.111024558544] [0.0670122504234]
0.0905861593783 [0.112693361938] [0.0684789568186]
0.0880606919528 [0.109975025058] [0.0661463588476]
0.07940040342509999 [0.0994986742735] [0.0593021325767]
0.0714102461934 [0.0834967792034] [0.0593237131834]
0.0625876095146 [0.0696559622884] [0.0555192567408]
0.0551039967686 [0.0592705793679] [0.0509374141693]
0.04973739385605 [0.051261164248] [0.0482136234641]
0.0462475400418 [0.0451801009476] [0.047314979136]
0.0443430673331 [0.0412249453366] [0.0474611893296]
0.043048270046700005 [0.0389142036438] [0.0471823364496]
0.0417444873601 [0.037559941411] [0.0459290333092]
0.04012786969545 [0.0366238765419] [0.043631862849]
0.03856275603175 [0.0362834073603] [0.0408421047032]
0.03730197437105 [0.0364512428641] [0.038152705878]
0.03656310774385 [0.0371273569763] [0.0359988585114]
0.03653004206715 [0.038312446326] [0.0347476378083]
0.037970377132300004 [0.0406344793737] [0.0353062748909]
0.04197609983385 [0.0451442673802] [0.0388079322875]
0.049847129732400006 [0.0529570207] [0.0467372387648]
0.0628564096987 [0.0644511207938] [0.0612616986036]
0.08008956536655 [0.0777901783586] [0.0823889523745]
0.09646295383595 [0.0886109322309] [0.104314975441]
0.10325738787649999 [0.092734053731] [0.113780722022]
0.0974480025471 [0.0909124538302] [0.103983551264]
0.0819984078407 [0.0807970613241] [0.0831997543573]
0.066285058856 [0.0680227950215] [0.0645473226905]
0.055106366053200004 [0.058781247586] [0.0514314845204]
0.0484364666045 [0.0534781776369] [0.0433947555721]
0.045202603563649996 [0.0514035746455] [0.0390016324818]
0.0438169147819 [0.0510952584445] [0.0365385711193]
0.04339520260695 [0.0518625453115] [0.0349278599024]
0.042971646413200004 [0.0525082536042] [0.0334350392222]
0.04207917116585 [0.0524271465838] [0.0317311957479]
0.04028134047985 [0.0508577972651] [0.0297048836946]
0.037400940433149996 [0.0474135428667] [0.0273883379996]
0.03381882514805 [0.0427694655955] [0.0248681847006]
0.030541759915650002 [0.0383226275444] [0.0227608922869]
0.0283107375726 [0.0353257507086] [0.0212957244366]
0.027733619324850002 [0.0343198366463] [0.0211474020034]
0.02885011397305 [0.0353283621371] [0.022371865809]
0.031563623808299995 [0.0381569676101] [0.0249702800065]
0.03531675226985 [0.0422298423946] [0.0284036621451]
0.0387112814933 [0.0456484630704] [0.0317740999162]
0.04013342410325001 [0.0461908839643] [0.0340759642422]
0.04014120437205 [0.0451254993677] [0.0351569093764]
0.0394539348781 [0.043451230973] [0.0354566387832]
0.038731353357399995 [0.0418376140296] [0.0356250926852]
0.038366092369 [0.040611833334] [0.036120351404]
0.0387704912573 [0.0400694087148] [0.0374715737998]
0.0406955704093 [0.0407935939729] [0.0405975468457]
0.045275714248400004 [0.0439825244248] [0.046568904072]
0.0531963147223 [0.0500820316374] [0.0563105978072]
0.06419364735485 [0.0585828870535] [0.0698044076562]
0.07608604803685 [0.0676965117455] [0.0844755843282]
0.08586917817595 [0.0749612078071] [0.0967771485448]
0.09323222190135 [0.0797458589077] [0.106718584895]
0.10005930811159999 [0.0839656293392] [0.116152986884]
0.10940129682434999 [0.0891042277217] [0.129698365927]
0.11885230615760001 [0.0937897190452] [0.14391489327]
0.12439864128835 [0.0968593657017] [0.151937916875]
0.12540279328825 [0.0969682484865] [0.15383733809]
0.12489874660950001 [0.097429394722] [0.152368098497]
0.125513806939 [0.099993288517] [0.151034325361]
0.1291738860305 [0.105288751423] [0.153059020638]
0.13286806643 [0.111047700047] [0.154688432813]
0.134479209781 [0.117437154055] [0.151521265507]
0.1334265992045 [0.123882055283] [0.142971143126]
0.1301976367835 [0.128922492266] [0.131472781301]
0.1262766830625 [0.13210837543] [0.120444990695]
0.1232499815525 [0.13366214931] [0.112837813795]
0.12059398367999999 [0.13364456594] [0.10754340142]
0.1178237497805 [0.132506534457] [0.103140965104]
0.1151760332289 [0.131883129478] [0.0984689369798]
0.11383431404845 [0.133741885424] [0.0939267426729]
0.1144543215634 [0.138863295317] [0.0900453478098]
0.11656714975815 [0.146069064736] [0.0870652347803]
0.11931660026305 [0.153283253312] [0.0853499472141]
0.1189761273563 [0.153056755662] [0.0848954990506]
0.1156349033116 [0.145399212837] [0.0858705937862]
0.1136236749587 [0.137934505939] [0.0893128439784]
0.11513051018135 [0.134979233146] [0.0952817872167]
0.117415782064 [0.131600126624] [0.103231437504]
0.119589675218 [0.125931918621] [0.113247431815]
0.1216647215185 [0.12016736716] [0.123162075877]
0.12478839978549999 [0.115775518119] [0.133801281452]
0.12893092632300002 [0.112632334232] [0.145229518414]
0.134378872812 [0.110078290105] [0.158679455519]
0.1410969905555 [0.107658647001] [0.17453533411]
0.1477019935845 [0.104527786374] [0.190876200795]
0.15199605375505001 [0.0990639775991] [0.204928129911]
0.15255410596725 [0.0935220345855] [0.211586177349]
0.14778221771119998 [0.0870505943894] [0.208513841033]
0.13939440995455 [0.0805860161781] [0.198202803731]
0.13041529059425 [0.0750973671675] [0.185733214021]
0.12375858798625 [0.0722359493375] [0.175281226635]
0.11991250515 [0.073292195797] [0.166532814503]
0.11790291219929999 [0.0782421827316] [0.157563641667]
0.11545588821184999 [0.0841182023287] [0.146793574095]
0.1117476671936 [0.0891537815332] [0.134341552854]
0.1080815158786 [0.0937642976642] [0.122398734093]
0.1046547703444 [0.0971612930298] [0.112148247659]
0.1022918969395 [0.100528813899] [0.10405497998]
0.1014725565911 [0.104839347303] [0.0981057658792]
0.1028061769905 [0.110635876656] [0.094976477325]
0.10575380548835 [0.116248562932] [0.0952590480447]
0.10960561037055 [0.12087033689] [0.0983408838511]
0.114197336137 [0.126731738448] [0.101662933826]
0.116828389466 [0.13064609468] [0.103010684252]
