0.05225574597715 [0.0590343475342] [0.0454771444201]
0.05266872420905 [0.0589526928961] [0.046384755522]
0.05368655361235 [0.0591091737151] [0.0482639335096]
0.05606587044895 [0.0609087944031] [0.0512229464948]
0.0609274227172 [0.0660951733589] [0.0557596720755]
0.07015989348295 [0.0769840627909] [0.063335724175]
0.08492942899465 [0.097130946815] [0.0727279111743]
0.10531213134515 [0.126932442188] [0.0836918205023]
0.12560782954075 [0.15983967483] [0.0913759842515]
0.1320103295147 [0.170061931014] [0.0939587280154]
0.1291174292562 [0.164688840508] [0.0935460180044]
0.12565569207055 [0.158664539456] [0.0926468446851]
0.12101703137145 [0.150440111756] [0.0915939509869]
0.1138868108391 [0.136498749256] [0.0912748724222]
0.10391943901775 [0.116457439959] [0.0913814380765]
0.09397500008345 [0.0968225821853] [0.0911274179816]
0.08621856197715 [0.0824262946844] [0.0900108292699]
0.0812862701714 [0.0740799754858] [0.088492564857]
0.07800873741505 [0.0696104839444] [0.0864069908857]
0.07555773481725 [0.0666895210743] [0.0844259485602]
0.07386684417725001 [0.0644858255982] [0.0832478627563]
0.07335579022765 [0.0637127161026] [0.0829988643527]
0.07441119477155 [0.0652684569359] [0.0835539326072]
0.07756381481885 [0.0693908333778] [0.0857367962599]
0.08201268315315 [0.0746214017272] [0.0894039645791]
0.08763322234155 [0.0787547975779] [0.0965116471052]
0.0939959026873 [0.0805230140686] [0.107468791306]
0.0992152392864 [0.0809361115098] [0.117494367063]
0.10158156976114999 [0.0820595622063] [0.121103577316]
0.10398992523565 [0.0859751552343] [0.122004695237]
0.10992509499215 [0.0940702930093] [0.125779896975]
0.1195459589365 [0.106598362327] [0.132493555546]
0.1316762939095 [0.121910095215] [0.141442492604]
0.14368677139250002 [0.136574566364] [0.150798976421]
0.146865747869 [0.143024533987] [0.150706961751]
0.1368434503675 [0.139651998878] [0.134034901857]
0.11295678094 [0.12163092941] [0.10428263247]
0.0843793191016 [0.0940785855055] [0.0746800526977]
0.05934451892975 [0.0674714520574] [0.0512175858021]
0.0426406674087 [0.0488305874169] [0.0364507474005]
0.033033553510899996 [0.038137037307] [0.0279300697148]
0.0279161091894 [0.0325755812228] [0.023256637156]
0.02518889587375 [0.0297272000462] [0.0206505917013]
0.0237558167428 [0.0283559896052] [0.0191556438804]
0.0229805260897 [0.0277739297599] [0.0181871224195]
0.022394943051 [0.027382440865] [0.017407445237]
0.02178990188985 [0.0268854126334] [0.0166943911463]
0.02114614564925 [0.0261799693108] [0.0161123219877]
0.02043869532645 [0.0251278467476] [0.0157495439053]
0.01985089015215 [0.0239124707878] [0.0157893095165]
0.0194426756352 [0.0226825010031] [0.0162028502673]
0.019413356669250002 [0.0218038968742] [0.0170228164643]
0.020030153915299997 [0.0215525366366] [0.018507771194]
0.02153200190515 [0.0220533069223] [0.021010696888]
0.024401437491200002 [0.0236610453576] [0.0251418296248]
0.029459918849150002 [0.0268345940858] [0.0320852436125]
0.0375975370407 [0.0321928039193] [0.0430022701621]
0.04764472134415 [0.0384214781225] [0.0568679645658]
0.055661424994449996 [0.0438130646944] [0.0675097852945]
0.0600277148187 [0.0473086684942] [0.0727467611432]
0.06179567612705 [0.0488562919199] [0.0747350603342]
0.06261478178205 [0.0489396415651] [0.076289921999]
0.0635657478124 [0.0487829856575] [0.0783485099673]
0.06561738252640001 [0.0497077852488] [0.081526979804]
0.07011556997895001 [0.0530220717192] [0.0872090682387]
0.0776363648474 [0.0593003556132] [0.0959723740816]
0.08741338923555 [0.0677895694971] [0.107037208974]
0.09657489508385 [0.0759414359927] [0.117208354175]
0.1020662076773 [0.0810502171516] [0.123082198203]
0.10311396420005 [0.0825446844101] [0.12368324399]
0.1020165905356 [0.0823175609112] [0.12171562016]
0.10243335738770001 [0.0827425420284] [0.122124172747]
0.10663343220925 [0.0847235023975] [0.128543362021]
0.11751235648995001 [0.0909995064139] [0.144025206566]
0.133646808565 [0.10145431757] [0.16583929956]
0.1478147767485 [0.111864484847] [0.18376506865]
0.15544324740749998 [0.121587537229] [0.189298957586]
0.15930047631299998 [0.131284937263] [0.187316015363]
0.158206641674 [0.13944503665] [0.176968246698]
0.1550601795315 [0.144579961896] [0.165540397167]
0.1512347236275 [0.147794395685] [0.15467505157]
0.14760510623450002 [0.151748999953] [0.143461212516]
0.145580977201 [0.158368363976] [0.132793590426]
0.14500587433599998 [0.16637429595] [0.123637452722]
0.145879067481 [0.174017503858] [0.117740631104]
0.148703109473 [0.182058438659] [0.115347780287]
0.152967952192 [0.190410330892] [0.115525573492]
0.156253721565 [0.195871025324] [0.116636417806]
0.1534794270995 [0.189982697368] [0.116976156831]
0.1466573812065 [0.178000614047] [0.115314148366]
0.138695832342 [0.165581911802] [0.111809752882]
0.131130158901 [0.154757097363] [0.107503220439]
0.1256919316945 [0.147119566798] [0.104264296591]
0.1238219179215 [0.144304841757] [0.103338994086]
0.12324615195399999 [0.142937541008] [0.1035547629]
0.1237593106925 [0.141501635313] [0.106016986072]
0.12522001191999999 [0.137056678534] [0.113383345306]
0.1270139440895 [0.130316257477] [0.123711630702]
0.1272618211805 [0.123293541372] [0.131230100989]
0.127657104284 [0.118131153286] [0.137183055282]
0.1274234242735 [0.115448705852] [0.139398142695]
0.125742353499 [0.114844322205] [0.136640384793]
0.124403059483 [0.116354003549] [0.132452115417]
0.124878194183 [0.120929189026] [0.12882719934]
0.1272051036355 [0.126748561859] [0.127661645412]
0.13105548918249998 [0.131280988455] [0.13082998991]
0.1346431300045 [0.130966722965] [0.138319537044]
0.1368236243725 [0.126137897372] [0.147509351373]
0.137380089611 [0.119934372604] [0.154825806618]
0.135678708553 [0.112634554505] [0.158722862601]
0.1329065300525 [0.106479682028] [0.159333378077]
0.1302952058615 [0.101736672223] [0.1588537395]
0.1285497993232 [0.0986706614494] [0.158428937197]
0.1267796121535 [0.095581613481] [0.157977610826]
0.12522631138544998 [0.0931570678949] [0.157295554876]
0.1248015016319 [0.0894639790058] [0.160139024258]
0.1231613643467 [0.0840787515044] [0.162243977189]
0.1099674403666 [0.0743639916182] [0.145570889115]
0.0932100191712 [0.0629166290164] [0.123503409326]
0.08019968867275 [0.0525200515985] [0.107879325747]
0.0730882026253 [0.0445722192526] [0.101604185998]
0.0689670778811 [0.0398949980736] [0.0980391576886]
0.0658425297588 [0.0371267981827] [0.0945582613349]
