0.09563546627745001 [0.0706704780459] [0.120600454509]
0.09524438530195001 [0.0690233334899] [0.121465437114]
0.09624452143904999 [0.0685044750571] [0.123984567821]
0.09835262224075 [0.0694819018245] [0.127223342657]
0.10160753875965 [0.0725752413273] [0.130639836192]
0.10518341884005 [0.0763198360801] [0.1340470016]
0.1083533503115 [0.079512886703] [0.13719381392]
0.1114717498422 [0.0802278220654] [0.142715677619]
0.11541828513135 [0.0795597732067] [0.151276797056]
0.12080130353585 [0.0797423943877] [0.161860212684]
0.1286625489595 [0.08185569942] [0.175469398499]
0.1378412395717 [0.0858729183674] [0.189809560776]
0.1477343477311 [0.0941558852792] [0.201312810183]
0.1527137309313 [0.0966920405626] [0.2087354213]
0.1557423472406 [0.0977854132652] [0.213699281216]
0.15325124561775 [0.0940735042095] [0.212428987026]
0.13476669415815 [0.0862626954913] [0.183270692825]
0.11243682354689999 [0.0747878998518] [0.150085747242]
0.0965461991725 [0.067958496511] [0.125133901834]
0.0863163806497 [0.0650257468224] [0.107607014477]
0.07904475554825 [0.0634651184082] [0.0946243926883]
0.0728160366416 [0.0630659237504] [0.0825661495328]
0.06668098643425 [0.0627070888877] [0.0706548839808]
0.060608157888050004 [0.0611261315644] [0.0600901842117]
0.05534670315685 [0.058314640075] [0.0523787662387]
0.05140825733545 [0.0547662600875] [0.0480502545834]
0.048938607797050004 [0.0512117110193] [0.0466655045748]
0.0476242545992 [0.0481270365417] [0.0471214726567]
0.04681927524505 [0.0454853996634] [0.0481531508267]
0.0461216755211 [0.0436247102916] [0.0486186407506]
0.0454497002065 [0.0427701845765] [0.0481292158365]
0.044975517317649996 [0.0431018322706] [0.0468492023647]
0.0452368557453 [0.0448254011571] [0.0456483103335]
0.0473535042256 [0.0487309731543] [0.0459760352969]
0.0522371288389 [0.0564796477556] [0.0479946099222]
0.0589642804116 [0.0660602524877] [0.0518683083355]
0.0663197431713 [0.0742974206805] [0.0583420656621]
0.0743204280734 [0.0806190818548] [0.068021774292]
0.0843281634152 [0.0869792550802] [0.0816770717502]
0.0975731723011 [0.0957127809525] [0.0994335636497]
0.11207773908999999 [0.106850087643] [0.117305390537]
0.12440212816000001 [0.1192471385] [0.12955711782]
0.133620172739 [0.132447317243] [0.134793028235]
0.1419556289915 [0.14653916657] [0.137372091413]
0.151269979775 [0.16306579113] [0.13947416842]
0.16247941553599998 [0.182151809335] [0.142807021737]
0.1731512621045 [0.19722302258] [0.149079501629]
0.17562893778100003 [0.201168373227] [0.150089502335]
0.177993424237 [0.200884923339] [0.155101925135]
0.1807527691125 [0.19731387496] [0.164191663265]
0.18611985445 [0.197547316551] [0.174692392349]
0.19252203404899998 [0.202604293823] [0.182439774275]
0.1974061354995 [0.207916647196] [0.186895623803]
0.2003031671045 [0.210663452744] [0.189942881465]
0.20199976861449997 [0.210665017366] [0.193334519863]
0.2051026523115 [0.211038321257] [0.199166983366]
0.2090504094955 [0.210673436522] [0.207427382469]
0.2101799026135 [0.211373239756] [0.208986565471]
0.209040887654 [0.21073949337] [0.207342281938]
0.207659162581 [0.207406327128] [0.207911998034]
0.20569512248049998 [0.201606422663] [0.209783822298]
0.2028619274495 [0.194509357214] [0.211214497685]
0.199363991618 [0.186815962195] [0.211912021041]
0.195610322058 [0.17861546576] [0.212605178356]
0.193109765649 [0.168618991971] [0.217600539327]
0.193916454911 [0.161652103066] [0.226180806756]
0.1933035850525 [0.158261016011] [0.228346154094]
0.1888168379665 [0.155428946018] [0.222204729915]
