0.02466689795255 [0.0258826706558] [0.0234511252493]
0.02610112167895 [0.0260939113796] [0.0261083319783]
0.02697622124105 [0.0265365242958] [0.0274159181863]
0.027288377285 [0.027045449242] [0.027531305328]
0.02773019764575 [0.0278042200953] [0.0276561751962]
0.02875547576695 [0.0288637541234] [0.0286471974105]
0.030408019199950002 [0.0303533095866] [0.0304627288133]
0.03241314552725 [0.0327746011317] [0.0320516899228]
0.034605216234899996 [0.0363932736218] [0.032817158848]
0.03614930808545 [0.0406178198755] [0.0316807962954]
0.036619366146599996 [0.0439692623913] [0.0292694699019]
0.03609170764685 [0.0444063358009] [0.0277770794928]
0.03437596652655 [0.0422871932387] [0.0264647398144]
0.0319111654535 [0.0391190759838] [0.0247032549232]
0.029283869080249998 [0.0352702885866] [0.0232974495739]
0.02677010651675 [0.0311293248087] [0.0224108882248]
0.024996890686450002 [0.0280446987599] [0.021949082613]
0.02390688937155 [0.0261043105274] [0.0217094682157]
0.02324034646155 [0.0248848702759] [0.0215958226472]
0.022715537808850002 [0.0239242091775] [0.0215068664402]
0.022087709046900002 [0.0228102579713] [0.0213651601225]
0.021439225412899998 [0.0215667784214] [0.0213116724044]
0.0208743158728 [0.0204611644149] [0.0212874673307]
0.020636591129 [0.0198171306401] [0.0214560516179]
0.0207527279854 [0.0197439175099] [0.0217615384609]
0.021197241731 [0.020075391978] [0.022319091484]
0.02189886849375 [0.0207949280739] [0.0230028089136]
0.0229756347835 [0.0220015477389] [0.0239497218281]
0.024365463294099998 [0.0235169325024] [0.0252139940858]
0.026460992172349998 [0.0262647029012] [0.0266572814435]
0.0293739149347 [0.0306017454714] [0.028146084398]
0.0326675185934 [0.0357820950449] [0.0295529421419]
0.03560598473995 [0.0405007600784] [0.0307112094015]
0.03768050111835 [0.0436994619668] [0.0316615402699]
0.0391768384725 [0.0457939095795] [0.0325597673655]
0.040548425167799995 [0.0480341874063] [0.0330626629293]
0.0424154046923 [0.0508954487741] [0.0339353606105]
0.0444134902209 [0.0540112778544] [0.0348157025874]
0.0455977525562 [0.0562021285295] [0.0349933765829]
0.045327441766849996 [0.0564205944538] [0.0342342890799]
0.0437332931906 [0.0544580705464] [0.0330085158348]
0.0416365377605 [0.0509856641293] [0.0322874113917]
0.039621418342 [0.0471065752208] [0.0321362614632]
0.03800537250935 [0.0438354499638] [0.0321752950549]
0.03655211627485 [0.0413266271353] [0.0317776054144]
0.03489567618815 [0.039380505681] [0.0304108466953]
0.033332522027199996 [0.0382787026465] [0.0283863414079]
0.03167116362605 [0.0368002355099] [0.0265420917422]
0.029317579232149997 [0.0334697179496] [0.0251654405147]
0.0274650231004 [0.0309402663261] [0.0239897798747]
0.0258719287813 [0.0286728758365] [0.0230709817261]
0.024111618287850002 [0.0262291301042] [0.0219941064715]
0.02215603459625 [0.0234228167683] [0.0208892524242]
0.02057186421005 [0.0210265945643] [0.0201171338558]
0.019904652610449998 [0.0198404416442] [0.0199688635767]
0.02025269344445 [0.0200562998652] [0.0204490870237]
0.02125088497995 [0.0212480332702] [0.0212537366897]
0.022393073886650003 [0.0227856859565] [0.0220004618168]
0.02329606655985 [0.0241028275341] [0.0224893055856]
0.023967891931550002 [0.0249820537865] [0.0229537300766]
0.0246184980497 [0.0256289765239] [0.0236080195755]
0.025339307263499998 [0.0261808075011] [0.0244978070259]
0.02612152788785 [0.0267227180302] [0.0255203377455]
0.02688637562095 [0.0273212362081] [0.0264515150338]
0.027876767329849998 [0.0283284615725] [0.0274250730872]
0.029382487759 [0.0301368478686] [0.0286281276494]
0.03193973749875 [0.0334063246846] [0.0304731503129]
0.03642920032145 [0.0393082648516] [0.0335501357913]
0.0437110550702 [0.0488339029253] [0.0385882072151]
0.05467896349725 [0.0634648054838] [0.0458931215107]
0.06896256096665 [0.0831223353744] [0.0548027865589]
0.08430011384194999 [0.106168575585] [0.0624316520989]
0.09565951675170001 [0.126448497176] [0.0648705363274]
0.10374425351640001 [0.143590331078] [0.0638981759548]
0.110480217263 [0.158695027232] [0.062265407294]
0.11410278454414999 [0.168095499277] [0.0601100698113]
0.11233065463585 [0.167316690087] [0.0573446191847]
0.10790872201345 [0.160730004311] [0.0550874397159]
0.10427363030629999 [0.155003100634] [0.0535441599786]
0.1014005523174 [0.15031529963] [0.0524858050048]
0.09701149724444999 [0.142347067595] [0.0516759268939]
0.09180482476925 [0.133494123816] [0.0501155257225]
0.08530375547720001 [0.123710125685] [0.0468973852694]
0.07583951950065 [0.109782963991] [0.0418960750103]
0.06692164205015 [0.0949078276753] [0.038935456425]
0.0604934822768 [0.0825005397201] [0.0384864248335]
0.056824488565349995 [0.0735755860806] [0.0400733910501]
0.0559914521873 [0.0689679160714] [0.0430149883032]
0.057456083595749996 [0.0681879892945] [0.046724177897]
0.0603254586458 [0.0697720348835] [0.0508788824081]
0.06382816657425 [0.0722772181034] [0.0553791150451]
0.06678965874015 [0.073449216783] [0.0601301006973]
0.06976943463085 [0.0746096000075] [0.0649292692542]
0.07325540483000001 [0.0765910148621] [0.0699197947979]
0.0773182436824 [0.079382866621] [0.0752536207438]
0.08145045489075001 [0.0815596058965] [0.081341303885]
0.0854547135532 [0.0826737731695] [0.0882356539369]
0.0897439830005 [0.0834242552519] [0.0960637107491]
0.09618791565285 [0.0870756730437] [0.105300158262]
0.1071156561375 [0.096327111125] [0.11790420115]
0.126467481256 [0.114250466228] [0.138684496284]
0.151991136372 [0.137439981103] [0.166542291641]
0.1712482348085 [0.150033354759] [0.192463114858]
0.17566601932050002 [0.146584033966] [0.204748004675]
0.169770680368 [0.135916158557] [0.203625202179]
0.16040120273800001 [0.125716552138] [0.195085853338]
0.152336332947 [0.120604522526] [0.184068143368]
0.14370397105799998 [0.11788918823] [0.169518753886]
0.128928814083 [0.11122790724] [0.146629720926]
0.1107658706605 [0.100750461221] [0.1207812801]
0.09237895160915 [0.0877682939172] [0.0969896093011]
0.07762278616429999 [0.0760862901807] [0.0791592821479]
0.06840942800045 [0.0690034255385] [0.0678154304624]
0.06312611326575 [0.0657914876938] [0.0604607388377]
0.06050176732240001 [0.0652497708797] [0.0557537637651]
0.05935604311525 [0.06590359658] [0.0528084896505]
0.05906825326385 [0.066962569952] [0.0511739365757]
0.05946540646255 [0.0681847706437] [0.0507460422814]
0.0604843460023 [0.0697159543633] [0.0512527376413]
0.062133822590150004 [0.0718516260386] [0.0524160191417]
0.06391931511465 [0.0745622739196] [0.0532763563097]
0.0656765010208 [0.0779161080718] [0.0534368939698]
0.06748601607975 [0.0823875367641] [0.0525844953954]
0.07108306139704999 [0.0898058786988] [0.0523602440953]
0.07815161161129999 [0.101920105517] [0.0543831177056]
0.0897013619542 [0.119799375534] [0.0596033483744]
0.10647863894715001 [0.144621446729] [0.0683358311653]
0.12485640123490001 [0.169224664569] [0.0804881379008]
0.13694821670665 [0.182567611337] [0.0913288220763]
0.14091654866960002 [0.184945121408] [0.0968879759312]
0.14145349338665 [0.183450713754] [0.0994562730193]
0.14248742535699999 [0.184628769755] [0.100346080959]
0.14333642646685 [0.187066599727] [0.0996062532067]
0.14374315366145 [0.189305961132] [0.0981803461909]
0.14223776757735002 [0.187739759684] [0.0967357754707]
0.1402952745555 [0.184459045529] [0.096131503582]
0.13733302056765 [0.178039476275] [0.0966265648603]
0.13375003263345 [0.170183315873] [0.0973167493939]
0.1295324936508 [0.162484437227] [0.0965805500746]
0.124762400985 [0.156671866775] [0.092852935195]
0.12024087458825 [0.153334960341] [0.0871467888355]
0.11633476614935 [0.150972858071] [0.0816966742277]
0.113109115511 [0.147720828652] [0.07849740237]
0.11284422501925001 [0.147169649601] [0.0785188004375]
0.1150575689969 [0.149177640676] [0.0809374973178]
0.11723854020245 [0.150260820985] [0.0842162594199]
0.1191591471433 [0.152327492833] [0.0859908014536]
0.1197652034461 [0.152759477496] [0.0867709293962]
0.11789792403575 [0.148585319519] [0.0872105285525]
0.1164689473809 [0.145594596863] [0.0873432978988]
0.11667394638065 [0.145531654358] [0.0878162384033]
0.1175885275004 [0.145289599895] [0.0898874551058]
0.1200471557675 [0.14510692656] [0.094987384975]
0.12494455277949999 [0.144979000092] [0.104910105467]
0.1319503858685 [0.142781153321] [0.121119618416]
0.1407315060495 [0.138003900647] [0.143459111452]
0.1515403613445 [0.133609563112] [0.169471159577]
0.162037678063 [0.131384924054] [0.192690432072]
0.162865906954 [0.130390197039] [0.195341616869]
0.1557190045715 [0.130898490548] [0.180539518595]
0.144226722419 [0.126578852534] [0.161874592304]
0.1346070617435 [0.120272442698] [0.148941680789]
0.1275493241845 [0.111491285264] [0.143607363105]
0.1218771226705 [0.102504231036] [0.141250014305]
0.11597654223465001 [0.0946103930473] [0.137342691422]
0.110919672996 [0.088839776814] [0.132999569178]
0.10664004087435 [0.0853818953037] [0.127898186445]
0.10272343084235 [0.0832174941897] [0.122229367495]
0.09867777675395001 [0.0815066769719] [0.115848876536]
0.09454203024505001 [0.0804176777601] [0.10866638273]
0.09103289619105 [0.0793685466051] [0.102697245777]
0.08810815960165 [0.0792153999209] [0.0970009192824]
0.0848142951727 [0.0788443014026] [0.0907842889428]
0.0807868763804 [0.0760018676519] [0.0855718851089]
0.0782603956759 [0.072588339448] [0.0839324519038]
0.07671402022245 [0.0709882602096] [0.0824397802353]
0.0770267955959 [0.0710282325745] [0.0830253586173]
0.07924262061715001 [0.0730970650911] [0.0853881761432]
0.0819064378738 [0.0770741552114] [0.0867387205362]
0.085615336895 [0.0821711719036] [0.0890595018864]
0.0897148400545 [0.0867801681161] [0.0926495119929]
0.0920694284141 [0.0878484100103] [0.0962904468179]
0.0922815427184 [0.0856034010649] [0.0989596843719]
0.0925875902177 [0.0851022303104] [0.100072950125]
0.0940365754069 [0.0880566760898] [0.100016474724]
0.09627832472325 [0.0930720642209] [0.0994845852256]
0.09993561729785 [0.100125581026] [0.0997456535697]
0.10367783531534999 [0.107793703675] [0.0995619669557]
0.10620352998355001 [0.11464523524] [0.0977618247271]
0.10698420926915 [0.119310185313] [0.0946582332253]
0.10570300370470001 [0.121758013964] [0.0896479934454]
0.1030029058456 [0.122574083507] [0.0834317281842]
