0.04956502653655 [0.0573610924184] [0.0417689606547]
0.05595657788215 [0.0644105374813] [0.047502618283]
0.06331556290385 [0.0715678334236] [0.0550632923841]
0.0691138487309 [0.076999977231] [0.0612277202308]
0.06906608305869999 [0.0778232514858] [0.0603089146316]
0.06585778668525 [0.0777675583959] [0.0539480149746]
0.062516361475 [0.0777266398072] [0.0473060831428]
0.06039169058205 [0.0773070603609] [0.0434763208032]
0.05894328281285 [0.0761408880353] [0.0417456775904]
0.05764868110415 [0.0742560997605] [0.0410412624478]
0.05624202638865 [0.0721181258559] [0.0403659269214]
0.0547518916428 [0.0699032098055] [0.0396005734801]
0.05314599350095 [0.0676303654909] [0.038661621511]
0.0516706928611 [0.0652480348945] [0.0380933508277]
0.050619000569 [0.0627447143197] [0.0384932868183]
0.0497072935104 [0.0595370866358] [0.039877500385]
0.049396600574249994 [0.0569665543735] [0.041826646775]
0.050108805298800005 [0.0557966306806] [0.044420979917]
0.051176158711300004 [0.0552215501666] [0.047130767256]
0.05197324045005 [0.053828869015] [0.0501176118851]
0.05283893086015 [0.0523010455072] [0.0533768162131]
0.05399525165555 [0.0510638877749] [0.0569266155362]
0.05532800219955 [0.0503976419568] [0.0602583624423]
0.05630782432855 [0.0504811368883] [0.0621345117688]
0.05737072229385 [0.0517324283719] [0.0630090162158]
0.0585311055183 [0.0537288561463] [0.0633333548903]
0.059922361746450006 [0.0561850331724] [0.0636596903205]
0.061470035463549996 [0.0592899098992] [0.0636501610279]
0.06282681599260001 [0.0623817369342] [0.063271895051]
0.06366084143515 [0.0652526915073] [0.062068991363]
0.063255013898 [0.0667703002691] [0.0597397275269]
0.0613791793585 [0.0663303732872] [0.0564279854298]
0.05823943763975 [0.0637497901917] [0.0527290850878]
0.0552378334105 [0.0609542541206] [0.0495214127004]
0.05348056182265 [0.0590393804014] [0.0479217432439]
0.05340630747375 [0.058377366513] [0.0484352484345]
0.0546938385814 [0.0586302876472] [0.0507573895156]
0.05646112933755 [0.0592093318701] [0.053712926805]
0.0577147435397 [0.0593981035054] [0.056031383574]
0.057733671739699996 [0.0583511814475] [0.0571161620319]
0.05755143798885 [0.0565179623663] [0.0585849136114]
0.05728465504945 [0.0537731312215] [0.0607961788774]
0.0563938841224 [0.0504235811532] [0.0623641870916]
0.0549573116004 [0.0471402034163] [0.0627744197845]
0.05375250801445 [0.0447806343436] [0.0627243816853]
0.0536738373339 [0.0445698723197] [0.0627778023481]
0.05581515282395 [0.0470800176263] [0.0645502880216]
0.06067459657785 [0.0524817034602] [0.0688674896955]
0.06856760941445 [0.0615296773612] [0.0756055414677]
0.0785182826221 [0.072599388659] [0.0844371765852]
0.0862622447312 [0.0795603692532] [0.0929641202092]
0.08925026655195001 [0.0801865085959] [0.098314024508]
0.08733247593045 [0.0757242813706] [0.0989406704903]
0.08234225586060001 [0.0702532231808] [0.0944312885404]
0.07600731402635 [0.0667913034558] [0.0852233245969]
0.06954389810565001 [0.0658755451441] [0.0732122510672]
0.0651376917958 [0.066517136991] [0.0637582466006]
0.06301450543105 [0.0676285326481] [0.058400478214]
0.0629554633051 [0.068795517087] [0.0571154095232]
0.06355299055579999 [0.0687569305301] [0.0583490505815]
0.06442414969205 [0.0682821571827] [0.0605661422014]
0.06472163088615 [0.0674146264791] [0.0620286352932]
0.06383340060715001 [0.0659880265594] [0.0616787746549]
0.06245620921255 [0.0644402205944] [0.0604721978307]
0.06066856347025 [0.0626272559166] [0.0587098710239]
0.0581541918218 [0.0598694756627] [0.0564389079809]
0.05649437382815 [0.0567120313644] [0.0562767162919]
0.055198578164000006 [0.0536556951702] [0.0567414611578]
0.0544242206961 [0.0512092374265] [0.0576392039657]
0.0543775688857 [0.0496708266437] [0.0590843111277]
0.05549597367645 [0.0492915213108] [0.0617004260421]
0.05758039094505 [0.0499793626368] [0.0651814192533]
0.059272328391700005 [0.0500164292753] [0.0685282275081]
0.059431558474900004 [0.0484655611217] [0.0703975558281]
0.05782521143555 [0.0458319187164] [0.0698185041547]
0.0548824109137 [0.0424063131213] [0.0673585087061]
0.0517027508467 [0.0388634614646] [0.0645420402288]
0.04938448406755 [0.0360312573612] [0.0627377107739]
0.0480596497655 [0.0344841443002] [0.0616351552308]
0.047552581876549996 [0.0343766435981] [0.060728520155]
0.04732361249625 [0.0358708128333] [0.0587764121592]
0.0482972301543 [0.0388629510999] [0.0577315092087]
0.050041569396850005 [0.0419696569443] [0.0581134818494]
0.0517490953207 [0.0444137081504] [0.059084482491]
0.05252989195285 [0.0450171381235] [0.0600426457822]
0.0525257345289 [0.0432626605034] [0.0617888085544]
0.052361048758 [0.0406752005219] [0.0640468969941]
0.05251703783865 [0.0387398153543] [0.066294260323]
0.05331685766574999 [0.0381216779351] [0.0685120373964]
0.055588940158499994 [0.039599519223] [0.071578361094]
0.059458006173399996 [0.0431032404304] [0.0758127719164]
0.06303949654105 [0.0469482019544] [0.0791307911277]
0.06566198915245 [0.0501584708691] [0.0811655074358]
0.0663031898439 [0.0524836704135] [0.0801227092743]
0.06589537858965 [0.0541758686304] [0.0776148885489]
0.06483866460625 [0.0546563304961] [0.0750209987164]
0.0637230016291 [0.0544472187757] [0.0729987844825]
0.06309182196855 [0.0534215196967] [0.0727621242404]
0.06251050718125 [0.0518632419407] [0.0731577724218]
0.062380494549899995 [0.0507300682366] [0.0740309208632]
0.062321376055500005 [0.0506756529212] [0.0739670991898]
0.06321390718225 [0.0519443675876] [0.0744834467769]
0.06476031802595 [0.0538742952049] [0.075646340847]
0.06612714566295 [0.0553742460907] [0.0768800452352]
0.0665839612484 [0.0553199872375] [0.0778479352593]
0.0664699077606 [0.0540558248758] [0.0788839906454]
0.0658383741975 [0.0524403527379] [0.0792363956571]
0.0660913996398 [0.0511422231793] [0.0810405761003]
0.0683774985373 [0.0512820705771] [0.0854729264975]
0.07174225337805 [0.052619215101] [0.0908652916551]
0.0752920191735 [0.0537966303527] [0.0967874079943]
0.078586341813 [0.055247861892] [0.101924821734]
0.08175803162135001 [0.0573843233287] [0.106131739914]
0.08437088690700001 [0.060821544379] [0.107920229435]
0.08705984428550001 [0.06609929353] [0.108020395041]
0.0896525681021 [0.0724364295602] [0.106868706644]
0.09002483263614999 [0.0783720836043] [0.101677581668]
0.0895028561354 [0.0826244130731] [0.0963812991977]
0.08874448016285 [0.0845809802413] [0.0929079800844]
0.08819782733920001 [0.0846481099725] [0.0917475447059]
0.08774666115640001 [0.0845232605934] [0.0909700617194]
0.0872738957405 [0.0847128853202] [0.0898349061608]
0.08539911732075 [0.0821499377489] [0.0886482968926]
0.08295975998044999 [0.0773784965277] [0.0885410234332]
0.08184112980965 [0.0738098099828] [0.0898724496365]
0.08176903799175 [0.0715274065733] [0.0920106694102]
0.08181623741985 [0.0698309838772] [0.0938014909625]
0.083101157099 [0.0695031583309] [0.0966991558671]
0.08443145453945 [0.0688183456659] [0.100044563413]
0.08530582487575 [0.0672663375735] [0.103345312178]
0.08543441072105 [0.0650528594851] [0.105815961957]
0.08496263064449999 [0.062486667186] [0.107438594103]
0.0843338333069 [0.0599974691868] [0.108670197427]
0.0832872483879 [0.0579358451068] [0.108638651669]
0.0829556602984 [0.0568407215178] [0.109070599079]
0.0824934467674 [0.0571192279458] [0.107867665589]
0.08235434256485 [0.0588940940797] [0.10581459105]
0.08218193612985 [0.0612742118537] [0.103089660406]
0.0817942619326 [0.0628190860152] [0.10076943785]
0.08046074025335 [0.0622982271016] [0.0986232534051]
0.0781483296305 [0.0603418014944] [0.0959548577666]
0.07531848922369999 [0.0584300160408] [0.0922069624066]
0.07216092012825 [0.0570189319551] [0.0873029083014]
0.0691832974553 [0.0568064376712] [0.0815601572394]
0.06625099666414999 [0.0575023032725] [0.0749996900558]
0.06319404020905 [0.0590499639511] [0.067338116467]
0.06130087934435 [0.0613234862685] [0.0612782724202]
0.06032367795705 [0.0640875101089] [0.0565598458052]
0.06065900437535 [0.0672967135906] [0.0540212951601]
0.062214558944099996 [0.070725761354] [0.0537033565342]
0.0642528049648 [0.0736294463277] [0.0548761636019]
0.06596910767255 [0.0750262662768] [0.0569119490683]
0.06712923943995 [0.074504673481] [0.0597538053989]
0.06792701780795 [0.0728362798691] [0.0630177557468]
0.06864355877045 [0.0708448439837] [0.0664422735572]
