0.02122612204405 [0.0177541766316] [0.0246980674565]
0.0224002674222 [0.0186729263514] [0.026127608493]
0.02457346022125 [0.0197833832353] [0.0293635372072]
0.02865971904245 [0.0217687245458] [0.0355507135391]
0.0357821062207 [0.0259151943028] [0.0456490181386]
0.0441998485476 [0.03204356879] [0.0563561283052]
0.0520458202809 [0.0393523462117] [0.0647392943501]
0.058119503781199996 [0.046516533941] [0.0697224736214]
0.062468787655250005 [0.0524728484452] [0.0724647268653]
0.06505355238915 [0.0566534847021] [0.0734536200762]
0.0660697072744 [0.0596452951431] [0.0724941194057]
0.06586208567025 [0.0610438808799] [0.0706802904606]
0.06499126367275 [0.062466416508] [0.0675161108375]
0.06529073789715001 [0.06652674824] [0.0640547275543]
0.066834082827 [0.0726828053594] [0.0609853602946]
0.06851513683794999 [0.0771559849381] [0.0598742887378]
0.06886054389179999 [0.0766156166792] [0.0611054711044]
0.0686919614673 [0.072321549058] [0.0650623738766]
0.06862974911925 [0.0671145096421] [0.0701449885964]
0.06948894634845 [0.0629089921713] [0.0760689005256]
0.070678954944 [0.0600589625537] [0.0812989473343]
0.07102439552545001 [0.0582664012909] [0.08378238976]
0.07023957185445 [0.057555090636] [0.0829240530729]
0.06884059123695001 [0.057407323271] [0.0802738592029]
0.0672754235566 [0.0570472404361] [0.0775036066771]
0.0653751399368 [0.0565998144448] [0.0741504654288]
0.06381129100915 [0.0564195513725] [0.0712030306458]
0.0635516867042 [0.0567806810141] [0.0703226923943]
0.06472579203545001 [0.0574317909777] [0.0720197930932]
0.0658471826464 [0.0581784285605] [0.0735159367323]
0.0671205483377 [0.0590024068952] [0.0752386897802]
0.06806393899025 [0.0600717999041] [0.0760560780764]
0.06917274929584999 [0.0618363283575] [0.0765091702342]
0.07008891925215 [0.0646902322769] [0.0754876062274]
0.07130695134405 [0.0694852471352] [0.0731286555529]
0.07284020632505 [0.0749565735459] [0.0707238391042]
0.07481298223140001 [0.0800855830312] [0.0695403814316]
0.07665171101689999 [0.083583265543] [0.0697201564908]
0.07827273383735 [0.0862874314189] [0.0702580362558]
0.07926781848075 [0.0877277106047] [0.0708079263568]
0.0793940424919 [0.0875229164958] [0.071265168488]
0.0788437388837 [0.0862354636192] [0.0714520141482]
0.0776937380433 [0.083912268281] [0.0714752078056]
0.07686283811925 [0.0812331587076] [0.0724925175309]
0.07646614313125 [0.0787846595049] [0.0741476267576]
0.07669438794255 [0.0778859481215] [0.0755028277636]
0.0788499824703 [0.0792389214039] [0.0784610435367]
0.0830585062504 [0.0821864753962] [0.0839305371046]
0.08819102868435 [0.0858059376478] [0.0905761197209]
0.08859550580379999 [0.0842432975769] [0.0929477140307]
0.0824429616332 [0.0770470276475] [0.0878388956189]
0.07308515161275 [0.0670535638928] [0.0791167393327]
0.0633774586022 [0.0572007670999] [0.0695541501045]
0.055065356194949996 [0.0498353205621] [0.0602953918278]
0.04918253421785 [0.0450099743903] [0.0533550940454]
0.045861328020700004 [0.0422818735242] [0.0494407825172]
0.044170483946799996 [0.0408111996949] [0.0475297681987]
0.04350460506975 [0.0402824729681] [0.0467267371714]
0.043462371453600004 [0.0404568277299] [0.0464679151773]
0.04384379275145 [0.0412943027914] [0.0463932827115]
0.044621789827949995 [0.0428070388734] [0.0464365407825]
0.0455334689468 [0.0447908192873] [0.0462761186063]
0.04615429230035 [0.0467020794749] [0.0456065051258]
0.04617604613305 [0.0480504259467] [0.0443016663194]
0.0457153171301 [0.0488695986569] [0.0425610356033]
0.045298149809249996 [0.0498096756637] [0.0407866239548]
0.0457333177328 [0.0515678152442] [0.0398988202214]
0.047756185755150005 [0.054229028523] [0.0412833429873]
0.0510952323675 [0.0576160252094] [0.0445744395256]
0.05441348440945 [0.0606769621372] [0.0481500066817]
0.0569544620812 [0.0623805969954] [0.051528327167]
0.05804414115845 [0.0623171441257] [0.0537711381912]
0.05726678483185 [0.0603373534977] [0.054196216166]
0.054821699857699996 [0.057160731405] [0.0524826683104]
0.051344575360400005 [0.0531283132732] [0.0495608374476]
0.047719610855 [0.0491426922381] [0.0462965294719]
0.044281560927649996 [0.0453320704401] [0.0432310514152]
0.04106573201715 [0.0416425466537] [0.0404889173806]
0.0383413229138 [0.0384566150606] [0.038226030767]
0.0362584982067 [0.0360111072659] [0.0365058891475]
0.03530482575295 [0.0349952280521] [0.0356144234538]
0.03572519123555 [0.035520914942] [0.0359294675291]
0.03762087225915 [0.0372763648629] [0.0379653796554]
0.040518786758200004 [0.0395100489259] [0.0415275245905]
0.043339127674699995 [0.0409497991204] [0.045728456229]
0.04548909142615 [0.0414758324623] [0.04950235039]
0.0471361707896 [0.0416370891035] [0.0526352524757]
0.0493137668818 [0.0431185029447] [0.0555090308189]
0.0528919659555 [0.0465954095125] [0.0591885223985]
0.057749679312100004 [0.0512092523277] [0.0642901062965]
0.06246644072235 [0.0553929693997] [0.069539912045]
0.0663963165134 [0.0582980401814] [0.0744945928454]
0.06978171132505001 [0.0603333078325] [0.0792301148176]
0.07290568388995 [0.0618252046406] [0.0839861631393]
0.07553643733265 [0.0624843463302] [0.0885885283351]
0.07739278487859999 [0.0624329932034] [0.0923525765538]
0.07853448949755 [0.0621111355722] [0.0949578434229]
