0.095219220966 [0.115241371095] [0.075197070837]
0.0874603614212 [0.102975651622] [0.0719450712204]
0.08057144656779999 [0.0918306335807] [0.0693122595549]
0.07356134429569999 [0.0809165090322] [0.0662061795592]
0.06761694699525 [0.0719798058271] [0.0632540881634]
0.0635734423995 [0.066099435091] [0.061047449708]
0.06152936816215 [0.063312523067] [0.0597462132573]
0.06047374382615 [0.0625052526593] [0.058442234993]
0.05999071896075 [0.0626785829663] [0.0573028549552]
0.0599651969969 [0.0637842416763] [0.0561461523175]
0.060631183907399994 [0.0662110447884] [0.0550513230264]
0.062186423689100004 [0.0699458494782] [0.0544269979]
0.0646704714745 [0.0739382281899] [0.0554027147591]
0.0660628322512 [0.0763784348965] [0.0557472296059]
0.0657124109566 [0.0763209760189] [0.0551038458943]
0.06408198736605 [0.0746789127588] [0.0534850619733]
0.06283701583739999 [0.0736942887306] [0.0519797429442]
0.06444085016845 [0.0760903209448] [0.0527913793921]
0.07011058926585 [0.0835806131363] [0.0566405653954]
0.0787655934691 [0.0957677736878] [0.0617634132504]
0.08756228163845 [0.108949430287] [0.0661751329899]
0.09315028786650001 [0.116977021098] [0.069323554635]
0.09512787684810001 [0.119297385216] [0.0709583684802]
0.09502668678745 [0.118261478841] [0.0717918947339]
0.09466682746999999 [0.115606881678] [0.073726773262]
0.09447849914435 [0.111880786717] [0.0770762115717]
0.0942419432103 [0.109008565545] [0.0794753208756]
0.09569125249975 [0.109900176525] [0.0814823284745]
0.10052178055050001 [0.116028547287] [0.085015013814]
0.109101086855 [0.12752071023] [0.09068146348]
0.1213084124029 [0.143335774541] [0.0992810502648]
0.13654849678300002 [0.161905050278] [0.111191943288]
0.151419132948 [0.177855759859] [0.124982506037]
0.16383571177700001 [0.188562899828] [0.139108523726]
0.1734418421985 [0.193956047297] [0.1529276371]
0.1803324595095 [0.195801705122] [0.164863213897]
0.1832583248615 [0.193531855941] [0.172984793782]
0.1770033538345 [0.182656079531] [0.171350628138]
0.1604236513375 [0.160616904497] [0.160230398178]
0.140492737293 [0.136513739824] [0.144471734762]
0.126496322453 [0.11909763515] [0.133895009756]
0.118569776416 [0.107922360301] [0.129217192531]
0.11341041326535001 [0.0987730175257] [0.128047809005]
0.10957076400505 [0.0903685539961] [0.128772974014]
0.1059399582445 [0.082297436893] [0.129582479596]
0.10170071199549999 [0.074777700007] [0.128623723984]
0.0968128144741 [0.0683592110872] [0.125266417861]
0.0912926271558 [0.0632873401046] [0.119297914207]
0.0854132641108 [0.0596565939486] [0.111169934273]
0.0790816359223 [0.0575309470296] [0.100632324815]
0.07470306754115 [0.0566905215383] [0.092715613544]
0.0707990638912 [0.0566753074527] [0.0849228203297]
0.0685904417187 [0.0576348267496] [0.0795460566878]
0.06793894805015 [0.0600299276412] [0.0758479684591]
0.0686565153301 [0.0640783980489] [0.0732346326113]
0.07085888460279999 [0.0702479928732] [0.0714697763324]
0.07440845295785001 [0.0787364989519] [0.0700804069638]
0.07810799404980001 [0.0863875299692] [0.0698284581304]
0.08161894604565001 [0.093482375145] [0.0697555169463]
0.08474012464285 [0.0999052226543] [0.0695750266314]
0.0877814665436 [0.106120109558] [0.0694428235292]
0.09091737866409999 [0.11211489141] [0.0697198659182]
0.09446821361794999 [0.118506073952] [0.0704303532839]
0.09829470142729999 [0.125508323312] [0.0710810795426]
0.10211551561940001 [0.133216127753] [0.0710149034858]
0.10540233924959999 [0.140940919518] [0.0698637589812]
0.1092523820696 [0.150384843349] [0.0681199207902]
0.11213206127285 [0.157484292984] [0.0667798295617]
0.11575298383835 [0.164014145732] [0.0674918219447]
0.12118167430160001 [0.171524643898] [0.0708387047052]
0.12817549705505 [0.179116666317] [0.0772343277931]
0.13549526035804998 [0.185326367617] [0.0856641530991]
0.1399284973742 [0.188366994262] [0.0914900004864]
0.14178583025935 [0.187672495842] [0.0958991646767]
0.14160074666165 [0.184860080481] [0.0983414128423]
0.14049936830999998 [0.180905506015] [0.100093230605]
0.1391323208807 [0.178434476256] [0.0998301655054]
0.13839548453705 [0.178412780166] [0.0983781889081]
0.13859308138499998 [0.179002851248] [0.098183311522]
0.140628952533 [0.179705291986] [0.10155261308]
0.1455119661985 [0.181168913841] [0.109855018556]
0.15641066432 [0.189151644707] [0.123669683933]
0.17294818908 [0.204425081611] [0.141471296549]
0.19290538877250002 [0.227644219995] [0.15816655755]
0.2052687257525 [0.244309440255] [0.16622801125]
0.20712778717250002 [0.24676759541] [0.167487978935]
0.20452751219249998 [0.243126481771] [0.165928542614]
0.197435937822 [0.236990615726] [0.157881259918]
0.18892010301349998 [0.231546998024] [0.146293208003]
0.1819411814215 [0.229749798775] [0.134132564068]
0.17998968064749998 [0.232856661081] [0.127122700214]
0.1827611774205 [0.239118501544] [0.126403853297]
0.18657125532649999 [0.243526130915] [0.129616379738]
0.191155768931 [0.247961297631] [0.134350240231]
0.19469601660949998 [0.252536445856] [0.136855587363]
0.1970460638405 [0.257197290659] [0.136894837022]
0.1983578205105 [0.2601082623] [0.136607378721]
0.1989758461715 [0.258829802275] [0.139121890068]
0.19922882318500001 [0.255140423775] [0.143317222595]
0.1980649605395 [0.251237124205] [0.144892796874]
0.1964739114045 [0.249908134341] [0.143039688468]
0.196329578757 [0.25241574645] [0.140243411064]
0.1981550231575 [0.258846819401] [0.137463226914]
0.195419192314 [0.263738453388] [0.12709993124]
0.19018254056599998 [0.263938367367] [0.116426713765]
0.1842157430945 [0.260451465845] [0.107980020344]
0.1757472716275 [0.250193625689] [0.101300917566]
0.1643968001008 [0.23330026865] [0.0954933315516]
0.15369128808385 [0.217139273882] [0.0902433022857]
0.14599518477915002 [0.2056312114] [0.0863591581583]
0.14205224066965 [0.199967175722] [0.0841373056173]
0.14100751280765 [0.198840975761] [0.0831740498543]
0.1398603692653 [0.196464568377] [0.0832561701536]
0.13962159305835 [0.195272058249] [0.0839711278677]
0.1398417688906 [0.195001617074] [0.0846819207072]
0.14028272405255 [0.195255488157] [0.0853099599481]
0.14121089503189999 [0.195953086019] [0.0864687040448]
0.1429320573807 [0.197317391634] [0.0885467231274]
0.1453867815436 [0.198762431741] [0.0920111313462]
0.14828106388445 [0.199238076806] [0.0973240509629]
0.151492331177 [0.198665872216] [0.104318790138]
0.1554720923305 [0.197693780065] [0.113250404596]
