0.0417388477363 [0.0728113949299] [0.0106663005427]
0.1099131368101 [0.0773332044482] [0.142493069172]
0.11078931763764999 [0.0829455778003] [0.138633057475]
0.11020522937185001 [0.0909190550447] [0.129491403699]
0.1098892614245 [0.10012242943] [0.119656093419]
0.109617143869 [0.109547629952] [0.109686657786]
0.1097187921405 [0.11824208498] [0.101195499301]
0.10952324047709999 [0.124123692513] [0.0949227884412]
0.11025785654795 [0.128498092294] [0.0920176208019]
0.11007519811405 [0.130342319608] [0.0898080766201]
0.1071531400082 [0.127684757113] [0.0866215229034]
0.10390014573919999 [0.126175522804] [0.0816247686744]
0.0940021090208 [0.11267504096] [0.0753291770816]
0.08216882869605 [0.0952449589968] [0.0690926983953]
0.07249862328170001 [0.0814801901579] [0.0635170564055]
0.06647376157345 [0.0740062519908] [0.0589412711561]
0.06357514858245 [0.0708321928978] [0.0563181042671]
0.0620982721448 [0.0689184442163] [0.0552781000733]
0.0613579917699 [0.0675277113914] [0.0551882721484]
0.05993448384109999 [0.0648807138205] [0.0549882538617]
0.05589845217765 [0.0586259737611] [0.0531709305942]
0.04888054728505 [0.0489575527608] [0.0488035418093]
0.0442489273846 [0.0457364656031] [0.0427613891661]
0.04013227671385 [0.0431441962719] [0.0371203571558]
0.038367211818699995 [0.0410398431122] [0.0356945805252]
0.03700141608715 [0.0394201055169] [0.0345827266574]
0.0360914003104 [0.0387494303286] [0.0334333702922]
0.0362037830055 [0.0394783690572] [0.0329291969538]
0.03742777742445 [0.0417078509927] [0.0331477038562]
0.03938575461505 [0.045041937381] [0.0337295718491]
0.04097727686165 [0.0480812899768] [0.0338732637465]
0.0405956916511 [0.0483958423138] [0.0327955409884]
0.037836314179 [0.0452519208193] [0.0304207075387]
0.036169190891099996 [0.0452519208193] [0.0270864609629]
0.03449814766645 [0.0452519208193] [0.0237443745136]
0.03449814766645 [0.0452519208193] [0.0237443745136]
0.03449814766645 [0.0452519208193] [0.0237443745136]
0.03449814766645 [0.0452519208193] [0.0237443745136]
0.03449814766645 [0.0452519208193] [0.0237443745136]
0.0285284016281 [0.0333124287426] [0.0237443745136]
0.0291144363582 [0.0344844982028] [0.0237443745136]
0.0301044266671 [0.0364644788206] [0.0237443745136]
0.05820402130485 [0.0386772975326] [0.0777307450771]
0.06249617040155 [0.0412660166621] [0.083726324141]
0.06874216161669999 [0.0442168079317] [0.0932675153017]
0.075498189777 [0.047605805099] [0.103390574455]
0.08116479776775 [0.0515949092805] [0.110734686255]
0.08482640050359999 [0.0560927130282] [0.113560087979]
0.08605140261355 [0.0608076862991] [0.111295118928]
0.08537819236525 [0.0652642175555] [0.105492167175]
0.0830380916595 [0.0690319538116] [0.0970442295074]
0.0826980918646 [0.0782542973757] [0.0871418863535]
0.0817962437868 [0.0891473144293] [0.0744451731443]
0.0832494869828 [0.0920538008213] [0.0744451731443]
0.07870173826815 [0.0823049247265] [0.0750985518098]
0.07370924949645 [0.0706254914403] [0.0767930075526]
0.07046254351735 [0.0627327486873] [0.0781923383474]
0.0682635046542 [0.0585689172149] [0.0779580920935]
0.0653089992702 [0.0558132454753] [0.0748047530651]
0.0613090321422 [0.0538511872292] [0.0687668770552]
0.056611618027050004 [0.0523476414382] [0.0608755946159]
0.051803428679750005 [0.0511131882668] [0.0524936690927]
0.04751454293725 [0.0499513633549] [0.0450777225196]
0.0440372172743 [0.0486903712153] [0.0393840633333]
0.040472265332949994 [0.0469869486988] [0.0339575819671]
0.03710227739065 [0.0449255183339] [0.0292790364474]
0.0345268640667 [0.0430672466755] [0.0259864814579]
0.0336854085326 [0.0418326370418] [0.0255381800234]
0.03445106744765 [0.0416336022317] [0.0272685326636]
0.03625096194445 [0.042264290154] [0.0302376337349]
0.038454584777350004 [0.0432852692902] [0.0336239002645]
0.040772218257199996 [0.0448344312608] [0.0367100052536]
0.0435782317072 [0.0479677058756] [0.0391887575388]
0.0468321722001 [0.0526728630066] [0.0409914813936]
0.050949951633800006 [0.0592669583857] [0.0426329448819]
0.0551244895905 [0.0659412741661] [0.0443077050149]
0.0584536828101 [0.0707959234715] [0.0461114421487]
0.0617563109845 [0.0755155086517] [0.0479971133173]
0.06614291667935 [0.0828303918242] [0.0494554415345]
0.07316117174924999 [0.0925132855773] [0.0538090579212]
0.0840362384915 [0.105630852282] [0.062441624701]
0.0978054814038 [0.118596091866] [0.0770148709416]
0.11325632035729999 [0.129826426506] [0.0966862142086]
0.126213021576 [0.137623429298] [0.114802613854]
0.133542783558 [0.142755836248] [0.124329730868]
0.1368702575565 [0.146412581205] [0.127327933908]
0.13904434442500002 [0.149275332689] [0.128813356161]
0.14095058292149998 [0.150901556015] [0.130999609828]
0.1413703113795 [0.150317341089] [0.13242328167]
0.14049446582800001 [0.149137601256] [0.1318513304]
0.14117418229599998 [0.149697378278] [0.132650986314]
0.13973265886300001 [0.146353676915] [0.133111640811]
0.135906487703 [0.139317512512] [0.132495462894]
0.132068529725 [0.1314868927] [0.13265016675]
0.1288399100305 [0.124852254987] [0.132827565074]
0.1284803524615 [0.124081686139] [0.132879018784]
0.126349188387 [0.125899404287] [0.126798972487]
0.12138173729150001 [0.125595808029] [0.117167666554]
0.11148607730900001 [0.11958206445] [0.103390090168]
0.10251318663355 [0.114249177277] [0.0907771959901]
0.0959236957135 [0.111445628107] [0.08040176332]
0.09239035844815 [0.111242964864] [0.0735377520323]
0.0917401574552 [0.113726824522] [0.0697534903884]
0.0936232544482 [0.118450216949] [0.0687962919474]
0.09676064550895 [0.1241787076] [0.0693425834179]
0.10088212415565001 [0.131730854511] [0.0700333938003]
0.10479159653174999 [0.138915941119] [0.0706672519445]
0.10568818822515 [0.139915019274] [0.0714613571763]
0.10518755018685 [0.138004392385] [0.0723707079887]
0.1041169427336 [0.135803282261] [0.0724306032062]
0.1026108004154 [0.13446238637] [0.0707592144608]
0.10127153620115001 [0.134692147374] [0.0678509250283]
0.10034342855225 [0.135593429208] [0.0650934278965]
0.10114294290535 [0.137361884117] [0.0649240016937]
0.1066151373091 [0.141841590405] [0.0713886842132]
0.11646610498410001 [0.149757891893] [0.0831743180752]
0.12531079351915 [0.160160198808] [0.0904613882303]
0.12858223915115 [0.161532133818] [0.0956323444843]
0.12747546285395 [0.155417636037] [0.0995332896709]
0.12625401839599998 [0.149233907461] [0.103274129331]
0.125881563872 [0.143027618527] [0.108735509217]
0.1275822594765 [0.140328139067] [0.114836379886]
0.12880342826250002 [0.139599665999] [0.118007190526]
0.129243053496 [0.139662638307] [0.118823468685]
0.12949007004500002 [0.140399008989] [0.118581131101]
0.1300878748295 [0.142200991511] [0.117974758148]
0.1287756226955 [0.141053602099] [0.116497643292]
0.1240537315605 [0.135254859924] [0.112852603197]
0.116708870977 [0.12680375576] [0.106613986194]
0.10861599072799999 [0.117383830249] [0.099848151207]
0.10299577191465001 [0.111514367163] [0.0944771766663]
0.10077420994620001 [0.109862349927] [0.0916860699654]
0.10213932767515 [0.111463405192] [0.0928152501583]
0.1041531711816 [0.114653252065] [0.0936530902982]
0.10386182367785 [0.117437727749] [0.0902859196067]
0.10220479965224999 [0.118572816253] [0.0858367830515]
0.09949810802949999 [0.117321610451] [0.081674605608]
0.09621657058595 [0.113952063024] [0.0784810781479]
0.0936775989832 [0.110181204975] [0.0771739929914]
0.09191605448715 [0.106082305312] [0.0777498036623]
0.0905961692331 [0.101631507277] [0.0795608311892]
0.0905128642917 [0.0986639261246] [0.0823618024588]
0.09266989678144999 [0.0984859541059] [0.086853839457]
0.097711917013 [0.101136557758] [0.094287276268]
0.105086963624 [0.105339869857] [0.104834057391]
0.11429897695800001 [0.109515450895] [0.119082503021]
0.1224180199205 [0.10988586396] [0.134950175881]
0.124791815877 [0.103908032179] [0.145675599575]
0.12373109161855 [0.0957051664591] [0.151757016778]
0.1225638315084 [0.0888313949108] [0.156296268106]
0.12275996059155 [0.0848512202501] [0.160668700933]
0.1242877021431 [0.0857227742672] [0.162852630019]
0.12667636200805 [0.0898936316371] [0.163459092379]
0.12884547188875 [0.0960047617555] [0.161686182022]
0.130283866078 [0.102044887841] [0.158522844315]
0.1307324767115 [0.106776699424] [0.154688253999]
0.1286731921135 [0.111091189086] [0.146255195141]
0.128350723535 [0.116793431342] [0.139908015728]
0.130586668849 [0.125304445624] [0.135868892074]
0.1354828104375 [0.13822902739] [0.132736593485]
0.1431609094145 [0.155825123191] [0.130496695638]
0.1524274498225 [0.176869302988] [0.127985596657]
0.160421248525 [0.196274220943] [0.124568276107]
0.1666832081975 [0.212355941534] [0.121010474861]
0.169976934791 [0.222264528275] [0.117689341307]
0.167935360223 [0.222045943141] [0.113824777305]
0.1564362682405 [0.210916593671] [0.10195594281]
0.1305331252515 [0.17458319664] [0.086483053863]
0.10713360086095 [0.139909014106] [0.0743581876159]
0.09137326478970001 [0.115799315274] [0.0669472143054]
0.0827958919107 [0.102582901716] [0.0630088821054]
0.07858133688565 [0.0956974998116] [0.0614651739597]
0.0768115632236 [0.092485293746] [0.0611378327012]
0.07511718943715 [0.0899168476462] [0.0603175312281]
0.0720943696797 [0.0853397622705] [0.0588489770889]
0.0686460789293 [0.0801724717021] [0.0571196861565]
0.06597412750125001 [0.0767641142011] [0.0551841408014]
0.06387256644665 [0.0743499100208] [0.0533952228725]
0.061921397224100005 [0.072027258575] [0.0518155358732]
0.0603792183101 [0.0702977180481] [0.0504607185721]
0.05961493216455 [0.0698830783367] [0.0493467859924]
0.0590517707169 [0.0695491507649] [0.0485543906689]
0.05852483026685 [0.0688285455108] [0.0482211150229]
0.05789212323725 [0.0671984404325] [0.048585806042]
