0.13640921935449998 [0.165216550231] [0.107601888478]
0.135895341635 [0.15911719203] [0.11267349124]
0.13202816993 [0.146409824491] [0.117646515369]
0.1220638267695 [0.124728322029] [0.11939933151]
0.106654744595 [0.100112020969] [0.113197468221]
0.0885288231075 [0.0790663212538] [0.0979913249612]
0.07298778370025 [0.0654642209411] [0.0805113464594]
0.06275703758000001 [0.0582842826843] [0.0672297924757]
0.055210689082749995 [0.0539163015783] [0.0565050765872]
0.0486917551607 [0.0501027964056] [0.0472807139158]
0.04242081567645 [0.0458917990327] [0.0389498323202]
0.03675558790565 [0.0416831299663] [0.031828045845]
0.0320660462603 [0.0380265265703] [0.0261055659503]
0.02831850480285 [0.0351140722632] [0.0215229373425]
0.026546815410250002 [0.0328440517187] [0.0202495791018]
0.024911229498650003 [0.0311200674623] [0.018702391535]
0.02336789667605 [0.0299253929406] [0.0168104004115]
0.02196399262175 [0.0292446129024] [0.0146833723411]
0.02097320277245 [0.0293684974313] [0.0125779081136]
0.0204514954239 [0.0301237553358] [0.010779235512]
0.02017588680611 [0.0309070069343] [0.00944476667792]
0.020092857070285 [0.0315782092512] [0.00860750488937]
0.02025194186715 [0.0323660485446] [0.0081378351897]
0.02081768726928 [0.0337735638022] [0.00786181073636]
0.022535479161895 [0.0359579473734] [0.00911301095039]
0.0243810820393 [0.0386885218322] [0.0100736422464]
0.0262378822081 [0.0415324158967] [0.0109433485195]
0.02806782815605 [0.0442093797028] [0.0119262766093]
0.030236632563149998 [0.0469643473625] [0.0135089177638]
0.03217714326455 [0.0501306019723] [0.0142236845568]
0.03459063684565 [0.0540429167449] [0.0151383569464]
0.037395688705150004 [0.0587063916028] [0.0160849858075]
0.04033761285245 [0.0636919662356] [0.0169832594693]
0.0431364476681 [0.0684867948294] [0.0177861005068]
0.04576510749755 [0.0730867385864] [0.0184434764087]
0.047781956382100005 [0.0767661258578] [0.0187977869064]
0.04838087596 [0.0781070366502] [0.0186547152698]
0.04807268362495 [0.0780487805605] [0.0180965866894]
0.0478008892387 [0.0781455487013] [0.0174562297761]
0.0483976891264 [0.0792697370052] [0.0175256412476]
0.0500017469749 [0.0817753374577] [0.0182281564921]
0.0527181345969 [0.0857266336679] [0.0197096355259]
0.0562949469313 [0.0907958298922] [0.0217940639704]
0.059667705558249996 [0.0952556282282] [0.0240797828883]
0.061590095050649996 [0.0972668081522] [0.0259133819491]
0.061475655064 [0.0959088429809] [0.0270424671471]
0.060379972681399996 [0.0930341109633] [0.0277258343995]
0.059807312674850004 [0.0913989916444] [0.0282156337053]
0.06077014282345 [0.0925599485636] [0.0289803370833]
0.06504720635715 [0.0996939018369] [0.0304005108774]
0.0732862148436 [0.113567039371] [0.0330053903162]
0.08579131215785 [0.133595347404] [0.0379872769117]
0.10164525546155 [0.156197547913] [0.0470929630101]
0.11697875708365 [0.171900376678] [0.0620571374893]
0.12674542888985 [0.175063833594] [0.0784270241857]
0.12160062789895 [0.158813655376] [0.0843876004219]
0.0999731793999 [0.128315925598] [0.0716304332018]
0.07731424085775 [0.101176127791] [0.0534523539245]
0.060657765716299994 [0.0844911336899] [0.0368243977427]
0.0506477840245 [0.0766242593527] [0.0246713086963]
0.04531884752215 [0.073536105454] [0.0171015895903]
0.04221700690685 [0.0716530755162] [0.0127809382975]
0.039796415716400003 [0.0692057535052] [0.0103870779276]
0.037564396858195 [0.0660755038261] [0.00905328989029]
0.035546272061760004 [0.0628448575735] [0.00824768655002]
0.034024243010185 [0.0603371225297] [0.00771136349067]
0.033077876083565 [0.0588468462229] [0.00730890594423]
0.032680235104635004 [0.0583893507719] [0.00697111943737]
0.032815576996635 [0.0589320287108] [0.00669912528247]
0.03359663439912 [0.0606418550014] [0.00655141379684]
0.035277674207455 [0.0639538168907] [0.00660153152421]
0.03818799601868 [0.0694277510047] [0.00694824103266]
0.042096459539585004 [0.0766047686338] [0.00758815044537]
0.04628870496527 [0.0839195623994] [0.00865784753114]
0.049999042879800004 [0.0895220339298] [0.0104760518298]
0.0526068327017 [0.0914719477296] [0.0137417176738]
0.0560717843473 [0.0920828357339] [0.0200607329607]
0.06378742866215 [0.0950119271874] [0.0325629301369]
0.07884199917295 [0.102286599576] [0.0553973987699]
0.09786122292265001 [0.109497234225] [0.0862252116203]
0.1107095889745 [0.114179603755] [0.107239574194]
0.1128420345485 [0.11411459744] [0.111569471657]
0.1103022657335 [0.113144651055] [0.107459880412]
0.10738790035250001 [0.112612441182] [0.102163359523]
0.10461499169465 [0.111552812159] [0.0976771712303]
0.10228989273325001 [0.110122136772] [0.0944576486945]
0.1002655141057 [0.108178302646] [0.0923527255654]
0.0984476022422 [0.105999238789] [0.0908959656954]
0.0971240736546 [0.1046153754] [0.0896327719092]
0.09656378254305 [0.105220988393] [0.0879065766931]
0.09768982231625001 [0.108246728778] [0.0871329158545]
0.10010448470715 [0.113449856639] [0.0867591127753]
0.10237664729349999 [0.117892064154] [0.086861230433]
0.10214644297935 [0.119167655706] [0.0851252302527]
0.1002944484354 [0.11753936857] [0.0830495283008]
0.09821550548085001 [0.114712662995] [0.0817183479667]
0.0976833961905 [0.113282993436] [0.082083798945]
0.10015397146325 [0.11559600383] [0.0847119390965]
0.1073513180017 [0.124167561531] [0.0905350744724]
0.11383913457380002 [0.129395022988] [0.0982832461596]
0.1156973168255 [0.124999187887] [0.106395445764]
0.116269491613 [0.119961999357] [0.112576983869]
0.1181031987075 [0.11829353869] [0.117912858725]
0.12434398010350001 [0.12335396558] [0.125333994627]
0.1362223401665 [0.135484963655] [0.136959716678]
0.15588378161150002 [0.154461085796] [0.157306477427]
0.1758166104555 [0.176481440663] [0.175151780248]
0.19147027283899998 [0.196030706167] [0.186909839511]
0.201274611056 [0.209908530116] [0.192640691996]
0.206548564136 [0.217613756657] [0.195483371615]
0.20923919975799998 [0.22134962678] [0.197128772736]
0.210828743875 [0.223049029708] [0.198608458042]
0.21285327523949998 [0.225005984306] [0.200700566173]
0.215289674699 [0.230250060558] [0.20032928884]
0.22189664095650002 [0.241862103343] [0.20193117857]
0.231042891741 [0.259839445353] [0.202246338129]
0.2403881698845 [0.281502187252] [0.199274152517]
0.24939654767549999 [0.305964648724] [0.192828446627]
0.26377067714900004 [0.339779615402] [0.187761738896]
0.2776605337855 [0.371648341417] [0.183672726154]
0.2908973693845 [0.400278151035] [0.181516587734]
0.29931444674700003 [0.417935490608] [0.180693402886]
0.2922512963415 [0.401962995529] [0.182539597154]
0.2830692455175 [0.380357474089] [0.185781016946]
0.2737125083805 [0.359323203564] [0.188101813197]
0.2679756656285 [0.345611184835] [0.190340146422]
0.26398929953600003 [0.334048300982] [0.19393029809]
0.26105539500700004 [0.328921765089] [0.193189024925]
0.2547382563355 [0.316124737263] [0.193351775408]
0.23904462903700002 [0.28532230854] [0.192766949534]
0.2125567868355 [0.23610521853] [0.189008355141]
0.185549840331 [0.19080132246] [0.180298358202]
0.165168866515 [0.160216093063] [0.170121639967]
0.1497644558545 [0.143198922276] [0.156329989433]
0.1404705420135 [0.135403975844] [0.145537108183]
0.1363303512335 [0.131960704923] [0.140699997544]
0.1337098032235 [0.130043372512] [0.137376233935]
0.131944313645 [0.128678515553] [0.135210111737]
0.1311654150485 [0.127652913332] [0.134677916765]
0.13153649866599998 [0.127117678523] [0.135955318809]
0.132887005806 [0.127827271819] [0.137946739793]
0.13369248807450002 [0.128555223346] [0.138829752803]
0.1329047977925 [0.128495395184] [0.137314200401]
0.132114186883 [0.130563408136] [0.13366496563]
0.13447887450450002 [0.138086482882] [0.130871266127]
0.1411857530475 [0.151972100139] [0.130399405956]
0.15321322530499998 [0.173640713096] [0.132785737514]
0.168810136616 [0.2015491575] [0.136071115732]
0.185293324292 [0.230770558119] [0.139816090465]
0.19897899776699998 [0.254190295935] [0.143767699599]
0.2102519869805 [0.265632629395] [0.154871344566]
0.21687526255849998 [0.262839347124] [0.170911177993]
0.220556423068 [0.258426427841] [0.182686418295]
0.22305938601500003 [0.256179869175] [0.189938902855]
0.22416476905299998 [0.256325513124] [0.192004024982]
0.2249599695205 [0.25752800703] [0.192391932011]
0.2249314934015 [0.258536338806] [0.191326647997]
0.223929360509 [0.258267700672] [0.189591020346]
0.22208436578500002 [0.254500925541] [0.189667806029]
0.22087624669099998 [0.247777953744] [0.193974539638]
0.22175758332 [0.23984131217] [0.20367385447]
0.2214212343095 [0.231875345111] [0.210967123508]
0.2228175625205 [0.227751925588] [0.217883199453]
0.2260269895195 [0.226428180933] [0.225625798106]
0.2265880331395 [0.223220705986] [0.229955360293]
0.22827825695249998 [0.224080428481] [0.232476085424]
0.232625417411 [0.230162873864] [0.235087960958]
0.239574864507 [0.242120102048] [0.237029626966]
0.24870178103449997 [0.258905947208] [0.238497614861]
0.2574962824585 [0.275795310736] [0.239197254181]
0.265648305416 [0.292529553175] [0.238767057657]
0.2714512050155 [0.304746091366] [0.238156318665]
0.27576251328 [0.3132827878] [0.23824223876]
0.273417159915 [0.308904707432] [0.237929612398]
0.2694005593655 [0.304729133844] [0.234071984887]
0.2642673179505 [0.298085272312] [0.230449363589]
0.260818146169 [0.292440354824] [0.229195937514]
0.2631878703835 [0.29205262661] [0.234323114157]
0.2648430466655 [0.291569054127] [0.238117039204]
0.26767946034650003 [0.288215398788] [0.247143521905]
0.2713627517225 [0.283660262823] [0.259065240622]
0.273640319705 [0.278791725636] [0.268488913774]
0.2706553936005 [0.268717348576] [0.272593438625]
0.26162880659099996 [0.252789586782] [0.2704680264]
0.2415759041905 [0.22348742187] [0.259664386511]
