0.04011223465205 [0.0382570065558] [0.0419674627483]
0.0407827459276 [0.0380365289748] [0.0435289628804]
0.0413849912584 [0.0367968417704] [0.0459731407464]
0.04157443344595 [0.03554129228] [0.0476075746119]
0.0408880598843 [0.0339729450643] [0.0478031747043]
0.03944987244905 [0.0325375162065] [0.0463622286916]
0.0374738844112 [0.0311502758414] [0.043797492981]
0.03535580448805 [0.0297248736024] [0.0409867353737]
0.0335028320551 [0.0284268073738] [0.0385788567364]
0.03209329023955 [0.0275551974773] [0.0366313830018]
0.031043095514200002 [0.0272598527372] [0.0348263382912]
0.03026545699685 [0.0275485944003] [0.0329823195934]
0.0293050445616 [0.0278520695865] [0.0307580195367]
0.0282519944012 [0.0279154833406] [0.0285885054618]
0.027201835997449998 [0.0276984982193] [0.0267051737756]
0.0262047545984 [0.0274646747857] [0.0249448344111]
0.025269777514049997 [0.0275972876698] [0.0229422673583]
0.024522994644950002 [0.0284745618701] [0.0205714274198]
0.0245156493038 [0.0306565929204] [0.0183747056872]
0.0254412405193 [0.0340148434043] [0.0168676376343]
0.027046311646700003 [0.0375727675855] [0.0165198557079]
0.02904854808 [0.0409737676382] [0.0171233285218]
0.03148353192955 [0.0444848015904] [0.0184822622687]
0.03483644966035 [0.04904615134] [0.0206267479807]
0.0397866331041 [0.0556791462004] [0.0238941200078]
0.047452280297899996 [0.0659490451217] [0.0289555154741]
0.059668635949500004 [0.0825252532959] [0.0368120186031]
0.0792051237077 [0.109495446086] [0.0489148013294]
0.10881178453545 [0.14960591495] [0.0680176541209]
0.14472997188555 [0.194051608443] [0.0954083353281]
0.1752660125495 [0.224222093821] [0.126309931278]
0.1850509494545 [0.223358243704] [0.146743655205]
0.1773061677815 [0.203339010477] [0.151273325086]
0.1640169471505 [0.180869534612] [0.147164359689]
0.15382245928049998 [0.165839970112] [0.141804948449]
0.1484022438525 [0.158682718873] [0.138121768832]
0.1477349847555 [0.158130779862] [0.137339189649]
0.1494734808805 [0.160613715649] [0.138333246112]
0.1520631685855 [0.16408751905] [0.140038818121]
0.1532404720785 [0.165296152234] [0.141184791923]
0.153188161552 [0.165176182985] [0.141200140119]
0.15201658010500002 [0.163684874773] [0.140348285437]
0.15069396793849998 [0.16211374104] [0.139274194837]
0.1499962881205 [0.162009581923] [0.137982994318]
0.150837704539 [0.163332030177] [0.138343378901]
0.15307443588949998 [0.16667085886] [0.139478012919]
0.155357852578 [0.173094242811] [0.137621462345]
0.15825933218 [0.17903535068] [0.13748331368]
0.157737672329 [0.176301762462] [0.139173582196]
0.153714179993 [0.169123694301] [0.138304665685]
0.14588738232850001 [0.160089448094] [0.131685316563]
0.1343446336685 [0.148023933172] [0.120665334165]
0.1226564794775 [0.133726507425] [0.11158645153]
0.1143976785245 [0.123722329736] [0.105073027313]
0.109670616686 [0.118048854172] [0.1012923792]
0.10718767717505 [0.115093544126] [0.0992818102241]
0.10660904273415 [0.114438861609] [0.0987792238593]
0.1073021553456 [0.114973656833] [0.0996306538582]
0.108083780855 [0.114769555628] [0.101398006082]
0.108078047633 [0.112628780305] [0.103527314961]
0.106978174299 [0.109721466899] [0.104234881699]
0.10561471432450001 [0.108723282814] [0.102506145835]
0.10680337995299999 [0.111155457795] [0.102451302111]
0.1106218621135 [0.117729537189] [0.103514187038]
0.11713651940200001 [0.128135025501] [0.106138013303]
0.128376565874 [0.145498171449] [0.111254960299]
0.1427109725775 [0.166686654091] [0.118735291064]
0.15610861778250001 [0.185223594308] [0.126993641257]
0.16480444371699998 [0.19649836421] [0.133110523224]
0.17017280310400001 [0.204556852579] [0.135788753629]
0.173289641738 [0.212233498693] [0.134345784783]
0.1745242848995 [0.218404904008] [0.130643665791]
0.1752202063795 [0.224081203341] [0.126359209418]
0.1772301085295 [0.231296747923] [0.123163469136]
0.1854890361425 [0.246908396482] [0.124069675803]
0.1937336996195 [0.2614993155] [0.125968083739]
0.20041990280150002 [0.271474391222] [0.129365414381]
0.209600172937 [0.281479120255] [0.137721225619]
0.2193110659715 [0.292640328407] [0.145981803536]
0.229253962636 [0.307007819414] [0.151500105858]
0.2369192019105 [0.31594362855] [0.157894775271]
0.244312286377 [0.322256475687] [0.166368097067]
0.250681012869 [0.326350837946] [0.175011187792]
0.254850886762 [0.327316761017] [0.182385012507]
0.2572792991995 [0.325609177351] [0.188949421048]
0.2567149326205 [0.320044636726] [0.193385228515]
0.25341510772700004 [0.309710711241] [0.197119504213]
0.24815048277350002 [0.296958684921] [0.199342280626]
0.240378394723 [0.280729353428] [0.200027436018]
0.2308611273765 [0.261845320463] [0.19987693429]
0.218898013234 [0.23684489727] [0.200951129198]
0.209032505751 [0.211451530457] [0.206613481045]
0.1978219747545 [0.184805870056] [0.210838079453]
0.191284328699 [0.164118334651] [0.218450322747]
