0.045513128861750005 [0.0328710004687] [0.0581552572548]
0.043260755017399996 [0.0318221151829] [0.0546993948519]
0.0396550577134 [0.0301827713847] [0.0491273440421]
0.03574373945595 [0.0282605625689] [0.043226916343]
0.0331942541525 [0.0269086454064] [0.0394798628986]
0.0330463536084 [0.0269765965641] [0.0391161106527]
0.03624580521135 [0.0297335963696] [0.0427580140531]
0.04377830028535 [0.0367802232504] [0.0507763773203]
0.0570059623569 [0.0506255291402] [0.0633863955736]
0.0749051757157 [0.0722498074174] [0.077560544014]
0.09137573465705001 [0.0945549532771] [0.088196516037]
0.10100241377960001 [0.108355291188] [0.0936495363712]
0.1055813431741 [0.11592373997] [0.0952389463782]
0.10923237726075 [0.122503943741] [0.0959608107805]
0.11275067925464999 [0.130299150944] [0.0952022075653]
0.117724534124 [0.140704065561] [0.094745002687]
0.1214913986625 [0.152818873525] [0.0901639238]
0.119362000376 [0.16264590621] [0.076078094542]
0.10740418732155001 [0.158706128597] [0.0561022460461]
0.0835258252919 [0.127141147852] [0.0399105027318]
0.061559366062299996 [0.0933602824807] [0.0297584496439]
0.0465378193185 [0.068844050169] [0.024231588468]
0.039235255681 [0.0564212910831] [0.0220492202789]
0.036571003496650004 [0.0511478371918] [0.0219941698015]
0.036242470145200004 [0.0497437827289] [0.0227411575615]
0.0369185386226 [0.050293404609] [0.0235436726362]
0.0375692881644 [0.0512983053923] [0.0238402709365]
0.03782276809215 [0.051928833127] [0.0237167030573]
0.037932412698850004 [0.0523765236139] [0.0234883017838]
0.03826844226565 [0.0531630441546] [0.0233738403767]
0.0388618316501 [0.0542357563972] [0.023487906903]
0.039539826102549996 [0.0552803464234] [0.0237993057817]
0.0402657492086 [0.0560565963387] [0.0244749020785]
0.04128596000375 [0.0566835962236] [0.0258883237839]
0.0431978227571 [0.0578250959516] [0.0285705495626]
0.04653504304585 [0.0601318068802] [0.0329382792115]
0.051451887935399995 [0.0638144910336] [0.0390892848372]
0.0577722862363 [0.0690165758133] [0.0465279966593]
0.06487736850975 [0.0755364820361] [0.0542182549834]
0.07129777967930001 [0.081552863121] [0.0610426962376]
0.07570527121425 [0.0856944620609] [0.0657160803676]
0.08040119335055 [0.0896759703755] [0.0711264163256]
0.08559745177625 [0.0941125229001] [0.0770823806524]
0.09049392864104999 [0.0982652828097] [0.0827225744724]
0.0937010273337 [0.101202815771] [0.0861992388964]
0.0946290902792 [0.101936407387] [0.0873217731714]
0.09436060115709999 [0.101466238499] [0.0872549638152]
0.09372510761015 [0.100275248289] [0.0871749669313]
0.0932236276567 [0.0987588912249] [0.0876883640885]
0.0925146266818 [0.0963933169842] [0.0886359363794]
0.0911619998515 [0.092850022018] [0.089473977685]
0.08850530534984999 [0.0878602266312] [0.0891503840685]
0.0839704312384 [0.0807429999113] [0.0871978625655]
0.07961779460315 [0.0731894820929] [0.0860461071134]
0.0783485621214 [0.0690096691251] [0.0876874551177]
0.08003588765860001 [0.0679847225547] [0.0920870527625]
0.08481180667875 [0.0696940273046] [0.0999295860529]
0.09130438789715001 [0.0724992081523] [0.110109567642]
0.098628696054 [0.074989631772] [0.122267760336]
0.1027620173992 [0.0764697119594] [0.129054322839]
0.10380890220385 [0.0774528235197] [0.130164980888]
0.1038779541849 [0.0786941498518] [0.129061758518]
0.1026025600729 [0.0803459137678] [0.124859206378]
0.09893223643315 [0.0817069858313] [0.116157487035]
0.0918679237364 [0.0799530819058] [0.103782765567]
0.08231757208705 [0.0752961486578] [0.0893389955163]
0.07372865453364999 [0.0712320804596] [0.0762252286077]
0.0684699341655 [0.0688942745328] [0.0680455937982]
0.06500629521904999 [0.0675955861807] [0.0624170042574]
0.06324993819 [0.0675076171756] [0.0589922592044]
0.06240916252135 [0.0678488463163] [0.0569694787264]
0.06180836819115 [0.0677319020033] [0.055884834379]
0.06158886477349999 [0.0671587958932] [0.0560189336538]
0.0618113782257 [0.0666027441621] [0.0570200122893]
0.06249048747119999 [0.06653932482] [0.0584416501224]
0.06341806054115001 [0.0669986084104] [0.0598375126719]
0.06442999280985 [0.0677162930369] [0.0611436925828]
0.06547694280745 [0.0683625936508] [0.0625912919641]
0.06693018227815001 [0.0690034851432] [0.0648568794131]
0.06965600699185001 [0.0705019682646] [0.0688100457191]
0.07480623573065001 [0.0742973387241] [0.0753151327372]
0.08402843028305 [0.0829794332385] [0.0850774273276]
0.1023139171305 [0.102744020522] [0.101883813739]
0.1339332833885 [0.138857886195] [0.129008680582]
0.177767321467 [0.191340461373] [0.164194181561]
0.215413451195 [0.240983590484] [0.189843311906]
0.235632233322 [0.265966355801] [0.205298110843]
0.2382656410335 [0.267468988895] [0.209062293172]
0.234336748719 [0.26157900691] [0.207094490528]
0.22954348474699998 [0.255385190248] [0.203701779246]
0.22353328019399998 [0.24719619751] [0.199870362878]
0.2171741053465 [0.23852840066] [0.195819810033]
0.21408685296750002 [0.234395995736] [0.193777710199]
0.2141634896395 [0.235975831747] [0.192351147532]
0.2200550064445 [0.24725215137] [0.192857861519]
0.2245401442055 [0.257305502892] [0.191774785519]
0.228791899979 [0.268700569868] [0.18888323009]
0.23311731964350002 [0.281206220388] [0.185028418899]
