0.0336661860347 [0.0285584293306] [0.0387739427388]
0.030516721308199997 [0.025436963886] [0.0355964787304]
0.02744363062085 [0.0225978381932] [0.0322894230485]
0.0250425664708 [0.02030415833] [0.0297809746116]
0.02368080057205 [0.0188752859831] [0.028486315161]
0.022914761677400003 [0.0181295145303] [0.0277000088245]
0.022362862713649997 [0.0178111456335] [0.0269145797938]
0.021841945126649998 [0.0177487637848] [0.0259351264685]
0.02148447278885 [0.0179305579513] [0.0250383876264]
0.0214048186317 [0.0181155670434] [0.02469407022]
0.02178708463905 [0.0183329246938] [0.0252412445843]
0.02262982167305 [0.0185764487833] [0.0266831945628]
0.0238183457404 [0.0189597085118] [0.028676982969]
0.02493627835065 [0.0193732511252] [0.0304993055761]
0.02575669810175 [0.0198681205511] [0.0316452756524]
0.026467206887900004 [0.0207545105368] [0.032179903239]
0.027423350140449998 [0.022557426244] [0.0322892740369]
0.028787011280649998 [0.0255555808544] [0.0320184417069]
0.0307127730921 [0.0298163872212] [0.031609158963]
0.0328963743523 [0.0345988273621] [0.0311939213425]
0.0347695434466 [0.0385668985546] [0.0309721883386]
0.03595554828645 [0.040904417634] [0.0310066789389]
0.0365234836936 [0.0414815880358] [0.0315653793514]
0.03675882145765 [0.0420724190772] [0.0314452238381]
0.03675892110915 [0.0432671904564] [0.0302506517619]
0.03612651955335 [0.0443445406854] [0.0279084984213]
0.0348503207788 [0.0440576970577] [0.0256429444999]
0.033770318143049996 [0.0433743074536] [0.0241663288325]
0.03294134140015 [0.0422859042883] [0.023596778512]
0.03259606845675 [0.0414305888116] [0.0237615481019]
0.0328374458477 [0.0411759056151] [0.0244989860803]
0.03359765000645 [0.0413587726653] [0.0258365273476]
0.03473310079425 [0.0416287481785] [0.02783745341]
0.03624843340365 [0.041995447129] [0.0305014196783]
0.03830283693965 [0.0430093221366] [0.0335963517427]
0.04087875783445 [0.0453013367951] [0.0364561788738]
0.04387735761705 [0.0493057109416] [0.0384490042925]
0.0471290014684 [0.0546170249581] [0.0396409779787]
0.04996077530085 [0.0591041445732] [0.0408174060285]
0.05189888551835 [0.060949921608] [0.0428478494287]
0.05348679050805 [0.060427967459] [0.0465456135571]
0.05571302585305 [0.0594193786383] [0.0520066730678]
0.06048859097065 [0.0607568137348] [0.0602203682065]
0.06632079184055001 [0.0648882761598] [0.0677533075213]
0.07074523344639999 [0.0681334510446] [0.0733570158482]
0.07342164963485001 [0.0700882077217] [0.076755091548]
0.0749924555421 [0.0717581510544] [0.0782267600298]
0.0756223425269 [0.0729618817568] [0.078282803297]
0.0758616663516 [0.0739676356316] [0.0777556970716]
0.07583208754660001 [0.0748959183693] [0.0767682567239]
0.0755524225533 [0.0755466297269] [0.0755582153797]
0.0751303844154 [0.0760636329651] [0.0741971358657]
0.0737479776144 [0.0759813711047] [0.0715145841241]
0.0719390250742 [0.0752145722508] [0.0686634778976]
0.07049338519575 [0.0740785300732] [0.0669082403183]
0.07070741057395 [0.073210760951] [0.0682040601969]
0.07326495647430001 [0.0730814561248] [0.0734484568238]
0.0782660767436 [0.0737506523728] [0.0827815011144]
0.08506137132645 [0.0764811336994] [0.0936416089535]
0.09108989313245 [0.0800398439169] [0.102139942348]
0.0945332832636 [0.0831649377942] [0.105901628733]
0.0944014787675 [0.084120310843] [0.104682646692]
0.0928282812238 [0.0836579203606] [0.101998642087]
0.0915226712823 [0.0830854102969] [0.0999599322677]
0.0912818312645 [0.0833078026772] [0.0992558598518]
0.09162836521865 [0.0833632051945] [0.0998935252428]
0.09258244186655 [0.0833281800151] [0.101836703718]
0.0944681875407 [0.0837184116244] [0.105217963457]
0.097725279629 [0.085377573967] [0.110072985291]
0.1023282483218 [0.0888692736626] [0.115787222981]
0.1100648231803 [0.0944438800216] [0.125685766339]
0.119151655585 [0.101207248867] [0.137096062303]
0.12766484543700002 [0.108510531485] [0.146819159389]
0.1356558129195 [0.116544336081] [0.154767289758]
0.143024019897 [0.125365361571] [0.160682678223]
0.147316515446 [0.133664041758] [0.160968989134]
0.14137353003050002 [0.134258821607] [0.148488238454]
0.132949993014 [0.131230190396] [0.134669795632]
0.12254343181800001 [0.124182529747] [0.120904333889]
0.1097764745355 [0.113439463079] [0.106113485992]
0.09624364972140001 [0.100552938879] [0.0919343605638]
0.08518315851685 [0.0892982035875] [0.0810681134462]
0.07803469523785 [0.0820803195238] [0.0739890709519]
0.0740075260401 [0.0776144266129] [0.0704006254673]
0.072190400213 [0.0752839371562] [0.0690968632698]
0.07173693180085 [0.074254848063] [0.0692190155387]
0.0718435496092 [0.0738078355789] [0.0698792636395]
0.07167268916965 [0.0731860622764] [0.0701593160629]
0.0706657357514 [0.0717369392514] [0.0695945322514]
0.06886468827725001 [0.0693963691592] [0.0683330073953]
0.06669213622805001 [0.0664454773068] [0.0669387951493]
0.0649499967694 [0.0635408014059] [0.0663591921329]
0.06479241140184999 [0.062029402703] [0.0675554201007]
0.06746242940425 [0.0633434578776] [0.0715814009309]
0.0720420628786 [0.0662426427007] [0.0778414830565]
0.07946193963289999 [0.0724079236388] [0.086515955627]
