0.06499777548015001 [0.0715726688504] [0.0584228821099]
0.07182051055135 [0.0842783302069] [0.0593626908958]
0.08141486719225 [0.101753391325] [0.0610763430595]
0.09051787666955 [0.118959292769] [0.0620764605701]
0.0942109320313 [0.127798691392] [0.0606231726706]
0.09088980034015001 [0.125773519278] [0.0560060814023]
0.08242902532235 [0.115616038442] [0.0492420122027]
0.070041179657 [0.0976714119315] [0.0424109473825]
0.0555357988924 [0.0748898163438] [0.036181781441]
0.042461518198249996 [0.0543622858822] [0.0305607505143]
0.0331051843241 [0.0404511392117] [0.0257592294365]
0.02734960615635 [0.0324608534575] [0.0222383588552]
0.02421842701735 [0.0283707045019] [0.0200661495328]
0.0226844819263 [0.0265226401389] [0.0188463237137]
0.02187064662575 [0.0255793295801] [0.0181619636714]
0.02114566229285 [0.024632640183] [0.0176586844027]
0.02042481210085 [0.0234869755805] [0.0173626486212]
0.01956403627995 [0.0220424551517] [0.0170856174082]
0.018517062068000002 [0.0203921236098] [0.0166420005262]
0.0171172646806 [0.0184506941587] [0.0157838352025]
0.0155349317938 [0.0164470896125] [0.0146227739751]
0.0140882334672 [0.0147163141519] [0.0134601527825]
0.0131240230985 [0.0136719532311] [0.0125760929659]
0.012895212974400001 [0.013621092774] [0.0121693331748]
0.01360659766945 [0.0147862546146] [0.0124269407243]
0.0152691784315 [0.0171842519194] [0.0133541049436]
0.0177398780361 [0.020570512861] [0.0149092432112]
0.020368941128250002 [0.0240264497697] [0.0167114324868]
0.0225660316646 [0.0267988462001] [0.0183332171291]
0.0238100141287 [0.0280848238617] [0.0195352043957]
0.0243948251009 [0.0283571630716] [0.0204324871302]
0.0244640111923 [0.0278389751911] [0.0210890471935]
0.0244117490947 [0.0269796643406] [0.0218438338488]
0.024861849844500003 [0.0265025403351] [0.0232211593539]
0.026631064713000002 [0.0270696152002] [0.0261925142258]
0.03040752466765 [0.0288302991539] [0.0319847501814]
0.036927487701199996 [0.0316903330386] [0.0421646423638]
0.046020863577699994 [0.0348311923444] [0.057210534811]
0.05499004758895 [0.036922801286] [0.0730572938919]
0.0598552990705 [0.0372637547553] [0.0824468433857]
0.0606306437403 [0.0363320372999] [0.0849292501807]
0.06006103008985 [0.0351008027792] [0.0850212574005]
0.060177035629750006 [0.0339425876737] [0.0864114835858]
0.06124990433455001 [0.033353343606] [0.0891464650631]
0.062120305374299994 [0.0331501848996] [0.091090425849]
0.06356299109755 [0.0341719202697] [0.0929540619254]
0.0664066374302 [0.0368516966701] [0.0959615781903]
0.07087847031635 [0.0415936671197] [0.100163273513]
0.07647104375045 [0.0473062135279] [0.105635873973]
0.0814887769521 [0.0540145337582] [0.108963020146]
0.08448039367815 [0.0600084215403] [0.108952365816]
0.0856717601418 [0.0639614760876] [0.107382044196]
0.08717662096015 [0.0678059458733] [0.106547296047]
0.09056301787485 [0.0735571086407] [0.107568927109]
0.09597740694894999 [0.0821970328689] [0.109757781029]
0.10331448167575 [0.0932977721095] [0.113331191242]
0.110289055854 [0.1037979424] [0.116780169308]
0.114467948675 [0.110079176724] [0.118856720626]
0.11520162969850001 [0.11181024462] [0.118593014777]
0.1142970770595 [0.111181512475] [0.117412641644]
0.112951718271 [0.110755197704] [0.115148238838]
0.1124123260375 [0.112655676901] [0.112168975174]
0.114097017795 [0.118477411568] [0.109716624022]
0.11983560025699999 [0.129483029246] [0.110188171268]
0.127898160368 [0.144795447588] [0.111000873148]
0.1374209932985 [0.161566600204] [0.113275386393]
0.1445693448185 [0.173321947455] [0.115816742182]
0.14978446066349999 [0.179688721895] [0.119880199432]
0.153485480696 [0.181980028749] [0.124990932643]
0.156031906605 [0.182098940015] [0.129964873195]
0.15605843067199998 [0.179445743561] [0.132671117783]
0.155330814421 [0.178209379315] [0.132452249527]
0.15483083576 [0.178723558784] [0.130938112736]
0.15677461028099998 [0.182430401444] [0.131118819118]
0.1646871864795 [0.190390199423] [0.138984173536]
0.17461218684899998 [0.201107010245] [0.148117363453]
0.184371098876 [0.209006547928] [0.159735649824]
0.1963546872135 [0.219912961125] [0.172796413302]
0.2114063054325 [0.23092366755] [0.191888943315]
0.2253805994985 [0.239793896675] [0.210967302322]
0.2231544554235 [0.23835746944] [0.207951441407]
0.206005088985 [0.221884384751] [0.190125793219]
0.18535615503800001 [0.196974903345] [0.173737406731]
0.165534541011 [0.172926068306] [0.158143013716]
0.1484851315615 [0.155110120773] [0.14186014235]
0.135212905705 [0.140999421477] [0.129426389933]
0.127049662173 [0.131965979934] [0.122133344412]
0.1207417957485 [0.123641245067] [0.11784234643]
0.1153282150625 [0.11658680439] [0.114069625735]
0.111163556576 [0.111980162561] [0.110346950591]
0.1085235737265 [0.109902575612] [0.107144571841]
0.107463989407 [0.109530888498] [0.105397090316]
0.107994090766 [0.109757177532] [0.106231004]
0.110047634691 [0.110267855227] [0.109827414155]
0.11261937022249999 [0.111198291183] [0.114040449262]
0.1159036941825 [0.113451428711] [0.118355959654]
0.12099923565949999 [0.118983402848] [0.123015068471]
0.129244618118 [0.128492936492] [0.129996299744]
0.142683506012 [0.142166510224] [0.1432005018]
0.1564209461215 [0.156009629369] [0.156832262874]
0.1676347702745 [0.168360292912] [0.166909247637]
0.18058629333999998 [0.183173745871] [0.177998840809]
0.1917524933815 [0.193792715669] [0.189712271094]
0.1997939199205 [0.200040236115] [0.199547603726]
0.205818168819 [0.206454560161] [0.205181777477]
0.20932228863250002 [0.212140634656] [0.206503942609]
0.211493588984 [0.217536062002] [0.205451115966]
0.212770834565 [0.223458766937] [0.202082902193]
0.213367946446 [0.230540424585] [0.196195468307]
0.21437779068899998 [0.238803595304] [0.189951986074]
0.213566981256 [0.244911715388] [0.182222247124]
0.2064407765865 [0.246599152684] [0.166282400489]
0.1922524198885 [0.237469553947] [0.14703528583]
0.17307369411 [0.219094976783] [0.127052411437]
0.154535450041 [0.195420145988] [0.113650754094]
0.1402732767165 [0.175905928016] [0.104640625417]
0.1297728158532 [0.162285044789] [0.0972605869174]
0.12187424674615 [0.152793049812] [0.0909554436803]
0.1146750487386 [0.143636524677] [0.0857135728002]
0.1093150228261 [0.137009039521] [0.0816210061312]
0.10585691034809999 [0.13299125433] [0.0787225663662]
0.10415130108580001 [0.131104186177] [0.0771984159946]
0.10328955203295001 [0.129869133234] [0.0767099708319]
0.10227586328975 [0.127803891897] [0.0767478346825]
0.1004186645149 [0.124278604984] [0.0765587240458]
0.0980579033492 [0.12013117969] [0.0759846270084]
0.09591106325385 [0.116518959403] [0.0753031671047]
0.09527258574979999 [0.115290589631] [0.0752545818686]
0.0966841652988 [0.116493232548] [0.0768750980496]
0.10155220329754999 [0.11957424134] [0.0835301652551]
0.11307043209680001 [0.126487389207] [0.0996534749866]
0.130384773016 [0.134679362178] [0.126090183854]
0.1512267366055 [0.144288733602] [0.158164739609]
0.167194195092 [0.154842063785] [0.179546326399]
0.17716693878200002 [0.164179310203] [0.190154567361]
0.185223661363 [0.169924020767] [0.200523301959]
0.19113232195399998 [0.171885326505] [0.210379317403]
0.1943674832585 [0.170201599598] [0.218533366919]
0.1973357200625 [0.169818595052] [0.224852845073]
0.200590096414 [0.171127870679] [0.230052322149]
0.204372808337 [0.174021333456] [0.234724283218]
0.2085094973445 [0.177902445197] [0.239116549492]
0.212050922215 [0.18233153224] [0.24177031219]
0.214132808149 [0.187002718449] [0.241262897849]
0.2130169421435 [0.18998965621] [0.236044228077]
0.2016791179775 [0.181577056646] [0.221781179309]
0.175468355417 [0.151373147964] [0.19956356287]
0.146732535213 [0.119077377021] [0.174387693405]
0.113920483738 [0.09207110852] [0.135769858956]
