0.07897809706629999 [0.0602332018316] [0.097722992301]
0.0818442516029 [0.0641074553132] [0.0995810478926]
0.08587336540215 [0.0715308710933] [0.100215859711]
0.0879270136356 [0.0771117508411] [0.0987422764301]
0.0866737253964 [0.0779375061393] [0.0954099446535]
0.0838783457875 [0.0766734406352] [0.0910832509398]
0.07928729429840001 [0.0737172141671] [0.0848573744297]
0.0731368884444 [0.0693037062883] [0.0769700706005]
0.06514808535575001 [0.0610989704728] [0.0691972002387]
0.05676410533485 [0.0497554130852] [0.0637727975845]
0.048192711547 [0.0362033843994] [0.0601820386946]
0.0405856138095 [0.0249088872224] [0.0562623403966]
0.034094613976749996 [0.0177405644208] [0.0504486635327]
0.0286709251814 [0.0138833029196] [0.0434585474432]
0.0245227441192 [0.0119801089168] [0.0370653793216]
0.0216641598381 [0.0111175077036] [0.0322108119726]
0.01989486906675 [0.0106457583606] [0.0291439797729]
0.01885604904965 [0.0102493530139] [0.0274627450854]
0.018276731483655 [0.00982546620071] [0.0267279967666]
0.018092119600645003 [0.00957231875509] [0.0266119204462]
0.018228949978955 [0.00949502363801] [0.0269628763199]
0.018594216089704997 [0.00961770024151] [0.0275707319379]
0.019047966226915 [0.00987407006323] [0.0282218623906]
0.01938976394015 [0.0103514874354] [0.0284280404449]
0.01945097791035 [0.0110950423405] [0.0278069134802]
0.0194940585643 [0.0122773312032] [0.0267107859254]
0.0202887384221 [0.0142371635884] [0.0263403132558]
0.02243011817335 [0.0174195617437] [0.027440674603]
0.026022321544599998 [0.021921498701] [0.0301231443882]
0.030674780718999997 [0.0274681765586] [0.0338813848794]
0.03516205772755 [0.0325544439256] [0.0377696715295]
0.03867076896135 [0.0362883470953] [0.0410531908274]
0.0415321961045 [0.039253257215] [0.043811134994]
0.04448864236475 [0.0426186844707] [0.0463586002588]
0.04720647446815 [0.0455707125366] [0.0488422363997]
0.04949775524435 [0.0481099709868] [0.0508855395019]
0.050727432593699995 [0.0492661483586] [0.0521887168288]
0.051381554454550005 [0.0495463758707] [0.0532167330384]
0.0522408168763 [0.0493994429708] [0.0550821907818]
0.054189218208199996 [0.0491507947445] [0.0592276416719]
0.05815505050125 [0.0491666533053] [0.0671434476972]
0.06499790586535 [0.0496441535652] [0.0803516581655]
0.07535354979344999 [0.0507062040269] [0.10000089556]
0.08691633120155 [0.0523749217391] [0.121457740664]
0.09343630075465001 [0.0542328059673] [0.132639795542]
0.091605378315 [0.055514331907] [0.127696424723]
0.0824961476028 [0.0553255453706] [0.109666749835]
0.071204662323 [0.0539371594787] [0.0884721651673]
0.06240447051825 [0.0530243627727] [0.0717845782638]
0.0573497787118 [0.0536814108491] [0.0610181465745]
0.0550912246108 [0.0556935444474] [0.0544889047742]
0.05431893095375 [0.0573177672923] [0.0513200946152]
0.0543052945286 [0.0583720579743] [0.0502385310829]
0.05484184995295 [0.0595486611128] [0.0501350387931]
0.0562355015427 [0.0624924041331] [0.0499785989523]
0.057870825752600004 [0.0672565102577] [0.0484851412475]
0.059298435226099996 [0.0721252709627] [0.0464715994895]
0.05987918749455 [0.0760420188308] [0.0437163561583]
0.0599411614239 [0.0790779367089] [0.0408043861389]
0.059946250170449994 [0.0815203934908] [0.0383721068501]
0.0604680348188 [0.0841179043055] [0.0368181653321]
0.06224755011495 [0.0879786238074] [0.0365164764225]
0.06625183485450001 [0.094628572464] [0.037875097245]
0.07230862788875 [0.104017786682] [0.0405994690955]
0.07878464274114999 [0.113852582872] [0.0437167026103]
0.0833430457858 [0.120358459651] [0.0463276319206]
0.0831968300045 [0.118910484016] [0.047483175993]
0.07634494826185 [0.105695068836] [0.0469948276877]
0.06549942679705 [0.0860069021583] [0.0449919514358]
0.054803166538499995 [0.0676543340087] [0.0419519990683]
0.046683322638299996 [0.0542128272355] [0.0391538180411]
0.0413127169013 [0.0453545451164] [0.0372708886862]
0.03877855837345 [0.0407826788723] [0.0367744378746]
0.038218788802600004 [0.0390840396285] [0.0373535379767]
0.038701353594650004 [0.0389397405088] [0.0384629666805]
0.039694430306549996 [0.0395565629005] [0.0398322977126]
0.0409252382815 [0.040308970958] [0.041541505605]
0.0424064993858 [0.040976293385] [0.0438367053866]
0.044839160516849996 [0.0415959134698] [0.0480824075639]
0.048329543322299995 [0.0422010347247] [0.0544580519199]
0.052529437467449994 [0.0428609773517] [0.0621978975832]
0.0570892672986 [0.0440267361701] [0.0701517984271]
0.0630641877651 [0.0467291474342] [0.079399228096]
0.0724737327546 [0.0527615584433] [0.0921859070659]
0.087686024606 [0.064531609416] [0.110840439796]
0.1112585738303 [0.0846798717976] [0.137837275863]
0.1389571949835 [0.110789507627] [0.16712488234]
0.156786635518 [0.129499897361] [0.184073373675]
0.157487377524 [0.12847559154] [0.186499163508]
0.14596531912650001 [0.115409366786] [0.176521271467]
0.1318890340625 [0.100535921752] [0.163242146373]
0.12175205722455 [0.0882830992341] [0.155221015215]
0.11464514210835 [0.0785429552197] [0.150747328997]
0.1060224547983 [0.0685091912746] [0.143535718322]
0.0976616274567 [0.0600884221494] [0.135234832764]
0.09085690788914999 [0.0541739426553] [0.127539873123]
0.0838203150781 [0.0493178851902] [0.118322744966]
0.076868729666 [0.04541073367] [0.108326725662]
0.0703774765134 [0.0415902733803] [0.0991646796465]
0.06499107368295 [0.038043756038] [0.0919383913279]
0.060622027143799995 [0.0354164652526] [0.085827589035]
0.05651081353425 [0.0340135842562] [0.0790080428123]
0.0519920755178 [0.0337878800929] [0.0701962709427]
0.0472026951611 [0.0342104993761] [0.0601948909461]
0.043370649218549995 [0.034933347255] [0.0518079511821]
0.0409011431038 [0.0358044058084] [0.0459978803992]
0.0390968546271 [0.0366144366562] [0.041579272598]
0.038160828873550004 [0.0377806797624] [0.0385409779847]
0.0376804769039 [0.0390525907278] [0.03630836308]
0.037643052637549995 [0.0405511818826] [0.0347349233925]
0.03857859410345 [0.0427762493491] [0.0343809388578]
0.0403755623847 [0.0452476367354] [0.035503488034]
0.043442552909250004 [0.0488786436617] [0.0380064621568]
0.0478504840285 [0.0547582097352] [0.0409427583218]
0.0526449047029 [0.0617147833109] [0.0435750260949]
0.05698850937185 [0.0681964755058] [0.0457805432379]
0.060698013752699995 [0.0731355771422] [0.0482604503632]
0.06472396850590001 [0.0770036131144] [0.0524443238974]
0.07029183954000001 [0.0807084813714] [0.0598751977086]
0.0777423121035 [0.0846672579646] [0.0708173662424]
0.08712691441180001 [0.0892762467265] [0.0849775820971]
