0.05739297717805 [0.0555741526186] [0.0592118017375]
0.0580723173916 [0.0561337843537] [0.0600108504295]
0.05727742239835 [0.055003605783] [0.0595512390137]
0.0556951891631 [0.053108625114] [0.0582817532122]
0.05381153151395 [0.050713762641] [0.0569093003869]
0.05204868130385 [0.0484817251563] [0.0556156374514]
0.05079611204565 [0.0468904525042] [0.0547017715871]
0.0501702912152 [0.0460594147444] [0.054281167686]
0.050409452989699996 [0.0460280664265] [0.0547908395529]
0.0515471845865 [0.0462492108345] [0.0568451583385]
0.0541644822806 [0.0469094701111] [0.0614194944501]
0.05860632099215 [0.0473341085017] [0.0698785334826]
0.06241406872869999 [0.0476664379239] [0.0771616995335]
0.0625695548952 [0.0473127216101] [0.0778263881803]
0.05524990148845 [0.0453178994358] [0.0651819035411]
0.045032799243899996 [0.041871253401] [0.0481943450868]
0.03696874901655001 [0.0379859507084] [0.0359515473247]
0.0314853852615 [0.0347955860198] [0.0281751845032]
0.02809417806565 [0.032964784652] [0.0232235714793]
0.02632314059885 [0.0325060002506] [0.0201402809471]
0.0256050610915 [0.0329617634416] [0.0182483587414]
0.02550193015485 [0.0338133908808] [0.0171904694289]
0.02570587117225 [0.0344990082085] [0.016912734136]
0.0261888476089 [0.0351108759642] [0.0172668192536]
0.02698161639275 [0.0358709804714] [0.0180922523141]
0.02799997944385 [0.0368385873735] [0.0191613715142]
0.0291104298085 [0.0379048250616] [0.0203160345554]
0.0305723072961 [0.0397288948298] [0.0214157197624]
0.0325318239629 [0.0425387173891] [0.0225249305367]
0.03498433716595 [0.0460662357509] [0.023902438581]
0.0382003299892 [0.0505272075534] [0.025873452425]
0.0424552280456 [0.0561361722648] [0.0287742838264]
0.0484511684626 [0.0635969638824] [0.0333053730428]
0.056814447045300004 [0.0733197405934] [0.0403091534972]
0.0685542356223 [0.0856706649065] [0.0514378063381]
0.08368273451925 [0.09862421453] [0.0687412545085]
0.0984774157407 [0.10645313561] [0.0905016958714]
0.105893868953 [0.106530748308] [0.105256989598]
0.1033291704955 [0.100731119514] [0.105927221477]
0.09692480042575 [0.0951491072774] [0.0987004935741]
0.08973316475750001 [0.090314514935] [0.08915181458]
0.0826699025929 [0.0859327912331] [0.0794070139527]
0.07618517801165 [0.0820206254721] [0.0703497305512]
0.07095797359945 [0.0790559798479] [0.062859967351]
0.06715244799855 [0.0766870081425] [0.0576178878546]
0.0650604851544 [0.0753685608506] [0.0547524094582]
0.0644710753113 [0.0753156244755] [0.0536265261471]
0.06537797302005 [0.0761781185865] [0.0545778274536]
0.06700118631125 [0.0776356682181] [0.0563667044044]
0.06827205978335 [0.0794281885028] [0.0571159310639]
0.06964456662535 [0.0817047357559] [0.0575843974948]
0.07081562839450001 [0.0839168801904] [0.0577143765986]
0.0732852853835 [0.0883138775826] [0.0582566931844]
0.07600840181115 [0.0925128757954] [0.0595039278269]
0.07965992949905 [0.0970407947898] [0.0622790642083]
0.0853408537807 [0.103034332395] [0.0676473751664]
0.09292576089525001 [0.109814614058] [0.0760369077325]
0.10250720009225 [0.118116423488] [0.0868979766965]
0.1123457439245 [0.125539660454] [0.099151827395]
0.115737233311 [0.128131389618] [0.103343077004]
0.11025371775015 [0.122864887118] [0.0976425483823]
0.09871672466375 [0.110862948] [0.0865705013275]
0.08596033602955 [0.0967106148601] [0.075210057199]
0.07488325610755 [0.084198795259] [0.0655677169561]
0.06627799011765 [0.0746543109417] [0.0579016692936]
0.060123030096300004 [0.067694157362] [0.0525519028306]
0.0563115105033 [0.06283506006] [0.0497879609466]
0.05500900000335 [0.0609467998147] [0.049071200192]
0.055094413459299996 [0.0603857412934] [0.0498030856252]
