0.0276047317311 [0.0337971933186] [0.0214122701436]
0.0289252167568 [0.0344168581069] [0.0234335754067]
0.029994264245 [0.0344075299799] [0.0255809985101]
0.02934360317885 [0.0321025773883] [0.0265846289694]
0.02699218690395 [0.0280925966799] [0.025891777128]
0.02414737921205 [0.0240748748183] [0.0242198836058]
0.0218938328326 [0.02106356062] [0.0227241050452]
0.0203584190458 [0.018984131515] [0.0217327065766]
0.019536178559050002 [0.0176684465259] [0.0214039105922]
0.019200239330549998 [0.0167605224997] [0.0216399561614]
0.01926583983005 [0.0160167161375] [0.0225149635226]
0.0195861295797 [0.0153683079407] [0.0238039512187]
0.020155089907349998 [0.0149290021509] [0.0253811776638]
0.0208903532475 [0.0147577039897] [0.0270230025053]
0.02162504196165 [0.0148278363049] [0.0284222476184]
0.02203493192795 [0.0150245688856] [0.0290452949703]
0.0220344993286 [0.0151298744604] [0.0289391241968]
0.0219933576882 [0.0152521375567] [0.0287345778197]
0.022582444362349997 [0.0157130192965] [0.0294518694282]
0.024466323666249998 [0.0168924797326] [0.0320401675999]
0.028282125480449997 [0.0191928539425] [0.0373713970184]
0.03407830558715 [0.02288723737] [0.0452693738043]
0.0407986817881 [0.0278582591563] [0.0537391044199]
0.0466182064265 [0.033216714859] [0.060019697994]
0.05050361715255 [0.0379920713603] [0.0630151629448]
0.052966466173550004 [0.0415218360722] [0.0644110962749]
0.05439520999785 [0.0438273325562] [0.0649630874395]
0.0556508526206 [0.0453398004174] [0.0659619048238]
0.057698875665650004 [0.0468317195773] [0.068566031754]
0.061222070828099995 [0.0492204837501] [0.0732236579061]
0.0682154670358 [0.0534927248955] [0.0829382091761]
0.08098453655865 [0.0613636747003] [0.100605398417]
0.09932487458 [0.073325574398] [0.125324174762]
0.1173766627906 [0.0869407951832] [0.147812530398]
0.12549321725955 [0.0977078899741] [0.153278544545]
0.123850051314 [0.105618529022] [0.142081573606]
0.12097089737700001 [0.112609609962] [0.129332184792]
0.12054883316199999 [0.11933670193] [0.121760964394]
0.1217916421595 [0.125597044826] [0.117986239493]
0.123322866857 [0.131232663989] [0.115413069725]
0.1235601566735 [0.135297775269] [0.111822538078]
0.1228445433085 [0.138987705112] [0.106701381505]
0.12207705155 [0.142168521881] [0.101985581219]
0.12195788696429999 [0.14445707202] [0.0994587019086]
0.1228355281055 [0.145669519901] [0.10000153631]
0.124166332185 [0.145628482103] [0.102704182267]
0.124990735203 [0.144315063953] [0.105666406453]
0.1267171390355 [0.145336091518] [0.108098186553]
0.130279492587 [0.148543775082] [0.112015210092]
0.1366282217205 [0.154488354921] [0.11876808852]
0.144984677434 [0.160574451089] [0.129394903779]
0.154649719596 [0.165928333998] [0.143371105194]
0.1582651510835 [0.163336083293] [0.153194218874]
0.14916350692500002 [0.151818469167] [0.146508544683]
0.1367654949425 [0.139429748058] [0.134101241827]
0.127063550055 [0.129317060113] [0.124810039997]
0.12120938673600001 [0.122524023056] [0.119894750416]
0.118409655988 [0.117693170905] [0.119126141071]
0.1174709424375 [0.113598003983] [0.121343880892]
0.117776859552 [0.11134967953] [0.124204039574]
0.1176500208675 [0.110087938607] [0.125212103128]
0.115553587675 [0.10847043246] [0.12263674289]
0.111667145044 [0.106676615775] [0.116657674313]
0.108694240451 [0.10721513629] [0.110173344612]
0.1078916452825 [0.109965376556] [0.105817914009]
0.1094488836825 [0.114950075746] [0.103947691619]
0.113439708948 [0.122134923935] [0.104744493961]
0.1206745021045 [0.13121432066] [0.110134683549]
0.130632799119 [0.141307502985] [0.119958095253]
0.141895920038 [0.151032567024] [0.132759273052]
0.1553906425835 [0.161548539996] [0.149232745171]
0.168408446014 [0.171865969896] [0.164950922132]
0.176642768085 [0.180058792233] [0.173226743937]
0.178207777441 [0.182626575232] [0.17378897965]
0.1747236773375 [0.181419655681] [0.168027698994]
0.16630758345149999 [0.177115082741] [0.155500084162]
0.1549893543125 [0.171130314469] [0.138848394156]
0.14868249744200002 [0.16884444654] [0.128520548344]
0.1463559120895 [0.167766347528] [0.124945476651]
0.145039651543 [0.166141048074] [0.123938255012]
0.143061093986 [0.161593735218] [0.124528452754]
0.142472818494 [0.157817423344] [0.127128213644]
0.1428622826935 [0.154587164521] [0.131137400866]
0.1428908631205 [0.150911837816] [0.134869888425]
0.14138230681449998 [0.145977765322] [0.136786848307]
0.137571632862 [0.139521971345] [0.135621294379]
0.13271109759799998 [0.132635325193] [0.132786870003]
0.128359295428 [0.126446589828] [0.130272001028]
0.12539037317 [0.121539905667] [0.129240840673]
0.12405507639050001 [0.117960013449] [0.130150139332]
0.124337501824 [0.115452468395] [0.133222535253]
0.1272943131625 [0.114175014198] [0.140413612127]
0.137030247599 [0.118562422693] [0.155498072505]
0.15546288341300002 [0.12857785821] [0.182347908616]
0.1783411875365 [0.137755423784] [0.218926951289]
0.188915550709 [0.138024568558] [0.23980653286]
0.1669117361305 [0.126038789749] [0.207784682512]
0.12519349530355 [0.0985965356231] [0.151790454984]
0.0848899520934 [0.0696240663528] [0.100155837834]
0.0585366655141 [0.049877461046] [0.0671958699822]
0.04442878067495 [0.0391145311296] [0.0497430302203]
0.03769078478215 [0.033923279494] [0.0414582900703]
0.0350057259202 [0.0319972038269] [0.0380142480135]
0.034379011020050004 [0.0316334366798] [0.0371245853603]
0.03467530943455 [0.0318391211331] [0.037511497736]
0.0351553019136 [0.0319956354797] [0.0383149683475]
0.03556130453945 [0.0320161469281] [0.0391064621508]
0.03582319058475 [0.0320901945233] [0.0395561866462]
0.0359411668032 [0.0324442721903] [0.0394380614161]
0.0360438209027 [0.0331722535193] [0.0389153882861]
0.036325398832549996 [0.0342917963862] [0.0383590012789]
0.03718152455985 [0.0359153859317] [0.038447663188]
0.0394801981747 [0.0387218631804] [0.040238533169]
0.0448159612715 [0.0441848039627] [0.0454471185803]
0.0560000166297 [0.0553208068013] [0.0566792264581]
0.0779539309442 [0.0774045214057] [0.0785033404827]
0.1178139932455 [0.117943033576] [0.117684952915]
0.1764248982075 [0.179609179497] [0.173240616918]
0.22879441082500002 [0.238325417042] [0.219263404608]
0.250952497125 [0.268355637789] [0.233549356461]
0.2555880993605 [0.278221428394] [0.232954770327]
0.25569555908450003 [0.281887024641] [0.229504093528]
0.2585689276455 [0.288437217474] [0.228700637817]
0.261049084365 [0.292811721563] [0.229286447167]
0.2620942071085 [0.293024539948] [0.231163874269]
0.26178184151649997 [0.287537366152] [0.236026316881]
0.2586573138835 [0.27938207984] [0.237932547927]
0.2531644925475 [0.269833862782] [0.236495122313]
0.24822029471399998 [0.258355468512] [0.238085120916]
0.24183568358399998 [0.244082301855] [0.239589065313]
0.23517363518450002 [0.231988608837] [0.238358661532]
0.225587166846 [0.218558371067] [0.232615962625]
0.214459002018 [0.203155696392] [0.225762307644]
0.2044301182035 [0.189806237817] [0.21905399859]
0.1960553154345 [0.178603187203] [0.213507443666]
0.186902754009 [0.16549281776] [0.208312690258]
0.178242690861 [0.15454056859] [0.201944813132]
0.1734616607425 [0.145817816257] [0.201105505228]
0.175143748522 [0.141611903906] [0.208675593138]
0.18106985837200001 [0.141330733895] [0.220808982849]
0.188127197325 [0.143194541335] [0.233059853315]
0.19475498050450002 [0.146681949496] [0.242828011513]
0.19973997771750002 [0.152364328504] [0.247115626931]
0.2012031897905 [0.158247366548] [0.244159013033]
0.1913560181855 [0.155493527651] [0.22721850872]
0.1607685536145 [0.135190874338] [0.186346232891]
0.12156203761699999 [0.104172356427] [0.138951718807]
0.09163114801040001 [0.0768183022738] [0.106443993747]
0.0748084876686 [0.0611135102808] [0.0885034650564]
0.0672800224274 [0.0543165914714] [0.0802434533834]
0.0642831865698 [0.0521641559899] [0.0764022171497]
