0.03702881745995 [0.0531625598669] [0.020895075053]
0.03680693451315 [0.0533471703529] [0.0202666986734]
0.03651573415845 [0.0537512786686] [0.0192801896483]
0.03604066558185 [0.0539145842195] [0.0181667469442]
0.0354127716273 [0.0535523332655] [0.0172732099891]
0.034900032915200004 [0.052850201726] [0.0169498641044]
0.034509135410199995 [0.0517626926303] [0.0172555781901]
0.03440280631185 [0.0508098118007] [0.017995800823]
0.03454831801355 [0.0502921491861] [0.018804486841]
0.0350667666644 [0.0507152937353] [0.0194182395935]
0.03629344142975 [0.0526528507471] [0.0199340321124]
0.03813325054945 [0.055940579623] [0.0203259214759]
0.04032821115105 [0.0597859919071] [0.020870430395]
0.0421025855467 [0.0632246360183] [0.0209805350751]
0.041453781537700005 [0.0630267933011] [0.0198807697743]
0.03768039587885 [0.0586457103491] [0.0167150814086]
0.0321389911696 [0.0510368160903] [0.0132411662489]
0.02659707982095 [0.042585965246] [0.0106081943959]
0.02256101788952 [0.0360755510628] [0.00904648471624]
0.020503052044669998 [0.032758589834] [0.00824751425534]
0.020381366368405 [0.0327519141138] [0.00801081862301]
0.021910767070930003 [0.0356862954795] [0.00813523866236]
0.024640339426679998 [0.0408544130623] [0.00842626579106]
0.027918352745470002 [0.0470947548747] [0.00874195061624]
0.03083911864088 [0.0526749044657] [0.00900333281606]
0.032618353143325 [0.0560405179858] [0.00919618830085]
0.032876118086275 [0.056430272758] [0.00932196341455]
0.032207226380685 [0.0550771951675] [0.00933725759387]
0.031530591193575 [0.0536655038595] [0.00939567852765]
0.03157684858886 [0.053604632616] [0.00954906456172]
0.03304817248135 [0.0560514815152] [0.0100448634475]
0.03638999024405 [0.0616088956594] [0.0111710848287]
0.041900045704100004 [0.0706460401416] [0.0131540512666]
0.048763147555250005 [0.0814922302961] [0.0160340648144]
0.05344082415105 [0.0879056379199] [0.0189760103822]
0.0531510459259 [0.0863332003355] [0.0199688915163]
0.04759436659515 [0.076038479805] [0.0191502533853]
0.040575472638 [0.0628041252494] [0.0183468200266]
0.0351477926597 [0.0523172542453] [0.0179783310741]
0.0313795497641 [0.0450882576406] [0.0176708418876]
0.029137289151550002 [0.0410983413458] [0.0171762369573]
0.0279857153073 [0.0393365249038] [0.0166349057108]
0.027560753747799996 [0.038901373744] [0.0162201337516]
0.027267077937699998 [0.0385626032948] [0.0159715525806]
0.02658216748385 [0.0372450612485] [0.0159192737192]
0.0256740776822 [0.0352269113064] [0.016121244058]
0.0251832222566 [0.0336366705596] [0.0167297739536]
0.02533275447785 [0.0326438546181] [0.0180216543376]
0.0259864376858 [0.0317002981901] [0.0202725771815]
0.0268882624805 [0.0303106624633] [0.0234658624977]
0.027561308816049998 [0.0283742640167] [0.0267483536154]
0.02751577366145 [0.0261894706637] [0.0288420766592]
0.02653698809445 [0.0239677391946] [0.0291062369943]
0.024832957424199997 [0.0216580368578] [0.0280078779906]
0.022878841497 [0.0194323062897] [0.0263253767043]
0.0207845112309 [0.0174261722714] [0.0241428501904]
0.01918316539375 [0.0159642677754] [0.0224020630121]
0.01822152128445 [0.0150642851368] [0.0213787574321]
0.01771753607315 [0.01458945591] [0.0208456162363]
0.0174468080513 [0.0143202906474] [0.0205733254552]
0.01717683300375 [0.0141429621726] [0.0202107038349]
0.01681988686325 [0.0140469260514] [0.0195928476751]
0.0165234459564 [0.0140623059124] [0.0189845860004]
0.01662575639785 [0.014547502622] [0.0187040101737]
0.01728913374245 [0.0157133061439] [0.018864961341]
0.018400168977649997 [0.0175162386149] [0.0192840993404]
0.019376786425749998 [0.0193053632975] [0.019448209554]
0.01983405184 [0.0205685216933] [0.0190995819867]
0.02009597886355 [0.0216218549758] [0.0185701027513]
