0.0491749532521 [0.0484981685877] [0.0498517379165]
0.05155470594765 [0.0495846644044] [0.0535247474909]
0.04965786263345 [0.0457585416734] [0.0535571835935]
0.0438807103783 [0.0384199246764] [0.0493414960802]
0.03775567002595 [0.0320135802031] [0.0434977598488]
0.0338873248547 [0.0286473818123] [0.0391272678971]
0.0325505360961 [0.0279718190432] [0.037129253149]
0.03235575649885 [0.0291490461677] [0.03556246683]
0.0324179083109 [0.0314626507461] [0.0333731658757]
0.032186397351349996 [0.0339469276369] [0.0304258670658]
0.0317160747945 [0.0359070114791] [0.0275251381099]
0.0313432207331 [0.0372752472758] [0.0254111941904]
0.0311969285831 [0.0383489280939] [0.0240449290723]
0.03148890752345 [0.0394960232079] [0.023481791839]
0.0319888871163 [0.0404904447496] [0.023487329483]
0.032232355326449996 [0.0411507599056] [0.0233139507473]
0.033017802983550004 [0.0416276045144] [0.0244080014527]
0.03442571684715 [0.0427228733897] [0.0261285603046]
0.0369538068771 [0.0455690361559] [0.0283385775983]
0.0409476142377 [0.0511589124799] [0.0307363159955]
0.0463303178549 [0.0598969310522] [0.0327637046576]
0.0515453219414 [0.0689991861582] [0.0340914577246]
0.0549244992435 [0.0751711651683] [0.0346778333187]
0.055818412452949995 [0.0763688310981] [0.0352679938078]
0.055316118523500005 [0.074069544673] [0.036562692374]
0.0552773736417 [0.0716192051768] [0.0389355421066]
0.055897641927 [0.0697641894221] [0.0420310944319]
0.057268898934100004 [0.0693833529949] [0.0451544448733]
0.05875764600935 [0.0692447796464] [0.0482705123723]
0.060697348788399996 [0.0694677308202] [0.0519269667566]
0.060914365574749996 [0.0701859071851] [0.0516428239644]
0.0631976481527 [0.0714863166213] [0.0549089796841]
0.0645869374275 [0.0730874761939] [0.0560863986611]
0.06351282447575 [0.0734771713614] [0.0535484775901]
0.05981452949345 [0.0717508941889] [0.047878164798]
0.055039701983349995 [0.0685871168971] [0.0414922870696]
0.04987656325105 [0.0643571764231] [0.035395950079]
0.0443016048521 [0.0587865263224] [0.0298166833818]
0.0390443140641 [0.0539640299976] [0.0241245981306]
0.03522096108645 [0.0505147092044] [0.0199272129685]
0.032515514642 [0.0479103960097] [0.0171206332743]
0.03077806252985 [0.0461142733693] [0.0154418516904]
0.02977985702455 [0.045090444386] [0.0144692696631]
0.02920376788825 [0.0445489808917] [0.0138585548848]
0.0292556481436 [0.0451081544161] [0.0134031418711]
0.03033898118885 [0.047635640949] [0.0130423214287]
0.03270939784125 [0.0528002530336] [0.0126185426489]
0.03571063047275 [0.0594244301319] [0.0119968308136]
0.0386808272451 [0.0662572979927] [0.0111043564975]
0.038830209523399994 [0.0675433799624] [0.0101170390844]
0.036818245425804995 [0.064308270812] [0.00932822003961]
0.034609921276565 [0.0602068118751] [0.00901303067803]
0.03399584442379 [0.0586429908872] [0.00934869796038]
0.0355857629329 [0.0607218667865] [0.0104496590793]
0.039712803438300005 [0.0666863694787] [0.0127392373979]
0.04504995886235 [0.0739321410656] [0.0161677766591]
0.04989601578565 [0.0800280123949] [0.0197640191764]
0.053582112304899995 [0.0843880027533] [0.0227762218565]
0.0559476260096 [0.0868849977851] [0.0250102542341]
0.056782824918600004 [0.0868126004934] [0.0267530493438]
0.0551669681445 [0.082165196538] [0.028168739751]
0.0514493538067 [0.0733266696334] [0.02957203798]
0.0471863830462 [0.0641479194164] [0.030224846676]
0.04340376425535 [0.0571921430528] [0.0296153854579]
0.0410864809528 [0.0550380200148] [0.0271349418908]
0.04041561391205 [0.0572131574154] [0.0236180704087]
0.04141228459775 [0.0623570382595] [0.020467530936]
0.04354983754455 [0.068821400404] [0.0182782746851]
0.04578887950629999 [0.0746050029993] [0.0169727560133]
0.04732238966975 [0.0784294456244] [0.0162153337151]
0.0475780535489 [0.0794912949204] [0.0156648121774]
0.045757729560100005 [0.0765017494559] [0.0150137096643]
0.042122025974099996 [0.0699498355389] [0.0142942164093]
0.038269749842599995 [0.0630994141102] [0.013440085575]
0.03480148222295 [0.0570473447442] [0.0125556197017]
0.032464846037350004 [0.0533084534109] [0.0116212386638]
0.031254687812149996 [0.0518533401191] [0.0106560355052]
0.030997995287205 [0.0522217676044] [0.00977422297001]
0.031250898260635 [0.0532714314759] [0.00923036504537]
0.03157834894953 [0.0537326559424] [0.00942404195666]
0.03144702780995 [0.0522825457156] [0.0106115099043]
0.0304348003119 [0.0481309518218] [0.012738648802]
0.0293328431435 [0.0433062538505] [0.0153594324365]
0.02786674909295 [0.0388708226383] [0.0168626755476]
0.0265150014311 [0.0356353446841] [0.0173946581781]
0.0253355782479 [0.0333271585405] [0.0173439979553]
0.0242147827521 [0.0314582064748] [0.0169713590294]
0.02298848703505 [0.029670951888] [0.0163060221821]
0.0219460716471 [0.0281929448247] [0.0156991984695]
0.02132079657165 [0.0274481102824] [0.0151934828609]
0.0210597589612 [0.0270910784602] [0.0150284394622]
0.02128583658485 [0.0272720493376] [0.0152996238321]
0.0217761043459 [0.0276220086962] [0.0159301999956]
0.022488483227799998 [0.0281275305897] [0.0168494358659]
0.0232792282477 [0.0289304796606] [0.0176279768348]
0.02423222828655 [0.0302630327642] [0.0182014238089]
0.0256102345884 [0.0324355065823] [0.0187849625945]
0.0277553498745 [0.0357538498938] [0.0197568498552]
0.030777289532149997 [0.0404921025038] [0.0210624765605]
0.03390053007755 [0.0458824411035] [0.0219186190516]
0.03609721921385 [0.0505318194628] [0.0216626189649]
0.0374556807801 [0.0545600764453] [0.0203512851149]
0.038771352730699996 [0.0585589669645] [0.0189837384969]
0.0412579076365 [0.0642967820168] [0.0182190332562]
0.0442375075072 [0.070313103497] [0.0181619115174]
0.04605975653975 [0.0737624019384] [0.0183571111411]
0.0464762141928 [0.0744303762913] [0.0185220520943]
0.046136239543550006 [0.073720343411] [0.0185521356761]
0.0451275995001 [0.0718728005886] [0.0183823984116]
0.043383948504950004 [0.0684647858143] [0.0183031111956]
0.04054827149955 [0.0628277659416] [0.0182687770575]
0.03663845546545 [0.0552028827369] [0.018074028194]
0.0323184467852 [0.046953227371] [0.0176836661994]
0.0283857341856 [0.0395398102701] [0.0172316581011]
0.02535686083135 [0.0338346995413] [0.0168790221214]
0.0234240386635 [0.0299619268626] [0.0168861504644]
0.02262673340735 [0.0278389845043] [0.0174144823104]
0.0229208050296 [0.0272955335677] [0.0185460764915]
0.02428271528335 [0.0284036770463] [0.0201617535204]
0.0258698100224 [0.0303399655968] [0.021399654448]
