0.0312607837841 [0.0484072118998] [0.0141143556684]
0.03363011404875 [0.0497057400644] [0.0175544880331]
0.03561611380425 [0.0505981855094] [0.0206340420991]
0.03651407640425 [0.0513953492045] [0.021632803604]
0.03675162233415 [0.0526617690921] [0.0208414755762]
0.03656642138955 [0.0544426962733] [0.0186901465058]
0.03584646433595 [0.0559530295432] [0.0157398991287]
0.03450628370045 [0.0558575130999] [0.013155054301]
0.0324656171724 [0.0535773821175] [0.0113538522273]
0.030298580415550003 [0.0499668195844] [0.0106303412467]
0.02882539248095 [0.0466413795948] [0.0110094053671]
0.02810766967015 [0.0439160652459] [0.0122992740944]
0.0284998272546 [0.0427979305387] [0.0142017239705]
0.029257516376700002 [0.042441919446] [0.0160731133074]
0.029624177143 [0.0418242774904] [0.0174240767956]
0.0295205628499 [0.0408791415393] [0.0181619841605]
0.0291522694752 [0.0398380570114] [0.018466481939]
0.02881638612595 [0.0390011668205] [0.0186316054314]
0.028550980612649997 [0.0382889918983] [0.018812969327]
0.028070091269900004 [0.0371907651424] [0.0189494173974]
0.0269197998568 [0.0349774882197] [0.0188621114939]
0.0251359753311 [0.0317593812943] [0.0185125693679]
0.023248674348 [0.0284194089472] [0.0180779397488]
0.02187702804805 [0.0258214157075] [0.0179326403886]
0.02126760222015 [0.0243553072214] [0.0181798972189]
0.021243840456 [0.0238337218761] [0.0186539590359]
0.02143519744275 [0.024059202522] [0.0188111923635]
0.02152134664355 [0.0247321091592] [0.0183105841279]
0.021407417953049998 [0.0257072914392] [0.0171075444669]
0.02112321229655 [0.0266326107085] [0.0156138138846]
0.02085357438775 [0.0270761791617] [0.0146309696138]
0.0207903981209 [0.02721096389] [0.0143698323518]
0.0207525063306 [0.0269529372454] [0.0145520754158]
0.02091895695775 [0.0268318783492] [0.0150060355663]
0.02154231444 [0.0273315440863] [0.0157530847937]
0.0230978066102 [0.0291080605239] [0.0170875526965]
0.0257667405531 [0.0323491431773] [0.0191843379289]
0.02919593919065 [0.0365180559456] [0.0218738224357]
0.03232738375665 [0.0396216735244] [0.0250330939889]
0.03302596788855 [0.0398626364768] [0.0261892993003]
0.031145663932000002 [0.0367622226477] [0.0255291052163]
0.028090266510850004 [0.0321193933487] [0.024061139673]
0.0253143450245 [0.0277549102902] [0.0228737797588]
0.023276901803899998 [0.0244085751474] [0.0221452284604]
0.02214206848295 [0.0224665235728] [0.0218176133931]
0.02147061750295 [0.0214959327132] [0.0214453022927]
0.0208393326029 [0.0209281053394] [0.0207505598664]
0.0193977057934 [0.0197541173548] [0.019041294232]
0.016885985620299998 [0.0174982678145] [0.0162737034261]
0.0139665398747 [0.0146264722571] [0.0133066074923]
0.01147978752855 [0.0119708310813] [0.0109887439758]
0.0097459028475 [0.00997096579522] [0.00952083989978]
0.008704660460355 [0.00864300131798] [0.00876631960273]
0.00816349219531 [0.00783513765782] [0.0084918467328]
0.007958147441965 [0.00742210494354] [0.00849418994039]
0.00787151558325 [0.0072546703741] [0.0084883607924]
0.00776077527553 [0.00724958907813] [0.00827196147293]
0.00760968704708 [0.00737216556445] [0.00784720852971]
0.007408987730745 [0.00747427484021] [0.00734370062128]
0.0071717123500999996 [0.00741093978286] [0.00693248491734]
0.0069967932067800005 [0.00723618408665] [0.00675740232691]
0.0069659948348999995 [0.00704193394631] [0.00689005572349]
0.007285884348675 [0.00718874018639] [0.00738302851096]
0.00810719886795 [0.00787084270269] [0.00834355503321]
0.00977345695717 [0.00940212607384] [0.0101447878405]
0.01299299579115 [0.0124796330929] [0.0135063584894]
0.01896016299725 [0.0184846930206] [0.0194356329739]
0.02891135681425 [0.029398476705] [0.0284242369235]
0.041250936687 [0.0449375361204] [0.0375643372536]
0.0503564178944 [0.0586995109916] [0.0420133247972]
