0.07306496426465 [0.0696258619428] [0.0765040665865]
0.06142131052915 [0.0595544315875] [0.0632881894708]
0.0550668705255 [0.0531320497394] [0.0570016913116]
0.052486408501850004 [0.0491712987423] [0.0558015182614]
0.0518540740013 [0.0463414080441] [0.0573667399585]
0.0513000842184 [0.0441532433033] [0.0584469251335]
0.0496055465192 [0.0422732047737] [0.0569378882647]
0.0456852838397 [0.0404981188476] [0.0508724488318]
0.0409946925938 [0.0390490852296] [0.042940299958]
0.03907747380435 [0.0365029834211] [0.0416519641876]
0.037677636370050005 [0.0345013923943] [0.0408538803458]
0.03710698150095 [0.0334026291966] [0.0408113338053]
0.0377024635673 [0.033692419529] [0.0417125076056]
0.039556890726049995 [0.0354566648602] [0.0436571165919]
0.04257438890635 [0.0386629849672] [0.0464857928455]
0.04664212837815 [0.0434381552041] [0.0498461015522]
0.051846992224449995 [0.0509837009013] [0.0527102835476]
0.058485113084299996 [0.063817307353] [0.0531529188156]
0.0681839697063 [0.0870541483164] [0.0493137910962]
0.0817046407611 [0.122707642615] [0.0407016389072]
0.0817046407611 [0.122707642615] [0.0407016389072]
0.0817046407611 [0.122707642615] [0.0407016389072]
0.0817046407611 [0.122707642615] [0.0407016389072]
0.0817046407611 [0.122707642615] [0.0407016389072]
0.0817046407611 [0.122707642615] [0.0407016389072]
0.0817046407611 [0.122707642615] [0.0407016389072]
0.0817046407611 [0.122707642615] [0.0407016389072]
0.0817046407611 [0.122707642615] [0.0407016389072]
0.0722696278245 [0.122707642615] [0.021831613034]
0.07228808291265 [0.122707642615] [0.0218685232103]
0.07218652591115 [0.122707642615] [0.0216654092073]
0.0358819970861 [0.0503866896033] [0.0213773045689]
0.03884459938855 [0.0563118942082] [0.0213773045689]
0.04060488101095 [0.059832457453] [0.0213773045689]
0.04134446475655 [0.0613116249442] [0.0213773045689]
0.0406895969063 [0.0612333267927] [0.0201458670199]
0.04028819408265 [0.0618529692292] [0.0187234189361]
0.040161747485399996 [0.0628205165267] [0.0175029784441]
0.04058372695 [0.06446403265] [0.01670342125]
0.04165666550395 [0.0669785439968] [0.0163347870111]
0.0430304249749 [0.0699456110597] [0.0161152388901]
0.044336839579050005 [0.0727701485157] [0.0159035306424]
0.04527411330495 [0.0750359296799] [0.01551229693]
0.04965565865855 [0.0843197330832] [0.0149915842339]
0.05286358483135 [0.0910075828433] [0.0147195868194]
0.0542583987117 [0.0942568853498] [0.0142599120736]
0.05382684944195 [0.0940472781658] [0.0136064207181]
0.05349546903745 [0.0939429849386] [0.0130479531363]
0.0539759560488 [0.0954622030258] [0.0124897090718]
0.05614961124975 [0.100088194013] [0.0122110284865]
0.059311134275250005 [0.106268614531] [0.0123536540195]
0.06411757692695 [0.114928714931] [0.0133064389229]
0.0701009840706 [0.124829463661] [0.0153725044802]
0.07312776707125 [0.128341957927] [0.0179135762155]
0.07331349328140001 [0.126300245523] [0.0203267410398]
0.07043593656255 [0.118946664035] [0.0219252090901]
0.0656118830667 [0.108413860202] [0.0228099059314]
0.0621672477574 [0.101001776755] [0.0233327187598]
0.06009702105075 [0.096741117537] [0.0234529245645]
0.05875356402245 [0.0944359898567] [0.0230711381882]
0.05815080180765 [0.0933112949133] [0.022990308702]
0.05805131141095 [0.0923366546631] [0.0237659681588]
0.0587651953101 [0.0915503129363] [0.0259800776839]
0.06035460624845 [0.0902510434389] [0.030458169058]
0.06208051741125 [0.0874962359667] [0.0366647988558]
0.062431992962949996 [0.0830884501338] [0.0417755357921]
0.0612338017672 [0.0785716474056] [0.0438959561288]
0.0587012283504 [0.074520252645] [0.0428822040558]
0.05631093494595 [0.072007521987] [0.0406143479049]
0.05447705090044999 [0.070877969265] [0.0380761325359]
0.05329027585685 [0.0709111839533] [0.0356693677604]
0.0526025351137 [0.0717446282506] [0.0334604419768]
0.052245400846000004 [0.0728917717934] [0.0315990298986]
0.0519032301381 [0.0732442513108] [0.0305622089654]
0.05243763141335 [0.0738591998816] [0.0310160629451]
0.05539822392165 [0.0765506923199] [0.0342457555234]
0.061443954706199996 [0.0808970704675] [0.0419908389449]
0.0703218020499 [0.0869110748172] [0.0537325292826]
0.07702617347240001 [0.0899643599987] [0.0640879869461]
0.07908933609725 [0.0900910198689] [0.0680876523256]
0.0791873447597 [0.0906152874231] [0.0677594020963]
0.0791086256504 [0.0917592272162] [0.0664580240846]
0.07906494289635 [0.0923361480236] [0.0657937377691]
0.0790550969541 [0.0923696309328] [0.0657405629754]
0.0757860094309 [0.0867164805532] [0.0648555383086]
0.061343006789700005 [0.067409850657] [0.0552761629224]
0.043423278257249995 [0.0440477840602] [0.0427987724543]
0.03184817172585 [0.0300685614347] [0.033627782017]
0.02596572507175 [0.023049749434] [0.0288817007095]
0.02288821619005 [0.0196336582303] [0.0261427741498]
0.0212289001793 [0.0179190412164] [0.0245387591422]
0.02008446399125 [0.0170358680189] [0.0231330599636]
0.0185728175566 [0.0165759045631] [0.0205697305501]
0.0166223207489 [0.0163202863187] [0.0169243551791]
0.0145939071663 [0.0161319356412] [0.0130558786914]
0.013412699103349999 [0.0161271765828] [0.0106982216239]
0.01286047603934 [0.0163762476295] [0.00934470444918]
0.01264382759109 [0.0167476683855] [0.00853998679668]
0.01248562894761 [0.0169203467667] [0.00805091112852]
0.01220078603366 [0.016721341759] [0.00768023030832]
0.011793220415685 [0.0162281710654] [0.00735826976597]
0.01147913304156 [0.0159264951944] [0.00703177088872]
0.011463318718615001 [0.0161528270692] [0.00677381036803]
0.011905191699035 [0.0171664636582] [0.00664391973987]
0.012596534332280002 [0.0185541454703] [0.00663892319426]
0.01294584269637 [0.0189719423652] [0.00691974302754]
0.013076752424225001 [0.0187713038176] [0.00738220103085]
0.013249059207750002 [0.0184856951237] [0.0080124232918]
0.013761110603825 [0.0185706727207] [0.00895154848695]
0.014528884086749998 [0.0187484975904] [0.0103092705831]
0.01537670521065 [0.018536567688] [0.0122168427333]
0.0160256824456 [0.0177194289863] [0.0143319359049]
0.0161717198789 [0.016551816836] [0.0157916229218]
0.0158299799077 [0.0151876667514] [0.016472293064]
0.01504007307815 [0.0138348611072] [0.0162452850491]
0.01402779249475 [0.0126533973962] [0.0154021875933]
0.01303074369205 [0.0116564007476] [0.0144050866365]
0.0120124914683 [0.0107463067397] [0.0132786761969]
0.0116499387659 [0.0100209349766] [0.0132789425552]
0.011361378245075 [0.00951594579965] [0.0132068106905]
0.01112402882429 [0.00914203375578] [0.0131060238928]
0.010375425685205001 [0.00873331446201] [0.0120175369084]
0.009547753725190001 [0.00818227045238] [0.010913236998]
0.008738378295675 [0.007560164202] [0.00991659238935]
0.00801615300588 [0.00698582222685] [0.00904648378491]
0.007429152494295 [0.00662849890068] [0.00822980608791]
0.00691869412549 [0.00647437851876] [0.00736300973222]
0.0064705384429550004 [0.00648160791025] [0.00645946897566]
0.006156756775455 [0.00658718496561] [0.0057263285853]
0.00590640096925 [0.00665782438591] [0.00515497755259]
0.00588315492496 [0.00685604568571] [0.00491026416421]
0.00613704905845 [0.00734343519434] [0.00493066292256]
0.00686229416169 [0.00824885535985] [0.00547573296353]
0.007522091036665001 [0.00927796866745] [0.00576621340588]
0.007974262116474999 [0.00988618843257] [0.00606233580038]
0.00812420807779 [0.00995594542474] [0.00629247073084]
