0.01101456349715 [0.0108913220465] [0.0111378049478]
0.01101456349715 [0.0108913220465] [0.0111378049478]
0.01101456349715 [0.0108913220465] [0.0111378049478]
0.01101456349715 [0.0108913220465] [0.0111378049478]
0.01101456349715 [0.0108913220465] [0.0111378049478]
0.01101456349715 [0.0108913220465] [0.0111378049478]
0.01101456349715 [0.0108913220465] [0.0111378049478]
0.01101456349715 [0.0108913220465] [0.0111378049478]
0.01101456349715 [0.0108913220465] [0.0111378049478]
0.01101456349715 [0.0108913220465] [0.0111378049478]
0.01101456349715 [0.0108913220465] [0.0111378049478]
0.01101456349715 [0.0108913220465] [0.0111378049478]
0.01101456349715 [0.0108913220465] [0.0111378049478]
0.01101456349715 [0.0108913220465] [0.0111378049478]
0.01101456349715 [0.0108913220465] [0.0111378049478]
0.01101456349715 [0.0108913220465] [0.0111378049478]
0.01101456349715 [0.0108913220465] [0.0111378049478]
0.01101456349715 [0.0108913220465] [0.0111378049478]
0.01101456349715 [0.0108913220465] [0.0111378049478]
0.01101456349715 [0.0108913220465] [0.0111378049478]
0.01101456349715 [0.0108913220465] [0.0111378049478]
0.01101456349715 [0.0108913220465] [0.0111378049478]
0.01101456349715 [0.0108913220465] [0.0111378049478]
0.01101456349715 [0.0108913220465] [0.0111378049478]
0.01101456349715 [0.0108913220465] [0.0111378049478]
0.01101456349715 [0.0108913220465] [0.0111378049478]
0.0487063061446 [0.0108913220465] [0.0865212902427]
0.045512398704899995 [0.0108913220465] [0.0801334753633]
0.06866872683165 [0.066489636898] [0.0708478167653]
0.0633551497012 [0.066489636898] [0.0602206625044]
0.0633551497012 [0.066489636898] [0.0602206625044]
0.0633551497012 [0.066489636898] [0.0602206625044]
0.0633551497012 [0.066489636898] [0.0602206625044]
0.0633551497012 [0.066489636898] [0.0602206625044]
0.0633551497012 [0.066489636898] [0.0602206625044]
0.0633551497012 [0.066489636898] [0.0602206625044]
0.0633551497012 [0.066489636898] [0.0602206625044]
0.0633551497012 [0.066489636898] [0.0602206625044]
0.06160468049345 [0.066489636898] [0.0567197240889]
0.057913426309799995 [0.066489636898] [0.0493372157216]
0.0534198898822 [0.066489636898] [0.0403501428664]
0.0534198898822 [0.066489636898] [0.0403501428664]
0.0534198898822 [0.066489636898] [0.0403501428664]
0.0534198898822 [0.066489636898] [0.0403501428664]
0.0534198898822 [0.066489636898] [0.0403501428664]
0.0534198898822 [0.066489636898] [0.0403501428664]
0.0534198898822 [0.066489636898] [0.0403501428664]
0.0534198898822 [0.066489636898] [0.0403501428664]
0.034298768267 [0.0308945253491] [0.0377030111849]
0.031478857621550005 [0.0260729640722] [0.0368847511709]
0.0287285447121 [0.0226519107819] [0.0348051786423]
0.0261555491015 [0.0205560047179] [0.0317550934851]
0.0243334304541 [0.0196595843881] [0.0290072765201]
0.02348578348755 [0.0197042375803] [0.0272673293948]
0.02340302802625 [0.0202876571566] [0.0265183988959]
0.02390955761075 [0.0211108438671] [0.0267082713544]
0.0246280124411 [0.0219068508595] [0.0273491740227]
0.025386189110599998 [0.0226480253041] [0.0281243529171]
0.02606126852335 [0.0233115088195] [0.0288110282272]
0.0265742503107 [0.0238561201841] [0.0292923804373]
0.0245599411428 [0.0219214949757] [0.0271983873099]
0.023610950447599997 [0.020756509155] [0.0264653917402]
0.023330816067749997 [0.0202875621617] [0.0263740699738]
0.023891952820149998 [0.0207684990019] [0.0270154066384]
0.025432324968300002 [0.0226778648794] [0.0281867850572]
0.028487986885 [0.0266284961253] [0.0303474776447]
0.03353510051965 [0.0322273261845] [0.0348428748548]
0.0394210461527 [0.0375915318727] [0.0412505604327]
0.04424592107535 [0.0399639829993] [0.0485278591514]
0.046383956447250005 [0.0396835394204] [0.0530843734741]
0.0444559790194 [0.0381192602217] [0.0507926978171]
0.04030922427775 [0.0360178463161] [0.0446006022394]
0.0360977035016 [0.0337311141193] [0.0384642928839]
0.032713547349000005 [0.0313539914787] [0.0340731032193]
0.03093248791995 [0.0293098650873] [0.0325551107526]
0.03068795707075 [0.028126405552] [0.0332495085895]
0.03149399254475 [0.0280464086682] [0.0349415764213]
0.03237705212085 [0.0289794560522] [0.0357746481895]
0.03302066400645 [0.030521992594] [0.0355193354189]
0.03324858658015 [0.0320264138281] [0.0344707593322]
0.0331470631063 [0.0332306139171] [0.0330635122955]
0.0333332978189 [0.0345175042748] [0.032149091363]
0.0335771646351 [0.0352067574859] [0.0319475717843]
0.0337823741138 [0.0351946540177] [0.0323700942099]
0.0337298307568 [0.0343053713441] [0.0331542901695]
0.03380501270295 [0.0336468890309] [0.033963136375]
0.0338822491467 [0.033067278564] [0.0346972197294]
0.034201379865400006 [0.0334078297019] [0.0349949300289]
0.0347884502262 [0.0349566824734] [0.034620217979]
0.035460596904200004 [0.0382602475584] [0.03266094625]
0.03594386391345 [0.0431234017015] [0.0287643261254]
0.03625631239265 [0.0488755479455] [0.0236370768398]
0.03666305914525 [0.0545084178448] [0.0188177004457]
0.03734075464305 [0.0590547211468] [0.0156267881393]
0.0383700947277 [0.0625588223338] [0.0141813671216]
0.03992842230945 [0.0659752339125] [0.0138816107064]
0.04202637728305 [0.0698867440224] [0.0141660105437]
0.0440180655569 [0.0734337568283] [0.0146023742855]
0.046073866542400005 [0.0770452544093] [0.0151024786755]
0.04859219165515 [0.0815996304154] [0.0155847528949]
0.051985163241650006 [0.0877273306251] [0.0162429958582]
0.0570634175092 [0.0971685349941] [0.0169583000243]
0.06384310778235 [0.10977499187] [0.0179112236947]
0.06996483635175 [0.121062152088] [0.0188675206155]
0.0742068719121 [0.128377720714] [0.0200360231102]
0.07923799380674999 [0.136492148042] [0.0219838395715]
0.08438135683545 [0.142782688141] [0.0259800255299]
0.088653538376 [0.143554702401] [0.033752374351]
0.09338909015045 [0.139291539788] [0.0474866405129]
0.09784682840115 [0.132465094328] [0.0632285624743]
0.0967232696712 [0.123887643218] [0.0695588961244]
0.09244322776805 [0.118740603328] [0.0661458522081]
0.08948246017105001 [0.117828257382] [0.0611366629601]
0.08794564753795 [0.118861868978] [0.0570294260979]
0.0874194316567 [0.120443955064] [0.0543949082494]
0.0868769399821 [0.12118768692] [0.0525661930442]
0.08580384217209999 [0.12102098763] [0.0505866967142]
0.08332061395025 [0.118950143456] [0.0476910844445]
0.0794151462614 [0.114372819662] [0.0444574728608]
0.07471490092585001 [0.10844283551] [0.0409869663417]
0.07075151614865 [0.103205122054] [0.0382979102433]
0.0677214469761 [0.0989225506783] [0.0365203432739]
0.06545636616645 [0.0958370864391] [0.0350756458938]
