0.0524224061519 [0.0826390087605] [0.0222058035433]
0.04748464282605 [0.0745683461428] [0.0204009395093]
0.0441716266796 [0.0688926503062] [0.019450603053]
0.041714752093000004 [0.0643877834082] [0.0190417207778]
0.03940685093405 [0.0602353140712] [0.0185783877969]
0.03759309463205 [0.0570175088942] [0.0181686803699]
0.03520613070575 [0.0533139631152] [0.0170982982963]
0.03395482432095 [0.0520032830536] [0.0159063655883]
0.032766656018799994 [0.0507977493107] [0.0147355627269]
0.03145091049375 [0.049312312156] [0.0135895088315]
0.029908985830850002 [0.0473349019885] [0.0124830696732]
0.0282299867831 [0.0449591428041] [0.0115008307621]
0.02686069486665 [0.0428375937045] [0.0108837960288]
0.026249820366499997 [0.0417189411819] [0.0107806995511]
0.02677732892335 [0.0419219247997] [0.011632733047]
0.02872464898975 [0.043245639652] [0.0142036583275]
0.0325049497187 [0.0451677702367] [0.0198421292007]
0.0336103718728 [0.0473786145449] [0.0198421292007]
0.0336103718728 [0.0473786145449] [0.0198421292007]
0.0336103718728 [0.0473786145449] [0.0198421292007]
0.0336103718728 [0.0473786145449] [0.0198421292007]
0.0336103718728 [0.0473786145449] [0.0198421292007]
0.0776047706604 [0.0982173606753] [0.0569921806455]
0.0696682166308 [0.0893547013402] [0.0499817319214]
0.0566243175417 [0.0714592337608] [0.0417894013226]
0.0431238617748 [0.0537497028708] [0.0324980206788]
0.0333009790629 [0.0416950136423] [0.0249069444835]
0.0277058957145 [0.0349095538259] [0.0205022376031]
0.02437869925055 [0.0306819342077] [0.0180754642934]
0.0226718774065 [0.02842355147] [0.016920203343]
0.02202925272285 [0.0274738110602] [0.0165846943855]
0.0218834886327 [0.0271914415061] [0.0165755357593]
0.0218882896006 [0.0271483957767] [0.0166281834245]
0.0218601282686 [0.0271346755326] [0.0165855810046]
0.019158013165 [0.0241494495422] [0.0141665767878]
0.01734453300015 [0.0222349911928] [0.0124540748075]
0.01620917161925 [0.0212253872305] [0.011192956008]
0.015494978521050001 [0.0205309465528] [0.0104590104893]
0.014824133832 [0.0197451841086] [0.0099030835554]
0.014266199432305001 [0.0191081240773] [0.00942427478731]
0.014205641578875 [0.0193135216832] [0.00909776147455]
0.01573162153365 [0.0224478952587] [0.0090153478086]
0.021060318220405 [0.0330771766603] [0.00904345978051]
0.02956728683784 [0.0496735498309] [0.00946102384478]
0.0355773717165 [0.061100833118] [0.010053910315]
0.037438414059599995 [0.0648130476475] [0.0100637804717]
0.037787729408605 [0.0657553598285] [0.00982009898871]
0.03792410623281 [0.0663014873862] [0.00954672507942]
0.03828314272684499 [0.0672555789351] [0.00931070651859]
0.038830932229765 [0.0685396268964] [0.00912223756313]
0.039537562523015005 [0.070131778717] [0.00894334632903]
0.04017921024934 [0.0716269388795] [0.00873148161918]
0.040303560439479996 [0.072091512382] [0.00851560849696]
0.03973009949552 [0.0711165517569] [0.00834364723414]
0.03829428786413 [0.0683159157634] [0.00827265996486]
0.03631861694155 [0.0642622262239] [0.0083750076592]
0.03413201496005 [0.0598890222609] [0.0083750076592]
0.0321264397353 [0.0558778718114] [0.0083750076592]
0.0304693225771 [0.052563637495] [0.0083750076592]
0.0291931461543 [0.0500112846494] [0.0083750076592]
0.0555460900068 [0.0474494025111] [0.0636427775025]
0.05514645949005 [0.0452664494514] [0.0650264695287]
0.0554640162736 [0.0437161438167] [0.0672118887305]
0.05670728348195 [0.042779032141] [0.0706355348229]
0.05869048275055 [0.0418904311955] [0.0754905343056]
0.06102028675375 [0.0402149967849] [0.0818255767226]
0.0631173532456 [0.0374346114695] [0.0888000950217]
0.06476725824175 [0.0339309759438] [0.0956035405397]
0.06602889858195 [0.0304847769439] [0.10157302022]
0.0672423830257 [0.0290468689054] [0.105437897146]
0.06951359845675 [0.0316968001425] [0.107330396771]
0.07445030659415 [0.0409147515893] [0.107985861599]
0.08839770406475 [0.0588476881385] [0.117947719991]
0.10514006391184999 [0.0833822265267] [0.126897901297]
0.10634828731415 [0.0863289758563] [0.126367598772]
0.07284678891305 [0.059652119875] [0.0860414579511]
0.04938294366005 [0.0424001812935] [0.0563657060266]
0.049535118043399995 [0.0417873598635] [0.0572828762233]
0.0494723394513 [0.0410727187991] [0.0578719601035]
0.04920416511595 [0.0405276678503] [0.0578806623816]
0.04870106093585 [0.0403509102762] [0.0570512115955]
0.04794763028625 [0.0405198298395] [0.055375430733]
0.047162724658850005 [0.0410605035722] [0.0532649457455]
0.0466387663037 [0.0419165939093] [0.0513609386981]
0.0466700922698 [0.0430252850056] [0.050314899534]
0.04733095504345 [0.0442962497473] [0.0503656603396]
0.0484892781824 [0.0456342063844] [0.0513443499804]
0.04997071065005 [0.047038603574] [0.0529028177261]
0.04997071065005 [0.047038603574] [0.0529028177261]
0.04997071065005 [0.047038603574] [0.0529028177261]
0.04997071065005 [0.047038603574] [0.0529028177261]
0.04997071065005 [0.047038603574] [0.0529028177261]
0.04997071065005 [0.047038603574] [0.0529028177261]
0.04997071065005 [0.047038603574] [0.0529028177261]
0.04997071065005 [0.047038603574] [0.0529028177261]
0.04997071065005 [0.047038603574] [0.0529028177261]
0.03415645845235 [0.047038603574] [0.0212743133307]
0.02706513181325 [0.0330290459096] [0.0211012177169]
0.02583527751265 [0.0312259234488] [0.0204446315765]
0.024020656943300002 [0.02856355533] [0.0194777585566]
0.02241037972275 [0.0263096056879] [0.0185111537576]
0.021496112458400003 [0.0249205753207] [0.0180716495961]
0.0213279817253 [0.0244863387197] [0.0181696247309]
0.021827968768749997 [0.0249563362449] [0.0186996012926]
0.0228701476008 [0.0262194145471] [0.0195208806545]
0.024252769537250002 [0.0280343070626] [0.0204712320119]
0.025807616300899998 [0.0300853401423] [0.0215298924595]
0.0273025361821 [0.0320081412792] [0.022596931085]
0.0290504163131 [0.033483736217] [0.0246170964092]
0.031224024482100002 [0.0363789238036] [0.0260691251606]
0.0320611707866 [0.0367950834334] [0.0273272581398]
0.0327902091667 [0.0372475013137] [0.0283329170197]
0.03384328074755 [0.0384679399431] [0.029218621552]
0.0356345605105 [0.0410257168114] [0.0302434042096]
0.0387843996286 [0.045683350414] [0.0318854488432]
0.04488637298345 [0.0547697134316] [0.0350030325353]
0.0557481069118 [0.0702115520835] [0.0412846617401]
0.0706685520709 [0.0900052338839] [0.0513318702579]
0.0824995357544 [0.102735951543] [0.0622631199658]
0.0885262079536 [0.110648781061] [0.0664036348462]
0.0898915491998 [0.11244636029] [0.0673367381096]
0.0896038152275 [0.1108789891] [0.068328641355]
0.08691063523285 [0.106619119644] [0.0672021508217]
0.08224457502365 [0.101829431951] [0.0626597180963]
0.07482883520425 [0.0971373617649] [0.0525203086436]
0.06312671303745 [0.0880224332213] [0.0382309928536]
0.05192057788375 [0.0760755762458] [0.0277655795217]
0.0437391679734 [0.0656154677272] [0.0218628682196]
0.03851277660575 [0.0581714585423] [0.0188540946692]
0.035256310366100004 [0.0531780906022] [0.01733453013]
0.0333584230393 [0.0499335564673] [0.0167832896113]
0.03223802614955 [0.0476734600961] [0.016802592203]
0.031146713532550004 [0.0452430583537] [0.0170503687114]
0.029708088375649998 [0.0421472974122] [0.0172688793391]
0.027977286838 [0.0387865304947] [0.0171680431813]
0.02629720792175 [0.035959854722] [0.0166345611215]
0.024878104217349997 [0.0340138077736] [0.0157424006611]
0.02376212226225 [0.0327489748597] [0.0147752696648]
0.0228097313084 [0.0317010395229] [0.0139184230939]
0.02200538991015 [0.0305329430848] [0.0134778367355]
0.0218607233837 [0.0300569310784] [0.013664515689]
0.023091075010600003 [0.0315117500722] [0.014670399949]
0.0264243176207 [0.035769239068] [0.0170793961734]
0.032490115612750003 [0.0429511927068] [0.0220290385187]
0.04044045973565 [0.0505259931087] [0.0303549263626]
0.047263802960500007 [0.0560579113662] [0.0384696945548]
0.050793038681149996 [0.0587941929698] [0.0427918843925]
0.052884461358200005 [0.0603317692876] [0.0454371534288]
0.0553440116346 [0.0626031532884] [0.0480848699808]
0.0584224220365 [0.0661162883043] [0.0507285557687]
0.05835593678055 [0.0684551298618] [0.0482567436993]
0.05282153375445 [0.0655933395028] [0.0400497280061]
0.045247460715499996 [0.0594612248242] [0.0310336966068]
0.0393240666017 [0.0540310032666] [0.0246171299368]
0.0357326166704 [0.0507001057267] [0.0207651276141]
0.03390801046045 [0.048959903419] [0.0188561175019]
0.033014905638999996 [0.0477482452989] [0.0182815659791]
