0.13180325925355 [0.0925503820181] [0.171056136489]
0.13155377283675002 [0.0907510742545] [0.172356471419]
0.13295787572835 [0.0885253101587] [0.177390441298]
0.13741897046585 [0.0872960090637] [0.187541931868]
0.14566095545885 [0.0886467322707] [0.202675178647]
0.15756330266575 [0.0937832817435] [0.221343323588]
0.17299925908449998 [0.103155173361] [0.242843344808]
0.19224582985049998 [0.116442210972] [0.268049448729]
0.2155660167335 [0.133857950568] [0.297274082899]
0.244424879551 [0.156982779503] [0.331866979599]
0.279907695949 [0.186645194888] [0.37317019701]
0.317857056856 [0.220666438341] [0.415047675371]
0.35126747190950003 [0.250147819519] [0.4523871243]
0.3759632855655 [0.268258213997] [0.483668357134]
0.3912560045715 [0.27500462532] [0.507507383823]
0.396647334099 [0.272314488888] [0.52098017931]
0.3966514766215 [0.268255352974] [0.525047600269]
0.39116936922049994 [0.262778818607] [0.519559919834]
0.38184142112749997 [0.256229221821] [0.507453620434]
0.36893178522549996 [0.246147304773] [0.491716265678]
0.354198612273 [0.232204720378] [0.476192504168]
0.339866861701 [0.21786904335] [0.461864680052]
0.327279314399 [0.207273513079] [0.447285115719]
0.3189264535905 [0.202968090773] [0.434884816408]
0.31532225012799997 [0.205339282751] [0.425305217505]
0.31653361767550003 [0.211497113109] [0.421570122242]
0.319289058447 [0.218802213669] [0.419775903225]
0.320332363248 [0.225187897682] [0.415476828814]
0.31926550716150004 [0.229839161038] [0.408691853285]
0.3153834342955 [0.233193039894] [0.397573828697]
0.3107800409195 [0.236390069127] [0.385170012712]
0.306729488075 [0.23971195519] [0.37374702096]
0.3026325702665 [0.242406159639] [0.362858980894]
0.2940890341995 [0.240272969007] [0.347905099392]
0.275706589222 [0.228046119213] [0.323367059231]
0.24985789507599998 [0.20876301825] [0.290952771902]
0.224501669407 [0.190085321665] [0.258918017149]
0.2054138183595 [0.175607159734] [0.235220476985]
0.193982988596 [0.166078969836] [0.221887007356]
0.18956770002849999 [0.162008598447] [0.21712680161]
0.1900587752465 [0.163833126426] [0.216284424067]
0.192364677787 [0.169436350465] [0.215293005109]
0.1949113756415 [0.176448434591] [0.213374316692]
0.197330266237 [0.183399274945] [0.211261257529]
0.200680360198 [0.189022421837] [0.212338298559]
0.206384897232 [0.193751946092] [0.219017848372]
0.215427823365 [0.198581159115] [0.232274487615]
0.2245283052325 [0.203255236149] [0.245801374316]
0.22986480593699998 [0.205326974392] [0.254402637482]
0.22890844196100002 [0.203003302217] [0.254813581705]
0.2221641615035 [0.196399316192] [0.247929006815]
0.21201457083199998 [0.188441082835] [0.235588058829]
0.200864583254 [0.179283082485] [0.222446084023]
0.1892858967185 [0.169063746929] [0.209508046508]
0.175740510225 [0.155714973807] [0.195766046643]
0.15956142544750002 [0.139623314142] [0.179499536753]
0.145156800747 [0.123955264688] [0.166358336806]
0.134410969913 [0.110745251179] [0.158076688647]
0.1278907284145 [0.101162463427] [0.154618993402]
0.12499123811745 [0.0952265709639] [0.154755905271]
0.12418438121684999 [0.0915017202497] [0.156867042184]
0.12343777716179999 [0.0880855470896] [0.158790007234]
0.12189343944174999 [0.0842446014285] [0.159542277455]
0.12089316546935 [0.0812229961157] [0.160563334823]
0.12225795909765 [0.0805681422353] [0.16394777596]
0.12640710547545 [0.0826022103429] [0.170212000608]
0.1315873004494 [0.0863149687648] [0.176859632134]
0.13405559211995 [0.0878814607859] [0.180229723454]
0.13213944062615002 [0.0858652815223] [0.17841359973]
0.1261433474718 [0.0819884613156] [0.170298233628]
0.12042001262295 [0.0778368040919] [0.163003221154]
0.11764345318055 [0.0749367624521] [0.160350143909]
0.1169993989171 [0.0739570185542] [0.16004177928]
0.11673720180975 [0.0747436881065] [0.158730715513]
0.11567889526495001 [0.0765228196979] [0.154834970832]
0.11385823413755 [0.0798353329301] [0.147881135345]
0.11210287362355 [0.0845407992601] [0.139664947987]
0.1114543713631 [0.0900130793452] [0.132895663381]
0.11241210997125 [0.0953527241945] [0.129471495748]
0.1153328046205 [0.100545778871] [0.13011983037]
0.120903775096 [0.106823250651] [0.134984299541]
0.1302530616525 [0.116506740451] [0.143999382854]
0.1447507068515 [0.132868096232] [0.156633317471]
0.165284685791 [0.15860696137] [0.171962410212]
0.19340962916600002 [0.197732210159] [0.189087048173]
0.231414064765 [0.253327608109] [0.209500521421]
0.2851117178795 [0.326131492853] [0.244091942906]
0.3578465282915 [0.411414116621] [0.304278939962]
0.433692514896 [0.486155301332] [0.38122972846]
0.4780596792695 [0.533119499683] [0.422999858856]
0.492333114147 [0.548337757587] [0.436328470707]
0.49808076024049996 [0.553378582001] [0.44278293848]
0.499616637826 [0.553056836128] [0.446176439524]
0.500414416194 [0.552795290947] [0.448033541441]
