0.3256878256795 [0.338190644979] [0.31318500638]
0.332646429539 [0.357286036015] [0.308006823063]
0.3294039964675 [0.365151524544] [0.293656468391]
0.31346844136700003 [0.358419328928] [0.268517553806]
0.293693691492 [0.343021094799] [0.244366288185]
0.2810353413225 [0.331498652697] [0.230572029948]
0.278162457049 [0.329127162695] [0.227197751403]
0.28039111197 [0.331542879343] [0.229239344597]
0.28108303248850003 [0.331546247005] [0.230619817972]
0.272550433874 [0.32083940506] [0.224261462688]
0.24780023098 [0.291724860668] [0.203875601292]
0.2161954715845 [0.252422749996] [0.179968193173]
0.186763495207 [0.213048473001] [0.160478517413]
0.16348309069849998 [0.18430788815] [0.142658293247]
0.1485378071665 [0.166690900922] [0.130384713411]
0.1400541178885 [0.156740307808] [0.123367927969]
0.1351143568755 [0.14979532361] [0.120433390141]
0.1321508549155 [0.14342777431] [0.120873935521]
0.1300883293155 [0.1364274472] [0.123749211431]
0.1280511021615 [0.12859043479] [0.127511769533]
0.12509654089799999 [0.119488559663] [0.130704522133]
0.121422659606 [0.109949089587] [0.132896229625]
0.117915745825 [0.101160384715] [0.134671106935]
0.11562880501135 [0.0945388302207] [0.136718779802]
0.1156862378122 [0.0909835994244] [0.1403888762]
0.1188075989483 [0.0908796191216] [0.146735578775]
0.1249283067883 [0.0936260446906] [0.156230568886]
0.13397491350755 [0.0979043319821] [0.170045495033]
0.14329082146299998 [0.100471772254] [0.186109870672]
0.14558006078015 [0.0983529239893] [0.192807197571]
0.14294039458035 [0.0929316729307] [0.19294911623]
0.137108448893 [0.086833961308] [0.187382936478]
0.12899777665715 [0.0809089764953] [0.177086576819]
0.12020828947414999 [0.0761135295033] [0.164303049445]
0.11094609275450001 [0.072245426476] [0.149646759033]
0.10393715649845 [0.0694338232279] [0.138440489769]
0.1004152707753 [0.0686429068446] [0.132187634706]
0.09999954700455 [0.0704704970121] [0.129528596997]
0.1023008972404 [0.0742542296648] [0.130347564816]
0.1064934656024 [0.0783968567848] [0.13459007442]
0.1117145195602 [0.0813541412354] [0.142074897885]
0.1172931976617 [0.0826457068324] [0.151940688491]
0.12287878245115 [0.0828095525503] [0.162948012352]
0.1289100237189 [0.0834094062448] [0.174410641193]
0.13635897636435 [0.0867733359337] [0.185944616795]
0.1456487402321 [0.0944361239672] [0.196861356497]
0.1562322340905 [0.10608356446] [0.206380903721]
0.167673122138 [0.121594466269] [0.213751778007]
0.176382303238 [0.135554343462] [0.217210263014]
0.172732844949 [0.135066509247] [0.210399180651]
0.152281995863 [0.115227453411] [0.189336538315]
0.12608675658715002 [0.0918672531843] [0.16030625999]
0.1031635925173 [0.0739266872406] [0.132400497794]
0.08862115070240001 [0.0629061758518] [0.114336125553]
0.0815768726168 [0.0578498244286] [0.105303920805]
0.07900094240925 [0.0571311712265] [0.100870713592]
0.07859664782879999 [0.0595807135105] [0.0976125821471]
0.07896726205945001 [0.0641230940819] [0.093811430037]
0.07932909205555 [0.0697780996561] [0.088880084455]
0.07898329943415 [0.0750249177217] [0.0829416811466]
0.0782624445856 [0.0782658979297] [0.0782589912415]
0.07746721059084999 [0.0791477188468] [0.0757867023349]
0.07713544368745 [0.0785686001182] [0.0757022872567]
0.07783338055014999 [0.0780217200518] [0.0776450410485]
0.08139926195145 [0.080374121666] [0.0824244022369]
0.08962104842065 [0.0879862383008] [0.0912558585405]
0.104831650853 [0.103049606085] [0.106613695621]
0.128054827452 [0.127014830709] [0.129094824195]
0.155628867447 [0.156574323773] [0.154683411121]
0.176854789257 [0.179396599531] [0.174312978983]
0.186611481011 [0.190368667245] [0.182854294777]
0.188814051449 [0.193318545818] [0.18430955708]
0.1893422752615 [0.193838730454] [0.184845820069]
0.1915499791505 [0.194457754493] [0.188642203808]
0.198103316128 [0.197699397802] [0.198507234454]
0.2119092568755 [0.206407874823] [0.217410638928]
0.2338671833275 [0.222216084599] [0.245518282056]
0.262877181172 [0.244660377502] [0.281093984842]
0.294743925333 [0.270300209522] [0.319187641144]
0.31700155138950004 [0.291103899479] [0.3428992033]
0.3328767418865 [0.305888950825] [0.359864532948]
0.345831438899 [0.316982716322] [0.374680161476]
0.36115245521100003 [0.327646672726] [0.394658237696]
0.380537971854 [0.341708242893] [0.419367700815]
0.4053612053395 [0.362468779087] [0.448253631592]
0.4285127669575 [0.379617005587] [0.477408528328]
0.445316657424 [0.385172277689] [0.505461037159]
0.456652238965 [0.384863227606] [0.528441250324]
0.4656333625315 [0.385582268238] [0.545684456825]
0.4766998440025 [0.391982346773] [0.561417341232]
0.490553855896 [0.404770851135] [0.576336860657]
0.5055877417325 [0.420870929956] [0.590304553509]
0.5175850987435 [0.438755273819] [0.596414923668]
0.5302248448135 [0.45974573493] [0.600703954697]
0.5443919897075 [0.485126316547] [0.603657662868]
0.5563358962535 [0.505705833435] [0.606965959072]
0.561253398657 [0.51918977499] [0.603317022324]
0.5622730851175 [0.52923566103] [0.595310509205]
0.5572988390925 [0.535539865494] [0.579057812691]
0.5470471382140001 [0.535694956779] [0.558399319649]
0.534827709198 [0.530403614044] [0.539251804352]
