0.140133291483 [0.162198096514] [0.118068486452]
0.14345471933499998 [0.164411008358] [0.122498430312]
0.15181286633000002 [0.172976449132] [0.130649283528]
0.1665850654245 [0.189659506083] [0.143510624766]
0.1829272955655 [0.207660704851] [0.15819388628]
0.1989189311865 [0.223252758384] [0.174585103989]
0.2148924320935 [0.237118422985] [0.192666441202]
0.2310928851365 [0.25070092082] [0.211484849453]
0.247922942042 [0.263449221849] [0.232396662235]
0.26152876019500004 [0.272582918406] [0.250474601984]
0.269204735756 [0.275788575411] [0.262620896101]
0.2725569456815 [0.274011045694] [0.271102845669]
0.276741698384 [0.273404330015] [0.280079066753]
0.28531640768050004 [0.277408212423] [0.293224602938]
0.300105690956 [0.286648273468] [0.313563108444]
0.3187607228755 [0.298180729151] [0.3393407166]
0.334148719907 [0.307364910841] [0.360932528973]
0.34184183180350003 [0.309462249279] [0.374221414328]
0.33963021636 [0.301003605127] [0.378256827593]
0.330111160874 [0.283774733543] [0.376447588205]
0.318132400513 [0.264473319054] [0.371791481972]
0.3068006262185 [0.248541429639] [0.365059822798]
0.297058723867 [0.23753143847] [0.356586009264]
0.2906104028225 [0.23180103302] [0.349419772625]
0.2880340367555 [0.22834405303] [0.347724020481]
0.28799268603350003 [0.223086804152] [0.352898567915]
0.287253692746 [0.211900025606] [0.362607359886]
0.284341841936 [0.197495251894] [0.371188431978]
0.2799639627335 [0.184745684266] [0.375182241201]
0.2759263291955 [0.177085414529] [0.374767243862]
0.27343019098050003 [0.173615768552] [0.373244613409]
0.272671215236 [0.172190919518] [0.373151510954]
0.273710913956 [0.171888574958] [0.375533252954]
0.278910845518 [0.174740433693] [0.383081257343]
0.29037822783 [0.183429390192] [0.397327065468]
0.30793638527399997 [0.198563158512] [0.417309612036]
0.328408434987 [0.217217773199] [0.439599096775]
0.347799986601 [0.234437167645] [0.461162805557]
0.3635420352225 [0.246537804604] [0.480546265841]
0.375052779913 [0.255182772875] [0.494922786951]
0.3829541802405 [0.266417264938] [0.499491095543]
0.391479194164 [0.285585671663] [0.497372716665]
0.404707029462 [0.314845174551] [0.494568884373]
0.4241556972265 [0.353549897671] [0.494761496782]
0.45319503545749995 [0.40313911438] [0.503250956535]
0.48341737687599995 [0.450955718756] [0.515879034996]
0.509012758732 [0.489149093628] [0.528876423836]
0.5247451364994999 [0.509646475315] [0.539843797684]
0.5328977406025 [0.517687618732] [0.548107862473]
0.53806117177 [0.521941721439] [0.554180622101]
0.5392763018610001 [0.521044135094] [0.557508468628]
0.5388344824315 [0.516474723816] [0.561194241047]
0.536481380463 [0.506892561913] [0.566070199013]
0.5345844477415 [0.497305124998] [0.571863770485]
0.5335534214975 [0.488943576813] [0.578163266182]
0.534506648779 [0.484981775284] [0.584031522274]
0.537658452988 [0.488063335419] [0.587253570557]
0.5427534133195 [0.495643526316] [0.589863300323]
0.5496128201485 [0.505854189396] [0.593371450901]
0.5501540005204999 [0.508622050285] [0.591685950756]
0.548694252968 [0.50795006752] [0.589438438416]
0.5457395017144999 [0.506395637989] [0.58508336544]
0.5390200018885001 [0.501497447491] [0.576542556286]
0.5314949303865 [0.496756762266] [0.566233098507]
0.5246551334855 [0.493871569633] [0.555438697338]
0.521078914404 [0.494165182114] [0.547992646694]
0.5220345258715 [0.496535420418] [0.547533631325]
0.5281168818474999 [0.49932795763] [0.556905806065]
0.5377218425275 [0.50078779459] [0.574655890465]
0.5449516773225 [0.495668232441] [0.594235122204]
0.5468261688945 [0.482573062181] [0.611079275608]
0.545844361186 [0.46775367856] [0.623935043812]
0.545061022043 [0.457504928112] [0.632617115974]
0.546520471573 [0.456150472164] [0.636890470982]
0.5458285808565 [0.455468952656] [0.636188209057]
0.5374668240545 [0.446439504623] [0.628494143486]
0.51912099123 [0.425822854042] [0.612419128418]
0.49723026156399996 [0.401111960411] [0.593348562717]
0.48037654161449994 [0.382640600204] [0.578112483025]
0.4679353535175 [0.366205334663] [0.569665372372]
0.45893393456950005 [0.354861646891] [0.563006222248]
0.45187009870999995 [0.347782105207] [0.555958092213]
0.4446114599705 [0.342435181141] [0.5467877388]
0.435196235776 [0.336221784353] [0.534170687199]
0.4235211610795 [0.328460872173] [0.518581449986]
0.410554900765 [0.319457262754] [0.501652538776]
0.397460594773 [0.308995813131] [0.485925376415]
0.384458467364 [0.295453727245] [0.473463207483]
0.3712870925665 [0.277558982372] [0.465015202761]
0.3581556528805 [0.257060229778] [0.459251075983]
0.3487351685765 [0.239630132914] [0.457840204239]
0.34652311354849996 [0.231346592307] [0.46169963479]
0.35215767473 [0.23725168407] [0.46706366539]
0.366157725453 [0.257759749889] [0.474555701017]
0.3832819461825 [0.278866618872] [0.487697273493]
0.39703913033000005 [0.292970687151] [0.501107573509]
0.40601913630950004 [0.303689867258] [0.508348405361]
0.41229958832249997 [0.315570145845] [0.5090290308]
0.4215372353795 [0.33581712842] [0.507257342339]
0.433861628175 [0.364568203688] [0.503155052662]
0.44991917908150003 [0.396752029657] [0.503086328506]
0.46795527637050005 [0.427911549807] [0.507999002934]
0.4853030741215 [0.454646527767] [0.515959620476]
0.4995379596945 [0.476102262735] [0.522973656654]
0.5093416273595 [0.492313802242] [0.526369452477]
0.5146922469140001 [0.503292500973] [0.526091992855]
0.51739230752 [0.510852813721] [0.523931801319]
0.5196356475355 [0.516817927361] [0.52245336771]
0.5241318047045 [0.524493575096] [0.523770034313]
0.5287142395975 [0.529775321484] [0.527653157711]
0.530111372471 [0.531134426594] [0.529088318348]
0.5293425023555001 [0.52919536829] [0.529489636421]
0.525442242622 [0.522827684879] [0.528056800365]
0.5215999186039999 [0.514872312546] [0.528327524662]
0.51998591423 [0.507405698299] [0.532566130161]
0.520107716322 [0.502146780491] [0.538068652153]
0.5206620693205 [0.50011074543] [0.541213393211]
0.519936978817 [0.50102353096] [0.538850426674]
0.5148559510705 [0.503818809986] [0.525893092155]
0.5065382719039999 [0.504691243172] [0.508385300636]
0.48452644050149996 [0.489334434271] [0.479718446732]
