0.338035106659 [0.313981831074] [0.362088382244]
0.2788527607915 [0.25956466794] [0.298140853643]
0.23075546324250001 [0.215099826455] [0.24641110003]
0.196475677192 [0.182908937335] [0.210042417049]
0.17169712483900001 [0.161338508129] [0.182055741549]
0.1532538682225 [0.147613063455] [0.15889467299]
0.13981963694100003 [0.138853833079] [0.140785440803]
0.130595140159 [0.13326112926] [0.127929151058]
0.1254564151165 [0.130738377571] [0.120174452662]
0.12411500513599999 [0.131016761065] [0.117213249207]
0.1262554898855 [0.134541302919] [0.117969676852]
0.1308229602875 [0.140228137374] [0.121417783201]
0.137334808707 [0.147582620382] [0.127086997032]
0.1458230018615 [0.157180264592] [0.134465739131]
0.156014472246 [0.169016897678] [0.143012046814]
0.1690111011265 [0.184785455465] [0.153236746788]
0.188400581479 [0.20879407227] [0.168007090688]
0.21851211786250002 [0.247245401144] [0.189778834581]
0.26394020766 [0.305722385645] [0.222158029675]
0.32410785555849997 [0.381559431553] [0.266656279564]
0.38640528917350003 [0.456845134497] [0.31596544385]
0.43389704823499997 [0.512611985207] [0.355182111263]
0.4633298665285 [0.546439528465] [0.380220204592]
0.47087387740599995 [0.549429774284] [0.392317980528]
0.45971183478800004 [0.525248646736] [0.39417502284]
0.433529525995 [0.478030413389] [0.389028638601]
0.406704425812 [0.428881853819] [0.384526997805]
0.38710571825499995 [0.390738993883] [0.383472442627]
0.37516464292999996 [0.365875959396] [0.384453326464]
0.3682280927895 [0.352224856615] [0.384231328964]
0.3641353696585 [0.346451401711] [0.381819337606]
0.36223821342 [0.343030691147] [0.381445735693]
0.36009465158 [0.337641566992] [0.382547736168]
0.3554305136205 [0.328831255436] [0.382029771805]
0.349666491151 [0.318226724863] [0.381106257439]
0.3434693217275 [0.309362798929] [0.377575844526]
0.3375405818225 [0.301411062479] [0.373670101166]
0.3319294154645 [0.293165296316] [0.370693534613]
0.325894653797 [0.283356070518] [0.368433237076]
0.32103215158 [0.275165945292] [0.366898357868]
0.31864519417299997 [0.273808449507] [0.363481938839]
0.318700402975 [0.278794050217] [0.358606755733]
0.320300742984 [0.290058761835] [0.350542724133]
0.319180816412 [0.298485815525] [0.339875817299]
0.31447432935249997 [0.300783067942] [0.328165590763]
0.30513028800499997 [0.294050097466] [0.316210478544]
0.2932342886925 [0.28053304553] [0.305935531855]
0.2813874185085 [0.264216244221] [0.298558592796]
0.2705413624645 [0.249828442931] [0.291254281998]
0.2629217356445 [0.238880157471] [0.286963313818]
0.25815557688449997 [0.22987703979] [0.286434113979]
0.25539392977950004 [0.223773762584] [0.287014096975]
0.2530352920295 [0.22150978446] [0.284560799599]
0.2494277209045 [0.224304825068] [0.274550616741]
0.24613934755349998 [0.231868207455] [0.260410487652]
0.244235545397 [0.243669122458] [0.244801968336]
0.242292150855 [0.254186809063] [0.230397492647]
0.238166153431 [0.257786899805] [0.218545407057]
0.23148915916699997 [0.254358530045] [0.208619788289]
0.223987832665 [0.248867064714] [0.199108600616]
0.215751506388 [0.243710681796] [0.18779233098]
0.20578441768900002 [0.237301886082] [0.174266949296]
0.19460410624750002 [0.228302150965] [0.16090606153]
0.183138482273 [0.217349931598] [0.148927032948]
0.1698023304345 [0.202618211508] [0.136986449361]
0.15650679171100002 [0.18724809587] [0.125765487552]
0.1456494405865 [0.173233434558] [0.118065446615]
0.138134960085 [0.16215108335] [0.11411883682]
0.13348995149100001 [0.152871251106] [0.114108651876]
0.131817486137 [0.145406156778] [0.118228815496]
0.132244993001 [0.139746084809] [0.124743901193]
0.13334610313200002 [0.13493847847] [0.131753727794]
0.134735137224 [0.131440505385] [0.138029769063]
0.1365754157305 [0.129542052746] [0.143608778715]
0.13961074501249998 [0.129849299788] [0.149372190237]
0.145135499537 [0.134407117963] [0.155863881111]
0.1525851637125 [0.14234174788] [0.162828579545]
0.161049172282 [0.151908576488] [0.170189768076]
0.171649493277 [0.163446560502] [0.179852426052]
0.1841779872775 [0.177724659443] [0.190631315112]
0.1980241015555 [0.192445456982] [0.203602746129]
0.2123513668775 [0.206678584218] [0.218024149537]
0.22511416673649998 [0.216119930148] [0.234108403325]
0.23799975961449998 [0.22185100615] [0.254148513079]
0.25005923211549996 [0.22439455986] [0.275723904371]
0.2583308666945 [0.225137710571] [0.291524022818]
0.2699721232055 [0.227199271321] [0.31274497509]
0.283629119396 [0.231064736843] [0.336193501949]
0.300704665482 [0.235789552331] [0.365619778633]
0.316959403455 [0.235251829028] [0.398666977882]
0.3302321955565 [0.232610419393] [0.42785397172]
0.3420667797325 [0.234430402517] [0.449703156948]
0.35205885022850003 [0.243400111794] [0.460717588663]
0.36267620325100003 [0.259051471949] [0.466300934553]
0.37409517169 [0.281876653433] [0.466313689947]
0.38210164010500003 [0.302435338497] [0.461767941713]
0.38745312392700004 [0.318307608366] [0.456598639488]
0.3924134671685 [0.331170737743] [0.453656196594]
0.3972351402045 [0.340954512358] [0.453515768051]
0.402001619339 [0.347400873899] [0.456602364779]
0.40248657763 [0.349865853786] [0.455107301474]
0.403468385339 [0.350319594145] [0.456617176533]
0.408089548349 [0.351503640413] [0.464675456285]
0.41546247899550004 [0.355928629637] [0.474996328354]
0.42525917291649995 [0.363390266895] [0.487128078938]
0.435904100537 [0.373450130224] [0.49835807085]
0.4472837001085 [0.385360568762] [0.509206831455]
0.45512844622150006 [0.390939921141] [0.519316971302]
0.457962051034 [0.387305766344] [0.528618335724]
0.458777934313 [0.38057923317] [0.536976635456]
0.459143251181 [0.374584078789] [0.543702423573]
0.45854608714550005 [0.369971424341] [0.54712074995]
0.456456035376 [0.367081522942] [0.54583054781]
0.4527862370015 [0.365003883839] [0.540568590164]
0.44788928329949995 [0.362023085356] [0.533755481243]
0.4446404725315 [0.360675364733] [0.52860558033]
0.446878105402 [0.363244771957] [0.530511438847]
0.457773923874 [0.368334412575] [0.547213435173]
0.470203861594 [0.371967643499] [0.568440079689]
0.4660822451115 [0.369440495968] [0.562723994255]
0.4514446109535 [0.360093444586] [0.542795777321]
0.4359895288945 [0.346722841263] [0.525256216526]
0.4255342036485 [0.336668521166] [0.514399886131]
0.420515730977 [0.334320932627] [0.506710529327]
0.4211428761485 [0.339594960213] [0.502690792084]
0.4242167174815 [0.346615731716] [0.501817703247]
0.4277078956365 [0.353223353624] [0.502192437649]
0.4319234341385 [0.356595128775] [0.507251739502]
0.43557038903199996 [0.357526838779] [0.513613939285]
0.436000645161 [0.355828046799] [0.516173243523]
0.4284636974335 [0.353189587593] [0.503737807274]
0.420456752181 [0.355956882238] [0.484956622124]
0.41077914833999996 [0.356087505817] [0.465470790863]
0.40378756821149997 [0.356949567795] [0.450625568628]
0.39806966483600004 [0.356566607952] [0.43957272172]
0.394260644913 [0.356792509556] [0.43172878027]
0.391304448247 [0.358141005039] [0.424467891455]
0.3885507434605 [0.360622882843] [0.416478604078]
0.387076243758 [0.362321168184] [0.411831319332]
0.3856357187035 [0.360666662455] [0.410604774952]
0.380285695195 [0.351144790649] [0.409426599741]
0.3738409280775 [0.340788185596] [0.406893670559]
0.3684854656455 [0.331881970167] [0.405088961124]
0.366001978517 [0.327849209309] [0.404154747725]
0.36790399253399997 [0.328841686249] [0.406966298819]
0.3736949115995 [0.334544360638] [0.412845462561]
0.37742371857199997 [0.337041139603] [0.417806297541]
0.380268096924 [0.340827941895] [0.419708251953]
0.3847913891075 [0.346320867538] [0.423261910677]
0.39017434418200003 [0.35084721446] [0.429501473904]
0.3959632217885 [0.355787962675] [0.436138480902]
0.400125190616 [0.361207097769] [0.439043283463]
0.4045313149695 [0.366206735373] [0.442855894566]
0.4078854322435 [0.371361255646] [0.444409608841]
0.410241141915 [0.3752797544] [0.44520252943]
0.414896577597 [0.380922943354] [0.44887021184]
0.41976749897 [0.388186752796] [0.451348245144]
0.4222472012045 [0.395600527525] [0.448893874884]
0.41574260592449996 [0.393643796444] [0.437841415405]
0.3902960270645 [0.368151009083] [0.412441045046]
0.3404367268085 [0.312517940998] [0.368355512619]
0.2876521348955 [0.258260339499] [0.317043930292]
0.249065823853 [0.221077427268] [0.277054220438]
0.2238220945 [0.196658834815] [0.250985354185]
0.208941593766 [0.18206192553] [0.235821262002]
0.201337635517 [0.174561783671] [0.228113487363]
0.197607830167 [0.170737832785] [0.224477827549]
0.19557261466999998 [0.1685757339] [0.22256949544]
0.19453223049649998 [0.168028116226] [0.221036344767]
0.1945683658125 [0.169781699777] [0.219355031848]
0.195849046111 [0.17373073101] [0.217967361212]
0.1982995420695 [0.179842248559] [0.21675683558]
0.201629705727 [0.186803355813] [0.216456055641]
0.2058908194305 [0.193333923817] [0.218447715044]
0.21396563947199998 [0.20229613781] [0.225635141134]
0.229965016246 [0.216859653592] [0.2430703789]
0.25951734185200004 [0.242388933897] [0.276645749807]
0.3067604601385 [0.285043716431] [0.328477203846]
0.36776614189150003 [0.345425158739] [0.390107125044]
0.40900854766399997 [0.390591144562] [0.427425950766]
0.3812641352415 [0.355569720268] [0.406958550215]
0.31569103896649997 [0.287247627974] [0.344134449959]
0.25492157041999997 [0.230495214462] [0.279347926378]
0.21317464113200002 [0.195309102535] [0.231040179729]
