0.1638667210935 [0.138297975063] [0.189435467124]
0.1644961610435 [0.140014350414] [0.188977971673]
0.1637539118525 [0.141028359532] [0.186479464173]
0.1612284630535 [0.140739649534] [0.181717276573]
0.157966658473 [0.139590263367] [0.176343053579]
0.154990591109 [0.137885913253] [0.172095268965]
0.1523606181145 [0.13587154448] [0.168849691749]
0.150465026498 [0.134128794074] [0.166801258922]
0.15076737850900002 [0.134035214782] [0.167499542236]
0.155912406743 [0.137861296535] [0.173963516951]
0.168321631849 [0.147015720606] [0.189627543092]
0.19132379442449998 [0.164238333702] [0.218409255147]
0.2294239625335 [0.193009480834] [0.265838444233]
0.27835701406 [0.228615015745] [0.328099012375]
0.301655367017 [0.237875849009] [0.365434885025]
0.24734593927850002 [0.181900411844] [0.312791466713]
0.16628012806200002 [0.11489187181] [0.217668384314]
0.1118749119339 [0.0756576433778] [0.14809218049]
0.08298562839635 [0.0561419203877] [0.109829336405]
0.06854235380885 [0.0465932562947] [0.090491451323]
0.06234696879980001 [0.0427060872316] [0.081987850368]
0.06085345335305001 [0.0421362631023] [0.0795706436038]
0.0619237981737 [0.0435670539737] [0.0802805423737]
0.0639622323215 [0.0461946576834] [0.0817298069596]
0.0661022607237 [0.0496044047177] [0.0826001167297]
0.06781025789680001 [0.0533428154886] [0.082277700305]
0.06881229765715 [0.0568867363036] [0.0807378590107]
0.06917019747195 [0.0597843714058] [0.0785560235381]
0.0694530420005 [0.0622319206595] [0.0766741633415]
0.07051833346485001 [0.0647069737315] [0.0763296931982]
0.0738953240216 [0.0687147751451] [0.0790758728981]
0.08038052543995 [0.0750188231468] [0.0857422277331]
0.0891352519393 [0.0827198773623] [0.0955506265163]
0.0957055725158 [0.0877350494266] [0.103676095605]
0.09551630914205 [0.0860071182251] [0.105025500059]
0.0907920897008 [0.0808855742216] [0.10069860518]
0.0862723775208 [0.077114507556] [0.0954302474856]
0.08422389999035 [0.0760813876987] [0.092366412282]
0.08429446071390001 [0.0766872391105] [0.0919016823173]
0.08515716716645 [0.0772390216589] [0.093075312674]
0.08600990474225001 [0.0771459937096] [0.0948738157749]
0.08655800670385 [0.0767792239785] [0.0963367894292]
0.08677221089605 [0.0767989829183] [0.0967454388738]
0.0867526754737 [0.0771702080965] [0.0963351428509]
0.08732828870414999 [0.0782646536827] [0.0963919237256]
0.08940808847545001 [0.0802735313773] [0.0985426455736]
0.0945690684021 [0.0846296399832] [0.104508496821]
0.1050807572902 [0.0937695875764] [0.116391927004]
0.12468218803450001 [0.111654683948] [0.137709692121]
0.159898266196 [0.144842430949] [0.174954101443]
0.2192225754265 [0.201803773642] [0.236641377211]
0.299384430051 [0.279137521982] [0.31963133812]
0.367778211832 [0.343319952488] [0.392236471176]
0.3912891447545 [0.359620124102] [0.422958165407]
0.38616350293150004 [0.348048686981] [0.424278318882]
0.37545751035200003 [0.331467449665] [0.419447571039]
0.36632630229 [0.318085938692] [0.414566665888]
0.36075797677050003 [0.308334648609] [0.413181304932]
0.358976751566 [0.302721917629] [0.415231585503]
0.35746660828599996 [0.298910826445] [0.416022390127]
0.35640662908599996 [0.300552964211] [0.412260293961]
0.3572480678555 [0.309913128614] [0.404583007097]
0.362645894289 [0.324887514114] [0.400404274464]
0.3730725198985 [0.340747773647] [0.40539726615]
0.38447932899 [0.347756326199] [0.421202331781]
0.39424324035650005 [0.353338986635] [0.435147494078]
0.3965652436015 [0.356791436672] [0.436339050531]
0.3880059719085 [0.357114732265] [0.418897211552]
