0.0829084739089 [0.0796609595418] [0.086155988276]
0.0826621837914 [0.0803737565875] [0.0849506109953]
0.08411718532439999 [0.0810933485627] [0.0871410220861]
0.0874888114631 [0.0818418860435] [0.0931357368827]
0.09283539280315001 [0.0834597423673] [0.102211043239]
0.09952843934315 [0.0863236114383] [0.112733267248]
0.10824367776505 [0.0919443741441] [0.124542981386]
0.1217028461395 [0.103057168424] [0.140348523855]
0.1451954990625 [0.12403742969] [0.166353568435]
0.1855532303455 [0.160591542721] [0.21051491797]
0.24926079064599999 [0.220063462853] [0.278458118439]
0.327902302146 [0.296215564013] [0.359589040279]
0.389046266675 [0.353639692068] [0.424452841282]
0.41726058721549997 [0.376263648272] [0.458257526159]
0.428605645895 [0.380094617605] [0.477116674185]
0.4344708770515 [0.380367726088] [0.488574028015]
0.439276590943 [0.382645219564] [0.495907962322]
0.442361220717 [0.385856121778] [0.498866319656]
0.4405178427695 [0.385273307562] [0.495762377977]
0.4268096089365 [0.372533917427] [0.481085300446]
0.38932104408699997 [0.331720679998] [0.446921408176]
0.306253835559 [0.240680217743] [0.371827453375]
0.2157095596195 [0.156408801675] [0.275010317564]
0.15226665139200002 [0.106001660228] [0.198531642556]
0.1156756132843 [0.0792264193296] [0.152124807239]
0.09591268002975001 [0.0647484362125] [0.127076923847]
0.08595154061930001 [0.0568123459816] [0.115090735257]
0.0818857103584 [0.0524138137698] [0.111357606947]
0.0812741238624 [0.0498939491808] [0.112654298544]
0.0825820565226 [0.0483445301652] [0.11681958288]
0.08494148775915 [0.0474875047803] [0.122395470738]
0.08801799081275 [0.0473779551685] [0.128658026457]
0.09107208438195 [0.0478213019669] [0.134322866797]
0.09276327677065 [0.0482101477683] [0.137316405773]
0.09212585911160001 [0.0478825047612] [0.136369213462]
0.08941619470735 [0.0466672107577] [0.132165178657]
0.08666956983525 [0.0452092550695] [0.128129884601]
0.0860563740134 [0.0444345027208] [0.127678245306]
0.0891275480391 [0.0452140122652] [0.133041083813]
0.0965084042398 [0.0482081882656] [0.144808620214]
0.10754815861584999 [0.0535023137927] [0.161594003439]
0.11921322904540001 [0.0598540268838] [0.178572431207]
0.1275092326107 [0.0652954503894] [0.189723014832]
0.1309452913701 [0.0684806331992] [0.193409949541]
0.13052439317125 [0.0697592273355] [0.191289559007]
0.12758715823314998 [0.0696143582463] [0.18555995822]
0.12270028144115 [0.0683014392853] [0.177099123597]
0.11773097515105 [0.0664390772581] [0.169022873044]
0.11595294624574999 [0.0650361180305] [0.166869774461]
0.12090060114840001 [0.0661042183638] [0.175696983933]
0.13425702229165 [0.0709813907743] [0.197532653809]
0.15484267473205 [0.0795374363661] [0.230147913098]
0.17868171632264998 [0.0911053419113] [0.266258090734]
0.19955451414 [0.105898521841] [0.293210506439]
0.21521767973900002 [0.119345068932] [0.311090290546]
0.2274295762185 [0.129480287433] [0.325378865004]
0.23676456511 [0.136501729488] [0.337027400732]
0.24277470260849998 [0.140510156751] [0.345039248466]
0.2454396560785 [0.142864987254] [0.348014324903]
0.2465104907755 [0.145052134991] [0.34796884656]
0.248299144208 [0.149231061339] [0.347367227077]
0.2511623352765 [0.155106991529] [0.347217679024]
0.2535392567515 [0.161655470729] [0.345423042774]
0.2539275586605 [0.167508244514] [0.340346872807]
0.252360247076 [0.171717897058] [0.333002597094]
0.24864782392950002 [0.175310850143] [0.321984797716]
0.24785245955000001 [0.179801076651] [0.315903842449]
0.253115929663 [0.185769125819] [0.320462733507]
0.2668094038965 [0.198660999537] [0.334957808256]
