0.01431862730535 [0.0136054167524] [0.0150318378583]
0.01511628413575 [0.0141323292628] [0.0161002390087]
0.0163315562531 [0.0150016993284] [0.0176614131778]
0.0180658446625 [0.0161997266114] [0.0199319627136]
0.02043428178875 [0.0177253615111] [0.0231432020664]
0.0237623965368 [0.0197602771223] [0.0277645159513]
0.0283526945859 [0.0226032398641] [0.0341021493077]
0.0334925884381 [0.0257222559303] [0.0412629209459]
0.0371261369437 [0.0277834683657] [0.0464688055217]
0.0383955417201 [0.0284236650914] [0.0483674183488]
0.038686251267799995 [0.0291560292244] [0.0482164733112]
0.040512748062599996 [0.0314003154635] [0.0496251806617]
0.04552935808895 [0.0356398448348] [0.0554188713431]
0.05739001743495001 [0.0448566414416] [0.0699233934283]
0.07659553177655 [0.058854278177] [0.0943367853761]
0.0934692583976 [0.0702905207872] [0.116647996008]
0.10208306461565 [0.0755979269743] [0.128568202257]
0.1059365384281 [0.0782620683312] [0.133611008525]
0.11199966818104999 [0.0814420282841] [0.142557308078]
0.12062795460205 [0.0856309682131] [0.155624940991]
0.1304152011873 [0.0901624560356] [0.170667946339]
0.13875301554785 [0.0950333997607] [0.182472631335]
0.146387644112 [0.100155964494] [0.19261932373]
0.15242850407949998 [0.104874677956] [0.199982330203]
0.1563537456095 [0.109082348645] [0.203625142574]
0.1586571112275 [0.112023636699] [0.205290585756]
0.16005773842350002 [0.11417837441] [0.205937102437]
0.162092331797 [0.116878472269] [0.207306191325]
0.165387105197 [0.121162347496] [0.209611862898]
0.170524246991 [0.127878919244] [0.213169574738]
0.1777355819945 [0.138927996159] [0.21654316783]
0.18366099149 [0.151418477297] [0.215903505683]
0.1861417144535 [0.162675991654] [0.209607437253]
0.182092562318 [0.168009668589] [0.196175456047]
0.167160846293 [0.16000162065] [0.174320071936]
0.141135156155 [0.138299390674] [0.143970921636]
0.1138369590045 [0.113760769367] [0.113913148642]
0.0929751954973 [0.0954155623913] [0.0905348286033]
0.0808302797377 [0.0862477347255] [0.0754128247499]
0.07298812642695 [0.0799341723323] [0.0660420805216]
0.06705038808290001 [0.0739876776934] [0.0601130984724]
0.0614252779633 [0.0670759752393] [0.0557745806873]
0.05606841668485 [0.0598992966115] [0.0522375367582]
0.051873996853799995 [0.0541477128863] [0.0496002808213]
0.04975426755845 [0.0513136275113] [0.0481949076056]
0.0496416464448 [0.0513075850904] [0.0479757077992]
0.0504204891622 [0.052525177598] [0.0483158007264]
0.0510376561433 [0.0538306236267] [0.0482446886599]
0.05138419009745 [0.0551415756345] [0.0476268045604]
0.051396099850500004 [0.0563558079302] [0.0464363917708]
0.05134768784045 [0.0574772842228] [0.0452180914581]
0.0512159075588 [0.0586406365037] [0.0437911786139]
0.04865452833475 [0.0562013052404] [0.0411077514291]
0.04253312014045 [0.0490577854216] [0.0360084548593]
0.0356827732176 [0.040469840169] [0.0308957062662]
0.03000445384535 [0.0332044735551] [0.0268044341356]
0.02582930680365 [0.0279825795442] [0.0236760340631]
0.02280240599065 [0.0241655129939] [0.0214392989874]
0.02060591615735 [0.0213534217328] [0.0198584105819]
0.01907476969065 [0.0192503016442] [0.0188992377371]
0.01811679359525 [0.0177680179477] [0.0184655692428]
0.01754589378835 [0.0166369974613] [0.0184547901154]
0.01728657539935 [0.0158616025001] [0.0187115482986]
0.01720699807625 [0.0153048606589] [0.0191091354936]
0.01721825497225 [0.0148961925879] [0.0195403173566]
0.01723710726945 [0.0145219732076] [0.0199522413313]
0.01718431618065 [0.0140631571412] [0.0203054752201]
0.01708422461525 [0.0135873863474] [0.0205810628831]
0.016988189425299997 [0.0131321316585] [0.0208442471921]
0.01695882715285 [0.0126973129809] [0.0212203413248]
0.01702934736385 [0.0123732378706] [0.0216854568571]
0.01743641169745 [0.0123203666881] [0.0225524567068]
0.01825177436695 [0.0125924600288] [0.0239110887051]
0.0193954939023 [0.013138929382] [0.0256520584226]
0.02041089953855 [0.0137643488124] [0.0270574502647]
0.02117049554365 [0.0144827058539] [0.0278582852334]
0.02150592021645 [0.0151443872601] [0.0278674531728]
0.0215964606032 [0.0157501474023] [0.0274427738041]
0.021644577384 [0.0162224378437] [0.0270667169243]
0.021830749698 [0.0166801121086] [0.0269813872874]
0.0221537258476 [0.017146172002] [0.0271612796932]
0.02279692236335 [0.017890971154] [0.0277028735727]
0.02409097831695 [0.019392715767] [0.0287892408669]
0.0263444026932 [0.0219325274229] [0.0307562779635]
0.02978314831855 [0.0254608727992] [0.0341054238379]
0.0353967435658 [0.0307815559208] [0.0400119312108]
0.0443137101829 [0.0385512709618] [0.050076149404]
0.05713346414265 [0.0489097051322] [0.0653572231531]
0.07214974053205 [0.0599851645529] [0.0843143165112]
0.08375565335155 [0.0676445811987] [0.0998667255044]
0.08906580135215 [0.0701829716563] [0.107948631048]
0.09051571041325 [0.0695029348135] [0.111528486013]
0.09026517346515 [0.0676559582353] [0.112874388695]
0.08955417946005001 [0.0661943331361] [0.112914025784]
0.08888369798654999 [0.0651243105531] [0.11264308542]
0.08930079266435001 [0.0646006315947] [0.114000953734]
0.09237446263435001 [0.0649630129337] [0.119785912335]
0.09974868595575001 [0.0669960826635] [0.132501289248]
0.11285397037879999 [0.0722992792726] [0.153408661485]
0.13012758642415 [0.0826842933893] [0.177570879459]
0.1475304178892 [0.0951105579734] [0.199950277805]
0.15406903251999998 [0.105093307793] [0.203044757247]
0.1441203430295 [0.107785284519] [0.18045540154]
0.12068863213049999 [0.09808832407] [0.143288940191]
0.0956296175719 [0.0830412134528] [0.108218021691]
0.07658841833470001 [0.0716224387288] [0.0815543979406]
0.06458109617230001 [0.0643998980522] [0.0647622942924]
0.0579175781459 [0.0600552335382] [0.0557799227536]
0.054714091122150005 [0.0577470175922] [0.0516811646521]
0.05353901162745 [0.0568660758436] [0.0502119474113]
0.05333165451885 [0.0567819066346] [0.0498814024031]
0.0535972919315 [0.0571188554168] [0.0500757284462]
0.05402125231925 [0.0574221760035] [0.050620328635]
0.0536045152694 [0.0563106127083] [0.0508984178305]
0.05067733488975 [0.0514036826789] [0.0499509871006]
0.0448005925864 [0.0428293310106] [0.0467718541622]
0.0385054387152 [0.0348123721778] [0.0421985052526]
0.03383410535755 [0.0297270603478] [0.0379411503673]
0.0315196979791 [0.0273754410446] [0.0356639549136]
0.03164288029075 [0.0269338861108] [0.0363518744707]
0.0339771164581 [0.0279559176415] [0.0399983152747]
0.0378097919747 [0.0298783127218] [0.0457412712276]
0.04144663363695 [0.031643435359] [0.0512498319149]
0.04284690320495 [0.0319048278034] [0.0537889786065]
