0.01522599579765 [0.0110870162025] [0.0193649753928]
0.014794087037449999 [0.0108482595533] [0.0187399145216]
0.0143843665719 [0.010553272441] [0.0182154607028]
0.0141175193712 [0.0104889720678] [0.0177460666746]
0.0139328124933 [0.0106337526813] [0.0172318723053]
0.0138522833586 [0.0109543576837] [0.0167502090335]
0.01399686187505 [0.0115672126412] [0.0164265111089]
0.0145315947011 [0.012564022094] [0.0164991673082]
0.015603871550400002 [0.0141120655462] [0.0170956775546]
0.01719372253865 [0.0162580218166] [0.0181294232607]
0.01891039684415 [0.0185492392629] [0.0192715544254]
0.02031595446165 [0.0204518102109] [0.0201800987124]
0.0213741045445 [0.0219957400113] [0.0207524690777]
0.022642461582999998 [0.0238397158682] [0.0214452072978]
0.02496053557845 [0.0268281977624] [0.0230928733945]
0.028207446448499998 [0.03116106987] [0.025253823027]
0.03154680971055 [0.0355366393924] [0.0275569800287]
0.03394593298435 [0.0386639200151] [0.0292279459536]
0.03556777723135 [0.040769983083] [0.0303655713797]
0.03745916858315 [0.0432747602463] [0.03164357692]
0.0410992782563 [0.0480543412268] [0.0341442152858]
0.0482739843428 [0.0569315701723] [0.0396163985133]
0.0581760108471 [0.0680783465505] [0.0482736751437]
0.06925285421315 [0.0798682495952] [0.0586374588311]
0.08390529453755 [0.0977175608277] [0.0700930282474]
0.10171191766835 [0.120809808373] [0.0826140269637]
0.1185766309502 [0.142546102405] [0.0946071594954]
0.129938635975 [0.156708538532] [0.103168733418]
0.1353585124015 [0.16124252975] [0.109474495053]
0.1365823745725 [0.160522609949] [0.112642139196]
0.1370513997975 [0.16002060473] [0.114082194865]
0.139161091298 [0.162412673235] [0.115909509361]
0.1432727240025 [0.167583495378] [0.118961952627]
0.1484295502305 [0.174009263515] [0.122849836946]
0.153234116733 [0.17948718369] [0.126981049776]
0.156408622861 [0.182425379753] [0.130391865969]
0.15645804256200002 [0.181308314204] [0.13160777092]
0.1503567323085 [0.172507703304] [0.128205761313]
0.1373366452755 [0.154958918691] [0.11971437186]
0.1179259568455 [0.129640474916] [0.106211438775]
0.09736179932945 [0.103675238788] [0.0910483598709]
0.07934080809355 [0.0809854790568] [0.0776961371303]
0.0654202140868 [0.063502073288] [0.0673383548856]
0.055931488052 [0.0512443482876] [0.0606186278164]
0.0507093798369 [0.0443368665874] [0.0570818930864]
0.04850390180945 [0.0415038540959] [0.055503949523]
0.04764629900455 [0.0406323559582] [0.0546602420509]
0.0473377145827 [0.0406235903502] [0.0540518388152]
0.04719701595605 [0.0408134423196] [0.0535805895925]
0.0468979887664 [0.0407491661608] [0.053046811372]
0.04636862501505 [0.0404871888459] [0.0522500611842]
0.045783827081299994 [0.0402483567595] [0.0513192974031]
0.04577740468085 [0.0406224578619] [0.0509323514998]
0.0470900628716 [0.0420467182994] [0.0521334074438]
0.05019725859165 [0.0445486046374] [0.0558459125459]
0.05334119312465 [0.046627458185] [0.0600549280643]
0.053336150944249996 [0.0460378825665] [0.060634419322]
0.045024093240499996 [0.039711534977] [0.050336651504]
0.034680960699899996 [0.0329895876348] [0.036372333765]
0.02724430616945 [0.0282948743552] [0.0261937379837]
0.02340655773875 [0.0258803963661] [0.0209327191114]
0.0213197181001 [0.0241208411753] [0.0185185950249]
0.02022840548305 [0.0229464918375] [0.0175103191286]
0.019651101902149998 [0.0221658665687] [0.0171363372356]
0.0191732887179 [0.02157994546] [0.0167666319758]
0.0188131891191 [0.0212302431464] [0.0163961350918]
0.01861602347345 [0.0211693570018] [0.0160626899451]
0.01852784119545 [0.0212849229574] [0.0157707594335]
0.01853420492265 [0.0214870180935] [0.0155813917518]
0.018578907940549998 [0.0216462444514] [0.0155115714297]
0.018677885644150002 [0.0217145700008] [0.0156412012875]
0.0188998589292 [0.0217341724783] [0.0160655453801]
0.0193840479478 [0.0217988975346] [0.016969198361]
0.02020405512305 [0.0219826567918] [0.0184254534543]
0.021271223202300002 [0.0222062375396] [0.020336208865]
0.0225919149816 [0.0225543696433] [0.0226294603199]
0.0238091154024 [0.0226095262915] [0.0250087045133]
0.024727398529650002 [0.0223379582167] [0.0271168388426]
0.0263514518738 [0.0227762386203] [0.0299266651273]
0.0295858075842 [0.0247632358223] [0.0344083793461]
0.0345570007339 [0.0289629418403] [0.0401510596275]
0.04119229502975 [0.0358009971678] [0.0465835928917]
0.047853963449549994 [0.0435362681746] [0.0521716587245]
0.050907405093299996 [0.047111634165] [0.0547031760216]
0.049859769642350005 [0.0461782030761] [0.0535413362086]
0.047623462975050004 [0.044205930084] [0.0510409958661]
0.04511746391655 [0.0419193245471] [0.048315603286]
0.043215414509199995 [0.0398404374719] [0.0465903915465]
0.04196597449485 [0.0382443480194] [0.0456876009703]
0.0421683974564 [0.0376075990498] [0.046729195863]
0.04410480335355 [0.0383658818901] [0.049843724817]
0.0479655973613 [0.040670286864] [0.0552609078586]
0.0530220642686 [0.043975610286] [0.0620685182512]
0.05632918700575 [0.0469684302807] [0.0656899437308]
0.05706885457039999 [0.0485373362899] [0.0656003728509]
0.0562135763466 [0.0487198680639] [0.0637072846293]
0.054509179666650004 [0.0477424003184] [0.0612759590149]
0.05296549759805 [0.0460922010243] [0.0598387941718]
0.050939152017249995 [0.0441284514964] [0.0577498525381]
0.0481235701591 [0.0420910008252] [0.054156139493]
0.04277508333325 [0.0382711626589] [0.0472790040076]
0.0359307900071 [0.0333681926131] [0.0384933874011]
0.03030315041545 [0.0291383676231] [0.0314679332078]
0.02713833376765 [0.0271292962134] [0.0271473713219]
0.02594873402265 [0.0270403604954] [0.0248571075499]
0.0254835030064 [0.0275352783501] [0.0234317276627]
0.0251051587984 [0.0278369989246] [0.0223733186722]
0.0245808782056 [0.0276108216494] [0.0215509347618]
0.023997324518849998 [0.0269752796739] [0.0210193693638]
0.0234827147797 [0.026184162125] [0.0207812674344]
0.023127978667649998 [0.0254871360958] [0.0207688212395]
0.02287199907005 [0.0248105823994] [0.0209334157407]
0.022641580551849998 [0.0241246242076] [0.0211585368961]
0.022399934008700002 [0.0233143977821] [0.0214854702353]
0.02232039161025 [0.0225481558591] [0.0220926273614]
0.0224539814517 [0.0220427811146] [0.0228651817888]
0.0228378865868 [0.0218740459532] [0.0238017272204]
0.0233211489394 [0.0217967946082] [0.0248455032706]
0.0239666998386 [0.0218888763338] [0.0260445233434]
0.02486802544445 [0.0224999189377] [0.0272361319512]
0.0254440456629 [0.0226635243744] [0.0282245669514]
0.025338540785000002 [0.0220844969153] [0.0285925846547]
0.02504062000665 [0.0217012614012] [0.0283799786121]
0.0244181314483 [0.0213770214468] [0.0274592414498]
0.0234629334882 [0.0208186618984] [0.026107205078]
0.0223502255976 [0.0200145151466] [0.0246859360486]
