0.050514113158 [0.0377226024866] [0.0633056238294]
0.05075231380760001 [0.0383562482893] [0.0631483793259]
0.05058287456635 [0.0388858765364] [0.0622798725963]
0.050531743094350004 [0.0398135222495] [0.0612499639392]
0.050687205046399994 [0.0413112603128] [0.06006314978]
0.050693899393049996 [0.0429551787674] [0.0584326200187]
0.05025322549045 [0.044336758554] [0.0561696924269]
0.049731280654650004 [0.045581381768] [0.0538811795413]
0.0495658423752 [0.0475253760815] [0.0516063086689]
0.050992067903250005 [0.0518638603389] [0.0501202754676]
0.05669338069855 [0.0612240433693] [0.0521627180278]
0.06921244412659999 [0.0797556638718] [0.0586692243814]
0.09128466248525 [0.112710811198] [0.0698585137725]
0.1217139735817 [0.161715313792] [0.0817126333714]
0.1488478183746 [0.210646778345] [0.0870488584042]
0.1598958671093 [0.233445674181] [0.0863460600376]
0.15943315625170001 [0.235499322414] [0.0833669900894]
0.15565401688205 [0.230906024575] [0.0804020091891]
0.14737604185915 [0.218278586864] [0.0764734968543]
0.1372311636803 [0.201250404119] [0.0732119232416]
0.126918192953 [0.183014392853] [0.070821993053]
0.1184442117808 [0.167487353086] [0.0694010704756]
0.11228790134210001 [0.156516566873] [0.0680592358112]
0.10720432922245 [0.147834122181] [0.0665745362639]
0.101684316993 [0.138581886888] [0.064786747098]
0.09385777078544999 [0.125294104218] [0.0624214373529]
0.08301054686325 [0.106599517167] [0.0594215765595]
0.07166939228775 [0.0870484933257] [0.0562902912498]
0.06269561685625 [0.0719173625112] [0.0534738712013]
0.057288799434900006 [0.0633913129568] [0.051186285913]
0.0540768019855 [0.0586559697986] [0.0494976341724]
0.0526682026684 [0.0566214881837] [0.0487149171531]
0.0522469840944 [0.0557418763638] [0.048752091825]
0.0526532214135 [0.0557136312127] [0.0495928116143]
0.0539295542985 [0.0568733476102] [0.0509857609868]
0.055902253836400004 [0.0591278858483] [0.0526766218245]
0.05818749219175 [0.0618855245411] [0.0544894598424]
0.06031026504935 [0.0640052706003] [0.0566152594984]
0.061986727640050004 [0.0650104954839] [0.0589629597962]
0.06359903328120001 [0.0656659528613] [0.0615321137011]
0.06585013493895 [0.0670592188835] [0.0646410509944]
0.06965382024645 [0.0702589228749] [0.069048717618]
0.0752252750099 [0.0751657560468] [0.075284793973]
0.08253534510735 [0.0812660157681] [0.0838046744466]
0.0918094776571 [0.0888607874513] [0.0947581678629]
0.1043219082055 [0.100539296865] [0.108104519546]
0.1210711561145 [0.11868673563] [0.123455576599]
0.141102515161 [0.142228081822] [0.1399769485]
0.15847692638650002 [0.163410142064] [0.153543710709]
0.1690680384635 [0.175888091326] [0.162247985601]
0.17357628047450002 [0.180918753147] [0.166233807802]
0.1749794185165 [0.18370077014] [0.166258066893]
0.1762111634015 [0.18681538105] [0.165606945753]
0.1781871542335 [0.191621527076] [0.164752781391]
0.183212086558 [0.197104424238] [0.169319748878]
0.185730881989 [0.198597744107] [0.172864019871]
0.182844042778 [0.192674487829] [0.173013597727]
0.1745330393315 [0.1853659302] [0.163700148463]
0.1652283445 [0.181757956743] [0.148698732257]
0.15775994211400002 [0.181346863508] [0.13417302072]
0.150910258293 [0.17874507606] [0.123075440526]
0.1441773064435 [0.173172831535] [0.115181781352]
0.1378302127125 [0.165979936719] [0.109680488706]
0.1333297677335 [0.159566581249] [0.107092954218]
0.1301353909075 [0.153838947415] [0.1064318344]
0.127223201096 [0.147432401776] [0.107014000416]
0.121923983097 [0.140557691455] [0.103290274739]
0.11589515209199999 [0.13171967864] [0.100070625544]
0.11380703747259999 [0.130051910877] [0.0975621640682]
0.1130752936007 [0.131020665169] [0.0951299220324]
0.11249350383855 [0.131152272224] [0.0938347354531]
0.1123808920381 [0.130387037992] [0.0943747460842]
0.11321299895654999 [0.129743203521] [0.0966827943921]
0.1148953773085 [0.129748091102] [0.100042663515]
0.1171160787345 [0.130708664656] [0.103523492813]
0.1193310134115 [0.132329195738] [0.106332831085]
0.1213026233015 [0.13424308598] [0.108362160623]
0.12275027483699999 [0.136056497693] [0.109444051981]
0.123240053654 [0.137165412307] [0.109314695001]
0.12223961204299999 [0.136612445116] [0.10786677897]
0.11990584433099999 [0.133804678917] [0.106007009745]
0.11754736304249999 [0.129460096359] [0.105634629726]
0.1183505803345 [0.125863790512] [0.110837370157]
0.129661846906 [0.135247275233] [0.124076418579]
0.153198979795 [0.168102443218] [0.138295516372]
0.18501733988500002 [0.215406090021] [0.154628589749]
0.206038489938 [0.247741878033] [0.164335101843]
0.213042549789 [0.256903856993] [0.169181242585]
0.21145150065399998 [0.250685572624] [0.172217428684]
0.2003484815355 [0.22895014286] [0.171746820211]
0.1875061541795 [0.204829916358] [0.170182392001]
0.1781612932685 [0.186323821545] [0.169998764992]
0.17353960126649998 [0.173925489187] [0.173153713346]
0.17321919649849998 [0.166655376554] [0.179783016443]
0.1766585558655 [0.164767444134] [0.188549667597]
0.1833688989285 [0.168694406748] [0.198043391109]
0.1901877745985 [0.174658298492] [0.205717250705]
0.1952875107525 [0.179185211658] [0.211389809847]
0.196767769754 [0.180834397674] [0.212701141834]
0.1941096261145 [0.178207948804] [0.210011303425]
0.1910208687185 [0.174628421664] [0.207413315773]
0.186018452048 [0.171215906739] [0.200820997357]
0.17638769745799998 [0.166550427675] [0.186224967241]
0.1587094441055 [0.158896014094] [0.158522874117]
0.1383529677985 [0.149474099278] [0.127231836319]
0.12260450422750001 [0.141466259956] [0.103742748499]
0.113748885691 [0.13818898797] [0.089308783412]
0.110148090869 [0.139111474156] [0.081184707582]
0.10998018831 [0.142775699496] [0.077184677124]
0.11062340810874999 [0.145893424749] [0.0753533914685]
0.11018943414099999 [0.145964369178] [0.074414499104]
0.10834048688424999 [0.142913207412] [0.0737677663565]
0.1048528030517 [0.136383697391] [0.0733219087124]
0.10086283460269999 [0.128816097975] [0.0729095712304]
0.0977009572087 [0.122617743909] [0.0727841705084]
0.09674769267415001 [0.119891442358] [0.0736039429903]
0.09829199314119999 [0.120597422123] [0.0759865641594]
0.10081991925825 [0.121537774801] [0.0801020637155]
0.10580404102825 [0.124549530447] [0.0870585516095]
0.11348714679479999 [0.130237326026] [0.0967369675636]
0.1235573664305 [0.138057634234] [0.109057098627]
0.1335307434205 [0.14369609952] [0.123365387321]
0.14180855453 [0.146094307303] [0.137522801757]
0.1444798335435 [0.145547479391] [0.143412187696]
