0.04227978363635 [0.0476409010589] [0.0369186662138]
0.0362121267244 [0.044227220118] [0.0281970333308]
0.03172717150305 [0.041061911732] [0.0223924312741]
0.02865995559845 [0.0387723371387] [0.0185475740582]
0.0267216209322 [0.0372766777873] [0.0161665640771]
0.02553709317 [0.0365634225309] [0.0145107638091]
0.0248681451194 [0.0365358144045] [0.0132004758343]
0.024563962128 [0.0372147858143] [0.0119131384417]
0.02457144809885 [0.0386861488223] [0.0104567473754]
0.02513855183496 [0.0413797162473] [0.00889738742262]
0.025736724492185 [0.0439504384995] [0.00752301048487]
0.026056504808364998 [0.0454906411469] [0.00662236846983]
0.026083696633579997 [0.0459753908217] [0.00619200244546]
0.0261459380854 [0.0461228080094] [0.0061690681614]
0.0266485051252 [0.0467868410051] [0.0065101692453]
0.027841844130294998 [0.0486050955951] [0.00707859266549]
0.030142044881339997 [0.0525708571076] [0.00771323265508]
0.034468487370770004 [0.0606011040509] [0.00833587069064]
0.0425487011671 [0.0763413235545] [0.0087560787797]
0.05554886860783 [0.102155916393] [0.00894182082266]
0.070315253921095 [0.131497368217] [0.00913313962519]
0.082820641808285 [0.156122416258] [0.00951886735857]
0.0901244608687 [0.170036196709] [0.0102127250284]
0.09075349057105 [0.170110717416] [0.0113962637261]
0.08596020238495 [0.15847145021] [0.0134489545599]
0.0799895860254 [0.143104881048] [0.0168742910028]
0.07418244797715 [0.126488640904] [0.0218762550503]
0.06855293922125 [0.110005363822] [0.0271005146205]
0.06260796636345001 [0.0952774360776] [0.0299384966493]
0.05686059314755 [0.0836680009961] [0.030053185299]
0.052782679907999994 [0.075916916132] [0.029648443684]
0.05058056581765 [0.0714008659124] [0.0297602657229]
0.05005531199275 [0.0691080614924] [0.0310025624931]
0.05048882961275 [0.0679825767875] [0.032995082438]
0.0510028954595 [0.0666826367378] [0.0353231541812]
0.050359241664400006 [0.064334847033] [0.0363836362958]
0.0479068644345 [0.060859374702] [0.034954354167]
0.04447791539135 [0.0569388493896] [0.0320169813931]
0.0413821628317 [0.053732316941] [0.0290320087224]
0.03918878361585 [0.0517299436033] [0.0266476236284]
0.0381568223238 [0.051253516227] [0.0250601284206]
0.038392636925 [0.052706733346] [0.024078540504]
0.0403586290777 [0.0567838214338] [0.0239334367216]
0.0445217266679 [0.0645441412926] [0.0244993120432]
0.05106995627285 [0.0772328004241] [0.0249071121216]
0.05889591481535 [0.0933871641755] [0.0244046654552]
0.0669030370192 [0.110755093396] [0.0230509806424]
0.0716487299652 [0.121456384659] [0.0218410752714]
0.0715782586487 [0.121568128467] [0.0215883888304]
0.0693225553257 [0.115805342793] [0.0228397678584]
0.06613822095075 [0.107007078826] [0.0252693630755]
0.06480215117325 [0.101298868656] [0.0283054336905]
0.06440855190155 [0.0977503508329] [0.0310667529702]
0.06427218019965 [0.0948647707701] [0.0336795896292]
0.06396045535805 [0.092198997736] [0.0357219129801]
0.0630995351821 [0.0889657884836] [0.0372332818806]
0.0614215545356 [0.0852790921926] [0.0375640168786]
0.05918180942534999 [0.0817481577396] [0.0366154611111]
0.0573064927012 [0.0793323144317] [0.0352806709707]
0.05631276220085 [0.0784193053842] [0.0342062190175]
0.0559698827565 [0.0784816965461] [0.0334580689669]
0.05595103651285 [0.0787470191717] [0.033155053854]
0.0557486601174 [0.0785377547145] [0.0329595655203]
0.0555132292211 [0.0782601088285] [0.0327663496137]
0.0556029044092 [0.0785041600466] [0.0327016487718]
0.05572229623795 [0.0786552280188] [0.0327893644571]
0.05680065602065 [0.0806042477489] [0.0329970642924]
0.05932073481385 [0.085660584271] [0.0329808853567]
0.06187162175775 [0.0915489271283] [0.0321943163872]
0.0645688958466 [0.0982684865594] [0.0308693051338]
0.068662453443 [0.108030714095] [0.029294192791]
0.07399054430430001 [0.119474887848] [0.0285062007606]
0.08073145058025001 [0.132623419166] [0.0288394819945]
0.08835844136785 [0.14633885026] [0.0303780324757]
0.09426964074375 [0.155884668231] [0.0326546132565]
0.09261354990305 [0.150059863925] [0.0351672358811]
0.08413167670355 [0.131169363856] [0.0370939895511]
0.0736165773125 [0.109144560993] [0.038088593632]
0.062077818438400004 [0.0863220915198] [0.037833545357]
0.05350927822295 [0.0700265616179] [0.036991994828]
0.04791429266335 [0.0599076226354] [0.0359209626913]
0.0448806490749 [0.0547345019877] [0.0350267961621]
0.04339021258055 [0.0522807985544] [0.0344996266067]
0.042291374877099996 [0.0502773448825] [0.0343054048717]
0.0416298210621 [0.0488078482449] [0.0344517938793]
0.041505595669150006 [0.0480782091618] [0.0349329821765]
0.04186851158735 [0.0481440722942] [0.0355929508805]
0.04246661067005 [0.0487106069922] [0.0362226143479]
0.04299600981175 [0.0493836700916] [0.0366083495319]
0.04314422793685 [0.0498719513416] [0.0364165045321]
0.042941303923700005 [0.0502967908978] [0.0355858169496]
0.042715055868049995 [0.0511425919831] [0.034287519753]
0.042653182521499994 [0.052472088486] [0.032834276557]
0.04275725409385 [0.0539249256253] [0.0315895825624]
0.04297072626655 [0.0546605624259] [0.0312808901072]
0.0422755219042 [0.0528035201132] [0.0317475236952]
0.0417558159679 [0.0507507659495] [0.0327608659863]
0.041844686493300004 [0.0500321276486] [0.033657245338]
0.041357651352849994 [0.0488866753876] [0.0338286273181]
0.04092068225145 [0.0487822294235] [0.0330591350794]
0.04026877693835 [0.0485867969692] [0.0319507569075]
0.03997305314985 [0.0487096495926] [0.0312364567071]
0.04019187763335 [0.0491149425507] [0.031268812716]
0.0408911500126 [0.0497310310602] [0.032051268965]
0.041845750063700005 [0.0503967776895] [0.0332947224379]
0.0431392360479 [0.0516468584538] [0.034631613642]
0.04459324479105 [0.0533104725182] [0.0358760170639]
0.04620802029965 [0.0554317086935] [0.0369843319058]
0.0480087380856 [0.0580711327493] [0.0379463434219]
0.049911705777049994 [0.0612985081971] [0.038524903357]
0.05167397670445 [0.064951069653] [0.0383968837559]
0.052794555202099996 [0.0683280676603] [0.0372610427439]
0.05137403868135 [0.0678157806396] [0.0349322967231]
0.0479407943785 [0.063492462039] [0.032389126718]
0.04441678430885 [0.0585681721568] [0.0302653964609]
0.04161466658115 [0.0543072223663] [0.028922110796]
0.03986730892215 [0.051605463028] [0.0281291548163]
0.0390900122002 [0.050408564508] [0.0277714598924]
0.03891447838395 [0.0501844584942] [0.0276444982737]
0.03913859091695 [0.0506831631064] [0.0275940187275]
0.0394501965493 [0.0513944961131] [0.0275058969855]
0.0395375303924 [0.052018687129] [0.0270563736558]
0.0390018047765 [0.0522440373898] [0.0257595721632]
0.0378597276285 [0.0520531199872] [0.0236663352698]
0.03654369991275 [0.051689773798] [0.0213976260275]
0.0356334410608 [0.0517556294799] [0.0195112526417]
