0.19196235388500002 [0.112093731761] [0.271830976009]
0.194882478565 [0.11676993221] [0.27299502492]
0.1975801475345 [0.12347985059] [0.271680444479]
0.1986285597085 [0.133125394583] [0.264131724834]
0.1959748119115 [0.144406422973] [0.24754320085]
0.188662350178 [0.152861788869] [0.224462911487]
0.1815353408455 [0.160257652402] [0.202813029289]
0.17862947285199998 [0.170299366117] [0.186959579587]
0.18283418565999998 [0.187178581953] [0.178489789367]
0.1943176090715 [0.211546346545] [0.177088871598]
0.2073993980885 [0.233933225274] [0.180865570903]
0.215508058667 [0.244081676006] [0.186934441328]
0.211414605379 [0.241152241826] [0.181676968932]
0.203885152936 [0.241152241826] [0.166618064046]
0.1966844946145 [0.241152241826] [0.152216747403]
0.19373804330799999 [0.241152241826] [0.14632384479]
0.1936982497575 [0.241152241826] [0.146244257689]
0.1944177672265 [0.241152241826] [0.147683292627]
0.196161314845 [0.241152241826] [0.151170387864]
0.1988745480775 [0.241152241826] [0.156596854329]
0.202606201172 [0.241152241826] [0.164060160518]
0.20727630704650002 [0.241152241826] [0.173400372267]
0.2124759554865 [0.241152241826] [0.183799669147]
0.2172267884015 [0.241152241826] [0.193301334977]
0.22039600461699999 [0.241152241826] [0.199639767408]
0.2298600897195 [0.257971465588] [0.201748713851]
0.2292128503325 [0.258174031973] [0.200251668692]
0.22883090376850002 [0.260377675295] [0.197284132242]
0.22945865988750003 [0.263679355383] [0.195237964392]
0.230226382613 [0.264925032854] [0.195527732372]
0.23390532284999999 [0.26644217968] [0.20136846602]
0.239878870547 [0.265013664961] [0.214744076133]
0.2445555850865 [0.258616298437] [0.230494871736]
0.244806647301 [0.246021330357] [0.243591964245]
0.2408357411625 [0.230445921421] [0.251225560904]
0.23241678625349999 [0.208699777722] [0.256133794785]
0.2216293737295 [0.184732601047] [0.258526146412]
0.2062481492755 [0.156374186277] [0.256122112274]
0.1877997070555 [0.127758070827] [0.247841343284]
0.173026684672 [0.10859387368] [0.237459495664]
0.16341642290355 [0.0987286865711] [0.228104159236]
0.154825247824 [0.092187166214] [0.217463329434]
0.1462968364359 [0.0870861709118] [0.20550750196]
0.14013640955115 [0.0820356681943] [0.198237150908]
0.1362293660641 [0.0773047804832] [0.195153951645]
0.132397469133 [0.073638252914] [0.191156685352]
0.1285720169545 [0.071478292346] [0.185665741563]
0.12510408088570002 [0.0706065520644] [0.179601609707]
0.12246273458015 [0.0702663958073] [0.174659073353]
0.1211832761763 [0.0700028687716] [0.172363683581]
0.1213638447223 [0.0699034556746] [0.17282423377]
0.123004809022 [0.070930942893] [0.175078675151]
0.12616794928890002 [0.0744682773948] [0.177867621183]
0.13011142611505 [0.0798704177141] [0.180352434516]
0.133761398494 [0.085853010416] [0.181669786572]
0.13737810403125 [0.0933996886015] [0.181356519461]
0.1389758884906 [0.0981118232012] [0.17983995378]
0.1389925964175 [0.099388025701] [0.178597167134]
0.1421011202035 [0.10186124593] [0.182340994477]
0.15325826779 [0.106473065913] [0.200043469667]
0.1737033352255 [0.111659616232] [0.235747054219]
0.19582523033000002 [0.115160398185] [0.276490062475]
0.211413163692 [0.115351326764] [0.30747500062]
0.221604581922 [0.114971153438] [0.328238010406]
0.2298157736655 [0.115405991673] [0.344225555658]
0.23989951610549998 [0.118215829134] [0.361583203077]
0.252009935677 [0.123107865453] [0.380912005901]
0.26640555262550003 [0.128356397152] [0.404454708099]
0.28079641610399997 [0.132721826434] [0.428871005774]
0.292243130505 [0.136578515172] [0.447907745838]
0.29938765615249996 [0.142708644271] [0.456066668034]
0.3014020472765 [0.150690495968] [0.452113598585]
0.297255858779 [0.156625628471] [0.437886089087]
0.28798935562399997 [0.15421615541] [0.421762555838]
0.276626341045 [0.144935384393] [0.408317297697]
0.2651451677085 [0.133455127478] [0.396835207939]
0.2556435652075 [0.124529607594] [0.386757522821]
0.248140789568 [0.119374260306] [0.37690731883]
0.24115061759950002 [0.117744505405] [0.364556729794]
0.2331402078275 [0.118607386947] [0.347673028708]
0.22480485588350002 [0.120665803552] [0.328943908215]
0.216786559671 [0.122645191848] [0.310927927494]
0.2102451734245 [0.123662106693] [0.296828240156]
0.204480562359 [0.123839356005] [0.285121768713]
0.201015122235 [0.124013081193] [0.278017163277]
0.1988969109955 [0.123509757221] [0.27428406477]
0.201293874532 [0.124746419489] [0.277841329575]
0.205564606935 [0.12425262481] [0.28687658906]
0.204339656979 [0.115641064942] [0.293038249016]
0.195111364126 [0.107903689146] [0.282319039106]
0.18271953985099998 [0.103234253824] [0.262204825878]
0.171922791749 [0.101344846189] [0.242500737309]
0.163687519729 [0.102228492498] [0.22514654696]
0.1586223319175 [0.103822439909] [0.213422223926]
0.1565151698885 [0.105542562902] [0.207487776875]
0.15541658178 [0.106274493039] [0.204558670521]
0.1543789058925 [0.10575889051] [0.202998921275]
0.1540480218825 [0.104848437011] [0.203247606754]
0.1528669558465 [0.104264982045] [0.201468929648]
0.1526875011625 [0.10418317467] [0.201191827655]
0.1533495970075 [0.10375135392] [0.202947840095]
0.1517891213295 [0.101458519697] [0.202119722962]
0.1468115001916 [0.0965597182512] [0.197063282132]
0.13904890045545 [0.0899908617139] [0.188106939197]
0.13085567951225 [0.0833816975355] [0.178329661489]
0.12557046115385 [0.0787370353937] [0.172403886914]
0.12365994974965 [0.0761835053563] [0.171136394143]
0.12225307151685 [0.0722752586007] [0.172230884433]
0.12159354984775 [0.0691657066345] [0.174021393061]
0.12213778495774999 [0.0674114227295] [0.176864147186]
0.12369318306425 [0.0668228417635] [0.180563524365]
0.12593507394205 [0.0669580921531] [0.184912055731]
0.1280682832002 [0.0672164559364] [0.188920110464]
0.12939874827845 [0.0673217028379] [0.191475793719]
0.12937859445815 [0.0671460032463] [0.19161118567]
0.12852852046505 [0.0668737441301] [0.1901832968]
0.1284824050965 [0.067152120173] [0.18981269002]
0.1317144185304 [0.0693023651838] [0.194126471877]
0.14038706198345 [0.0738271102309] [0.206947013736]
0.15549381449825 [0.0798750296235] [0.231112599373]
0.1757071092727 [0.0864651948214] [0.264949023724]
0.19444075599325 [0.0934072211385] [0.295474290848]
0.20595038309695 [0.0994949713349] [0.312405794859]
