0.0809324868021 [0.0553737655282] [0.106491208076]
0.0804686434566 [0.0553737655282] [0.105563521385]
0.0803806371986 [0.0553737655282] [0.105387508869]
0.08086038008310001 [0.0553737655282] [0.106346994638]
0.0819107331336 [0.0553737655282] [0.108447700739]
0.0832856707276 [0.0553737655282] [0.111197575927]
0.0851104110481 [0.0553737655282] [0.114847056568]
0.0872709676621 [0.0553737655282] [0.119168169796]
0.0898186229171 [0.0553737655282] [0.124263480306]
0.0929803736506 [0.0553737655282] [0.130586981773]
0.0972043089571 [0.0553737655282] [0.139034852386]
0.10240535065510001 [0.0553737655282] [0.149436935782]
0.1082955114541 [0.0553737655282] [0.16121725738]
0.1157049722971 [0.0553737655282] [0.176036179066]
0.12683046236610002 [0.0553737655282] [0.198287159204]
0.1404230110346 [0.0553737655282] [0.225472256541]
0.1601031161846 [0.0553737655282] [0.264832466841]
0.1795636303721 [0.0553737655282] [0.303753495216]
0.1915240176021 [0.0553737655282] [0.327674269676]
0.1939267106356 [0.0553737655282] [0.332479655743]
0.1900087483226 [0.0553737655282] [0.324643731117]
0.1826457269491 [0.0553737655282] [0.30991768837]
0.1746370084586 [0.0553737655282] [0.293900251389]
0.1658776886761 [0.0553737655282] [0.276381611824]
0.15207478776560002 [0.0553737655282] [0.248775810003]
0.1471512578426 [0.0553737655282] [0.238928750157]
0.1514552719891 [0.0553737655282] [0.24753677845]
0.203958950937 [0.14272017777] [0.265197724104]
0.2200152948495 [0.150302097201] [0.289728492498]
0.2401412278415 [0.15923717618] [0.321045279503]
0.28806959837650004 [0.170530989766] [0.405608206987]
0.2964705079795 [0.180142551661] [0.412798464298]
0.298662953079 [0.183115884662] [0.414210021496]
0.290090687573 [0.171066150069] [0.409115225077]
0.27649340033500003 [0.154283493757] [0.398703306913]
0.263590388 [0.141666576266] [0.385514199734]
0.253222644329 [0.132804095745] [0.373641192913]
0.246895983815 [0.128725558519] [0.365066409111]
0.243985280395 [0.127968102694] [0.360002458096]
0.244988426566 [0.131837517023] [0.358139336109]
0.249902561307 [0.134495764971] [0.365309357643]
0.251443050802 [0.136229321361] [0.366656780243]
0.251766175032 [0.137455403805] [0.366076946259]
0.25033582747 [0.137746423483] [0.362925231457]
0.24596561491500002 [0.136660695076] [0.355270534754]
0.2369446903465 [0.134044677019] [0.339844703674]
0.224286727607 [0.129019245505] [0.319554209709]
0.2101510353385 [0.123536415398] [0.296765655279]
0.1973842680455 [0.119135349989] [0.275633186102]
0.18970113620149998 [0.117575787008] [0.261826485395]
0.1872316598895 [0.122292608023] [0.252170711756]
0.189589492977 [0.131355211139] [0.247823774815]
0.192727342248 [0.139100909233] [0.246353775263]
0.19497343152750002 [0.144509360194] [0.245437502861]
0.194509647787 [0.14487926662] [0.244140028954]
0.191543750465 [0.140697583556] [0.242389917374]
0.1880076602105 [0.13648621738] [0.239529103041]
0.184327892959 [0.132904112339] [0.235751673579]
0.18027934432050002 [0.129432111979] [0.231126576662]
0.17664510756700003 [0.125504672527] [0.227785542607]
0.17340397834750002 [0.120735302567] [0.226072654128]
0.1680335439745 [0.11112061888] [0.224946469069]
0.15559884160745 [0.0916298180819] [0.219567865133]
0.13512809574589998 [0.0651879310608] [0.205068260431]
0.11323277838505 [0.0438987053931] [0.182566851377]
0.09554416313790001 [0.0323611870408] [0.158727139235]
0.0831615086646 [0.0270114652812] [0.139311552048]
0.07514956034715 [0.0251826383173] [0.125116482377]
0.0695530995727 [0.0252696573734] [0.113836541772]
0.0654759332535 [0.026236847043] [0.104715019464]
0.06321330182255 [0.0273498110473] [0.0990767925978]
0.0627748677507 [0.0283139962703] [0.0972357392311]
0.06395698245615 [0.0290850978345] [0.0988288670778]
0.0664738984777 [0.0298707876354] [0.10307700932]
0.07024675980205 [0.0308018475771] [0.109691672027]
0.0755656473337 [0.0320202186704] [0.119111075997]
0.08182236365965 [0.0335726700723] [0.130072057247]
0.0889502149074 [0.0357980839908] [0.142102345824]
0.09736520424459999 [0.0392004922032] [0.155529916286]
0.10724952816955 [0.0444201081991] [0.17007894814]
0.11832682229585001 [0.0507171340287] [0.185936510563]
0.13023369014245 [0.0577391982079] [0.202728182077]
0.14219750836515 [0.0639489218593] [0.220446094871]
0.15352432802305 [0.0675093308091] [0.239539325237]
0.1631052196026 [0.0681028664112] [0.258107572794]
0.17136359959825 [0.0665913671255] [0.276135832071]
0.17827708646669999 [0.0650039836764] [0.291550189257]
0.1818556450307 [0.0631382092834] [0.300573080778]
0.18156584166015 [0.0612128786743] [0.301918804646]
0.17918628081670002 [0.0591311976314] [0.299241364002]
0.17356072552479998 [0.0550071038306] [0.292114347219]
0.16320172511025 [0.0479187481105] [0.27848470211]
0.14881878718725 [0.0393718108535] [0.258265763521]
0.13412370719015 [0.0315302945673] [0.236717119813]
0.1228531291708 [0.0268943142146] [0.218811944127]
0.11533676181015001 [0.0245666522533] [0.206106871367]
0.11050385236745 [0.0237144529819] [0.197293251753]
0.1062163328753 [0.0234943758696] [0.188938289881]
0.1016991594808 [0.0232293177396] [0.180169001222]
0.09817647933955 [0.0227043479681] [0.173648610711]
0.0956508386878 [0.0219754613936] [0.169326215982]
0.09379675146175 [0.0210542511195] [0.166539251804]
0.09145833645025 [0.0200735945255] [0.162843078375]
0.08683832176044999 [0.0190076269209] [0.1546690166]
0.08081408496945 [0.0181788634509] [0.143449306488]
0.0748681835828 [0.0177096799016] [0.132026687264]
0.0702095339076 [0.0178833324462] [0.122535735369]
0.0683046365157 [0.0189050678164] [0.117704205215]
0.0699880961331 [0.0209270827472] [0.119049109519]
0.07509963959455 [0.0242694914341] [0.125929787755]
0.0818530935793 [0.0285068936646] [0.135199293494]
0.0878384374081 [0.0331039056182] [0.142572969198]
0.09161960147325 [0.0372886024415] [0.145950600505]
0.09317037835705 [0.0408344045281] [0.145506352186]
0.09180887416 [0.042531080544] [0.141086667776]
0.08765988238165 [0.0426493622363] [0.132670402527]
0.0828475728633 [0.0418409109116] [0.123854234815]
0.0801123958081 [0.0413614921272] [0.118863299489]
0.08111581392585 [0.0421341769397] [0.120097450912]
0.08626936189855 [0.0444997213781] [0.128039002419]
0.09622131846855 [0.0486750714481] [0.143767565489]
0.10972048528509999 [0.0539118088782] [0.165529161692]
0.12416162900639999 [0.0590508840978] [0.189272373915]
