0.11590138822769999 [0.0367217063904] [0.195081070065]
0.1170234680178 [0.0368752777576] [0.197171658278]
0.11945364438014999 [0.0369924865663] [0.201914802194]
0.1203533094375 [0.03667389974] [0.204032719135]
0.1134802047165 [0.03522342816] [0.191736981273]
0.10046053119010001 [0.0329097993672] [0.168011263013]
0.08742360677550001 [0.03069604747] [0.144151166081]
0.077650330961 [0.029126316309] [0.126174345613]
0.071553736925 [0.028152897954] [0.114954575896]
0.06848726701 [0.027678867802] [0.109295666218]
0.0673537515104 [0.0275024101138] [0.107205092907]
0.06731190532435 [0.0276279374957] [0.106995873153]
0.06789572536935 [0.0276279374957] [0.108163513243]
0.06891005113734999 [0.0276279374957] [0.110192164779]
0.07075361162435001 [0.0276279374957] [0.113879285753]
0.07242885231985 [0.0276279374957] [0.117229767144]
0.07225755229585 [0.0276279374957] [0.116887167096]
0.06938163936135 [0.0276279374957] [0.111135341227]
0.06519705429685 [0.0276279374957] [0.102766171098]
0.0619236342609 [0.0276279374957] [0.0962193310261]
0.06087557971475 [0.0276279374957] [0.0941232219338]
0.06229804456235 [0.0276279374957] [0.096968151629]
0.06546028703435 [0.0276279374957] [0.103292636573]
0.06866093352435 [0.0276279374957] [0.109693929553]
0.07029142975785 [0.0276279374957] [0.11295492202]
0.07055179774785 [0.0276279374957] [0.113475658]
0.07050266861935 [0.0276279374957] [0.113377399743]
0.07067723572234999 [0.0276279374957] [0.113726533949]
0.07082639634585 [0.0276279374957] [0.114024855196]
0.1849962770935 [0.256085067987] [0.1139074862]
0.1781505569815 [0.242478713393] [0.11382240057]
0.160871695727 [0.206751540303] [0.114991851151]
0.128504555672 [0.140054762363] [0.116954348981]
0.097256600857 [0.079921618104] [0.11459158361]
0.0758123360575 [0.047874905169] [0.103749766946]
0.061566250398749994 [0.0326385386288] [0.0904939621687]
0.06263016350565 [0.0326385386288] [0.0926217883825]
0.06239047460255 [0.0326385386288] [0.0921424105763]
0.06126282922925 [0.0326385386288] [0.0898871198297]
0.059706950560200006 [0.0326385386288] [0.0867753624916]
0.05771929584445 [0.0326385386288] [0.0828000530601]
0.0538792768493 [0.0300325695425] [0.0777259841561]
0.0496078003198 [0.0276379622519] [0.0715776383877]
0.04500438738615 [0.0251559037715] [0.0648528710008]
0.04172063153235 [0.0224237870425] [0.0610174760222]
0.03962647449225 [0.019368449226] [0.0598844997585]
0.0390522079542 [0.0165299642831] [0.0615744516253]
0.04156530369075 [0.0165299642831] [0.0666006430984]
0.0468422854319 [0.0165299642831] [0.0771546065807]
0.05819773022085 [0.0165299642831] [0.0998654961586]
0.09999477956455 [0.0165299642831] [0.183459594846]
0.10447318945055 [0.0165299642831] [0.192416414618]
0.12339310348044999 [0.0519577562809] [0.19482845068]
0.1176822613927 [0.0413372926414] [0.194027230144]
0.11633830331244999 [0.0387147478759] [0.193961858749]
0.1183095108717 [0.0400330238044] [0.196585997939]
0.1221059206873 [0.0426964499056] [0.201515391469]
0.1260139364748 [0.0451088286936] [0.206919044256]
0.1446349471807 [0.0467406213284] [0.242529273033]
0.16135985590525 [0.0479050166905] [0.27481469512]
0.1692792028186 [0.0490797758102] [0.289478629827]
0.1684241350741 [0.0501531474292] [0.286695122719]
0.16245410591354997 [0.0507160872221] [0.274192124605]
0.155234210193 [0.050905033946] [0.25956338644]
0.147659616545 [0.049268964678] [0.246050268412]
0.1427338197826 [0.0484118759632] [0.237055763602]
0.14202170632785 [0.0494987927377] [0.234544619918]
0.14582281559715 [0.0532577186823] [0.238387912512]
0.1523768045006 [0.0589850321412] [0.24576857686]
0.15735011547795 [0.0652175247669] [0.249482706189]
0.15722411125895 [0.0708119571209] [0.243636265397]
0.15171237289885 [0.0742478370667] [0.229176908731]
0.144707094878 [0.076789624989] [0.212624564767]
0.13972420617964998 [0.0806811973453] [0.198767215014]
0.13710552826545 [0.0852882191539] [0.188922837377]
0.1364261731504 [0.0902745127678] [0.182577833533]
0.13789338991025002 [0.0959519818425] [0.179834797978]
0.143477294594 [0.103576250374] [0.183378338814]
0.1553923897445 [0.11506807059] [0.195716708899]
0.1714258864525 [0.13045462966] [0.212397143245]
0.1842688545585 [0.14497679472] [0.223560914397]
0.188290975988 [0.1520383358] [0.224543616176]
0.18223752826450001 [0.146798849106] [0.217676207423]
0.174455977976 [0.139236345887] [0.209675610065]
0.17057843506300002 [0.133669927716] [0.20748694241]
0.174323357642 [0.132475063205] [0.216171652079]
0.1823820024725 [0.132418081164] [0.232345923781]
0.18900858610850002 [0.129506468773] [0.248510703444]
0.18768838047999997 [0.11925855279] [0.25611820817]
0.175715278834 [0.102561049163] [0.248869508505]
0.15916451066755 [0.0845777690411] [0.233751252294]
0.14415797218675 [0.0706912353635] [0.21762470901]
0.13197727873919998 [0.0613345727324] [0.202619984746]
0.121999224648 [0.055371876806] [0.18862657249]
