0.11144276522084999 [0.0222850106657] [0.200600519776]
0.1102257575842 [0.0218487493694] [0.198602765799]
0.10782539285705 [0.0220253355801] [0.193625450134]
0.10319761000574999 [0.0232334546745] [0.183161765337]
0.0969387069346 [0.0257299095392] [0.16814750433]
0.09083323832609999 [0.0290653835982] [0.152601093054]
0.08616946823895 [0.0315420813859] [0.140796855092]
0.0827806908636 [0.0313683189452] [0.134193062782]
0.0799123542381 [0.0286757592112] [0.131148949265]
0.076574466191 [0.024547053501] [0.128601878881]
0.07221578713514999 [0.0204902421683] [0.123941332102]
0.06842550914715 [0.0204902421683] [0.116360776126]
0.06429489608865 [0.0204902421683] [0.108099550009]
0.060804083012150005 [0.0204902421683] [0.101117923856]
0.0587498722598 [0.0204902421683] [0.0970095023513]
0.05848655384035 [0.0204902421683] [0.0964828655124]
0.05987064074725 [0.0204902421683] [0.0992510393262]
0.06245550420115 [0.0204902421683] [0.104420766234]
0.06602467875915 [0.0204902421683] [0.11155911535]
0.07032637204965 [0.0204902421683] [0.120162501931]
0.07538740988815 [0.0204902421683] [0.130284577608]
0.20727254450300003 [0.273769319057] [0.140775769949]
0.1987655460835 [0.248985305429] [0.148545786738]
0.191626578569 [0.228585079312] [0.154668077826]
0.190320134163 [0.216615095735] [0.164025172591]
0.198486827314 [0.212809473276] [0.184164181352]
0.21981755644099998 [0.21523667872] [0.224398434162]
0.25820324569950004 [0.222603455186] [0.293803036213]
0.310694053769 [0.234214037657] [0.387174069881]
0.35303460061549996 [0.234214037657] [0.471855163574]
0.371715053916 [0.234214037657] [0.509216070175]
0.36237116158 [0.234214037657] [0.490528285503]
0.3342004418375 [0.234214037657] [0.434186846018]
0.30866593867549996 [0.229322239757] [0.388009637594]
0.289893716574 [0.224099814892] [0.355687618256]
0.277443960309 [0.222705483437] [0.332182437181]
0.2695996761325 [0.22652438283] [0.312674969435]
0.2640408948065 [0.236692592502] [0.291389197111]
0.2615345418455 [0.253151357174] [0.269917726517]
0.2617856413125 [0.272565960884] [0.251005321741]
0.254124812782 [0.272565960884] [0.23568366468]
0.247960448265 [0.272565960884] [0.223354935646]
0.24271228909499998 [0.272565960884] [0.212858617306]
0.2379180938005 [0.272565960884] [0.203270226717]
0.2330398634075 [0.272565960884] [0.193513765931]
0.227503813803 [0.272565960884] [0.182441666722]
0.22044692188499998 [0.272565960884] [0.168327882886]
0.210459932685 [0.272565960884] [0.148353904486]
0.19603596255199998 [0.272565960884] [0.11950596422]
0.17682903632514999 [0.272565960884] [0.0810921117663]
0.16601329296825 [0.272565960884] [0.0594606250525]
0.15701561234884998 [0.272565960884] [0.0414652638137]
0.1515870885923 [0.272565960884] [0.0306082163006]
0.14957216102624998 [0.272565960884] [0.0265783611685]
0.1493207653984 [0.272565960884] [0.0260755699128]
0.14903323445465 [0.272565960884] [0.0255005080253]
0.14832195173944998 [0.272565960884] [0.0240779425949]
0.1472308710217 [0.272565960884] [0.0218957811594]
0.1460467446595 [0.272565960884] [0.019527528435]
0.14496464375399998 [0.272565960884] [0.017363326624]
0.14407040737565 [0.272565960884] [0.0155748538673]
0.14407040737565 [0.272565960884] [0.0155748538673]
0.14407040737565 [0.272565960884] [0.0155748538673]
0.14407040737565 [0.272565960884] [0.0155748538673]
0.14407040737565 [0.272565960884] [0.0155748538673]
0.14407040737565 [0.272565960884] [0.0155748538673]
0.14407040737565 [0.272565960884] [0.0155748538673]
0.14407040737565 [0.272565960884] [0.0155748538673]
0.14407040737565 [0.272565960884] [0.0155748538673]
0.14407040737565 [0.272565960884] [0.0155748538673]
0.14407040737565 [0.272565960884] [0.0155748538673]
0.05118248052895 [0.0867901071906] [0.0155748538673]
0.0522058326751 [0.0888368114829] [0.0155748538673]
0.22069234028435 [0.0942333117127] [0.347151368856]
0.2321791164575 [0.10173266381] [0.362625569105]
0.240045391023 [0.108800217509] [0.371290564537]
0.24122067168349998 [0.110947854817] [0.37149348855]
0.23452155292049998 [0.106607347727] [0.362435758114]
0.2218449451028 [0.0983978286386] [0.345292061567]
0.2179055400191 [0.0905190184712] [0.345292061567]
0.214699462056 [0.084106862545] [0.345292061567]
0.21219094842655 [0.0790898352861] [0.345292061567]
0.20980712026339998 [0.0743221789598] [0.345292061567]
0.20727412775145 [0.0692561939359] [0.345292061567]
0.20514363050445 [0.0649951994419] [0.345292061567]
0.21004166081554998 [0.0625140145421] [0.357569307089]
0.21814319491365 [0.0613130629063] [0.374973326921]
0.22278385236854997 [0.0601325109601] [0.385435193777]
0.2202211227267 [0.0586922578514] [0.381749987602]
0.21093366108814998 [0.0570143274963] [0.36485299468]
0.19597079232315 [0.0556974187493] [0.336244165897]
0.1828931719064 [0.0553206205368] [0.310465723276]
0.17942303046565 [0.0560173615813] [0.30282869935]
0.19406276196215 [0.0582638531923] [0.329861670732]
0.19675417616955002 [0.0614848509431] [0.332023501396]
0.20101592689775 [0.0662029236555] [0.33582893014]
0.20697627216564998 [0.0731300860643] [0.340822458267]
0.21332566067589998 [0.0828651115298] [0.343786209822]
0.21878211572745002 [0.0962558761239] [0.341308355331]
0.22114418447 [0.109234213829] [0.333054155111]
0.2192457057535 [0.115890808403] [0.322600603104]
0.213198579848 [0.114491656423] [0.311905503273]
0.206039395183 [0.109987698495] [0.302091091871]
0.1975587382915 [0.104295924306] [0.290821552277]
0.18757256865525 [0.0980125665665] [0.277132570744]
0.1755315996705 [0.091558881104] [0.259504318237]
0.16479746997375 [0.0854459404945] [0.244148999453]
0.15591845661394999 [0.0809305310249] [0.230906382203]
0.14998178184025002 [0.0780637562275] [0.221899807453]
0.14753992110515 [0.0769951045513] [0.218084737659]
0.14753804728375 [0.0774555280805] [0.217620566487]
0.14876586198815 [0.0791471600533] [0.218384563923]
0.15032757818695 [0.0818351656199] [0.218819990754]
0.15340504422785 [0.0855849459767] [0.221225142479]
0.15864479914285 [0.0906298980117] [0.226659700274]
0.1654020883141 [0.0965282395482] [0.23427593708]
0.1725671514865 [0.103046521544] [0.242087781429]
0.1801217831675 [0.110777460039] [0.249466106296]
0.188439566642 [0.118599392474] [0.25827974081]
0.199709706008 [0.128230437636] [0.27118897438]
0.214137904346 [0.140981152654] [0.287294656038]
0.22895916551349998 [0.154491409659] [0.303426921368]
0.239108771086 [0.166579395533] [0.311638146639]
0.2431756705045 [0.175176054239] [0.31117528677]
0.2404214665295 [0.180009648204] [0.300833284855]
0.23549395054600003 [0.181661054492] [0.2893268466]
0.23158470541249998 [0.181267693639] [0.281901717186]
0.229276247323 [0.180119261146] [0.2784332335]
0.229109048843 [0.178862571716] [0.27935552597]
0.23109379410749997 [0.177871853113] [0.284315735102]
0.23500703275200002 [0.177567332983] [0.292446732521]
0.239174209535 [0.176924243569] [0.301424175501]
0.24335116893050002 [0.176305130124] [0.310397207737]
0.24716604501 [0.175455644727] [0.318876445293]
0.2496081665155 [0.172551348805] [0.326664984226]
0.2501733228565 [0.166264370084] [0.334082275629]
0.25134415179499997 [0.159295871854] [0.343392431736]
0.256782501936 [0.155782490969] [0.357782512903]
0.268775768578 [0.157450422645] [0.380101114511]
0.2884961515665 [0.16416618228] [0.412826120853]
0.3027177229525 [0.169890001416] [0.435545444489]
0.28567108511899997 [0.170524537563] [0.400817632675]
0.251231022179 [0.163351789117] [0.339110255241]
0.2168642804025 [0.151571378112] [0.282157182693]
0.19022376835350002 [0.138789102435] [0.241658434272]
0.16929346323 [0.126334160566] [0.212252765894]
0.1556841507555 [0.118873432279] [0.192494869232]
0.1480404026805 [0.115753747523] [0.180327057838]
0.1444751769305 [0.115692064166] [0.173258289695]
0.14256233349449998 [0.116242624819] [0.16888204217]
0.140753932297 [0.115894049406] [0.165613815188]
0.1373683176935 [0.111826606095] [0.162910029292]
0.1338793337345 [0.10698390007] [0.160774767399]
0.131022244692 [0.102930366993] [0.159114122391]
0.12798912823215 [0.0984858572483] [0.157492399216]
0.1243985816835 [0.093347042799] [0.155450120568]
0.1206610128281 [0.0877443104982] [0.153577715158]
0.1177951917054 [0.0823692977428] [0.153221085668]
0.1171863414346 [0.0781311616302] [0.156241521239]
0.12016327306649999 [0.075056605041] [0.165269941092]
0.1247207336127 [0.0722778216004] [0.177163645625]
0.1275825239717 [0.0687334761024] [0.186431571841]
0.12861276045435 [0.0639830753207] [0.193242445588]
0.129200901836 [0.059138096869] [0.199263706803]
0.1306732445957 [0.0553022772074] [0.206044211984]
0.13364421576264998 [0.0527536273003] [0.214534804225]
0.1386799104512 [0.0519384369254] [0.225421383977]
0.1461015306415 [0.052674151957] [0.239528909326]
0.15342106670140002 [0.0548917800188] [0.251950353384]
0.15701965801425 [0.0571520887315] [0.256887227297]
0.15986563451574998 [0.0585622526705] [0.261169016361]
0.16355124861 [0.058515265584] [0.268587231636]
0.16839120909555 [0.0582551881671] [0.278527230024]
0.17347135767320002 [0.0587127134204] [0.288230001926]
0.17757806181915 [0.0595430731773] [0.295613050461]
0.1816435288638 [0.0613992772996] [0.301887780428]
0.18695977330195002 [0.0649690330029] [0.308950513601]
0.19393445551385 [0.0705411732197] [0.317327737808]
0.20081316307205 [0.0771825090051] [0.324443817139]
0.20445900782940002 [0.0825392529368] [0.326378762722]
0.20125096291305 [0.0842106789351] [0.318291246891]
0.189524270594 [0.08214597404] [0.296902567148]
0.1746238246558 [0.0785404890776] [0.270707160234]
0.16497441381224998 [0.0744911283255] [0.255457699299]
0.16096196323630002 [0.0705991238356] [0.251324802637]
0.16203202679765 [0.0689655020833] [0.255098551512]
0.1666898578407 [0.0700264275074] [0.263353288174]
0.17326312139625 [0.0733440592885] [0.273182183504]
0.17992109805335 [0.0786609500647] [0.281181246042]
0.1854458265008 [0.0846691057086] [0.286222547293]
0.18884141370665 [0.0901681110263] [0.287514716387]
