0.20984476059700002 [0.199967995286] [0.219721525908]
0.1846863776445 [0.199837759137] [0.169534996152]
0.17100575566300003 [0.200763091445] [0.141248419881]
0.1644018515945 [0.201848402619] [0.12695530057]
0.16031631082300002 [0.202178284526] [0.11845433712]
0.157767355442 [0.200621768832] [0.114912942052]
0.155126847327 [0.195556789637] [0.114696905017]
0.150823969394 [0.186055570841] [0.115592367947]
0.1437513306735 [0.171383678913] [0.116118982434]
0.147365156561 [0.178656339645] [0.116073973477]
0.1508416831495 [0.184978216887] [0.116705149412]
0.149979621172 [0.179870188236] [0.120089054108]
0.15359075367449998 [0.178555041552] [0.128626465797]
0.165334865451 [0.186731114984] [0.143938615918]
0.1763218119745 [0.186731114984] [0.165912508965]
0.1888115853075 [0.186731114984] [0.190892055631]
0.204858981073 [0.186731114984] [0.222986847162]
0.212092243135 [0.186731114984] [0.237453371286]
0.22252278775 [0.186731114984] [0.258314460516]
0.234449721873 [0.186731114984] [0.282168328762]
0.24494060128950002 [0.186731114984] [0.303150087595]
0.252340592444 [0.186731114984] [0.317950069904]
0.251722916961 [0.160849004984] [0.342596828938]
0.24551691859949998 [0.12666977942] [0.364364057779]
0.24016141891460002 [0.0956226289272] [0.384700208902]
0.23912917077555002 [0.0766270756721] [0.401631265879]
0.24053358659155 [0.0681578144431] [0.41290935874]
0.2463225126269 [0.0745125114918] [0.418132513762]
0.2463861405849 [0.0745125114918] [0.418259769678]
0.2434429675339 [0.0745125114918] [0.412373423576]
0.2371837943794 [0.0745125114918] [0.399855077267]
0.23813602328289998 [0.0745125114918] [0.401759535074]
0.2181212604044 [0.0745125114918] [0.361730009317]
0.1997823417189 [0.0745125114918] [0.325052171946]
0.1864633709194 [0.0745125114918] [0.298414230347]
0.1785823404789 [0.0745125114918] [0.282652169466]
0.1748236268759 [0.0745125114918] [0.27513474226]
0.171995252371 [0.088035851717] [0.255954653025]
0.171375647187 [0.110518544912] [0.232232749462]
0.158644020557 [0.110518544912] [0.206769496202]
0.1461997702715 [0.110518544912] [0.181880995631]
0.134998604655 [0.110518544912] [0.159478664398]
0.126808181405 [0.110518544912] [0.143097817898]
0.1221555918455 [0.110518544912] [0.133792638779]
0.07913492433729999 [0.0251264087856] [0.133143439889]
0.0853367941454 [0.0292890761048] [0.141384512186]
0.0951608568428 [0.0327789634466] [0.157542750239]
0.1079299785199 [0.0355122759938] [0.180347681046]
0.12219380028525001 [0.0375598706305] [0.20682772994]
0.1352549940346 [0.0388481467962] [0.231661841273]
0.14322071336215 [0.0390876941383] [0.247353732586]
0.14473809860634998 [0.0384385995567] [0.251037597656]
0.1421663574873 [0.0375317558646] [0.24680095911]
0.13857991434619998 [0.0371398068964] [0.240020021796]
0.13540195114935 [0.0376152582467] [0.233188644052]
0.1332516167313 [0.0387427695096] [0.227760463953]
0.13507829606525001 [0.0470625162125] [0.223094075918]
0.1364889927208 [0.0551090463996] [0.217868939042]
0.13494856469345 [0.0595108829439] [0.210386246443]
0.12999986670885 [0.0594644658267] [0.200535267591]
0.1234983932225 [0.057461258024] [0.189535528421]
0.11812932975580001 [0.0548005886376] [0.181458070874]
0.11694984510525 [0.0508761927485] [0.183023497462]
0.1229678932575 [0.04672004655] [0.199215739965]
0.1361948270349 [0.0433785058558] [0.229011148214]
0.15459347143755 [0.0417766645551] [0.26741027832]
0.17411316744975 [0.0418421290815] [0.306384205818]
0.1915622428062 [0.0433575958014] [0.339766889811]
0.2039516083896 [0.0448553785682] [0.363047838211]
0.2079340610655 [0.04407896474] [0.371789157391]
0.2052255105227 [0.0405825935304] [0.369868427515]
