0.10972364898765 [0.0260101687163] [0.193437129259]
0.10454751458014999 [0.0260101687163] [0.183084860444]
0.09786495473215 [0.0260101687163] [0.169719740748]
0.08940817322565 [0.0231227260083] [0.155693620443]
0.08310163021110001 [0.0211198925972] [0.145083367825]
0.08056880068045 [0.0200531836599] [0.141084417701]
0.08243466727425 [0.0200840346515] [0.144785299897]
0.08243466727425 [0.0200840346515] [0.144785299897]
0.08243466727425 [0.0200840346515] [0.144785299897]
0.08243466727425 [0.0200840346515] [0.144785299897]
0.08243466727425 [0.0200840346515] [0.144785299897]
0.08243466727425 [0.0200840346515] [0.144785299897]
0.08243466727425 [0.0200840346515] [0.144785299897]
0.08243466727425 [0.0200840346515] [0.144785299897]
0.08243466727425 [0.0200840346515] [0.144785299897]
0.08243466727425 [0.0200840346515] [0.144785299897]
0.08243466727425 [0.0200840346515] [0.144785299897]
0.08243466727425 [0.0200840346515] [0.144785299897]
0.08243466727425 [0.0200840346515] [0.144785299897]
0.08243466727425 [0.0200840346515] [0.144785299897]
0.08243466727425 [0.0200840346515] [0.144785299897]
0.08243466727425 [0.0200840346515] [0.144785299897]
0.08243466727425 [0.0200840346515] [0.144785299897]
0.08243466727425 [0.0200840346515] [0.144785299897]
0.08243466727425 [0.0200840346515] [0.144785299897]
0.08243466727425 [0.0200840346515] [0.144785299897]
0.10364665836085 [0.0625080168247] [0.144785299897]
0.21264247223715 [0.0716841444373] [0.353600800037]
0.22408824414005 [0.0793305486441] [0.368845939636]
0.2342909388244 [0.0865100249648] [0.382071852684]
0.24469089880565 [0.0950286462903] [0.394353151321]
0.254636026919 [0.105048194528] [0.40422385931]
0.265495598316 [0.117034256458] [0.413956940174]
0.278181679547 [0.130746677518] [0.425616681576]
0.290701955557 [0.146692544222] [0.434711366892]
0.3027532845735 [0.165055274963] [0.440451294184]
0.313247047365 [0.184728011489] [0.441766083241]
0.324973665178 [0.204523459077] [0.445423871279]
0.3668076992035 [0.28046092391] [0.453154474497]
0.41095598042000003 [0.339815676212] [0.482096284628]
0.43317331373699997 [0.36938893795] [0.496957689524]
0.43690550327300004 [0.371775448322] [0.502035558224]
0.42129547893999997 [0.34645485878] [0.4961360991]
0.38874611258549996 [0.29821741581] [0.479274809361]
0.342650748789 [0.242759570479] [0.442541927099]
0.321669705212 [0.199452832341] [0.443886578083]
0.3082719519735 [0.171344891191] [0.445199012756]
0.3006800189615 [0.155653104186] [0.445706933737]
0.2960142567755 [0.147931948304] [0.444096565247]
0.2909263297915 [0.143467798829] [0.438384860754]
0.28320855647349996 [0.139065012336] [0.427352100611]
0.271418452263 [0.132551252842] [0.410285651684]
0.25640896335249996 [0.12418884784] [0.388629078865]
0.2410706169905 [0.113969124854] [0.368172109127]
0.223609086126 [0.102435044944] [0.344783127308]
0.2023446969688 [0.0910775884986] [0.313611805439]
0.1978248655796 [0.0820379257202] [0.313611805439]
0.1947222724557 [0.0758327394724] [0.313611805439]
0.1931204944849 [0.0726291835308] [0.313611805439]
0.1927080228925 [0.071804240346] [0.313611805439]
0.1227272041141 [0.0719018355012] [0.173552572727]
0.14272079989305 [0.0713979229331] [0.214043676853]
0.1572748422624 [0.0698660761118] [0.244683608413]
0.16876819729825 [0.0674668848515] [0.270069509745]
0.17863545566795 [0.0643548518419] [0.292916059494]
0.1823975089939 [0.0604553110898] [0.304339706898]
0.18145492859195 [0.0561189390719] [0.306790918112]
0.17828602902585 [0.0525520704687] [0.304019987583]
0.1753229964527 [0.0511485375464] [0.299497455359]
0.17392777837835 [0.0524667985737] [0.295388758183]
0.17432474903774997 [0.0554259084165] [0.293223589659]
0.17559866979699998 [0.058394677937] [0.292802661657]
0.18180848844365 [0.0612474121153] [0.302369564772]
0.18638219311815 [0.0642243996263] [0.30853998661]
0.18931598588835 [0.0678175911307] [0.310814380646]
0.19121184200025 [0.0730378478765] [0.309385836124]
0.19199601188295 [0.0797469392419] [0.304245084524]
0.1898308210074 [0.0858248397708] [0.293836802244]
0.18233293294925002 [0.0874843895435] [0.277181476355]
0.1696736440062 [0.0824355334044] [0.256911754608]
0.1627831272779 [0.0734344944358] [0.25213176012]
0.1390898637473 [0.0658993050456] [0.212280422449]
0.12931948900235002 [0.0618517696857] [0.196787208319]
0.1270987689495 [0.061253324151] [0.192944213748]
0.126684188843 [0.063419803977] [0.189948573709]
0.12657051160925 [0.0677375122905] [0.185403510928]
0.12590209022185 [0.0736031010747] [0.178201079369]
0.13157891482095 [0.0808552801609] [0.182302549481]
0.13844044879055 [0.0898251309991] [0.187055766582]
0.14751281589275 [0.0998132526875] [0.195212379098]
0.156232263893 [0.106881044805] [0.205583482981]
0.162838764489 [0.11060371995] [0.215073809028]
0.16646425798550002 [0.111128173769] [0.221800342202]
0.1692993342875 [0.110256388783] [0.228342279792]
0.1761117205025 [0.111845120788] [0.240378320217]
0.1766906790435 [0.118670396507] [0.23471096158]
0.1981606557965 [0.13291542232] [0.263405889273]
0.2367855012415 [0.150302648544] [0.323268353939]
0.23642299324299998 [0.15802846849] [0.314817517996]
0.232800498605 [0.156036883593] [0.309564113617]
0.22718878835450002 [0.147997066379] [0.30638051033]
0.2221972197295 [0.139302581549] [0.30509185791]
0.2131869494915 [0.131603658199] [0.294770240784]
0.19689882919200002 [0.124086998403] [0.269710659981]
0.1756653115155 [0.116095915437] [0.235234707594]
0.156159065664 [0.107968181372] [0.204349949956]
0.146556608379 [0.102989047766] [0.190124168992]
0.14495860785249998 [0.100835755467] [0.189081460238]
0.147028744221 [0.101880460978] [0.192177027464]
0.1511298790575 [0.10540753603] [0.196852222085]
0.155360523611 [0.109921209514] [0.200799837708]
0.158073049039 [0.112872116268] [0.20327398181]
0.158440575004 [0.112191215158] [0.20468993485]
0.1573833189905 [0.109303973615] [0.205462664366]
0.1551850512625 [0.104946896434] [0.205423206091]
0.1524177230895 [0.100750990212] [0.204084455967]
0.1488817520441 [0.0967353060842] [0.201028198004]
0.14519285038135 [0.0941327288747] [0.196252971888]
0.14124353975035 [0.0924542099237] [0.190032869577]
0.13687031343574999 [0.0916682854295] [0.182072341442]
0.131881710142 [0.091530688107] [0.172232732177]
0.1287189424039 [0.0914865285158] [0.165951356292]
0.1306828185917 [0.0918642133474] [0.169501423836]
0.13535682484485 [0.0928711667657] [0.177842482924]
0.13860091939555 [0.0923195108771] [0.184882327914]
0.1418403424325 [0.091102398932] [0.192578285933]
0.1436021737754 [0.0891029462218] [0.198101401329]
0.14497715979815 [0.0879270732403] [0.202027246356]
0.14460858702645 [0.0878056585789] [0.201411515474]
0.14149255678055 [0.0881030187011] [0.19488209486]
0.1345277205107 [0.0868026167154] [0.182252824306]
0.1273817308249 [0.0829673483968] [0.171796113253]
0.12259054556485 [0.0775497481227] [0.167631343007]
0.12101800367249999 [0.072488553822] [0.169547453523]
0.12310496345145 [0.0690836980939] [0.177126228809]
0.12819571048035 [0.0685213059187] [0.187870115042]
0.13395766168835 [0.0697655826807] [0.198149740696]
0.13908367976555 [0.0725588127971] [0.205608546734]
0.1425522677599 [0.0755969062448] [0.209507629275]
0.14419009909015 [0.0780251398683] [0.210355058312]
0.1443055160346 [0.0795577391982] [0.209053292871]
0.1432946436106 [0.0799343511462] [0.206654936075]
0.14225160330525 [0.0795908123255] [0.204912394285]
0.14309644699115 [0.0795328319073] [0.206660062075]
0.14753549173449998 [0.081095226109] [0.21397575736]
0.1554894559083 [0.0852545425296] [0.225724369287]
0.1658975780009 [0.0914443731308] [0.240350782871]
0.1767489276826 [0.0993659421802] [0.254131913185]
0.1872087046505 [0.109285488725] [0.265131920576]
0.19653559476100002 [0.120893463492] [0.27217772603]
0.201663032174 [0.127649724483] [0.275676339865]
0.20119624584899998 [0.126982435584] [0.275410056114]
0.19810865074400003 [0.121407315135] [0.274809986353]
0.195125617087 [0.113974824548] [0.276276409626]
0.19295610859950002 [0.105550087988] [0.280362129211]
0.19308968260875 [0.0999353304505] [0.286244034767]
0.19481798261395 [0.0962020307779] [0.29343393445]
0.19205033779160002 [0.0883058011532] [0.29579487443]
0.18204720690825 [0.0727823749185] [0.291312038898]
0.16641502082345 [0.0571183562279] [0.275711685419]
0.1527453847231 [0.0468442812562] [0.25864648819]
0.1437512114643 [0.0413065999746] [0.246195822954]
0.13843201473365 [0.0381906554103] [0.238673374057]
0.13647498562935 [0.0367582961917] [0.236191675067]
0.13680093735465 [0.0361600220203] [0.237441852689]
0.13850426301365 [0.0358033254743] [0.241205200553]
0.14081808365885 [0.0357037372887] [0.245932430029]
0.1424463726582 [0.0358678624034] [0.249024882913]
0.14297872036715 [0.0365749895573] [0.249382451177]
0.1415252145382 [0.0375553779304] [0.245495051146]
0.137859230861 [0.038332503289] [0.237385958433]
0.13209760561574999 [0.0384633764625] [0.225731834769]
0.12570144608619999 [0.0384584739804] [0.212944418192]
0.12179792113599999 [0.039350617677] [0.204245224595]
0.1227637417617 [0.0422559157014] [0.203271567822]
0.12871012650445002 [0.0490073822439] [0.208412870765]
0.12908427044755 [0.0618064627051] [0.19636207819]
0.12293590605264999 [0.0757035911083] [0.170168220997]
0.1140009351076 [0.0810389444232] [0.146962925792]
0.10555898025640001 [0.0807559415698] [0.130362018943]
0.098124500364 [0.079985871911] [0.116263128817]
0.0928401276467 [0.0800734981894] [0.105606757104]
0.09029008075594999 [0.0815137550235] [0.0990664064884]
0.09003539010879999 [0.0836790502071] [0.0963917300105]
0.0911173634231 [0.0858684033155] [0.0963663235307]
0.09280832856895 [0.0882479846478] [0.0973686724901]
0.09444576874374999 [0.0907761827111] [0.0981153547764]
0.09629749879245 [0.0938938930631] [0.0987011045218]
0.098484814167 [0.097752854228] [0.099216774106]
0.10037887468915 [0.101989522576] [0.0987682268023]
0.10134248062984999 [0.105570957065] [0.0971140041947]
0.10229495540274999 [0.109379552305] [0.0952103585005]
0.10537700355045 [0.115701779723] [0.0950522273779]
