0.18069981411105 [0.0715136602521] [0.28988596797]
0.17140785604710002 [0.0704704076052] [0.272345304489]
0.16491217911245 [0.0714671015739] [0.258357256651]
0.16131711751205 [0.0756665915251] [0.246967643499]
0.16163227707145 [0.0838134437799] [0.239451110363]
0.16384535282825 [0.0928223878145] [0.234868317842]
0.15860703587535 [0.0886312425137] [0.228582829237]
0.1522494517267 [0.0874881222844] [0.217010781169]
0.13998566195384998 [0.0843842998147] [0.195587024093]
0.12471331655995 [0.0814206600189] [0.168005973101]
0.11067681759584999 [0.0790565162897] [0.142297118902]
0.10056095942865001 [0.0769168511033] [0.124205067754]
0.09444065019485 [0.0753906592727] [0.113490641117]
0.0919594056906 [0.0753195732832] [0.108599238098]
0.09271266311394999 [0.0776624977589] [0.107762828469]
0.09576273709545 [0.0828572586179] [0.108668215573]
0.09868612885485001 [0.0891754105687] [0.108196847141]
0.09659462422109999 [0.0909734591842] [0.102215789258]
0.09058889746665 [0.0909734591842] [0.0902043357491]
0.08396847918629999 [0.0909734591842] [0.0769634991884]
0.07881863415245 [0.0909734591842] [0.0666638091207]
0.07577542960644999 [0.0909734591842] [0.0605774000287]
0.07511603832245 [0.0909734591842] [0.0592586174607]
0.07687411084775 [0.0909734591842] [0.0627747625113]
0.0806393399835 [0.0909734591842] [0.0703052207828]
0.0855161622167 [0.0909734591842] [0.0800588652492]
0.09009808301925 [0.0909734591842] [0.0892227068543]
0.09328466653824999 [0.0909734591842] [0.0955958738923]
0.09483088180425 [0.0909734591842] [0.0986883044243]
0.2011175714435 [0.302920430899] [0.099314711988]
0.16968293115515 [0.240755900741] [0.0986099615693]
0.126616548747 [0.156414419413] [0.096818678081]
0.09663051366805 [0.0985958352685] [0.0946651920676]
0.0807344429195 [0.0676081851125] [0.0938607007265]
0.07435629703105 [0.052165787667] [0.0965468063951]
0.0748899132015 [0.045646764338] [0.104133062065]
0.07928298786295 [0.0441979467869] [0.114368028939]
0.08448717370629999 [0.0460378080606] [0.122936539352]
0.0875445622953 [0.0494824685156] [0.125606656075]
0.08777314983330001 [0.0526827313006] [0.122863568366]
0.0867504831405 [0.05572893098] [0.117772035301]
0.08385061472635 [0.0553615167737] [0.112339712679]
0.0813739970326 [0.0546382889152] [0.10810970515]
0.07911999896185 [0.0532659366727] [0.104974061251]
0.0770433153957 [0.0513187237084] [0.102767907083]
0.07578352466235 [0.0491561740637] [0.102410875261]
0.0771853812037 [0.0481537505984] [0.106217011809]
0.0825302898884 [0.0492377653718] [0.115822814405]
0.09296893700945 [0.0535480007529] [0.132389873266]
0.10632597282525 [0.0600255951285] [0.152626350522]
0.1182056367397 [0.0649974644184] [0.171413809061]
0.12668202817415 [0.0670334100723] [0.186330646276]
0.13242776319375 [0.0672746524215] [0.197580873966]
0.1361626088621 [0.0653384625912] [0.206986755133]
0.13928987085810002 [0.0627441555262] [0.21583558619]
0.14189517125505 [0.0603699013591] [0.223420441151]
0.1438214294611 [0.0585531368852] [0.229089722037]
0.14460181631165 [0.0569074191153] [0.232296213508]
0.1447940599173 [0.0557823739946] [0.23380574584]
0.1458328850566 [0.0563584640622] [0.235307306051]
0.14798051491385 [0.0579663589597] [0.237994670868]
0.1512197013943 [0.0611311905086] [0.24130821228]
0.15360450372105 [0.0651397481561] [0.242069259286]
0.154864937067 [0.068923458457] [0.240806415677]
0.15456422045805 [0.0718736276031] [0.237254813313]
0.15362539142374998 [0.0741376280785] [0.233113154769]
0.1541502214968 [0.0768970027566] [0.231403440237]
0.15673467144385 [0.0833182558417] [0.230151087046]
0.16022116318329999 [0.0900860503316] [0.230356276035]
0.1624210253357 [0.0950409919024] [0.229801058769]
0.1648411937057 [0.0974739417434] [0.232208445668]
0.16848667711015 [0.0988253951073] [0.238147959113]
0.17164472863075 [0.0995324626565] [0.243756994605]
0.16398601606485 [0.0955912843347] [0.232380747795]
0.1370214112105 [0.083208732307] [0.190834090114]
0.10393370687965 [0.0655736476183] [0.142293766141]
0.0806420817972 [0.0511603951454] [0.110123768449]
0.0683700814843 [0.0426189005375] [0.0941212624311]
0.0625615864992 [0.0381670221686] [0.0869561508298]
0.06039769388735 [0.0360674969852] [0.0847278907895]
0.0599961858243 [0.0351835526526] [0.084808818996]
0.0600737594068 [0.0347669869661] [0.0853805318475]
0.06033619493245 [0.0344034582376] [0.0862689316273]
0.060829587280750004 [0.0339215397835] [0.087737634778]
0.0615059584379 [0.033447869122] [0.0895640477538]
0.06213768571615 [0.0331801474094] [0.0910952240229]
0.0625988636166 [0.0333074890077] [0.0918902382255]
0.06305696628985 [0.033893790096] [0.0922201424837]
0.0630721952766 [0.0349701158702] [0.091174274683]
0.06513690017165 [0.0362456850708] [0.0940281152725]
0.06935478560625 [0.0369139276445] [0.101795643568]
0.07702571898704999 [0.0379966497421] [0.116054788232]
0.08964858762925 [0.0396212898195] [0.139675885439]
0.1052030902355 [0.041325699538] [0.169080480933]
0.11758995987465 [0.0431126840413] [0.192067235708]
0.12361038662495 [0.0448702611029] [0.202350512147]
0.12481099925934999 [0.0463713668287] [0.20325063169]
0.12314570322650001 [0.047450505197] [0.198840901256]
0.1315490119158 [0.0482981577516] [0.21479986608]
0.13657497428345 [0.0492150150239] [0.223934933543]
0.140280459076 [0.050221465528] [0.230339452624]
0.14392988011265 [0.0510806515813] [0.236779108644]
0.14904926717285 [0.0517069399357] [0.24639159441]
0.1706793457271 [0.0526086688042] [0.28875002265]
0.16525286436105 [0.0547498166561] [0.275755912066]
0.16305109113434998 [0.0592156797647] [0.266886502504]
0.1635878793896 [0.0674450919032] [0.259730666876]
0.1678503490983 [0.0819684937596] [0.253732204437]
0.17538299039 [0.101468063891] [0.249297916889]
0.180993396789 [0.116391904652] [0.245594888926]
0.182113628834 [0.121433936059] [0.242793321609]
0.182922177017 [0.123829737306] [0.242014616728]
0.18549078702900001 [0.127078518271] [0.243903055787]
0.1859607473015 [0.130422338843] [0.24149915576]
0.18678055703649998 [0.132575184107] [0.240985929966]
0.1875017508865 [0.1339109689] [0.241092532873]
0.1887590885165 [0.136179402471] [0.241338774562]
0.191648982465 [0.14115165174] [0.24214631319]
0.19642956554899998 [0.148353382945] [0.244505748153]
0.2026299759745 [0.154074534774] [0.251185417175]
0.21145994961300002 [0.156711250544] [0.266208648682]
0.2226216346025 [0.159255325794] [0.285987943411]
0.23386105149949998 [0.163793519139] [0.30392858386]
0.244191341102 [0.172247484326] [0.316135197878]
0.253893531859 [0.181488111615] [0.326298952103]
0.2608737275005 [0.189174368978] [0.332573086023]
0.261877246201 [0.195283576846] [0.328470915556]
0.24423786252750002 [0.190897807479] [0.297577917576]
0.2133260592815 [0.178015351295] [0.248636767268]
0.1770899444815 [0.155601456761] [0.198578432202]
0.1464006602765 [0.132244005799] [0.160557314754]
0.1256497874855 [0.114782691002] [0.136516883969]
0.11346281692400001 [0.104702681303] [0.122222952545]
0.10737901181000001 [0.100553356111] [0.114204667509]
0.105587519705 [0.100539974868] [0.110635064542]
0.1059854961935 [0.101900056005] [0.110070936382]
0.10745999217 [0.103060521185] [0.111859463155]
0.109324373305 [0.103335939348] [0.115312807262]
0.111240636557 [0.102714963257] [0.119766309857]
0.1125810258095 [0.100723639131] [0.124438412488]
0.11171176284555 [0.0954547375441] [0.127968788147]
0.1079597473145 [0.086138188839] [0.12978130579]
0.10342497751125 [0.0753590241075] [0.131490930915]
0.10070051252829999 [0.0663845837116] [0.135016441345]
0.10118271410485 [0.0608802884817] [0.141485139728]
0.1050501167775 [0.058748498559] [0.151351734996]
0.11476869881175 [0.0593010783195] [0.170236319304]
0.12808500230335002 [0.0612320303917] [0.194937974215]
0.140507441014 [0.063871152699] [0.217143729329]
