0.0294660720974 [0.0195778235793] [0.0393543206155]
0.03314893879 [0.0210695602] [0.04522831738]
0.0386372180656 [0.0236831326038] [0.0535913035274]
0.0467662885785 [0.0281938314438] [0.0653387457132]
0.0583033710718 [0.0359083265066] [0.080698415637]
0.0726238340139 [0.0477953329682] [0.0974523350596]
0.08552744984645 [0.0633947923779] [0.107660107315]
0.08625858277080001 [0.0773034095764] [0.0952137559652]
0.08036546781655 [0.0863973870873] [0.0743335485458]
0.07769197039305001 [0.0935452878475] [0.0618386529386]
0.0778440870345 [0.0985887795687] [0.0570993945003]
0.07696031779055 [0.0980710163713] [0.0558496192098]
0.07509800046685 [0.0935121625662] [0.0566838383675]
0.07064914517105 [0.0829541534185] [0.0583441369236]
0.06550679355854999 [0.0709144622087] [0.0600991249084]
0.0615100841969 [0.061482027173] [0.0615381412208]
0.05802165530625 [0.0540463291109] [0.0619969815016]
0.0544490963221 [0.0473093874753] [0.0615888051689]
0.05184446834025 [0.0429363772273] [0.0607525594532]
0.04976894147695 [0.0401675365865] [0.0593703463674]
0.047419231384999996 [0.0378006510437] [0.0570378117263]
0.04471009410915 [0.0357437133789] [0.0536764748394]
0.0420005843043 [0.0342494398355] [0.0497517287731]
0.0397541038692 [0.0334237143397] [0.0460844933987]
0.038295654580000005 [0.0333677865565] [0.0432235226035]
0.037755060941 [0.0337829850614] [0.0417271368206]
0.037688817828900004 [0.0345091037452] [0.0408685319126]
0.03693969734015 [0.0350564271212] [0.0388229675591]
0.035345165058949995 [0.0350499041378] [0.0356404259801]
0.03280251845715 [0.0343043245375] [0.0313007123768]
0.030203001573650003 [0.0330724418163] [0.027333561331]
0.02801987435665 [0.0317484810948] [0.0242912676185]
0.0264204693958 [0.0306713990867] [0.0221695397049]
0.02566082403065 [0.0304256603122] [0.0208959877491]
0.02610417827965 [0.0316637679935] [0.0205445885658]
0.02777867484835 [0.0344023890793] [0.0211549606174]
0.03028322290625 [0.0378384031355] [0.022728042677]
0.0331439021975 [0.0412482097745] [0.0250395946205]
0.03566175699235 [0.0435979068279] [0.0277256071568]
0.03745877277105 [0.0448238067329] [0.0300937388092]
0.038574390113349996 [0.0455111972988] [0.0316375829279]
0.03915466554465 [0.0461028106511] [0.0322065204382]
0.0396503806114 [0.0471687167883] [0.0321320444345]
0.040542893111749995 [0.0488319434226] [0.0322538428009]
0.042670048773299996 [0.0520446300507] [0.0332954674959]
0.04661813005805 [0.0574265159667] [0.0358097441494]
0.05258451029655 [0.0648815333843] [0.0402874872088]
0.059709392488 [0.0729842111468] [0.0464345738292]
0.06451459415255001 [0.0763404741883] [0.0526887141168]
0.06528370082375 [0.0752669498324] [0.0553004518151]
0.06287152320145001 [0.0723419487476] [0.0534010976553]
0.0587274618447 [0.0688827261329] [0.0485721975565]
0.05420961230995 [0.0652717277408] [0.0431474968791]
0.048076935112449995 [0.0606370605528] [0.0355168096721]
0.043064389377849996 [0.0521935261786] [0.0339352525771]
0.037046443671000004 [0.0410864278674] [0.0330064594746]
0.0318448068574 [0.0310369636863] [0.0326526500285]
0.0282913250849 [0.0237783957273] [0.0328042544425]
0.026183692738449997 [0.0191525705159] [0.033214814961]
0.025113998912250003 [0.016325449571] [0.0339025482535]
0.02457154216245 [0.0145479375497] [0.0345951467752]
0.02402781834825 [0.0132706826553] [0.0347849540412]
0.02304582530635 [0.0121715748683] [0.0339200757444]
0.0226975562982 [0.011195811443] [0.0341993011534]
0.0221000961028 [0.0103252036497] [0.0338749885559]
0.02174252411353 [0.00964417587966] [0.0338408723474]
0.021751058287905 [0.00910924933851] [0.0343928672373]
0.023670640308395 [0.00869476888329] [0.0386465117335]
0.06225668685527 [0.00840614084154] [0.116107232869]
0.059631535317625 [0.00838668923825] [0.110876381397]
0.058063265867335 [0.00908488221467] [0.10704164952]
0.057418511715050004 [0.0113302720711] [0.103506751359]
0.054742669686699996 [0.0169063471258] [0.0925789922476]
0.0490408204496 [0.0296867564321] [0.0683948844671]
0.04498381726445 [0.0501213818789] [0.03984625265]
0.03855354059485 [0.0546978935599] [0.0224091876298]
0.0283148395829 [0.0425451472402] [0.0140845319256]
0.0214404826984 [0.0326737947762] [0.0102071706206]
0.01758863730358 [0.0272704213858] [0.00790685322136]
0.015704485122125 [0.0245659016073] [0.00684306863695]
0.01486991625277 [0.0233687665313] [0.00637106597424]
0.014652269659540001 [0.0230732671916] [0.00623127212748]
0.014789505163214998 [0.0232773423195] [0.00630166800693]
0.014821348478995 [0.0231261644512] [0.00651653250679]
0.014670988312005 [0.0225287601352] [0.00681321648881]
0.014197457348904999 [0.0213131550699] [0.00708175962791]
0.01357867312619 [0.019860111177] [0.00729723507538]
0.013044695602725 [0.0186087489128] [0.00748064229265]
0.01277953293176 [0.0177897922695] [0.00776927359402]
0.012787329033010001 [0.0173428300768] [0.00823182798922]
0.01320355571807 [0.017365956679] [0.00904115475714]
0.01415172079575 [0.0178809892386] [0.0104224523529]
0.0158382826485 [0.0189267806709] [0.0127497846261]
0.018211035057899998 [0.0202903021127] [0.0161317680031]
0.020622595213349998 [0.0214187987149] [0.0198263917118]
0.0223237182945 [0.0221184939146] [0.0225289426744]
0.0230669528246 [0.0224114973098] [0.0237224083394]
0.0232941955328 [0.0224558487535] [0.0241325423121]
0.02362337056545 [0.0226214136928] [0.0246253274381]
0.0242684651166 [0.0230640992522] [0.025472830981]
0.02547363750635 [0.0242084190249] [0.0267388559878]
0.02712049800905 [0.0260974429548] [0.0281435530633]
0.029155230149649998 [0.0286834202707] [0.0296270400286]
0.03156472649425 [0.0318999737501] [0.0312294792384]
0.0333960019052 [0.0344089791179] [0.0323830246925]
0.0334189105779 [0.0344464555383] [0.0323913656175]
0.0320469737053 [0.0323113650084] [0.0317825824022]
0.0310615291819 [0.0303526688367] [0.0317703895271]
0.03090724814685 [0.0290438104421] [0.0327706858516]
0.0315674515441 [0.0283250752836] [0.0348098278046]
0.032770947553199994 [0.028064193204] [0.0374777019024]
0.03427157364785 [0.0281869545579] [0.0403561927378]
0.03534791152925 [0.0283241365105] [0.042371686548]
0.0353418504819 [0.027710577473] [0.0429731234908]
0.0344941271469 [0.0264847036451] [0.0425035506487]
0.03327451925725 [0.0246413070709] [0.0419077314436]
0.03178183827545 [0.022743595764] [0.0408200807869]
0.029694202356049998 [0.0208958629519] [0.0384925417602]
0.027596926316600004 [0.0193997360766] [0.0357941165566]
0.0258258730173 [0.0183898508549] [0.0332618951797]
0.02462316770105 [0.0178088005632] [0.0314375348389]
0.0239596357569 [0.0175209697336] [0.0303983017802]
0.02388029918075 [0.0175488069654] [0.0302117913961]
0.0240765400231 [0.0177699830383] [0.0303830970079]
0.02437077928335 [0.0181395299733] [0.0306020285934]
0.02457214239985 [0.0185852609575] [0.0305590238422]
0.02458275854585 [0.0189998615533] [0.0301656555384]
0.024346924386899997 [0.0192014798522] [0.0294923689216]
0.0237859878689 [0.019035410136] [0.0285365656018]
0.02290110941975 [0.0186106823385] [0.027191536501]
0.022072082385449998 [0.0183696188033] [0.0257745459676]
0.02142950333655 [0.0183707606047] [0.0244882460684]
0.02115192171185 [0.0186863224953] [0.0236175209284]
0.0214143143967 [0.0193369500339] [0.0234916787595]
0.02218041475865 [0.0200853161514] [0.0242755133659]
0.02331662457435 [0.0206140168011] [0.0260192323476]
0.0243493793532 [0.0206929463893] [0.0280058123171]
0.02485020738095 [0.0202344935387] [0.0294659212232]
0.024563727900399998 [0.0192907378078] [0.029836717993]
0.023722878657300002 [0.0183773413301] [0.0290684159845]
0.0227810544893 [0.0176198929548] [0.0279422160238]
0.0219173040241 [0.0170454606414] [0.0267891474068]
0.0213330658153 [0.0167133007199] [0.0259528309107]
0.0211856318638 [0.0166537202895] [0.0257175434381]
0.021720558404949998 [0.0170883294195] [0.0263527873904]
0.023179362528 [0.0183203741908] [0.0280383508652]
0.02535043656825 [0.0202463399619] [0.0304545331746]
0.0274782544002 [0.022324366495] [0.0326321423054]
0.02899731975045 [0.0246111694723] [0.0333834700286]
0.030180246569250002 [0.0271855387837] [0.0331749543548]
0.03131141047925 [0.030013827607] [0.0326089933515]
0.0326708238572 [0.0332556702197] [0.0320859774947]
0.034130878746550006 [0.0366822034121] [0.031579554081]
0.0354663655162 [0.0398053601384] [0.031127370894]
0.036067337729 [0.0417636595666] [0.0303710158914]
0.0357559574768 [0.0420820266008] [0.0294298883528]
0.03464127238835 [0.0409925282001] [0.0282900165766]
0.0332336369902 [0.0390071831644] [0.027460090816]
0.032198803499350004 [0.0372874028981] [0.0271102041006]
0.031727028079349996 [0.0364073030651] [0.0270467530936]
0.031489483080800004 [0.0358653403819] [0.0271136257797]
0.0313967624679 [0.0354444272816] [0.0273490976542]
0.0313086407259 [0.0348867364228] [0.027730545029]
0.031139087863250002 [0.0340402647853] [0.0282379109412]
0.03075343929235 [0.0326383635402] [0.0288685150445]
0.0295326281339 [0.0304155610502] [0.0286496952176]
0.0270275650546 [0.0272757597268] [0.0267793703824]
0.02406746242195 [0.0239940900356] [0.0241408348083]
0.0214104084298 [0.0211828611791] [0.0216379556805]
0.019366986118250003 [0.01909548603] [0.0196384862065]
0.0180461490527 [0.0178720839322] [0.0182202141732]
0.0175144961104 [0.0175562426448] [0.017472749576]
0.01751875597985 [0.0177816338837] [0.017255878076]
0.0177167952061 [0.0180364251137] [0.0173971652985]
0.01763856969775 [0.0179310850799] [0.0173460543156]
0.01721287984405 [0.0174650587142] [0.0169607009739]
0.016408369876450002 [0.0164244659245] [0.0163922738284]
0.01552052330225 [0.0153002291918] [0.0157408174127]
0.0146855833009 [0.0142012955621] [0.0151698710397]
0.014028104022099998 [0.0132850464433] [0.0147711616009]
0.0136076165363 [0.0126487528905] [0.0145664801821]
0.01354934973645 [0.012435448356] [0.0146632511169]
0.0141158243641 [0.0128936320543] [0.0153380166739]
0.01565917674455 [0.014209413901] [0.0171089395881]
0.01790009532125 [0.0158952251077] [0.0199049655348]
0.02005987334995 [0.0173144079745] [0.0228053387254]
