0.03724676929415 [0.0431843735278] [0.0313091650605]
0.036361142993 [0.0429282411933] [0.0297940447927]
0.03501826711 [0.0416235215962] [0.0284130126238]
0.0340079609305 [0.0405626818538] [0.0274532400072]
0.0335935736075 [0.0402959324419] [0.0268912147731]
0.033771974965899995 [0.0407791920006] [0.0267647579312]
0.03433721791955 [0.0417668707669] [0.0269075650722]
0.0350118065253 [0.0429761633277] [0.0270474497229]
0.03572582546625 [0.0440553762019] [0.0273962747306]
0.0362952472642 [0.0449197739363] [0.0276707205921]
0.0369604015723 [0.0456743463874] [0.0282464567572]
0.03768497519195 [0.04599025473] [0.0293796956539]
0.03856127895415 [0.0458526723087] [0.0312698855996]
0.0401621554047 [0.0461201667786] [0.0342041440308]
0.04293254762885 [0.0472227223217] [0.038642372936]
0.04720141366125 [0.049544647336] [0.0448581799865]
0.0522417277098 [0.0520623326302] [0.0524211227894]
0.054578930139549994 [0.0510311201215] [0.0581267401576]
0.0536720920354 [0.0453767068684] [0.0619674772024]
0.05015175789595 [0.0371358394623] [0.0631676763296]
0.0440781423822 [0.0296846125275] [0.0584716722369]
0.0366131560877 [0.0238891150802] [0.0493371970952]
0.02995463646945 [0.0200926326215] [0.0398166403174]
0.0256410324946 [0.0179155375808] [0.0333665274084]
0.02323339600115 [0.016630763188] [0.0298360288143]
0.021876244805749998 [0.0157860890031] [0.0279664006084]
0.02114091720435 [0.0152028407902] [0.0270789936185]
0.02082296460865 [0.0148972459137] [0.0267486833036]
0.0207306519151 [0.0149419475347] [0.0265193562955]
0.0208130287938 [0.0154125755653] [0.0262134820223]
0.020941377617400003 [0.0162722226232] [0.0256105326116]
0.02115177363155 [0.0175481177866] [0.0247554294765]
0.0214838059619 [0.0192633140832] [0.0237042978406]
0.02190583292395 [0.0213155150414] [0.0224961508065]
0.0226583387703 [0.0238093081862] [0.0215073693544]
0.0244865231216 [0.027938593179] [0.0210344530642]
0.028675978072 [0.0358772352338] [0.0214747209102]
0.0353842116892 [0.0479929707944] [0.022775452584]
0.0421895040199 [0.0594796426594] [0.0248993653804]
0.0476646721363 [0.0678035244346] [0.027525819838]
0.049453914165449996 [0.0694965049624] [0.0294113233685]
0.0474317362532 [0.0669754818082] [0.0278879906982]
0.04494482465085 [0.0643404126167] [0.025549236685]
0.043350851163299994 [0.0626887828112] [0.0240129195154]
0.04238297324625 [0.0614802651107] [0.0232856813818]
0.041341303847750005 [0.059720851481] [0.0229617562145]
0.0399293471128 [0.0572236068547] [0.0226350873709]
0.0383792659268 [0.0544167943299] [0.0223417375237]
0.03703106287865 [0.0520174987614] [0.0220446269959]
0.0358997769654 [0.0501490496099] [0.0216505043209]
0.0347995990887 [0.0483338050544] [0.021265393123]
0.0333159882575 [0.045718036592] [0.020913939923]
0.0314451623708 [0.0419505164027] [0.0209398083389]
0.0297275260091 [0.0377162881196] [0.0217387638986]
0.029123447835449998 [0.0346364080906] [0.0236104875803]
0.0299484366551 [0.033391084522] [0.0265057887882]
0.03167613502595 [0.0334095358849] [0.029942734167]
0.03268644213675 [0.0327182672918] [0.0326546169817]
0.03264075145125 [0.0314382277429] [0.0338432751596]
0.03171147685495 [0.0297258775681] [0.0336970761418]
0.03095385059715 [0.0288418121636] [0.0330658890307]
0.0309127261862 [0.0292370636016] [0.0325883887708]
0.031703239306799996 [0.031010709703] [0.0323957689106]
0.03235513716935 [0.0332451313734] [0.0314651429653]
0.0320280250162 [0.0344039350748] [0.0296521149576]
0.03131332062185 [0.0348101966083] [0.0278164446354]
0.030780987814049997 [0.0348123721778] [0.0267496034503]
0.030145093798649998 [0.0343321785331] [0.0259580090642]
0.02941168099645 [0.0335695035756] [0.0252538584173]
0.02878843061625 [0.0328452773392] [0.0247315838933]
