0.08884111046785 [0.0747815594077] [0.102900661528]
0.108231320977 [0.084882825613] [0.131579816341]
0.12423878163075 [0.0935057252645] [0.154971837997]
0.13327517732969998 [0.0996689870954] [0.166881367564]
0.1349472627045 [0.10367384553] [0.166220679879]
0.1343153603375 [0.106144674122] [0.162486046553]
0.131417196244 [0.107091359794] [0.155743032694]
0.12427689507600001 [0.10658506304] [0.141968727112]
0.11356229707599999 [0.106357418001] [0.120767176151]
0.10538809374 [0.10747307539] [0.10330311209]
0.1011387705805 [0.108877293766] [0.093400247395]
0.0982802584765 [0.109116390347] [0.087444126606]
0.09675716236245 [0.108994714916] [0.0845196098089]
0.09638956561670001 [0.108719654381] [0.0840594768524]
0.09563307836675 [0.106658816338] [0.0846073403955]
0.09278583526595 [0.101920470595] [0.0836511999369]
0.08639112487440001 [0.0933717489243] [0.0794105008245]
0.07484389841555 [0.0798937156796] [0.0697940811515]
0.05927744321525 [0.0625655651093] [0.0559893213212]
0.04470724612475 [0.0462051294744] [0.0432093627751]
0.0342513564974 [0.0345347747207] [0.0339679382741]
0.028047998435799998 [0.0277998242527] [0.0282961726189]
0.0249444488436 [0.0247510038316] [0.0251378938556]
0.02354501094665 [0.0239021275192] [0.0231878943741]
0.0229258826002 [0.0241249762475] [0.0217267889529]
0.02233226411045 [0.0244345441461] [0.0202299840748]
0.02144476026295 [0.0243121907115] [0.0185773298144]
0.020247696898849997 [0.0236548464745] [0.0168405473232]
0.0190677922219 [0.0228213388473] [0.0153142455965]
0.0182067686692 [0.0223102550954] [0.014103282243]
0.0177123770118 [0.0222625564784] [0.0131621975452]
0.0176475374028 [0.0227304212749] [0.0125646535307]
0.01814586110415 [0.0238695666194] [0.0124221555889]
0.0195198962465 [0.0262524355203] [0.0127873569727]
0.0221882937476 [0.030670132488] [0.0137064550072]
0.02641714876515 [0.037899389863] [0.0149349076673]
0.031050756573700003 [0.0459936372936] [0.0161078758538]
0.0317249922082 [0.0472013689578] [0.0162486154586]
0.0269051240757 [0.0387755148113] [0.0150347333401]
0.0211402224377 [0.0291587319225] [0.0131217129529]
0.017110063694399998 [0.0228077061474] [0.0114124212414]
0.014757737983 [0.0192596465349] [0.0102558294311]
0.01370336581022 [0.0176071971655] [0.00979953445494]
0.01356525626035 [0.017121611163] [0.0100089013577]
0.014028292614949998 [0.0172990430146] [0.0107575422153]
0.0147546925582 [0.0177687965333] [0.0117405885831]
0.01545671280475 [0.0183167550713] [0.0125966705382]
0.01592797553165 [0.0187817569822] [0.0130741940811]
0.0163017967716 [0.0191967058927] [0.0134068876505]
0.01658711442725 [0.0195770468563] [0.0135971819982]
0.016886819154 [0.0199874360114] [0.0137862022966]
0.0173203032464 [0.0206450633705] [0.0139955431223]
0.0182666159235 [0.0219746716321] [0.0145585602149]
0.02028790302575 [0.0245561525226] [0.0160196535289]
0.02421144396065 [0.0291979666799] [0.0192249212414]
0.0310561908409 [0.0366578064859] [0.0254545751959]
0.0413128621876 [0.046744517982] [0.0358812063932]
0.052707323804499995 [0.0564305819571] [0.0489840656519]
0.059738945215949996 [0.0620332248509] [0.057444665581]
0.0595756303519 [0.0624827966094] [0.0566684640944]
0.055464295670399996 [0.0599104203284] [0.0510181710124]
0.0508093815297 [0.0564221031964] [0.045196659863]
0.0465169325471 [0.0525385774672] [0.040495287627]
0.04224654100835 [0.0482041090727] [0.036288972944]
0.0384222455323 [0.0435710176826] [0.033273473382]
0.03428791090845 [0.0379509627819] [0.030624859035]
0.030317123979299997 [0.0329172387719] [0.0277170091867]
0.02707259077575 [0.0291048251092] [0.0250403564423]
0.0247336998582 [0.0263716466725] [0.0230957530439]
0.02332876063885 [0.0246187280864] [0.0220387931913]
0.0226299567148 [0.0235495772213] [0.0217103362083]
0.02237381227315 [0.0229411944747] [0.0218064300716]
0.022229243069899998 [0.0224507506937] [0.0220077354461]
0.021791438572100003 [0.0216873399913] [0.0218955371529]
0.02111391350625 [0.0206842459738] [0.0215435810387]
0.02051132544875 [0.0197211820632] [0.0213014688343]
0.0201526908204 [0.0192399211228] [0.021065460518]
0.02011325024065 [0.0192586611956] [0.0209678392857]
0.020202290266750002 [0.0196414794773] [0.0207631010562]
0.0201857322827 [0.0201895795763] [0.0201818849891]
0.020145942457 [0.0206638276577] [0.0196280572563]
0.02016691304745 [0.0211188737303] [0.0192149523646]
0.02080678753555 [0.0220754630864] [0.0195381119847]
0.021880956366650002 [0.0235153008252] [0.0202466119081]
0.0229576556012 [0.0248799622059] [0.0210353489965]
0.0237039076164 [0.0260182060301] [0.0213896092027]
0.0239715669304 [0.0267388541251] [0.0212042797357]
0.023741081357 [0.0269413236529] [0.0205408390611]
0.02359505649655 [0.0270529948175] [0.0201371181756]
0.023906774818900002 [0.0273443777114] [0.0204691719264]
0.02440587989985 [0.0273854006082] [0.0214263591915]
0.024919002316900002 [0.0270224418491] [0.0228155627847]
0.0252311844379 [0.0261797849089] [0.0242825839669]
0.02532292343675 [0.0249672718346] [0.0256785750389]
