0.0487771257758 [0.0280484855175] [0.0695057660341]
0.045464651659100005 [0.0263111852109] [0.0646181181073]
0.0416682297364 [0.0251579079777] [0.0581785514951]
0.03781542275105 [0.0243451725692] [0.0512856729329]
0.0346736842766 [0.0239732842892] [0.045374084264]
0.0321445222944 [0.0237180665135] [0.0405709780753]
0.03025656659155 [0.0235440861434] [0.0369690470397]
0.02898142859335 [0.0235187336802] [0.0344441235065]
0.02789105288685 [0.0237202085555] [0.0320618972182]
0.0271733151749 [0.0241976734251] [0.0301489569247]
0.0269118370488 [0.0251155067235] [0.0287081673741]
0.0272746309638 [0.0267879273742] [0.0277613345534]
0.02839777525515 [0.0294564049691] [0.0273391455412]
0.0302002429962 [0.0333167314529] [0.0270837545395]
0.032068060711 [0.0374075248837] [0.0267285965383]
0.0328646712005 [0.0393914990127] [0.0263378433883]
0.03292328398675 [0.0397669672966] [0.0260796006769]
0.03286444582045 [0.0397616028786] [0.0259672887623]
0.03332524001595 [0.0407036989927] [0.0259467810392]
0.0344373090193 [0.0428533740342] [0.0260212440044]
0.03620138112455 [0.0460333302617] [0.0263694319874]
0.038144351914499997 [0.0493589416146] [0.0269297622144]
0.03976141288875 [0.051965277642] [0.0275575481355]
0.04092733468865 [0.0534155145288] [0.0284391548485]
0.04182399902495 [0.0539425313473] [0.0297054667026]
0.0426208153367 [0.0538070313632] [0.0314345993102]
0.04371262528 [0.0539910793304] [0.0334341712296]
0.0447712019086 [0.0543067008257] [0.0352357029915]
0.0463133472949 [0.0559503138065] [0.0366763807833]
0.0482772793621 [0.0586389116943] [0.0379156470299]
0.0514728538692 [0.0635402426124] [0.039405465126]
0.0550882201642 [0.0703576728702] [0.0398187674582]
0.05567760020495 [0.0730585902929] [0.038296610117]
0.052630899474 [0.0690507292747] [0.0362110696733]
0.04893083684145 [0.0633269846439] [0.034534689039]
0.045908221974949995 [0.0579597055912] [0.0338567383587]
0.0439213644713 [0.0538074597716] [0.034035269171]
0.04278163053095 [0.0509925596416] [0.0345707014203]
0.0420509483665 [0.0491903759539] [0.0349115207791]
0.0414674449712 [0.0481112599373] [0.0348236300051]
0.040965296328100004 [0.0475628934801] [0.0343676991761]
0.0405312757939 [0.0472828261554] [0.0337797254324]
0.0403663441539 [0.0472659356892] [0.0334667526186]
0.0405181758106 [0.047514308244] [0.0335220433772]
0.04131295904515 [0.0484996140003] [0.03412630409]
0.0433972813189 [0.0514807924628] [0.035313770175]
0.04701571166515 [0.0568019412458] [0.0372294820845]
0.0518233831972 [0.0630798637867] [0.0405669026077]
0.05603228881955 [0.0668318644166] [0.0452327132225]
0.05593208037315 [0.0645137950778] [0.0473503656685]
0.04439304210245 [0.0502763874829] [0.038509696722]
0.0346804317087 [0.0381583161652] [0.0312025472522]
0.02898864727465 [0.0305320359766] [0.0274452585727]
0.0257935067639 [0.0260583944619] [0.0255286190659]
0.02417865861205 [0.0237524677068] [0.0246048495173]
0.0234533799812 [0.0228514820337] [0.0240552779287]
0.02315915282815 [0.0227622631937] [0.0235560424626]
0.022974438034 [0.0229754559696] [0.0229734200984]
0.0223962320015 [0.0226148813963] [0.0221775826067]
0.0212973142043 [0.0212390404195] [0.0213555879891]
0.020095879211999998 [0.019240854308] [0.020950904116]
0.0190519653261 [0.0171264447272] [0.020977485925]
0.01844465732575 [0.0154321584851] [0.0214571561664]
0.01829409832135 [0.0144895566627] [0.02209863998]
0.01852652058005 [0.0142046306282] [0.0228484105319]
0.01877025188875 [0.0142548019066] [0.0232857018709]
0.019099620636549998 [0.0145857790485] [0.0236134622246]
0.01937244366855 [0.0150115676224] [0.0237333197147]
0.0194277958944 [0.0152967497706] [0.0235588420182]
0.019199531991 [0.0153287881985] [0.0230702757835]
0.0189406732097 [0.015220509842] [0.0226608365774]
0.018904439173599998 [0.0151948817074] [0.0226139966398]
0.0190398842096 [0.0153268910944] [0.0227528773248]
0.0193430222571 [0.0158105455339] [0.0228754989803]
0.01960665732625 [0.0165477395058] [0.0226655751467]
0.019693990238049998 [0.0174722950906] [0.0219156853855]
0.019541121087999998 [0.0183674413711] [0.0207148008049]
0.019104781560599998 [0.0189296230674] [0.0192799400538]
0.0185019671917 [0.0190516412258] [0.0179522931576]
0.01791302487255 [0.0189127884805] [0.0169132612646]
0.0175401940942 [0.0187931302935] [0.0162872578949]
0.01745861582455 [0.0188531670719] [0.0160640645772]
0.017957790754699998 [0.0194660890847] [0.0164494924247]
0.018713273108 [0.0202698204666] [0.0171567257494]
0.01960130780935 [0.0212184712291] [0.0179841443896]
0.02015509083865 [0.0217601396143] [0.018550042063]
0.0203967699781 [0.0219801459461] [0.0188133940101]
0.020531997084599997 [0.02211179398] [0.0189522001892]
0.02059693913905 [0.0220833849162] [0.0191104933619]
0.02077669184655 [0.0220102462918] [0.0195431374013]
0.02110752370205 [0.0218700636178] [0.0203449837863]
0.0216074986383 [0.0219309646636] [0.021284032613]
0.022284297272549998 [0.0224638562649] [0.0221047382802]
0.02331149205565 [0.0237029790878] [0.0229200050235]
0.024553062394300003 [0.0254083834589] [0.0236977413297]
0.02597060706465 [0.0275986101478] [0.0243426039815]
0.0272521357983 [0.0299436356872] [0.0245606359094]
