0.02520280517635 [0.0245283283293] [0.0258772820234]
0.02235213946555 [0.0224079228938] [0.0222963560373]
0.0211361916736 [0.0211903359741] [0.0210820473731]
0.02100053988395 [0.0207972489297] [0.0212038308382]
0.02141484990715 [0.0209414344281] [0.0218882653862]
0.022052587009949998 [0.021430298686] [0.0226748753339]
0.022741347551350002 [0.0220329463482] [0.0234497487545]
0.023624825291350002 [0.0228458996862] [0.0244037508965]
0.024578595533949997 [0.023904947564] [0.0252522435039]
0.025590654462599997 [0.0252447854728] [0.0259365234524]
0.02633406128735 [0.0265063792467] [0.026161743328]
0.026591097936050002 [0.0272702239454] [0.0259119719267]
0.0265937941149 [0.0275352038443] [0.0256523843855]
0.0269381832331 [0.0278173629194] [0.0260590035468]
0.0284287147224 [0.0291102733463] [0.0277471560985]
0.03156406991185 [0.0320391878486] [0.0310889519751]
0.03611533530055 [0.0364651121199] [0.0357655584812]
0.04050934687255 [0.0409645065665] [0.0400541871786]
0.0429020300508 [0.0436243154109] [0.0421797446907]
0.0431554540992 [0.0442483313382] [0.0420625768602]
0.04251817800105 [0.0440733991563] [0.0409629568458]
0.04208021238445 [0.0443660207093] [0.0397944040596]
0.04201195016505 [0.0453916974366] [0.0386322028935]
0.0428912509233 [0.0478473417461] [0.0379351601005]
0.0458576884121 [0.052392102778] [0.0393232740462]
0.05093135125935 [0.0585466958582] [0.0433160066605]
0.055911872535949994 [0.0628882944584] [0.0489354506135]
0.0562804825604 [0.0605915263295] [0.0519694387913]
0.052364494651550006 [0.0531708262861] [0.051558163017]
0.0475252810866 [0.0459834635258] [0.0490670986474]
0.04334146901965 [0.0405946224928] [0.0460883155465]
0.04040467552845 [0.0374641232193] [0.0433452278376]
0.038191949948649995 [0.0357201769948] [0.0406637229025]
0.03535569645465 [0.0340340919793] [0.03667730093]
0.031095691025249998 [0.0313824638724] [0.0308089181781]
0.0261511951685 [0.0279148388654] [0.0243875514716]
0.0217915689573 [0.0243944115937] [0.0191887263209]
0.01864203996955 [0.0215130485594] [0.0157710313797]
0.01657372387125 [0.0193843040615] [0.013763143681]
0.01541260816155 [0.018080053851] [0.0127451624721]
0.014922142028850002 [0.0175481103361] [0.0122961737216]
0.015020258259 [0.0178582090884] [0.0121823074296]
0.01578112319115 [0.0191671494395] [0.0123950969428]
0.0171557692811 [0.0215622093529] [0.0127493292093]
0.01926146494225 [0.0252654850483] [0.0132574448362]
0.02141486806795 [0.0290936063975] [0.0137361297384]
0.0230962377973 [0.0320204682648] [0.0141720073298]
0.0237973788753 [0.0331234373152] [0.0144713204354]
0.0239429557696 [0.0328599065542] [0.015026004985]
0.02424176223575 [0.0322377793491] [0.0162457451224]
0.0253273388371 [0.0319872014225] [0.0186674762517]
0.02754843141885 [0.0323329642415] [0.0227638985962]
0.03039115387945 [0.0328656248748] [0.0279166828841]
0.0326079297811 [0.0331369005144] [0.0320789590478]
0.0331232212484 [0.0324453376234] [0.0338011048734]
0.0324117047712 [0.0311312470585] [0.0336921624839]
0.0315256007016 [0.029999434948] [0.0330517664552]
0.030861302278950002 [0.0293145682663] [0.0324080362916]
0.03051076363775 [0.0289018172771] [0.0321197099984]
0.0300983162597 [0.0281666014344] [0.032030031085]
0.0291895978153 [0.0266991108656] [0.031680084765]
0.02792693674565 [0.0245791822672] [0.0312746912241]
0.0267609041184 [0.0227400548756] [0.0307817533612]
0.02606173697855 [0.0216731484979] [0.0304503254592]
0.0258671566844 [0.02129618451] [0.0304381288588]
0.025805237703050002 [0.0214212909341] [0.030189184472]
0.025914687663299997 [0.0218260511756] [0.030003324151]
0.0262474361807 [0.0223315972835] [0.0301632750779]
0.0266321785748 [0.0227510575205] [0.0305132996291]
0.02701590862125 [0.0231222547591] [0.0309095624834]
0.0272689210251 [0.0235154535621] [0.0310223884881]
0.02716974820945 [0.0239655785263] [0.0303739178926]
0.0267441328615 [0.0243793632835] [0.0291089024395]
0.0264839110896 [0.0248086620122] [0.028159160167]
0.02651339396835 [0.0253502223641] [0.0276765655726]
0.02686794474725 [0.0261034779251] [0.0276324115694]
0.02760583534835 [0.0271585024893] [0.0280531682074]
0.02886435575785 [0.0285946875811] [0.0291340239346]
0.03050632495435 [0.0304339360446] [0.0305787138641]
0.03235385380685 [0.0325505584478] [0.0321571491659]
0.034056432545150006 [0.0346500575542] [0.0334628075361]
0.0354746170342 [0.0364562161267] [0.0344930179417]
0.0365441329777 [0.0380419939756] [0.0350462719798]
0.037167930975550004 [0.0394417271018] [0.0348941348493]
0.0370025224984 [0.0403114780784] [0.0336935669184]
0.035603571683149995 [0.0396317951381] [0.0315753482282]
0.033172228373599996 [0.037358134985] [0.0289863217622]
0.030748667195449997 [0.035237737] [0.0262595973909]
0.0291744815186 [0.0338209792972] [0.02452798374]
0.0283036716282 [0.033031810075] [0.0235755331814]
0.02757383603605 [0.032622538507] [0.0225251335651]
0.026973795145749997 [0.0324188247323] [0.0215287655592]
0.026495420374 [0.0323237590492] [0.0206670816988]
