0.0386496093124 [0.044552706182] [0.0327465124428]
0.03407038189475 [0.0394254997373] [0.0287152640522]
0.030566021800049997 [0.0353919900954] [0.0257400535047]
0.028182379901399997 [0.0325944647193] [0.0237702950835]
0.0266224713996 [0.0307654235512] [0.022479519248]
0.02526452671735 [0.0291950833052] [0.0213339701295]
0.02401880268005 [0.0278239250183] [0.0202136803418]
0.023002093657849998 [0.0268146265298] [0.0191895607859]
0.0222299154848 [0.0262238793075] [0.0182359516621]
0.0216478286311 [0.0259025935084] [0.0173930637538]
0.0211527943611 [0.0255729444325] [0.0167326442897]
0.0208595935255 [0.0252050068229] [0.0165141802281]
0.0206748647615 [0.0245645139366] [0.0167852155864]
0.0209889197722 [0.0242451634258] [0.0177326761186]
0.0221110526472 [0.0246775075793] [0.0195445977151]
0.0242316732183 [0.0260563679039] [0.0224069785327]
0.02722472976895 [0.0281283762306] [0.0263210833073]
0.02985758520665 [0.0293370895088] [0.0303780809045]
0.03204159624875 [0.0297255255282] [0.0343576669693]
0.0338211040944 [0.0298802405596] [0.0377619676292]
0.0348768085241 [0.0297433696687] [0.0400102473795]
0.03558745235205 [0.0295036695898] [0.0416712351143]
0.03636918216945 [0.0291885994375] [0.0435497649014]
0.03774703107775 [0.0290265418589] [0.0464675202966]
0.0399754783139 [0.0289779622108] [0.050972994417]
0.0430490579456 [0.0290135927498] [0.0570845231414]
0.04635869991035 [0.0290449541062] [0.0636724457145]
0.04891424346715 [0.0291847605258] [0.0686437264085]
0.049612811766550004 [0.0288988184184] [0.0703268051147]
0.04881962761285 [0.0287866443396] [0.0688526108861]
0.04726125858725 [0.0291268862784] [0.0653956308961]
0.0458130137995 [0.0298557188362] [0.0617703087628]
0.04466790519655 [0.030852008611] [0.0584838017821]
0.0437232349068 [0.0317321717739] [0.0557142980397]
0.043288739398100004 [0.0324170440435] [0.0541604347527]
0.04327100515365 [0.0330186598003] [0.053523350507]
0.04387998580935 [0.0338314585388] [0.0539285130799]
0.04502683132885 [0.0350104905665] [0.0550431720912]
0.0460508018732 [0.0363876260817] [0.0557139776647]
0.04704891331495 [0.0383192971349] [0.055778529495]
0.047304142266499996 [0.0396530292928] [0.0549552552402]
0.045762456953549996 [0.038846898824] [0.0526780150831]
0.04188633151355 [0.034803789109] [0.0489688739181]
0.0366639206186 [0.0290720220655] [0.0442558191717]
0.03222844935955 [0.0244536697865] [0.0400032289326]
0.0292817922309 [0.0214651767164] [0.0370984077454]
0.02756171952935 [0.0198560971767] [0.035267341882]
0.026946793310299998 [0.0194455850869] [0.0344480015337]
0.02705310471355 [0.0196884982288] [0.0344177111983]
0.02748604305085 [0.0200421772897] [0.034929908812]
0.027973421849299997 [0.0203102882951] [0.0356365554035]
0.02823658287525 [0.020401597023] [0.0360715687275]
0.0280590252951 [0.0203308630735] [0.0357871875167]
0.02720215544105 [0.0200530290604] [0.0343512818217]
0.0257499627769 [0.0194665789604] [0.0320333465934]
0.02418645098805 [0.0188313424587] [0.0295415595174]
0.0226761335507 [0.0182067677379] [0.0271454993635]
0.0217670369893 [0.0179113987833] [0.0256226751953]
0.0215511135757 [0.0183889865875] [0.0247132405639]
0.02224927023055 [0.0200350396335] [0.0244635008276]
0.02388543915005 [0.022946998477] [0.0248238798231]
0.02584511600435 [0.0262574031949] [0.0254328288138]
0.027084586210550002 [0.0282437223941] [0.025925450027]
0.027413383126299998 [0.0287972427905] [0.0260295234621]
0.0273464228958 [0.0289852824062] [0.0257075633854]
0.027074743993549998 [0.0291254241019] [0.0250240638852]
0.02678593341265 [0.0292495824397] [0.0243222843856]
0.02663235273215 [0.02920165658] [0.0240630488843]
0.026893340982449998 [0.0291461218148] [0.0246405601501]
0.027753434143949998 [0.0291611924767] [0.0263456758112]
0.02945161890235 [0.0296751335263] [0.0292281042784]
0.032268080860350004 [0.0312866903841] [0.0332494713366]
0.03697667270895 [0.0346638411283] [0.0392895042896]
0.043806575238700005 [0.0403417274356] [0.0472714230418]
0.0527289751917 [0.0502122789621] [0.0552456714213]
0.0627411194146 [0.0669232606888] [0.0585589781404]
0.07188939489425 [0.0877803936601] [0.0559983961284]
0.07369414530695 [0.096422880888] [0.0509654097259]
0.0657629612833 [0.0848317891359] [0.0466941334307]
0.05766929872335 [0.0715447366238] [0.0437938608229]
0.05218794383105 [0.0619496516883] [0.0424262359738]
0.048264637589500003 [0.0548545531929] [0.0416747219861]
0.045142652466899996 [0.0493064559996] [0.0409788489342]
0.042541263625 [0.0451177433133] [0.0399647839367]
0.04052739031615 [0.0423565544188] [0.0386982262135]
0.039027351886 [0.0407912507653] [0.0372634530067]
0.038075307384150006 [0.0400655604899] [0.0360850542784]
0.0374654922634 [0.0396649688482] [0.0352660156786]
0.0367934126407 [0.0388330742717] [0.0347537510097]
0.0351713616401 [0.0366986468434] [0.0336440764368]
0.032821694388949996 [0.0337678492069] [0.031875539571]
0.0299317939207 [0.0302175953984] [0.029645992443]
0.027347342111150003 [0.0271592121571] [0.0275354720652]
0.0256006149575 [0.0248873960227] [0.0263138338923]
0.02442271634935 [0.0234362632036] [0.0254091694951]
0.02377636171875 [0.0227417014539] [0.0248110219836]
0.02360774297265 [0.0226770658046] [0.0245384201407]
0.02373420912775 [0.0229878202081] [0.0244805980474]
0.0241019250825 [0.0235529076308] [0.0246509425342]
0.024708678014549998 [0.0243128221482] [0.0251045338809]
0.025551252998399998 [0.0251987632364] [0.0259037427604]
0.02638690173625 [0.0258788652718] [0.0268949382007]
0.02718031033875 [0.0264667887241] [0.0278938319534]
0.02782797813415 [0.026842886582] [0.0288130696863]
0.02855951711535 [0.0273309238255] [0.0297881104052]
0.029418177902700002 [0.0282031595707] [0.0306331962347]
0.0304411109537 [0.0294971689582] [0.0313850529492]
0.03206474520265 [0.0318969935179] [0.0322324968874]
