0.0323757175356 [0.0314230583608] [0.0333283767104]
0.0364592578262 [0.0359704308212] [0.0369480848312]
0.0417313873768 [0.0421485193074] [0.0413142554462]
0.04875878803435 [0.050789706409] [0.0467278696597]
0.0598268918693 [0.0660548955202] [0.0535988882184]
0.0776200760156 [0.0956766009331] [0.0595635510981]
0.09731357917165001 [0.131826087832] [0.0628010705113]
0.10900544002665 [0.156212538481] [0.0617983415723]
0.10870765708380001 [0.159991711378] [0.0574236027896]
0.1024977453053 [0.153045758605] [0.0519497320056]
0.0948852077128 [0.142791643739] [0.0469787716866]
0.0879615433516 [0.132928013802] [0.0429950729012]
0.0825365670024 [0.124527879059] [0.0405452549458]
0.0787313766776 [0.117285147309] [0.0401776060462]
0.0759717449548 [0.111712045968] [0.0402314439416]
0.07398262806235001 [0.108582496643] [0.0393827594817]
0.07292607612884999 [0.106909833848] [0.0389423184097]
0.07278184779005 [0.106385007501] [0.0391786880791]
0.0734608732166 [0.106580190361] [0.0403415560722]
0.0731265563517 [0.103648893535] [0.0426042191684]
0.07211557962000001 [0.0987515076995] [0.0454796515405]
0.07245576940475 [0.0950231477618] [0.0498883910477]
0.0727553460747 [0.0896939113736] [0.0558167807758]
0.07350840047 [0.0839486643672] [0.0630681365728]
0.07382887229325 [0.0779391080141] [0.0697186365724]
0.0727534033358 [0.0717613771558] [0.0737454295158]
0.07111503928900001 [0.0676536038518] [0.0745764747262]
0.0692519955337 [0.0650910809636] [0.0734129101038]
0.06836542114614999 [0.0634124875069] [0.0733183547854]
0.06831843219700001 [0.0623588226736] [0.0742780417204]
0.06847847998145 [0.0615804716945] [0.0753764882684]
0.06853961199525 [0.0608907565475] [0.076188467443]
0.0682964157313 [0.0602824501693] [0.0763103812933]
0.06788507848975 [0.0599252954125] [0.075844861567]
0.0672576613724 [0.0599753707647] [0.0745399519801]
0.06646876595915 [0.0607551448047] [0.0721823871136]
0.0652007088065 [0.0623564720154] [0.0680449455976]
0.06420363485815 [0.0651741996408] [0.0632330700755]
0.06488201208415001 [0.0700793862343] [0.059684637934]
0.0690447855741 [0.0788852274418] [0.0592043437064]
0.07748508267105 [0.0929177701473] [0.0620523951948]
0.0918261893095 [0.115811005235] [0.067841373384]
0.11085957288725001 [0.147859677672] [0.0738594681025]
0.1280204169451 [0.178428083658] [0.0776127502322]
0.13844091445195 [0.198800012469] [0.0780818164349]
0.1405271403491 [0.204564705491] [0.0764895752072]
0.12678094580774998 [0.18203432858] [0.0715275630355]
0.10150810517355001 [0.143171727657] [0.0598444826901]
0.07712951302505 [0.105875588953] [0.0483834370971]
0.05860344134275 [0.0776702985168] [0.0395365841687]
0.047535263001950004 [0.0611178427935] [0.0339526832104]
0.0409667789936 [0.05164020136] [0.0302933566272]
0.037017757073049995 [0.0458442121744] [0.0281913019717]
0.0346652418375 [0.0420657210052] [0.0272647626698]
0.03330134786665 [0.0395308025181] [0.0270718932152]
0.03232729248705 [0.0374850407243] [0.0271695442498]
0.0315499268472 [0.035847697407] [0.0272521562874]
0.03089191485195 [0.034621797502] [0.0271620322019]
0.0304067824036 [0.0337572768331] [0.0270562879741]
0.030170097947149997 [0.0332333929837] [0.0271068029106]
0.030177854932850003 [0.0329755134881] [0.0273801963776]
0.0304851736873 [0.0330556221306] [0.027914725244]
0.0310431830585 [0.0334841422737] [0.0286022238433]
0.03197323530915 [0.0342705585063] [0.029675912112]
0.033306727185849996 [0.0350230485201] [0.0315904058516]
0.035013118758800005 [0.0350288711488] [0.0349973663688]
0.03708802349865 [0.0340973809361] [0.0400786660612]
0.039004066959049996 [0.0320531241596] [0.0459550097585]
0.03981081116945 [0.0297881346196] [0.0498334877193]
0.038927681744099996 [0.0283190533519] [0.0495363101363]
0.0378295490518 [0.0274325888604] [0.0482265092432]
0.03653911780565 [0.0265670735389] [0.0465111620724]
0.035469526425 [0.0257430635393] [0.0451959893107]
0.0346848387271 [0.0250237286091] [0.0443459488451]
0.0342704709619 [0.0246277414262] [0.0439132004976]
0.03415830619635 [0.02456041798] [0.0437561944127]
0.0341786937788 [0.0247000399977] [0.0436573475599]
0.033892277628200004 [0.0247715227306] [0.0430130325258]
0.0327877243981 [0.024414209649] [0.0411612391472]
0.0309001309797 [0.0234875101596] [0.0383127517998]
0.0286969039589 [0.0226898342371] [0.0347039736807]
0.02701511327175 [0.022453347221] [0.0315768793225]
0.02582953870295 [0.0224301367998] [0.0292289406061]
0.02476512547585 [0.0222401004285] [0.0272901505232]
0.0236895699054 [0.0217538047582] [0.0256253350526]
0.02243935130535 [0.0209897626191] [0.0238889399916]
0.020950769074299998 [0.0200149994344] [0.0218865387142]
0.01916344370695 [0.0188920553774] [0.0194348320365]
0.017450809478750003 [0.017696397379] [0.0172052215785]
0.0163027485833 [0.0167329218239] [0.0158725753427]
0.0158036770299 [0.0162042938173] [0.0154030602425]
0.01570650096985 [0.0160693433136] [0.0153436586261]
0.015774249099149998 [0.0162113923579] [0.0153371058404]
0.01591737708075 [0.0165483653545] [0.015286388807]
0.01608251174915 [0.0170085988939] [0.0151564246044]
0.0163511210121 [0.0176102835685] [0.0150919584557]
0.01681544305755 [0.0183972548693] [0.0152336312458]
0.01730460580435 [0.0190508328378] [0.0155583787709]
