0.013152815867235 [0.0169665999711] [0.00933903176337]
0.012746356893349998 [0.0162147842348] [0.0092779295519]
0.011971201747674999 [0.0149466088042] [0.00899579469115]
0.011189494282000001 [0.0137749891728] [0.0086039993912]
0.010540367569785 [0.0129057550803] [0.00817498005927]
0.010211903136215 [0.0125116612762] [0.00791214499623]
0.010326628573245001 [0.0126856127754] [0.00796764437109]
0.010974793694910001 [0.0135043086484] [0.00844527874142]
0.01216881489381 [0.0149176493287] [0.00941998045892]
0.0136854713783 [0.0166135542095] [0.0107573885471]
0.01495372736825 [0.0179106257856] [0.0119968289509]
0.0155962114222 [0.0186036676168] [0.0125887552276]
0.0158357382752 [0.0188766382635] [0.0127948382869]
0.0159418899566 [0.01903754659] [0.0128462333232]
0.0160815366544 [0.0192642416805] [0.0128988316283]
0.0163607108407 [0.0197042785585] [0.0130171431229]
0.01720370026305 [0.020923865959] [0.0134835345671]
0.0190484453924 [0.02348164469] [0.0146152460948]
0.022752392105750002 [0.0287175718695] [0.016787212342]
0.02927308250215 [0.0380301326513] [0.020516032353]
0.0384461777285 [0.0511745102704] [0.0257178451866]
0.047068044543250004 [0.0631769225001] [0.0309591665864]
0.0519689116627 [0.0694186836481] [0.0345191396773]
0.053817741572850006 [0.0709899291396] [0.0366455540061]
0.05476093292235 [0.0708742290735] [0.0386476367712]
0.055964155122649996 [0.070530295372] [0.0413980148733]
0.058066442608849994 [0.0706251561642] [0.0455077290535]
0.060792651027450004 [0.0712310448289] [0.050354257226]
0.0638434905559 [0.0725759640336] [0.0551110170782]
0.06710967235269999 [0.0749688819051] [0.0592504628003]
0.071310620755 [0.0793461427093] [0.0632750988007]
0.07815155014395 [0.084603831172] [0.0716992691159]
0.0886789821088 [0.0890129059553] [0.0883450582623]
0.100305661559 [0.093445725739] [0.107165597379]
0.10758386924880001 [0.0980659648776] [0.11710177362]
0.1080867648125 [0.105487421155] [0.11068610847]
0.10384649410864999 [0.113641224802] [0.0940517634153]
0.09715680032965 [0.119064323604] [0.0752492770553]
0.08739805221555 [0.113504640758] [0.0612914636731]
0.07397520728404999 [0.0963684096932] [0.0515820048749]
0.06323211453855 [0.0819004997611] [0.044563729316]
0.05567624233665 [0.0716641619802] [0.0396883226931]
0.051302742213 [0.0656219869852] [0.0369834974408]
0.04905935004355 [0.0618441775441] [0.036274522543]
0.0480973869562 [0.05901947245] [0.0371753014624]
0.0474499724805 [0.056103374809] [0.038796570152]
0.0462423954159 [0.0525055937469] [0.0399791970849]
0.0420644339174 [0.0449646003544] [0.0391642674804]
0.035786677151899995 [0.0367686636746] [0.0348046906292]
0.0290940599516 [0.0287436377257] [0.0294444821775]
0.0246635656804 [0.0241380799562] [0.0251890514046]
0.02236976567655 [0.0217319019139] [0.0230076294392]
0.0215492909774 [0.0207972396165] [0.0223013423383]
0.02150570228695 [0.0206281747669] [0.022383229807]
0.02188234776255 [0.0208069030195] [0.0229577925056]
0.02235151361675 [0.0210875160992] [0.0236155111343]
0.02268535085025 [0.0213701054454] [0.0240005962551]
0.02281026821585 [0.021617975086] [0.0240025613457]
0.022727929987 [0.0217405091971] [0.0237153507769]
0.022743797861 [0.0220468305051] [0.0234407652169]
0.0228805728257 [0.0225191470236] [0.0232419986278]
0.0232460098341 [0.0232567973435] [0.0232352223247]
0.0234773019329 [0.02408644557] [0.0228681582958]
0.0232934691012 [0.0247941296548] [0.0217928085476]
0.02292290795595 [0.0254768617451] [0.0203689541668]
0.0224536200985 [0.0260375142097] [0.0188697259873]
0.02180514112115 [0.0261142607778] [0.0174960214645]
0.021088020876050002 [0.0258443057537] [0.0163317359984]
0.02056401688605 [0.0256111938506] [0.0155168399215]
