0.034436602145449996 [0.0367690138519] [0.032104190439]
0.0303667699918 [0.0335263498127] [0.0272071901709]
0.02658719196915 [0.0300785358995] [0.0230958480388]
0.0239351131022 [0.0274185631424] [0.020451663062]
0.022541810758399998 [0.0262565407902] [0.0188270807266]
0.0223373752087 [0.0266435332596] [0.0180312171578]
0.023045227862900003 [0.0282390397042] [0.0178514160216]
0.02435589395465 [0.0306688863784] [0.0180429015309]
0.0260473843664 [0.0337282754481] [0.0183664932847]
0.027959736064100002 [0.0371708273888] [0.0187486447394]
0.02995698619635 [0.0408429987729] [0.0190709736198]
0.0320609044284 [0.0448349490762] [0.0192868597806]
0.0344662852585 [0.0495462939143] [0.0193862766027]
0.0371733261272 [0.0548165924847] [0.0195300597697]
0.03965818788855 [0.0592872165143] [0.0200291592628]
0.0423886720091 [0.0632218718529] [0.0215554721653]
0.047284236177800004 [0.0695102065802] [0.0250582657754]
0.0568125154823 [0.081338301301] [0.0322867296636]
0.07342325523495 [0.0997638627887] [0.0470826476812]
0.09442792832845001 [0.118305005133] [0.0705508515239]
0.1093120202423 [0.126884520054] [0.0917395204306]
0.11015937104814999 [0.122551254928] [0.0977674871683]
0.10414536297315 [0.11239580065] [0.0958949252963]
0.09790509194145 [0.102092407644] [0.0937177762389]
0.092948589474 [0.0926472768188] [0.0932499021292]
0.09028507024045 [0.0843933820724] [0.0961767584085]
0.0909178033469 [0.0787835419178] [0.103052064776]
0.09394068643455 [0.0754835605621] [0.112397812307]
0.09685304388405 [0.0722702592611] [0.121435828507]
0.0987525321543 [0.0702883824706] [0.127216681838]
0.0996512658893 [0.0693893805146] [0.129913151264]
0.0988422632216 [0.0680235475302] [0.129660978913]
0.09764105826605 [0.0678076893091] [0.127474427223]
0.0954566933216 [0.0685141384602] [0.122399248183]
0.0920065753163 [0.0695234164596] [0.114489734173]
0.08779394254094999 [0.0702177807689] [0.105370104313]
0.08492403104900001 [0.0725775212049] [0.0972705408931]
0.08456822484735 [0.0770065709949] [0.0921298786998]
0.0870806016028 [0.0845353379846] [0.089625865221]
0.0919748209417 [0.0954978093505] [0.0884518325329]
0.09800534695400001 [0.109495609999] [0.086515083909]
0.1035189479591 [0.124443098903] [0.0825947970152]
0.1068197526036 [0.136417418718] [0.0772220864892]
0.10394086316215001 [0.13667486608] [0.0712068602443]
0.09758180379869999 [0.129232659936] [0.0659309476614]
0.0907703023405 [0.12003762275] [0.061502981931]
0.0851887725296 [0.112740322948] [0.0576372221112]
0.08141982927945 [0.108129292727] [0.0547103658319]
0.08087015897045 [0.108540274203] [0.0532000437379]
0.0826612785459 [0.111921183765] [0.0534013733268]
0.08285691216565 [0.111111760139] [0.0546020641923]
0.0813165418804 [0.107026912272] [0.0556061714888]
0.0775621049105 [0.100371442735] [0.054752767086]
0.0722226127982 [0.0927193388343] [0.0517258867621]
0.06764169596135 [0.0866320729256] [0.0486513189971]
0.0645508300513 [0.0825975239277] [0.0465041361749]
0.06279387138785 [0.080256909132] [0.0453308336437]
0.062261916697 [0.0790975913405] [0.0454262420535]
0.0624492969364 [0.0788521692157] [0.0460464246571]
0.06352095119655 [0.0796722918749] [0.0473696105182]
0.0646203849465 [0.0806881785393] [0.0485525913537]
0.062373870983699994 [0.0790229514241] [0.0457247905433]
0.055279744788999996 [0.0712385550141] [0.0393209345639]
0.0475420411676 [0.0618361495435] [0.0332479327917]
0.04132627230135 [0.0543255470693] [0.0283269975334]
0.0354106426239 [0.0465116389096] [0.0243096463382]
0.03093300946055 [0.0405196994543] [0.0213463194668]
0.0278973290697 [0.0365258045495] [0.0192688535899]
0.0259413532913 [0.033926345408] [0.0179563611746]
0.024912673979999998 [0.0324946306646] [0.0173307172954]
0.024551060982050003 [0.0318090394139] [0.0172930825502]
0.02447345200925 [0.03126263991] [0.0176842641085]
0.0243807025254 [0.0304973907769] [0.0182640142739]
0.02407845389095 [0.0292335487902] [0.0189233589917]
0.023271408863350003 [0.027140956372] [0.0194018613547]
0.0223496668041 [0.0249749608338] [0.0197243727744]
0.02148967888205 [0.023113111034] [0.0198662467301]
0.0207161204889 [0.0215110480785] [0.0199211928993]
0.02018161118035 [0.0202331822366] [0.0201300401241]
0.02016826160255 [0.0194543730468] [0.0208821501583]
0.02099908608945 [0.0193015038967] [0.0226966682822]
0.022881523706 [0.0197455473244] [0.0260175000876]
0.0258174072951 [0.0207750145346] [0.0308598000556]
0.028864146210249998 [0.0217538382858] [0.0359744541347]
0.030662399716699998 [0.0219666529447] [0.0393581464887]
0.0309627158567 [0.0212496425956] [0.0406757891178]
0.0303001338616 [0.0202087108046] [0.0403915569186]
0.02918780688195 [0.0192797835916] [0.0390958301723]
0.02817237284035 [0.0187935438007] [0.03755120188]
0.02732645347715 [0.0188851505518] [0.0357677564025]
0.0266567049548 [0.0193744841963] [0.0339389257133]
0.026285472326 [0.0197773780674] [0.0327935665846]
0.025987060740599997 [0.0199660472572] [0.032008074224]
0.02528664190325 [0.019755281508] [0.0308180022985]
0.0237666396424 [0.0190970003605] [0.0284362789243]
0.0218017436564 [0.0178478900343] [0.0257555972785]
