0.10023071244340001 [0.0855939164758] [0.114867508411]
0.11594602093100001 [0.101324804127] [0.130567237735]
0.119914252311 [0.105857692659] [0.133970811963]
0.1151539236305 [0.104545012116] [0.125762835145]
0.1064994186165 [0.101097904146] [0.111900933087]
0.09841364249585 [0.0972653329372] [0.0995619520545]
0.09308706223964999 [0.0940814465284] [0.0920926779509]
0.09025636315345001 [0.0921845510602] [0.0883281752467]
0.08956586197015 [0.0915959179401] [0.0875358060002]
0.090684145689 [0.0932812169194] [0.0880870744586]
0.09350749105215 [0.0972180366516] [0.0897969454527]
0.09643732383840001 [0.102347023785] [0.0905276238918]
0.0979800261556 [0.107460953295] [0.0884990990162]
0.0974696166815 [0.110658347607] [0.084280885756]
0.09469718858625001 [0.112027086318] [0.0773672908545]
0.09078344330215 [0.112963110209] [0.0686037763953]
0.0871934685857 [0.114781804383] [0.0596051327884]
0.0853954702618 [0.119804784656] [0.0509861558676]
0.08492145687365 [0.126823112369] [0.0430198013783]
0.08245724439635001 [0.129578649998] [0.0353358387947]
0.07060489244755 [0.112663924694] [0.0285458602011]
0.05492923781275 [0.0866499394178] [0.0232085362077]
0.0433150725439 [0.0670153647661] [0.0196147803217]
0.03672512527555 [0.0562104433775] [0.0172398071736]
0.03297364432365 [0.0503540448844] [0.0155932437629]
0.03068611444905 [0.0470215752721] [0.014350653626]
0.029126362875100002 [0.0447778068483] [0.0134749189019]
0.027833818458000002 [0.0427788197994] [0.0128888171166]
0.02666338486595 [0.0407975055277] [0.0125292642042]
0.025484955403950002 [0.0386415757239] [0.012328335084]
0.024359927978349998 [0.0363864302635] [0.0123334256932]
0.0233925371431 [0.0342469699681] [0.0125381043181]
0.022753235884000002 [0.0325816385448] [0.0129248332232]
0.0224957265891 [0.0315040796995] [0.0134873734787]
0.02287442144005 [0.0314823500812] [0.0142664927989]
0.02415941422805 [0.032871838659] [0.0154469897971]
0.0266581196338 [0.035985711962] [0.0173305273056]
0.03098979592325 [0.0413641706109] [0.0206154212356]
0.037506560795 [0.0485528483987] [0.0264602731913]
0.0428302437067 [0.0510495007038] [0.0346109867096]
0.040862141177050004 [0.043392855674] [0.0383314266801]
0.0331975035369 [0.0335199050605] [0.0328751020133]
0.027509002015 [0.0278224237263] [0.0271955803037]
0.02539699245245 [0.0256698932499] [0.025124091655]
0.0251214792952 [0.0249585714191] [0.0252843871713]
0.02535680215805 [0.0246060024947] [0.0261076018214]
0.02546848822385 [0.0241381414235] [0.0267988350242]
0.02509023901075 [0.0231401156634] [0.0270403623581]
0.02443104609845 [0.021853916347] [0.0270081758499]
0.02372054662555 [0.0207192320377] [0.0267218612134]
0.0230700960383 [0.0199338011444] [0.0262063909322]
0.02251712139695 [0.0195301678032] [0.0255040749907]
0.0220255674794 [0.0194316729903] [0.0246194619685]
0.02166551258415 [0.0195381026715] [0.0237929224968]
0.02152257040145 [0.0197299066931] [0.0233152341098]
0.02159352973105 [0.0199994556606] [0.0231876038015]
0.02175995334985 [0.0201989915222] [0.0233209151775]
0.0219106124714 [0.0203545000404] [0.0234667249024]
0.02199122402815 [0.0206312071532] [0.0233512409031]
0.02198441326615 [0.0211786627769] [0.0227901637554]
0.02182103414085 [0.0217148531228] [0.0219272151589]
0.021593418903649998 [0.0225231200457] [0.0206637177616]
0.02180358581245 [0.0238758251071] [0.0197313465178]
0.0222780602053 [0.0252434965223] [0.0193126238883]
0.0230023553595 [0.0264431256801] [0.0195615850389]
0.023751277476550002 [0.027241686359] [0.0202608685941]
0.0245629893616 [0.0277104061097] [0.0214155726135]
0.0254936171696 [0.0280667766929] [0.0229204576463]
0.0266362205148 [0.0285050235689] [0.0247674174607]
0.02815627958625 [0.0292451605201] [0.0270673986524]
0.030369136482500003 [0.0306271761656] [0.0301110967994]
0.0331465601921 [0.0325418040156] [0.0337513163686]
0.035583470016699995 [0.0341261178255] [0.0370408222079]
0.03684587217865 [0.0343598872423] [0.039331857115]
0.0365783534944 [0.0333483032882] [0.0398084037006]
0.035877203568800003 [0.0317681059241] [0.0399863012135]
0.0354498941451 [0.030268702656] [0.0406310856342]
0.03550846502185 [0.0291128605604] [0.0419040694833]
0.0361236939207 [0.0284139569849] [0.0438334308565]
0.036930539645250005 [0.0283197071403] [0.0455413721502]
0.0365928877145 [0.0277267321944] [0.0454590432346]
0.035300720483050003 [0.0266782455146] [0.0439231954515]
0.03363632969555 [0.0256629027426] [0.0416097566485]
0.0323372911662 [0.0251006819308] [0.0395739004016]
0.03176467027515 [0.0254688654095] [0.0380604751408]
0.0317819369957 [0.026453608647] [0.0371102653444]
0.03217797353865 [0.0275209546089] [0.0368349924684]
0.033019118011 [0.0283966846764] [0.0376415513456]
0.03418856300415 [0.0289497934282] [0.0394273325801]
0.0354936886579 [0.0295156724751] [0.0414717048407]
0.0360288573429 [0.0292718429118] [0.042785871774]
0.0357382548973 [0.0289687160403] [0.0425077937543]
0.03463710844515 [0.0284527018666] [0.0408215150237]
0.032784466631699996 [0.0275359395891] [0.0380329936743]
0.0305989952758 [0.0264393556863] [0.0347586348653]
0.028316991403700004 [0.0251156128943] [0.0315183699131]
0.02643712889405 [0.0240829717368] [0.0287912860513]
0.02526850812135 [0.0232881642878] [0.0272488519549]
0.0247875759378 [0.0227400716394] [0.0268350802362]
0.02459051739425 [0.0221126507968] [0.0270683839917]
0.0242278864607 [0.0211852006614] [0.02727057226]
0.0233313627541 [0.0200485084206] [0.0266142170876]
0.021898172795800003 [0.0189048983157] [0.0248914472759]
0.0202511306852 [0.0179553795606] [0.0225468818098]
0.018810027279 [0.0172977149487] [0.0203223396093]
0.017809858545650002 [0.0168727077544] [0.0187470093369]
0.01748691219835 [0.0168993733823] [0.0180744510144]
0.017510615289199997 [0.0169480536133] [0.0180731769651]
0.017790447920549998 [0.0171222053468] [0.0184586904943]
0.0182866919786 [0.0174484923482] [0.019124891609]
0.0191224515438 [0.018089896068] [0.0201550070196]
0.0204041833058 [0.0192961394787] [0.0215122271329]
0.02180626243355 [0.0207642838359] [0.0228482410312]
0.0227195043117 [0.0220048930496] [0.0234341155738]
0.0231129331514 [0.0230717565864] [0.0231541097164]
0.02309391181915 [0.0236197859049] [0.0225680377334]
0.023099423386150002 [0.0238046199083] [0.022394226864]
0.0234255278483 [0.0237870123237] [0.0230640433729]
0.024360068142450002 [0.0237328577787] [0.0249872785062]
0.02621011435985 [0.0240959115326] [0.0283243171871]
0.0285170879215 [0.0247582830489] [0.0322758927941]
0.03039404843005 [0.0255902502686] [0.0351978465915]
0.03053799271585 [0.0260107629001] [0.0350652225316]
0.03011548053475 [0.0262560043484] [0.0339749567211]
0.0300557939336 [0.0265724267811] [0.0335391610861]
