0.11959254369120001 [0.149683102965] [0.0895019844174]
0.09282492473734999 [0.116852976382] [0.0687968730927]
0.07467720657585 [0.0924673974514] [0.0568870157003]
0.0625073872507 [0.074883915484] [0.0501308590174]
0.054409159347399996 [0.062554910779] [0.0462634079158]
0.0494616702199 [0.0545491464436] [0.0443741939962]
0.046630024909949996 [0.0496099554002] [0.0436500944197]
0.04493996314705 [0.0466284826398] [0.0432514436543]
0.0434626918286 [0.0445583947003] [0.0423669889569]
0.041780134663 [0.0427228845656] [0.0408373847604]
0.04001125879585 [0.0409568026662] [0.0390657149255]
0.038527242839299994 [0.0393551588058] [0.0376993268728]
0.03758733533325 [0.038245651871] [0.0369290187955]
0.0373094212264 [0.0378971472383] [0.0367216952145]
0.037930672988299996 [0.0387408770621] [0.0371204689145]
0.03959387168285 [0.0410183742642] [0.0381693691015]
0.04275580868125 [0.0452898219228] [0.0402217954397]
0.0486782360822 [0.0534161776304] [0.043940294534]
0.058044882491250005 [0.0662694498897] [0.0498203150928]
0.0701097436249 [0.0835776478052] [0.0566418394446]
0.07961635664105 [0.0991932749748] [0.0600394383073]
0.08460487052775001 [0.10990127176] [0.0593084692955]
0.08640213869525 [0.114983275533] [0.0578210018575]
0.08720804378415 [0.116192772985] [0.0582233145833]
0.0892882086336 [0.116852596402] [0.0617238208652]
0.0932251289486 [0.118062764406] [0.0683874934912]
0.09838003665215 [0.120435409248] [0.0763246640563]
0.1033156774938 [0.12427303195] [0.0823583230376]
0.1073182374238 [0.128610640764] [0.0860258340836]
0.1096159145234 [0.131498470902] [0.0877333581448]
0.11000211909409999 [0.131399989128] [0.0886042490602]
0.1083903536203 [0.127800226212] [0.0889804810286]
0.10452409461154999 [0.120946466923] [0.0881017223001]
0.09648600593215001 [0.107219465077] [0.0857525467873]
0.0886194705963 [0.0941059440374] [0.0831329971552]
0.08345068246125001 [0.0851432010531] [0.0817581638694]
0.08151829242705 [0.0795982033014] [0.0834383815527]
0.0810246951878 [0.0757794976234] [0.0862698927522]
0.0777493342757 [0.0726128518581] [0.0828858166933]
0.07106552645565001 [0.0694738253951] [0.0726572275162]
0.06492453068495 [0.0660940930247] [0.0637549683452]
0.059997584670750004 [0.0626711323857] [0.0573240369558]
0.05600809305905 [0.0594225898385] [0.0525935962796]
0.05298340693115 [0.0565736033022] [0.0493932105601]
0.05061103217305 [0.0541132539511] [0.047108810395]
0.04868073016405 [0.052150644362] [0.0452108159661]
0.0472228191793 [0.0508660487831] [0.0435795895755]
0.0463227722794 [0.0504770204425] [0.0421685241163]
0.04614945687355 [0.0511612147093] [0.0411376990378]
0.046487506479 [0.0529987066984] [0.0399763062596]
0.0469846650958 [0.0558702126145] [0.0380991175771]
0.044125309214 [0.0541303791106] [0.0341202393174]
0.03712520375845 [0.0458110757172] [0.0284393317997]
0.029323155991749998 [0.0356316789985] [0.023014632985]
0.02370189223435 [0.0283444151282] [0.0190593693405]
0.02055329363795 [0.0243406649679] [0.016765922308]
0.0191550375894 [0.0224162023515] [0.0158938728273]
0.018644460476950002 [0.0215117353946] [0.0157771855593]
0.0184130826965 [0.0209505353123] [0.0158756300807]
0.01811351161455 [0.020390579477] [0.0158364437521]
0.017761299386649998 [0.0197902452201] [0.0157323535532]
0.0174227450043 [0.0192292891443] [0.0156162008643]
0.01706797769295 [0.0186742823571] [0.0154616730288]
0.01671022176745 [0.0181570481509] [0.015263395384]
0.01645015599205 [0.0177646186203] [0.0151356933638]
0.01638682466005 [0.0176730640233] [0.0151005852968]
0.016812272369900003 [0.0182384848595] [0.0153860598803]
0.018299472518299997 [0.0201154034585] [0.0164835415781]
0.021770020946850002 [0.0242897234857] [0.019250318408]
0.0290711754933 [0.0327111929655] [0.0254311580211]
0.04350852780045 [0.0486019961536] [0.0384150594473]
0.06675201654435 [0.0723841115832] [0.0611199215055]
0.08843277022245 [0.0921603366733] [0.0847052037716]
0.09333323687315001 [0.0975729376078] [0.0890935361385]
0.08103105798365 [0.0894819274545] [0.0725801885128]
0.05595949292185 [0.0667714253068] [0.0451475605369]
0.0338192312047 [0.0426669716835] [0.0249714907259]
0.0215330705978 [0.027811313048] [0.0152548281476]
0.01552470540625 [0.0202235653996] [0.0108258454129]
0.01272704871372 [0.0166396778077] [0.00881441961974]
0.011610942427079999 [0.0152230691165] [0.00799881573766]
0.0114607962314 [0.0151133481413] [0.0078082443215]
0.011840706225495 [0.0157439876348] [0.00793742481619]
0.012455654330545 [0.0167054645717] [0.00820584408939]
0.013058650772999999 [0.0176502447575] [0.0084670567885]
0.013531467411664999 [0.0183793567121] [0.00868357811123]
0.013823823537695 [0.0188060216606] [0.00884162541479]
0.013989004772135 [0.0189535412937] [0.00902446825057]
0.014062466565540001 [0.0188760850579] [0.00924884807318]
0.01422840403392 [0.0187752060592] [0.00968160200864]
0.014798177871850001 [0.0191606190056] [0.0104357367381]
0.0161428516731 [0.0204478707165] [0.0118378326297]
0.01875709509475 [0.0230898745358] [0.0144243156537]
0.0232237353921 [0.0272272415459] [0.0192202292383]
0.029953235760299998 [0.0323951542377] [0.0275113172829]
0.0379773657769 [0.0369136929512] [0.0390410386026]
0.043977793306099994 [0.0389299429953] [0.0490256436169]
0.044185070321 [0.0378158576787] [0.0505542829633]
0.0393812060356 [0.0340505950153] [0.0447118170559]
0.0337807862088 [0.0298861693591] [0.0376754030585]
0.0292732324451 [0.0265635065734] [0.0319829583168]
0.026106778532249998 [0.0244365315884] [0.0277770254761]
0.0239604152739 [0.023235661909] [0.0246851686388]
0.02271663211285 [0.0228096991777] [0.022623565048]
0.02218298614025 [0.0230545327067] [0.0213114395738]
0.022154931910299998 [0.0239389594644] [0.0203709043562]
0.022388952784250002 [0.0252148397267] [0.0195630658418]
0.02246194984765 [0.0262961108238] [0.0186277888715]
0.0221355194226 [0.0267125144601] [0.0175585243851]
0.021217356435949998 [0.0260510221124] [0.0163836907595]
0.020154682453750003 [0.0247659739107] [0.0155433909968]
0.019372562412149998 [0.0235333982855] [0.0152117265388]
0.0192002672702 [0.0229711290449] [0.0154294054955]
0.01980618946255 [0.0234006531537] [0.0162117257714]
0.02131566032765 [0.0250453148037] [0.0175860058516]
0.0238921316341 [0.0280780885369] [0.0197061747313]
0.0277079753578 [0.0327067524195] [0.0227091982961]
0.0320976590738 [0.0383227989078] [0.0258725192398]
0.0354911535978 [0.0428440533578] [0.0281382538378]
0.0372249726206 [0.0447246804833] [0.0297252647579]
0.037597043439750004 [0.0445345491171] [0.0306595377624]
0.037373606115600005 [0.0434860959649] [0.0312611162663]
0.03716925531625 [0.0424984768033] [0.0318400338292]
0.037465630099199995 [0.0424304790795] [0.0325007811189]
0.0386089142412 [0.0438383221626] [0.0333795063198]
0.040616802871199995 [0.046808026731] [0.0344255790114]
0.0432461798191 [0.0511827208102] [0.035309638828]
0.0451128166169 [0.0545471198857] [0.0356785133481]
0.04566391929985 [0.0558771006763] [0.0354507379234]
0.04623222351075 [0.0570519529283] [0.0354124940932]
0.047756992280499996 [0.0588531084359] [0.0366608761251]
0.0509115383029 [0.0617085881531] [0.0401144884527]
0.054744809865950005 [0.0646559596062] [0.0448336601257]
0.058492064476 [0.0675870627165] [0.0493970662355]
0.061406306922400004 [0.069957062602] [0.0528555512428]
0.06337820738555 [0.0717519298196] [0.0550044849515]
0.06483678519725 [0.0731280595064] [0.0565455108881]
0.06600215286015 [0.0741457492113] [0.057858556509]
0.06723789684475 [0.0751247853041] [0.0593510083854]
0.06923878751695 [0.0770071297884] [0.0614704452455]
0.07301615551115001 [0.0812859386206] [0.0647463724017]
0.07978334277865 [0.0899896472692] [0.0695770382881]
0.0885062515733 [0.100272417068] [0.0767400860786]
0.09878133237385 [0.11262934655] [0.0849333181977]
0.10745380073800001 [0.123434044421] [0.091473557055]
0.1141617931426 [0.131018832326] [0.0973047539592]
0.12000447884200001 [0.13808837533] [0.101920582354]
0.1259366422895 [0.14710842073] [0.104764863849]
0.1293334551155 [0.151652559638] [0.107014350593]
0.1216399595141 [0.144432902336] [0.0988470166922]
0.09704977646480001 [0.115581944585] [0.0785176083446]
0.0714377313852 [0.0819751769304] [0.06090028584]
0.05324022471905 [0.0582359358668] [0.0482445135713]
0.0428168792278 [0.0450286008418] [0.0406051576138]
0.037770478054849996 [0.0386902876198] [0.0368506684899]
0.03552270494405 [0.0360441207886] [0.0350012890995]
0.03486759215595 [0.0352748371661] [0.0344603471458]
0.035124357789749996 [0.0356441326439] [0.0346045829356]
0.03583907335995 [0.0367916673422] [0.0348864793777]
0.03643298894165 [0.0380553342402] [0.0348106436431]
0.036767629906499996 [0.0392127856612] [0.0343224741518]
0.0365707334131 [0.0396568700671] [0.0334845967591]
0.0359314847738 [0.0392015613616] [0.032661408186]
0.03499589301645 [0.0383608788252] [0.0316309072077]
0.03430781792845 [0.0378869362175] [0.0307286996394]
0.034022665582600004 [0.0382224358618] [0.0298228953034]
0.034376703202700004 [0.0397110432386] [0.0290423631668]
0.035415571183 [0.0424535311759] [0.0283776111901]
0.03699585795405 [0.0463691093028] [0.0276226066053]
0.03918392490595 [0.0514258928597] [0.0269419569522]
0.040796463377749996 [0.0562019087374] [0.0253910180181]
0.03993927128615 [0.0563992112875] [0.0234793312848]
0.03569629974665 [0.049913931638] [0.0214786678553]
0.031230827793449996 [0.0423562377691] [0.0201054178178]
0.0279302038252 [0.0365526862442] [0.0193077214062]
0.0263113658875 [0.0333887003362] [0.0192340314388]
0.02577814273535 [0.0317917764187] [0.019764509052]
0.025850889272949998 [0.0311674047261] [0.0205343738198]
0.02623085305095 [0.0310038458556] [0.0214578602463]
0.02666433062405 [0.0309514198452] [0.0223772414029]
0.0272683920339 [0.0309912078083] [0.0235455762595]
0.02794427610935 [0.0310086272657] [0.024879924953]
0.0287404358387 [0.0310388337821] [0.0264420378953]
0.02940925117585 [0.0307542588562] [0.0280642434955]
0.0300973048434 [0.0304266419262] [0.0297679677606]
