M B1 B2
0.1320360526444 [0.171048164368] [0.0930239409208]
0.12945199757804998 [0.168200522661] [0.0907034724951]
0.1276367455719 [0.166497841477] [0.0887756496668]
0.12605609372249998 [0.164589717984] [0.087522469461]
0.123993575573 [0.160792157054] [0.087194994092]
0.12197667732845 [0.155784621835] [0.0881687328219]
0.12165210768575001 [0.151810646057] [0.0914935693145]
0.1253453493118 [0.151949673891] [0.0987410247326]
0.1356793195005 [0.157910123467] [0.113448515534]
0.1541451513765 [0.168643251061] [0.139647051692]
0.178393535316 [0.180877357721] [0.175909712911]
0.20053151994899998 [0.190946578979] [0.210116460919]
0.21251112222649998 [0.198633611202] [0.226388633251]
0.21783369779599998 [0.204711139202] [0.23095625639]
0.219662196934 [0.207998588681] [0.231325805187]
0.218806900084 [0.206856876612] [0.230756923556]
0.2162776067855 [0.203073114157] [0.229482099414]
0.213121578097 [0.199927181005] [0.226315975189]
0.212109349668 [0.200487375259] [0.223731324077]
0.2158557400105 [0.208684682846] [0.223026797175]
0.224559754133 [0.223098158836] [0.22602134943]
0.237515904009 [0.241229102015] [0.233802706003]
0.256379827857 [0.263060480356] [0.249699175358]
0.276028200984 [0.286506980658] [0.26554942131]
0.294729679823 [0.308785557747] [0.280673801899]
0.30950376391400003 [0.328511059284] [0.290496468544]
0.3174599856135 [0.338084429502] [0.296835541725]
0.317838832736 [0.332745343447] [0.302932322025]
0.3191978931425 [0.32692527771] [0.311470508575]
0.3197215646505 [0.321280181408] [0.318162947893]
0.32191756367650004 [0.31822925806] [0.325605869293]
0.3026310652495 [0.282013237476] [0.323248893023]
0.2496317625045 [0.199475079775] [0.299788445234]
0.188070818782 [0.119750916958] [0.256390720606]
0.14116647094485 [0.0720086991787] [0.210324242711]
0.1107902284713 [0.0475719086826] [0.17400854826]
0.0927268583327 [0.0358824916184] [0.149571225047]
0.08329767733820001 [0.0305377691984] [0.136057585478]
0.0793514437975 [0.028344027698] [0.130358859897]
0.078859228641 [0.027472756803] [0.130245700479]
0.07980878651145 [0.0269647240639] [0.132652848959]
0.08110968954875 [0.0265363790095] [0.135683000088]
0.08192339260130001 [0.0261511001736] [0.137695685029]
0.08192988578220001 [0.0257664788514] [0.138093292713]
0.08140845038 [0.025297049433] [0.137519851327]
0.08035397343345 [0.0245479308069] [0.13616001606]
0.07982645928855 [0.0238809585571] [0.13577196002]
0.08089899551135 [0.0240733977407] [0.137724593282]
0.0853369170798 [0.0262307394296] [0.14444309473]
0.09563597105435 [0.0318566970527] [0.159415245056]
0.1144938450308 [0.0435127578676] [0.185474932194]
0.14038274809695 [0.0638600513339] [0.21690544486]
0.1527339965106 [0.0757673680782] [0.229700624943]
0.13112893141795 [0.0581401921809] [0.204117670655]
0.09779030084615 [0.0370891541243] [0.158491447568]
0.0724920434878 [0.0247243177146] [0.120259769261]
0.05733357556165 [0.0180955640972] [0.0965715870261]
0.0495190140791 [0.0145667651668] [0.0844712629914]
0.0461277407594 [0.012811110355] [0.0794443711638]
0.0451039769687 [0.0121884169057] [0.0780195370317]
0.0452051702887 [0.0123082138598] [0.0781021267176]
0.045759364496900004 [0.012850320898] [0.0786684080958]
0.04638197552415 [0.0134503748268] [0.0793135762215]
0.047105211764599995 [0.013921931386] [0.0802884921432]
0.0479684676975 [0.014101844281] [0.081835091114]
0.0489315898158 [0.0141089530662] [0.0837542265654]
0.0499931876548 [0.0139870727435] [0.0859993025661]
0.051676497328999996 [0.0139402085915] [0.0894127860665]
0.05494213243945 [0.0143527863547] [0.0955314785242]
0.06118441559375 [0.0157674737275] [0.10660135746]
0.0724333124236 [0.0192018840462] [0.125664740801]
0.09097432065755 [0.0264524165541] [0.155496224761]
0.1185431946068 [0.0414149202406] [0.195671468973]
0.15490078181015 [0.0712995380163] [0.238502025604]
0.19259101897499997 [0.121344432235] [0.263837605715]
0.2226106598975 [0.176298812032] [0.268922507763]
0.23303407430650003 [0.203849285841] [0.262218862772]
0.23066846281300002 [0.20626090467] [0.255076020956]
0.22773412615049998 [0.204163357615] [0.251304894686]
0.2287796884775 [0.205320686102] [0.252238690853]
0.23223460465649998 [0.208563402295] [0.255905807018]
0.2357622012495 [0.213220998645] [0.258303403854]
0.23979885131150003 [0.21701733768] [0.262580364943]
0.24495478719500002 [0.219116047025] [0.270793527365]
0.249244108796 [0.219612836838] [0.278875380754]
0.252559117973 [0.222472086549] [0.282646149397]
0.2579132393 [0.230011448264] [0.285815030336]
0.265051916242 [0.23975455761] [0.290349274874]
0.2725529670715 [0.25185829401] [0.293247640133]
0.2784786373375 [0.262578457594] [0.294378817081]
0.28023226559150005 [0.265619337559] [0.294845193624]
0.2770546227695 [0.25875133276] [0.295357912779]
0.268119953573 [0.249085977674] [0.287153929472]
0.254814259708 [0.23832000792] [0.271308511496]
0.2403323128815 [0.227101758122] [0.253562867641]
0.2253546118735 [0.216698527336] [0.234010696411]
0.210260473192 [0.206425368786] [0.214095577598]
0.19766341149799999 [0.195991411805] [0.199335411191]
0.1879661753775 [0.186983987689] [0.188948363066]
0.179428450763 [0.178101971745] [0.180754929781]
0.17286842316399997 [0.171038120985] [0.174698725343]
0.1677468270065 [0.163934916258] [0.171558737755]
0.1642672494055 [0.156766906381] [0.17176759243]
0.1624729409815 [0.150072678924] [0.174873203039]
0.162217602134 [0.144868284464] [0.179566919804]
0.162986151874 [0.142087295651] [0.183885008097]
0.16439090669200002 [0.141999945045] [0.186781868339]
0.167183555663 [0.145701810718] [0.188665300608]
0.1708934158085 [0.15076328814] [0.191023543477]
0.1756686121225 [0.156878679991] [0.194458544254]
0.181037850678 [0.163679525256] [0.1983961761]
0.186277680099 [0.169635489583] [0.202919870615]
0.190792582929 [0.174268633127] [0.207316532731]
0.1944181248545 [0.178025573492] [0.210810676217]
0.19744925200949998 [0.181509315968] [0.213389188051]
0.199602872133 [0.184576079249] [0.214629665017]
0.2008143514395 [0.186862424016] [0.214766278863]
0.1999364942315 [0.186337247491] [0.213535740972]
0.1933738589285 [0.175994083285] [0.210753634572]
0.1847980320455 [0.162983119488] [0.206612944603]
0.17591138184049998 [0.149824038148] [0.201998725533]
0.167982161045 [0.138094931841] [0.197869390249]
0.161678992212 [0.129096508026] [0.194261476398]
0.156718272716 [0.121606446803] [0.191830098629]
0.152024213225 [0.115297533572] [0.188750892878]
0.150237698108 [0.110729135573] [0.189746260643]
0.15268695727 [0.108780615032] [0.196593299508]
0.1573447845875 [0.109885953367] [0.204803615808]
0.1623099036515 [0.11288728565] [0.211732521653]
0.167655095458 [0.116063132882] [0.219247058034]
0.16928041726350002 [0.117922127247] [0.22063870728]
0.1696601882575 [0.119275584817] [0.220044791698]
0.170313749462 [0.122058190405] [0.218569308519]
0.17349702119799998 [0.128157764673] [0.218836277723]
0.17752633988849997 [0.136993795633] [0.218058884144]
0.18129239976400002 [0.145001903176] [0.217582896352]
0.185091920197 [0.151097476482] [0.219086363912]
0.1895187050105 [0.156195938587] [0.222841471434]
0.193228431046 [0.160401821136] [0.226055040956]
0.195938281715 [0.165681779385] [0.226194784045]
0.197565726936 [0.173112034798] [0.222019419074]
0.198554895818 [0.181468501687] [0.215641289949]
0.197719581425 [0.18859359622] [0.20684556663]
0.196357809007 [0.193587377667] [0.199128240347]
0.194935433567 [0.196622923017] [0.193247944117]
0.195247374475 [0.198869839311] [0.191624909639]
0.19606593996299998 [0.199249356985] [0.192882522941]
0.197653308511 [0.199127495289] [0.196179121733]
0.19824439287200002 [0.19681763649] [0.199671149254]
0.198940709233 [0.193613156676] [0.20426826179]
0.2008445337415 [0.192685469985] [0.209003597498]
