M B1 B2
0.0414864216 [0.0263069495559] [0.0566658936441]
0.042440096847700004 [0.0264287423342] [0.0584514513612]
0.04339863173665 [0.0266469605267] [0.0601503029466]
0.04438133351505 [0.0274004153907] [0.0613622516394]
0.0459585180506 [0.0295098554343] [0.0624071806669]
0.049129191786050005 [0.0342466756701] [0.064011707902]
0.055344564840200006 [0.0438860170543] [0.0668031126261]
0.06662330031395 [0.0622630119324] [0.0709835886955]
0.08477042615415001 [0.092899248004] [0.0766416043043]
0.10679453611365 [0.129365339875] [0.0842237323523]
0.1251218207179 [0.155344650149] [0.0948989912868]
0.14379278197849998 [0.170219942927] [0.11736562103]
0.1657154038545 [0.175381466746] [0.156049340963]
0.1635751500725 [0.139995396137] [0.187154904008]
0.12328057363645 [0.0812426581979] [0.165318489075]
0.0829619988799 [0.0461698323488] [0.119754165411]
0.057979580014949995 [0.0299391001463] [0.0860200598836]
0.044556416571150004 [0.0226634517312] [0.0664493814111]
0.0375090269372 [0.0194096136838] [0.0556084401906]
0.03423878364265 [0.0180513076484] [0.0504262596369]
0.033062286675000004 [0.0176002047956] [0.0485243685544]
0.03290043771265 [0.0175198279321] [0.0482810474932]
0.03310667257755 [0.0175375621766] [0.0486757829785]
0.03342611715195 [0.017523355782] [0.0493288785219]
0.03376162517815 [0.0174811203033] [0.050042130053]
0.03409558814015 [0.0174443107098] [0.0507468655705]
0.034507764503350004 [0.0174226313829] [0.0515928976238]
0.03533337265255 [0.0174517631531] [0.053214982152]
0.036998674273499996 [0.0176813788712] [0.0563159696758]
0.0402026847005 [0.0184308700264] [0.0619744993746]
0.0460206717253 [0.0202344954014] [0.0718068480492]
0.05600858666005 [0.0240279994905] [0.0879891738296]
0.07245383039115 [0.0318482220173] [0.113059438765]
0.09804214909655 [0.0487490519881] [0.147335246205]
0.13417476415655 [0.0858763158321] [0.182473212481]
0.180963642895 [0.155892640352] [0.206034645438]
0.224149480462 [0.232725635171] [0.215573325753]
0.2446696460245 [0.273932993412] [0.215406298637]
0.245429120958 [0.277617931366] [0.21324031055]
0.24559659510850002 [0.279926985502] [0.211266204715]
0.24401648342600002 [0.276484310627] [0.211548656225]
0.243700891733 [0.272445589304] [0.214956194162]
0.2428595796225 [0.264561265707] [0.221157893538]
0.237209275365 [0.246429920197] [0.227988630533]
0.228697434068 [0.223650336266] [0.23374453187]
0.197404637933 [0.160986989737] [0.233822286129]
0.1564012691379 [0.0920547693968] [0.220747768879]
0.12008507736005 [0.0511148609221] [0.189055293798]
0.0906078312544 [0.0311320014298] [0.150083661079]
0.0694607524201 [0.0211777742952] [0.117743730545]
0.0561416251585 [0.0159119274467] [0.0963713228703]
0.04845785954965 [0.0130738066509] [0.0838419124484]
0.0449844268151 [0.0116383293644] [0.0783305242658]
0.0441973390989 [0.0110456785187] [0.0773489996791]
0.044754700735200006 [0.0109428055584] [0.078566595912]
0.0456239026971 [0.011112251319] [0.0801355540752]
0.046293709892799996 [0.0113761359826] [0.081211283803]
0.046760515309900004 [0.0116764996201] [0.0818445309997]
0.0471489066258 [0.0119293425232] [0.0823684707284]
0.047363627702 [0.0121671482921] [0.0825601071119]
0.0474612382241 [0.0123737091199] [0.0825487673283]
0.04779505589975 [0.0127299102023] [0.0828602015972]
0.049280010629450005 [0.0135551625863] [0.0850048586726]
0.05351495696235 [0.0155571168289] [0.0914727970958]
0.06272110808665 [0.0201021451503] [0.105340071023]
0.0804894752798 [0.0300396606326] [0.130939289927]
0.1107534132896 [0.0517035201192] [0.16980330646]
0.1562375314532 [0.0968280509114] [0.215647011995]
0.21196775138399998 [0.172254562378] [0.25168094039]
0.256626978517 [0.249249875546] [0.264004081488]
0.279004633427 [0.300419569016] [0.257589697838]
0.2765424475075 [0.308209240437] [0.244875654578]
0.2730899080635 [0.314159959555] [0.232019856572]
0.26747070997949995 [0.313410013914] [0.221531406045]
0.2619877159595 [0.311951726675] [0.212023705244]
0.25604403764 [0.309114098549] [0.202973976731]
0.251250065863 [0.304490208626] [0.1980099231]
0.2474437430505 [0.297360002995] [0.197527483106]
0.2430084347725 [0.285426676273] [0.200590193272]
0.2364161387085 [0.268345683813] [0.204486593604]
0.228877902031 [0.250072956085] [0.207682847977]
0.222118921578 [0.233620092273] [0.210617750883]
0.21748091280499998 [0.220821142197] [0.214140683413]
0.218275286257 [0.215723261237] [0.220827311277]
0.2225131168965 [0.217033043504] [0.227993190289]
0.2294103875755 [0.22530695796] [0.233513817191]
0.238656818867 [0.238948941231] [0.238364696503]
0.248725399375 [0.254868865013] [0.242581933737]
0.2587988078595 [0.268858551979] [0.24873906374]
0.268059104681 [0.276819974184] [0.259298235178]
0.2767797410485 [0.279864311218] [0.273695170879]
0.283418342471 [0.279938310385] [0.286898374557]
0.2878177165985 [0.276836484671] [0.298798948526]
0.2901366204025 [0.274383455515] [0.30588978529]
0.290409103036 [0.275320917368] [0.305497288704]
0.2909964323045 [0.279653817415] [0.302339047194]
0.29030559957 [0.283892035484] [0.296719163656]
0.28809963166700003 [0.286331564188] [0.289867699146]
0.284518063068 [0.286300629377] [0.282735496759]
0.27523778378950003 [0.284947603941] [0.265527963638]
0.262811690569 [0.279466032982] [0.246157348156]
0.24982529133550002 [0.268885940313] [0.230764642358]
0.236820191145 [0.256988435984] [0.216651946306]
0.224738009274 [0.246517449617] [0.202958568931]
0.21610958129149999 [0.240255266428] [0.191963896155]
0.2097394689915 [0.237425357103] [0.18205358088]
0.204671181738 [0.235391438007] [0.173950925469]
0.19955368340000001 [0.229939326644] [0.169168040156]
0.1944342255595 [0.221344187856] [0.167524263263]
0.1909518018365 [0.213034033775] [0.168869569898]
0.189525231719 [0.205615580082] [0.173434883356]
0.1926760226485 [0.204175651073] [0.181176394224]
0.19829068332900002 [0.206155091524] [0.190426275134]
0.204578138888 [0.209653705359] [0.199502572417]
0.2086516246195 [0.210146695375] [0.207156553864]
0.21177777648 [0.212183117867] [0.211372435093]
0.215539447963 [0.214143872261] [0.216935023665]
0.21981989592349999 [0.213833868504] [0.225805923343]
0.2241778299215 [0.208719596267] [0.239636063576]
0.2296856418255 [0.198271110654] [0.261100172997]
0.23675224185 [0.185112029314] [0.288392454386]
0.24337229132649998 [0.173269748688] [0.313474833965]
