M B1 B2
0.14822150021795 [0.225226327777] [0.0712166726589]
0.15566500276335 [0.23732380569] [0.0740061998367]
0.1686675399543 [0.255286484957] [0.0820485949516]
0.1882560849188 [0.279320299625] [0.0971918702126]
0.214357234538 [0.307434201241] [0.121280267835]
0.2384997978805 [0.325409621] [0.151589974761]
0.2498511746525 [0.32564535737] [0.174056991935]
0.24675479531299999 [0.315081447363] [0.178428143263]
0.2342075333 [0.295029014349] [0.173386052251]
0.22171473503099998 [0.276535600424] [0.166893869638]
0.18853654712450002 [0.218984857202] [0.158088237047]
0.140453599393 [0.135504454374] [0.145402744412]
0.1001523472369 [0.0736214146018] [0.126683279872]
0.07358880899834999 [0.0417936630547] [0.105383954942]
0.0562571650371 [0.0268572401255] [0.0856570899487]
0.045349109917849996 [0.0197989940643] [0.0708992257714]
0.03882912360135 [0.0166630074382] [0.0609952397645]
0.0352006726898 [0.0155620621517] [0.0548392832279]
0.0331712127663 [0.0155175970867] [0.0508248284459]
0.0317701799795 [0.0159828905016] [0.0475574694574]
0.030538514256450003 [0.0167195834219] [0.044357445091]
0.02953321766105 [0.0175314005464] [0.0415350347757]
0.029431035742150002 [0.0186295546591] [0.0402325168252]
0.032050268724549996 [0.0206448286772] [0.0434557087719]
0.038783358409999996 [0.0246432162821] [0.0529235005379]
0.04927566181865 [0.0310368891805] [0.0675144344568]
0.06148129701615 [0.0397550314665] [0.0832075625658]
0.0739494804293 [0.0518541149795] [0.0960448458791]
0.08566766604779999 [0.0694880634546] [0.101847268641]
0.09808522462845 [0.0972164049745] [0.0989540442824]
0.1161295287311 [0.14091360569] [0.0913454517722]
0.1427425816654 [0.201193615794] [0.0842915475368]
0.17274592071779998 [0.263865530491] [0.0816263109446]
0.1977832764388 [0.311614573002] [0.0839519798756]
0.21404803916805 [0.338837891817] [0.0892581865191]
0.22059168666615 [0.347118854523] [0.0940645188093]
0.2186770737171 [0.341457426548] [0.0958967208862]
0.21189012005924998 [0.328592479229] [0.0951877608895]
0.20450055599225 [0.315384924412] [0.0936161875725]
0.19928553700430002 [0.306568831205] [0.0920022428036]
0.19673964008705 [0.3033452034] [0.0901340767741]
0.19626041874289998 [0.304586917162] [0.0879339203238]
0.198506977409 [0.309642344713] [0.087371610105]
0.2032164148985 [0.316170543432] [0.090262286365]
0.20850014686605 [0.320184797049] [0.0968154966831]
0.215191517025 [0.322660446167] [0.107722587883]
0.22167686373 [0.321143299341] [0.122210428119]
0.22540030628450003 [0.314414262772] [0.136386349797]
0.2232096418735 [0.301255702972] [0.145163580775]
0.21609070897100002 [0.284384042025] [0.147797375917]
0.21006263792500002 [0.270836532116] [0.149288743734]
0.2143149897455 [0.270564734936] [0.158065244555]
0.235512882471 [0.292099356651] [0.178926408291]
0.274186097085 [0.337756812572] [0.210615381598]
0.31895264238099996 [0.397116214037] [0.240789070725]
0.3515558987855 [0.445909261703] [0.257202535868]
0.36478364467650004 [0.469123452902] [0.260443836451]
0.3664894849065 [0.474402099848] [0.258576869965]
0.3636150211095 [0.471912801266] [0.255317240953]
0.35949258506299997 [0.468941062689] [0.250044107437]
0.3548447787765 [0.466812103987] [0.242877453566]
0.34976131469 [0.464753478765] [0.234769150615]
0.3462963029745 [0.465381085873] [0.227211520076]
0.34461363405 [0.467062354088] [0.222164914012]
0.346224606037 [0.469933390617] [0.222515821457]
0.350866809487 [0.471897512674] [0.2298361063]
0.35616207122800003 [0.472449749708] [0.239874392748]
0.357553318143 [0.469470739365] [0.245635896921]
0.353027485311 [0.459193557501] [0.246861413121]
0.340778976679 [0.44006857276] [0.241489380598]
