M B1 B2
0.03967353049665 [0.0490840375423] [0.030263023451]
0.041199738159750005 [0.0503411963582] [0.0320582799613]
0.0439800303429 [0.0527987591922] [0.0351613014936]
0.04815123230215 [0.0568292289972] [0.0394732356071]
0.054048141464600005 [0.0629163607955] [0.0451799221337]
0.06095313467084999 [0.0698211863637] [0.052085082978]
0.06804107502105 [0.0762305930257] [0.0598515570164]
0.07529645040630001 [0.082202501595] [0.0683903992176]
0.08407266810535 [0.0894854739308] [0.0786598622799]
0.09718428552130001 [0.100931063294] [0.0934375077486]
0.1179564483465 [0.120035476983] [0.11587741971]
0.150314964354 [0.14966224134] [0.150967687368]
0.1937445774675 [0.188826709986] [0.198662444949]
0.2328126728535 [0.218636408448] [0.246988937259]
0.2510959506035 [0.229638278484] [0.272553622723]
0.2558723241095 [0.233503133059] [0.27824151516]
0.252571478486 [0.231664150953] [0.273478806019]
0.24606145918349998 [0.225329518318] [0.266793400049]
0.23728776723150002 [0.215241596103] [0.25933393836]
0.22874299436849999 [0.205369189382] [0.252116799355]
0.2221991717815 [0.199107170105] [0.245291173458]
0.216765321791 [0.196747660637] [0.236782982945]
0.2120854333045 [0.198204636574] [0.225966230035]
0.207662679255 [0.200355023146] [0.214970335364]
0.2039456292985 [0.201102942228] [0.206788316369]
0.194962218404 [0.196885049343] [0.193039387465]
0.18119284510599998 [0.182350248098] [0.180035442114]
0.16749264299900002 [0.162028566003] [0.172956719995]
0.158200405538 [0.146675720811] [0.169725090265]
0.1535927057265 [0.136863738298] [0.170321673155]
0.1519538015125 [0.130314543843] [0.173593059182]
0.151644654572 [0.125302985311] [0.177986323833]
0.148115802556 [0.116126902401] [0.180104702711]
0.13508908450624998 [0.0947029441595] [0.175475224853]
0.11468764767049999 [0.067360304296] [0.162014991045]
0.09461588226275 [0.0462984107435] [0.142933353782]
0.07876865006975 [0.0332185439765] [0.124318756163]
0.06765435822304999 [0.0253810398281] [0.109927676618]
0.0603704713285 [0.02061624825] [0.100124694407]
0.055779535323350005 [0.0176629722118] [0.0938960984349]
0.053068146109600006 [0.015929274261] [0.0902070179582]
0.051840086467550006 [0.0151181761175] [0.0885619968176]
0.05184383085 [0.0149672655389] [0.0887203961611]
0.052728438749900006 [0.0153161995113] [0.0901406779885]
0.05329958163200001 [0.0158801116049] [0.0907190516591]
0.053071805275950006 [0.0163826290518] [0.0897609815001]
0.05230962950735 [0.0167421866208] [0.0878770723939]
0.0515654347837 [0.0170042961836] [0.0861265733838]
0.051460069604249994 [0.0174701008946] [0.0854500383139]
0.05274842958895 [0.0186555292457] [0.0868413299322]
0.056209053844199997 [0.0212424248457] [0.0911756828427]
0.06248259171845 [0.0261469855905] [0.0988181978464]
0.0720480754969 [0.0348315313458] [0.109264619648]
0.0856755934656 [0.0493537262082] [0.121997460723]
0.10173228755574999 [0.0711613968015] [0.13230317831]
0.11577904224375 [0.0958105921745] [0.135747492313]
0.1205858439205 [0.110620498657] [0.130551189184]
0.11222359538099999 [0.105702005327] [0.118745185435]
0.10087103769195 [0.0927100554109] [0.109032019973]
0.08972073718904999 [0.0795111581683] [0.0999303162098]
0.07868327572945 [0.0675220638514] [0.0898444876075]
0.06760305725035 [0.0566141568124] [0.0785919576883]
0.0584760773927 [0.0482620559633] [0.0686900988221]
0.05221448093655 [0.0425832234323] [0.0618457384408]
0.04847736656665 [0.0386583097279] [0.0582964234054]
0.0468310266733 [0.0361495986581] [0.0575124546885]
0.0463124588132 [0.034508317709] [0.0581165999174]
0.04610731638965 [0.0334233008325] [0.0587913319468]
0.045742025598900005 [0.0327177271247] [0.0587663240731]
0.04519980587065 [0.0322268456221] [0.0581727661192]
0.0448874440044 [0.0319848060608] [0.057790081948]
0.045185634866349994 [0.0321116037667] [0.058259665966]
0.04604464769365 [0.032475207001] [0.0596140883863]
0.0475309938192 [0.0330972447991] [0.0619647428393]
0.0492165479809 [0.0337616987526] [0.0646713972092]
0.051968367770300006 [0.0351736135781] [0.0687631219625]
0.05779833719135 [0.0385722592473] [0.0770244151354]
0.06900603510440001 [0.045641053468] [0.0923710167408]
0.0885336250068 [0.0595703721046] [0.117496877909]
0.1097980104388 [0.0783256068826] [0.141270413995]
0.1122523210941 [0.0876674428582] [0.13683719933]
0.09280375763755 [0.0783101245761] [0.107297390699]
0.0747613236308 [0.0634273290634] [0.0860953181982]
0.06322229839865 [0.0537107177079] [0.0727338790894]
0.05676572583615 [0.0478883422911] [0.0656431093812]
0.0535461008549 [0.0445966869593] [0.0624955147505]
0.051878189668049995 [0.0424369089305] [0.0613194704056]
0.0508537758142 [0.0410384498537] [0.0606691017747]
0.050805496051950005 [0.0403962656856] [0.0612147264183]
0.05157343670725 [0.0403624922037] [0.0627843812108]
0.05251379683615 [0.0401588007808] [0.0648687928915]
0.052949931472550005 [0.0388117060065] [0.0670881569386]
0.0516819991171 [0.0350964516401] [0.0682675465941]
0.048189985565849996 [0.0292359273881] [0.0671440437436]
0.04234870523215 [0.0229126401246] [0.0617847703397]
0.03544755186885 [0.0182904880494] [0.0526046156883]
0.02948054391895 [0.0157928783447] [0.0431682094932]
0.025629590731150002 [0.0149170411751] [0.0363421402872]
0.0236869705841 [0.0147818941623] [0.0325920470059]
0.02300850814205 [0.015009409748] [0.0310076065361]
0.02319030230865 [0.0153663391247] [0.0310142654926]
0.023853386752299997 [0.015789559111] [0.0319172143936]
0.02465345337985 [0.0162130407989] [0.0330938659608]
0.025391293689599997 [0.0167121253908] [0.0340704619884]
0.0258934991434 [0.0173195172101] [0.0344674810767]
0.0262669986114 [0.0181438121945] [0.0343901850283]
0.026535904035 [0.0190338045359] [0.0340380035341]
0.0269437972456 [0.0200765170157] [0.0338110774755]
0.027730469591900002 [0.0215095821768] [0.033951357007]
0.02946905978025 [0.0237885043025] [0.035149615258]
0.0329075688496 [0.0272827725857] [0.0385323651135]
0.0390538312495 [0.0323453433812] [0.0457623191178]
0.04998012445865 [0.0407689064741] [0.0591913424432]
0.06577319465575 [0.0527076460421] [0.0788387432694]
0.08084301650525 [0.0622771382332] [0.0994088947773]
0.08726612478515 [0.0644376650453] [0.110094584525]
0.0855807736514 [0.0633810982108] [0.107780449092]
0.0815964229407 [0.0617851763964] [0.101407669485]
0.07606954872605 [0.0574935302138] [0.0946455672383]
0.07025248743595 [0.0524629317224] [0.0880420431495]
0.06625207699835 [0.0490842722356] [0.0834198817611]
0.0639794897288 [0.0472226925194] [0.0807362869382]
0.06294763088225 [0.0464567542076] [0.0794385075569]
