M B1 B2
0.020248835906405 [0.0360127538443] [0.00448491796851]
0.021902328822785002 [0.0391123592854] [0.00469229836017]
0.025681370170775 [0.0460669994354] [0.00529574090615]
0.03294652607293 [0.0592646636069] [0.00662838853896]
0.044388625770825 [0.0793993994594] [0.00937785208225]
0.0555139547214 [0.0965376496315] [0.0144902598113]
0.058487790636699996 [0.094937607646] [0.0220379736274]
0.05461608339105 [0.0802573487163] [0.0289748180658]
0.0498239137232 [0.0666804909706] [0.0329673364758]
0.04728932492435 [0.0584535598755] [0.0361250899732]
0.04708740860225 [0.0543952435255] [0.039779573679]
0.0476119555533 [0.052188038826] [0.0430358722806]
0.04734167084095 [0.050333276391] [0.0443500652909]
0.04557923041285 [0.0476137883961] [0.0435446724296]
0.0422517042607 [0.0430806316435] [0.0414227768779]
0.038365647196799996 [0.0374900810421] [0.0392412133515]
0.03509578481315 [0.032703127712] [0.0374884419143]
0.03281242307275 [0.0293367896229] [0.0362880565226]
0.03162830416115 [0.0275820363313] [0.035674571991]
0.03150063287465 [0.0271370131522] [0.0358642525971]
0.032335155643549995 [0.0277500730008] [0.0369202382863]
0.03405540436505 [0.0292569063604] [0.0388539023697]
0.036313138902200004 [0.0314481072128] [0.0411781705916]
0.03862671926615 [0.0339774750173] [0.043275963515]
0.040439376607549996 [0.0361931435764] [0.0446856096387]
0.04162009991705 [0.0376905836165] [0.0455496162176]
0.042358383536350006 [0.0384179279208] [0.0462988391519]
0.04310672916475 [0.038706291467] [0.0475071668625]
0.0441637262702 [0.0389436930418] [0.0493837594986]
0.04620811901985 [0.0400772728026] [0.0523389652371]
0.05036936700345 [0.0434549376369] [0.05728379637]
0.0584491956979 [0.0509349070489] [0.0659634843469]
0.071662414819 [0.0635906755924] [0.0797341540456]
0.0885913595557 [0.0809257030487] [0.0962570160627]
0.1050870232285 [0.0998159796] [0.110358066857]
0.113075874746 [0.109178572893] [0.116973176599]
0.1089130565525 [0.104589506984] [0.113236606121]
0.10230782255525 [0.0992871671915] [0.105328477919]
0.09848054870965 [0.0975970551372] [0.0993640422821]
0.09644615650175001 [0.0974411591887] [0.0954511538148]
0.0955806188285 [0.0982120558619] [0.0929491817951]
0.09529936686160001 [0.0994912609458] [0.0911074727774]
0.09522845968615001 [0.101077154279] [0.0893797650933]
0.0955648906528 [0.103134498] [0.0879952833056]
0.09629613906154999 [0.105319388211] [0.0872728899121]
0.09597429260595 [0.106784239411] [0.0851643458009]
0.09235699102285 [0.107035368681] [0.0776786133647]
0.08336801454415001 [0.106693997979] [0.0600420311093]
0.07245591841625 [0.104976058006] [0.0399357788265]
0.0647394238042 [0.102144479752] [0.0273343678564]
0.0613437276334 [0.101906426251] [0.0207810290158]
0.0604469170794 [0.103312805295] [0.0175810288638]
0.05935689248145 [0.102745488286] [0.0159682966769]
0.0550032230094 [0.0948933288455] [0.0151131171733]
0.046211806591600006 [0.0779242217541] [0.0144993914291]
0.03850299306215 [0.0630638226867] [0.0139421634376]
0.0337534979917 [0.0540313720703] [0.0134756239131]
0.03088886709885 [0.0485972091556] [0.0131805250421]
0.02936859847975 [0.0456649251282] [0.0130722718313]
0.02854761946945 [0.0439826771617] [0.0131125617772]
0.027874611318099998 [0.0424974635243] [0.0132517591119]
0.0271208193153 [0.0408420115709] [0.0133996270597]
0.026377779897300002 [0.0391529165208] [0.0136026432738]
0.025886491406699998 [0.0376978628337] [0.0140751199797]
0.025960600003600003 [0.0367487743497] [0.0151724256575]
0.027043848298499998 [0.0365862250328] [0.0175014715642]
0.029721329919999998 [0.0373408198357] [0.0221018400043]
0.03434841427955 [0.0388426333666] [0.0298541951925]
0.0407828912139 [0.0414952635765] [0.0400705188513]
0.0482627302408 [0.0456248819828] [0.0509005784988]
0.0570282805711 [0.052122309804] [0.0619342513382]
0.0663302540779 [0.0622338429093] [0.0704266652465]
0.06811571121215 [0.0696006715298] [0.0666307508945]
0.0636448916048 [0.071673437953] [0.0556163452566]
0.0584646668285 [0.0717874392867] [0.0451418943703]
0.055515056475999996 [0.072808355093] [0.038221757859]
0.05476835370065 [0.0750874429941] [0.0344492644072]
0.05572340637445 [0.0785371959209] [0.032909616828]
0.056940888986 [0.0812228396535] [0.0326589383185]
0.05723893269895 [0.0816917493939] [0.032786116004]
0.0558582432568 [0.0787787437439] [0.0329377427697]
0.053149197250599994 [0.0734843686223] [0.0328140258789]
0.050140349194400004 [0.0678108856082] [0.0324698127806]
0.047705467790349995 [0.06356549263] [0.0318454429507]
0.04631586093455 [0.0614697560668] [0.0311619658023]
0.04583884589375 [0.060965847224] [0.0307118445635]
0.045848142355650004 [0.0608464851975] [0.0308497995138]
0.0465584415942 [0.0612531304359] [0.0318637527525]
0.0477224327624 [0.0613163970411] [0.0341284684837]
0.0498099513352 [0.0615513920784] [0.038068510592]
0.05292837694285 [0.0619296133518] [0.0439271405339]
0.05687382258475 [0.0622891411185] [0.051458504051]
0.06007273867725 [0.0616511851549] [0.0584942921996]
0.06167524121700001 [0.0597150735557] [0.0636354088783]
0.0627470035106 [0.0587685070932] [0.066725499928]
