M B1 B2
0.26046170294300003 [0.301413923502] [0.219509482384]
0.2494025751945 [0.281277477741] [0.217527672648]
0.2402248829605 [0.26639944315] [0.214050322771]
0.2288421615955 [0.252487272024] [0.205197051167]
0.2149840295315 [0.243192121387] [0.186775937676]
0.1918071582915 [0.229495510459] [0.154118806124]
0.1595633104445 [0.205046012998] [0.114080607891]
0.1283625885844 [0.174385279417] [0.0823398977518]
0.1043051928284 [0.145494550467] [0.0631158351898]
0.08751971647125 [0.122517995536] [0.0525214374065]
0.07638855651035 [0.106235764921] [0.0465413480997]
0.06866053678095 [0.0951210260391] [0.0422000475228]
0.06311609037219999 [0.0883847028017] [0.0378474779427]
0.0586436986923 [0.0843372046947] [0.0329501926899]
0.054600609466399996 [0.0809418559074] [0.0282593630254]
0.05107388179745 [0.0776324421167] [0.0245153214782]
0.048237557522949996 [0.0744917541742] [0.0219833608717]
0.046337810345 [0.0723343193531] [0.0203413013369]
0.04537628311665 [0.0713503435254] [0.0194022227079]
0.0450931340456 [0.0713072344661] [0.0188790336251]
0.045309389010099996 [0.0720276832581] [0.0185910947621]
0.045958585105850006 [0.0734877958894] [0.0184293743223]
0.04739682003855 [0.0763091892004] [0.0184844508767]
0.0497289625928 [0.0805230289698] [0.0189348962158]
0.0531312059611 [0.0862295925617] [0.0200328193605]
0.056391281075750005 [0.0908695310354] [0.0219130311161]
0.0581028657034 [0.0916187316179] [0.0245869997889]
0.0585326179862 [0.0889409407973] [0.0281242951751]
0.0595497060567 [0.0862756669521] [0.0328237451613]
0.0624029133469 [0.0848374962807] [0.0399683304131]
0.06949549354615 [0.0867283642292] [0.0522626228631]
0.0832233019173 [0.0920188501477] [0.0744277536869]
0.1031648442148 [0.0975645557046] [0.108765132725]
0.11830620095149999 [0.098537363112] [0.138075038791]
0.12150495499355 [0.0939561575651] [0.149053752422]
0.12022887915355 [0.0884049832821] [0.152052775025]
0.11820941418425 [0.0842203348875] [0.152198493481]
0.1173286959531 [0.0812016874552] [0.153455704451]
0.11699998006234999 [0.0789697542787] [0.155030205846]
0.1158064417541 [0.0770433023572] [0.154569581151]
0.11295071616760001 [0.0756806060672] [0.150220826268]
0.10891460999855 [0.0756108984351] [0.142218321562]
0.10409719869504999 [0.0765625908971] [0.131631806493]
0.09656113758685 [0.0730998441577] [0.120022431016]
0.08884473144985 [0.0680978298187] [0.109591633081]
0.0840365141632 [0.0650708153844] [0.103002212942]
0.08369403332475 [0.0655399262905] [0.101848140359]
0.08461580052955 [0.0674452707171] [0.101786330342]
0.08461736515165 [0.0688719004393] [0.100362829864]
0.0841519795358 [0.0701612010598] [0.0981427580118]
0.0838903076947 [0.0713873803616] [0.0963932350278]
0.08365657925605 [0.0724965259433] [0.0948166325688]
0.08378668501975 [0.0734261646867] [0.0941472053528]
0.0839326158166 [0.0739825442433] [0.0938826873899]
0.08400516957045 [0.0741626098752] [0.0938477292657]
0.0840725824237 [0.0740636140108] [0.0940815508366]
0.08405372872945 [0.0736683681607] [0.0944390892982]
0.08378513157365 [0.07290135324] [0.0946689099073]
0.08262181654575 [0.0713159814477] [0.0939276516438]
0.07985122874379999 [0.0682481378317] [0.0914543196559]
0.074694737792 [0.0626080110669] [0.0867814645171]
0.06768278591335 [0.0542711354792] [0.0810944363475]
0.060606956481899996 [0.0445130243897] [0.0767008885741]
0.0551283378154 [0.0352964065969] [0.0749602690339]
0.05285499989985 [0.0288214087486] [0.0768885910511]
0.0525773111731 [0.0248651914299] [0.0802894309163]
0.05247911345215 [0.0224343892187] [0.0825238376856]
0.0502550387755 [0.0206191409379] [0.0798909366131]
0.0459953499958 [0.0190242063254] [0.0729664936662]
0.04114657081665 [0.0176385752857] [0.0646545663476]
0.03680649399755 [0.0165292471647] [0.0570837408304]
0.0337498355657 [0.0157207809389] [0.0517788901925]
0.03206834662705 [0.0151870008558] [0.0489496923983]
0.03156228689475 [0.0149395307526] [0.0481850430369]
0.03169814357535 [0.0148298935965] [0.0485663935542]
0.03179832501335 [0.0147714978084] [0.0488251522183]
0.031425758730650004 [0.0147678172216] [0.0480837002397]
0.0304155484773 [0.0149343246594] [0.0458967722952]
0.02916939277205 [0.0155136715621] [0.042825113982]
0.0281512439251 [0.0163508616388] [0.0399516262114]
0.027546988800149996 [0.017188411206] [0.0379055663943]
0.0277643231675 [0.0181860867888] [0.0373425595462]
0.02852655109015 [0.0194481629878] [0.0376049391925]
0.030065942555650003 [0.0213271565735] [0.0388047285378]
0.0326166395098 [0.0242671184242] [0.0409661605954]
0.03670135233555 [0.0287820529193] [0.0446206517518]
0.04161389917135 [0.0346398763359] [0.0485879220068]
0.046059794724 [0.0404949113727] [0.0516246780753]
0.04858787730335 [0.0443779975176] [0.0527977570891]
0.0499920044094 [0.0468945279717] [0.0530894808471]
0.051480649039150006 [0.0493108816445] [0.0536504164338]
0.0539360009134 [0.0526508167386] [0.0552211850882]
0.0575724672526 [0.0572587810457] [0.0578861534595]
0.0624566823244 [0.0631146803498] [0.061798684299]
0.06891658902165 [0.070583961904] [0.0672492161393]
0.07953041046859999 [0.0823108404875] [0.0767499804497]
0.10105656832474999 [0.104425504804] [0.0976876318455]
0.13897187262799998 [0.141209959984] [0.136733785272]
0.191165409982 [0.195123031735] [0.187207788229]
0.2280407845975 [0.244061306119] [0.212020263076]
0.237212456763 [0.263383805752] [0.211041107774]
0.2391720116135 [0.271369874477] [0.20697414875]
0.24418718367800002 [0.28220385313] [0.206170514226]
0.24955444783000003 [0.289366036654] [0.209742859006]
0.2530915141105 [0.290173411369] [0.216009616852]
0.2545263171195 [0.286354601383] [0.222698032856]
0.2560114040975 [0.282006144524] [0.230016663671]
0.25883004814349997 [0.279487252235] [0.238172844052]
0.26226672530149997 [0.277865618467] [0.246667832136]
0.2654042840005 [0.276706904173] [0.254101663828]
0.26512125134450004 [0.27553409338] [0.254708409309]
0.2624898552895 [0.27194955945] [0.253030151129]
0.260183379054 [0.265382677317] [0.254984080791]
0.2581552416085 [0.257763803005] [0.258546680212]
0.256746329367 [0.249742820859] [0.263749837875]
0.2560423761605 [0.242931574583] [0.269153177738]
0.25447465479349995 [0.238965183496] [0.269984126091]
0.2528828158975 [0.239391461015] [0.26637417078]
0.2541631013155 [0.245419174433] [0.262907028198]
0.260811418295 [0.256839752197] [0.264783084393]
0.270661905408 [0.27283719182] [0.268486618996]
0.2811566442255 [0.290506780148] [0.271806508303]
