M B1 B2
0.07711831107755 [0.108047306538] [0.0461893156171]
0.07931798882765 [0.11183899641] [0.0467969812453]
0.08083790540695 [0.115167401731] [0.0465084090829]
0.08148678764695 [0.117222636938] [0.0457509383559]
0.08169216476385 [0.118061490357] [0.0453228391707]
0.0830134805292 [0.119775980711] [0.0462509803474]
0.08666171692329999 [0.124419614673] [0.0489038191736]
0.0926188863816 [0.132137164474] [0.0531006082892]
0.09942189976570001 [0.140491977334] [0.0583518221974]
0.10620007291415 [0.147299200296] [0.0651009455323]
0.11260809376855001 [0.151228025556] [0.0739881619811]
0.11878554150475 [0.15269112587] [0.0848799571395]
0.1229301281272 [0.150238856673] [0.0956213995814]
0.1228035464885 [0.141929596663] [0.103677496314]
0.1184868179265 [0.12922257185] [0.107751064003]
0.111642580479 [0.114835657179] [0.108449503779]
0.105452451855 [0.102715924382] [0.108188979328]
0.1017245687545 [0.094798848033] [0.108650289476]
0.09968429058795 [0.0896365270019] [0.109732054174]
0.09823909774430001 [0.0862841680646] [0.110194027424]
0.09599642083075 [0.0830421969295] [0.108950644732]
0.09232120960935 [0.0786628499627] [0.105979569256]
0.0872044563296 [0.0730059668422] [0.101402945817]
0.0816610045731 [0.0668674334884] [0.0964545756578]
0.0766542162746 [0.0617114715278] [0.0915969610214]
0.07292541302745 [0.0594462640584] [0.0864045619965]
0.07094308920205 [0.0605740882456] [0.0813120901585]
0.07076949626205001 [0.0652556866407] [0.0762833058834]
0.07332197949290001 [0.0740758553147] [0.0725681036711]
0.08038321137429999 [0.0889764279127] [0.0717899948359]
0.09154773131015001 [0.110468454659] [0.0726270079613]
0.10584756359450001 [0.137185230851] [0.074509896338]
0.11786275357020001 [0.158939406276] [0.0767861008644]
0.12414030358219999 [0.169620007277] [0.0786605998874]
0.1247003152967 [0.169777289033] [0.0796233415604]
0.1263164393602 [0.170864447951] [0.0817684307694]
0.1278524473309 [0.170193299651] [0.0855115950108]
0.13050892576585 [0.170417532325] [0.0906003192067]
0.13324797898505 [0.170055314898] [0.0964406430721]
0.1368318535385 [0.170226201415] [0.103437505662]
0.13975708559150002 [0.166763499379] [0.112750671804]
0.144920550287 [0.164890214801] [0.124950885773]
0.1505705565215 [0.161927700043] [0.139213413]
0.1555210202935 [0.156380325556] [0.154661715031]
0.1581935733555 [0.149686321616] [0.166700825095]
0.159040927887 [0.1441847682] [0.173897087574]
0.160465411842 [0.141898959875] [0.179031863809]
0.16472091525799998 [0.143381923437] [0.186059907079]
0.173234671354 [0.148820534348] [0.19764880836]
0.1863542795185 [0.15593251586] [0.216776043177]
0.19893646240250001 [0.16252578795] [0.235347136855]
0.193474620581 [0.162275642157] [0.224673599005]
0.1710194796325 [0.155916646123] [0.186122313142]
0.147152222693 [0.143025234342] [0.151279211044]
0.129210434854 [0.129622906446] [0.128797963262]
0.1167063713075 [0.118544653058] [0.114868089557]
0.107661046088 [0.110580645502] [0.104741446674]
0.10175405815245 [0.105214856565] [0.0982932597399]
0.09927311912155 [0.103771410882] [0.0947748273611]
0.100175663829 [0.106182008982] [0.094169318676]
0.1029712595046 [0.110718600452] [0.0952239185572]
0.10564284771685001 [0.115037739277] [0.0962479561567]
0.1071470752359 [0.118302576244] [0.0959915742278]
0.10740197822455 [0.120571166277] [0.0942327901721]
0.10705956444129999 [0.122348591685] [0.0917705371976]
0.10630105435859999 [0.123406544328] [0.0891955643892]
0.10554046183804999 [0.12395825237] [0.0871226713061]
0.10407629609095 [0.123010985553] [0.0851416066289]
0.10100539028625 [0.119798392057] [0.0822123885155]
0.0931097939609 [0.107378914952] [0.0788406729698]
0.08366888388995 [0.090930454433] [0.0764073133469]
0.073599293828 [0.075681194663] [0.071517392993]
0.06549219787124999 [0.0639526844025] [0.06703171134]
0.059773089364200005 [0.0547014139593] [0.0648447647691]
0.05614733509715 [0.0488417781889] [0.0634528920054]
0.05417990125715 [0.0460305139422] [0.0623292885721]
0.05361210927365 [0.0447568744421] [0.0624673441052]
0.053700273856550004 [0.0440066121519] [0.0633939355612]
0.054372336715450005 [0.0435845479369] [0.065160125494]
0.055291919037700005 [0.0432503931224] [0.067333444953]
0.0561640560627 [0.0428091138601] [0.0695189982653]
0.05569078400735 [0.0423259288073] [0.0690556392074]
0.054929634556150006 [0.0418925248086] [0.0679667443037]
0.05542360991235 [0.0422780513763] [0.0685691684484]
0.058224953711000005 [0.0435215234756] [0.0729283839464]
0.06348574720325 [0.0452702008188] [0.0817012935877]
0.07054616697135 [0.0472718290985] [0.0938205048442]
0.0779846608641 [0.0493060275912] [0.106663294137]
0.08443397469835 [0.0514678172767] [0.11740013212]
0.08811610750865 [0.0542721115053] [0.121960103512]
0.0895946454256 [0.0583667568862] [0.120822533965]
0.0891501437873 [0.0617276765406] [0.116572611034]
0.0871744416656 [0.0632215812802] [0.111127302051]
0.0838838703929 [0.0621617808938] [0.105605959892]
0.07968896627435 [0.0591385290027] [0.100239403546]
0.0754974167794 [0.0550296865404] [0.0959651470184]
0.0721399951726 [0.0509833283722] [0.093296661973]
0.06996854022144999 [0.0476858317852] [0.0922512486577]
0.06869247742 [0.0447611548007] [0.0926238000393]
0.0676041264087 [0.0418036542833] [0.0934045985341]
0.0643937494606 [0.0389221198857] [0.0898653790355]
0.058596512302749995 [0.0364987514913] [0.0806942731142]
0.0531395971775 [0.0349020510912] [0.0713771432638]
0.04908069409429999 [0.0339510627091] [0.0642103254795]
0.046951472759250004 [0.0336466431618] [0.0602563023567]
0.0467648804188 [0.0338608361781] [0.0596689246595]
0.047823829576399995 [0.0345923416317] [0.0610553175211]
0.0490088518709 [0.0358114913106] [0.0622062124312]
0.049265453591950004 [0.0371074713767] [0.0614234358072]
0.04852304421365 [0.0382045470178] [0.0588415414095]
0.047112604603150005 [0.0390892960131] [0.0551359131932]
0.045149231329549996 [0.0396683067083] [0.0506301559508]
0.043027611449349995 [0.0395810231566] [0.0464741997421]
0.04064067453145 [0.0379795581102] [0.0433017909527]
0.03728563338515 [0.0342205390334] [0.0403507277369]
0.0324407238513 [0.0280906297266] [0.036790817976]
0.0269845277071 [0.0218133628368] [0.0321556925774]
0.022209267132 [0.0170715041459] [0.0273470301181]
0.0187725601718 [0.0141803920269] [0.0233647283167]
0.0165106984787 [0.0125823384151] [0.0204390585423]
0.0150307323784 [0.0117409806699] [0.0183204840869]
0.013957445509750002 [0.0112866424024] [0.0166282486171]
0.013068895321300001 [0.010951324366] [0.0151864662766]
0.01234263880175 [0.0107056694105] [0.013979608193]
0.01178590999915 [0.0105288848281] [0.0130429351702]
0.0114405481145 [0.0105259018019] [0.0123551944271]
0.011320069897950001 [0.0107720103115] [0.0118681294844]
0.01144297001885 [0.0112487766892] [0.0116371633485]
0.011804562062 [0.0119548514485] [0.0116542726755]
0.01245020795615 [0.0129321664572] [0.0119682494551]
0.01349179260435 [0.0143835702911] [0.0126000149176]
0.01519776787605 [0.016785653308] [0.0136098824441]
0.0179179268889 [0.0208405405283] [0.0149953132495]
0.021967805921999997 [0.0273134037852] [0.0166222080588]
0.027006521821 [0.0357947684824] [0.0182182751596]
0.03144442941995 [0.0432854741812] [0.0196033846587]
0.03362269047645 [0.0464029870927] [0.0208423938602]
0.034398262389 [0.0462049506605] [0.0225915741175]
0.0353852901608 [0.0449078269303] [0.0258627533913]
0.0378867145628 [0.0438823923469] [0.0318910367787]
0.041504146531200006 [0.0424944832921] [0.0405138097703]
0.04461888223885 [0.0415719784796] [0.0476657859981]
0.044832047075 [0.0410684458911] [0.0485956482589]
0.04363848268985 [0.0409994572401] [0.0462775081396]
0.042046058923 [0.0411615222692] [0.0429305955768]
0.041062714532 [0.0418213829398] [0.0403040461242]
0.041100565344100004 [0.0433184504509] [0.0388826802373]
0.0423895251006 [0.0458090901375] [0.0389699600637]
0.04514923878015 [0.0496424622834] [0.0406560152769]
0.04857942648235 [0.0537339448929] [0.0434249080718]
0.05171685665845 [0.0572606474161] [0.0461730659008]
0.05443638004365 [0.060409296304] [0.0484634637833]
0.056688623502850005 [0.063264079392] [0.0501131676137]
0.05907758139074999 [0.0664530172944] [0.0517021454871]
0.0620386824012 [0.0703891590238] [0.0536882057786]
0.0661074668169 [0.0758194699883] [0.0563954636455]
0.07069146633145 [0.0818227380514] [0.0595601946115]
0.0751902796328 [0.0875077173114] [0.0628728419542]
0.08028883859515 [0.0938960909843] [0.066681586206]
0.08519494906069999 [0.100295521319] [0.0700943768024]
0.08918283879745 [0.105898030102] [0.0724676474929]
0.09150975570105 [0.109134472907] [0.0738850384951]
0.0925741307435 [0.111090868711] [0.074057392776]
0.09283030405645 [0.11208101362] [0.0735795944929]
0.09168589860195 [0.111687734723] [0.0716840624809]
0.08957680687290001 [0.10966784507] [0.0694857686758]
0.0872972831128 [0.10754597187] [0.0670485943556]
0.08599437773205 [0.10671339184] [0.0652753636241]
0.08494735881689999 [0.105703316629] [0.0641914010048]
0.08449556678525 [0.105227679014] [0.0637634545565]
0.08522278442994999 [0.105825453997] [0.0646201148629]
0.08762385323645 [0.107794135809] [0.0674535706639]
0.0920875146984 [0.111086733639] [0.0730882957578]
0.0972137153148 [0.114525079727] [0.0799023509026]
0.1003840863704 [0.114682741463] [0.0860854312778]
0.1000801511108 [0.111110717058] [0.0890495851636]
0.09735397249465 [0.106743477285] [0.0879644677043]
0.09321501851085001 [0.102579265833] [0.0838507711887]
0.08892690017815 [0.0994054600596] [0.0784483402967]
0.08505072444674999 [0.0970071777701] [0.0730942711234]
0.08197183534505001 [0.0950579047203] [0.0688857659698]
0.0811681672931 [0.094360858202] [0.0679754763842]
0.0835432894528 [0.0960042029619] [0.0710823759437]
0.0861435085535 [0.0978474095464] [0.0744396075606]
0.0864155180752 [0.0963282883167] [0.0765027478337]
0.0862964168191 [0.0944161787629] [0.0781766548753]
0.0859631486237 [0.0922421813011] [0.0796841159463]
0.08537497371435 [0.0900139659643] [0.0807359814644]
0.08317017555235 [0.0859620645642] [0.0803782865405]
