M B1 B2
0.0610790164208 [0.111396618187] [0.0107614146546]
0.0535370921716 [0.0965255498886] [0.0105486344546]
0.044500261545199996 [0.0778995230794] [0.011101000011]
0.03756587579845 [0.0629456043243] [0.0121861472726]
0.0331972143613 [0.0531929768622] [0.0132014518604]
0.030265578068799998 [0.0466835200787] [0.0138476360589]
0.0283353012055 [0.0426755584776] [0.0139950439334]
0.0269866744056 [0.0402054265141] [0.0137679222971]
0.026098505593849998 [0.0387235581875] [0.0134734530002]
0.0256387065165 [0.0380344092846] [0.0132430037484]
0.0256841899827 [0.0382185950875] [0.0131497848779]
0.026249557733550002 [0.0393436327577] [0.0131554827094]
0.0272987219505 [0.0413409993052] [0.0132564445958]
0.02867922838775 [0.0438991077244] [0.0134593490511]
0.030224119313099998 [0.0466246120632] [0.013823626563]
0.03205949254335 [0.0497619397938] [0.0143570452929]
0.03450313489885 [0.0541131794453] [0.0148930903524]
0.03798690158875 [0.0607583336532] [0.0152154695243]
0.0428193891421 [0.0703921243548] [0.0152466539294]
0.044064941350349995 [0.0726750642061] [0.0154548184946]
0.04917652718725 [0.0824481099844] [0.0159049443901]
0.0531053068116 [0.0900063216686] [0.0162042919546]
0.05656919348985 [0.0955431088805] [0.0175952780992]
0.06087091844545 [0.101515233517] [0.0202266033739]
0.06653325725355 [0.108497336507] [0.0245691780001]
0.0725898528472 [0.114664323628] [0.0305153820664]
0.07693664357079999 [0.117338061333] [0.0365352258086]
0.0775020513684 [0.114415369928] [0.0405887328088]
0.07391589134915 [0.105937696993] [0.0418940857053]
0.06796957366169999 [0.0942065566778] [0.0417325906456]
0.06113293208185 [0.0811669752002] [0.0410988889635]
0.0196478730068 [0.0161851588637] [0.0231105871499]
0.012397646438329999 [0.00816189777106] [0.0166333951056]
0.008922467939575 [0.00497102271765] [0.0128739131615]
0.006197720300405 [0.00274496898055] [0.00965047162026]
0.004905835958195 [0.00304925162345] [0.00676242029294]
0.005845783161935 [0.00355538609438] [0.00813618022949]
0.007065409328785 [0.00423202011734] [0.00989879854023]
0.008361315121895 [0.00502990977839] [0.0116927204654]
0.0094922159333 [0.005937110167] [0.0130473216996]
0.010560772148885001 [0.00702453264967] [0.0140970116481]
0.011694859713325 [0.00837818253785] [0.0150115368888]
0.0130408988334 [0.0100018093362] [0.0160799883306]
0.0145248793997 [0.0116733824834] [0.017376376316]
0.01596080930905 [0.0131143415347] [0.0188072770834]
0.01717771822585 [0.0141723072156] [0.0201831292361]
0.02175613399595 [0.0177964027971] [0.0257158651948]
0.027405180037 [0.0228242538869] [0.0319861061871]
0.0324930530041 [0.0281319469213] [0.0368541590869]
0.03350695129485 [0.0301425736398] [0.0368713289499]
0.029863538220500002 [0.0276575423777] [0.0320695340633]
0.02516845893115 [0.0237493496388] [0.0265875682235]
0.021925508975949998 [0.0208908244967] [0.0229601934552]
0.02054022625085 [0.0195625107735] [0.0215179417282]
0.0205495553091 [0.0192963723093] [0.0218027383089]
0.021192044951 [0.0194429401308] [0.0229411497712]
0.0218613445759 [0.0195061787963] [0.0242165103555]
0.022201246581999998 [0.0192277505994] [0.0251747425646]
0.022265178151450002 [0.0188044253737] [0.0257259309292]
0.02230376470835 [0.0185119453818] [0.0260955840349]
0.02251353673635 [0.0185805596411] [0.0264465138316]
0.022997629828749998 [0.019202446565] [0.0267928130925]
0.02386515121905 [0.0205875262618] [0.0271427761763]
0.0255104210228 [0.0231896284968] [0.0278312135488]
0.028771410696199998 [0.0280472524464] [0.029495568946]
0.0349026117474 [0.0365850888193] [0.0332201346755]
0.04521922394635 [0.050829090178] [0.0396093577147]
0.0603584293276 [0.0716514214873] [0.0490654371679]
0.07803816720845 [0.0962232798338] [0.0598530545831]
0.0898215807972 [0.111635908484] [0.0680072531104]
0.08929522708064999 [0.109498165548] [0.0690922886133]
0.0817720890045 [0.0981845483184] [0.0653596296906]
0.07193683460354999 [0.083417609334] [0.0604560598731]
0.06518412008885 [0.0716163516045] [0.0587518885732]
0.06111243367195 [0.0626585483551] [0.0595663189888]
0.058021977543849995 [0.055179014802] [0.0608649402857]
0.0553871598095 [0.0494717732072] [0.0613025464118]
0.0533974468708 [0.0454250536859] [0.0613698400557]
0.052287403494149995 [0.0426356084645] [0.0619391985238]
0.0520396139473 [0.0405940450728] [0.0634851828218]
0.052118878811599996 [0.0388879105449] [0.0653498470783]
0.0519502460957 [0.0374020710588] [0.0664984211326]
0.05118980258705 [0.0361953377724] [0.0661842674017]
0.04979026690125 [0.0351705253124] [0.0644100084901]
0.048143228516 [0.0340904444456] [0.0621960125864]
0.0469050686806 [0.0326550379395] [0.0611550994217]
0.0463663544506 [0.0310059823096] [0.0617267265916]
0.0460653491318 [0.0296382717788] [0.0624924264848]
0.0454639485106 [0.0293160323054] [0.0616118647158]
0.04442899581045 [0.0311247836798] [0.0577332079411]
0.045607822015899996 [0.0357453376055] [0.0554703064263]
0.049229761585599996 [0.0423862859607] [0.0560732372105]
0.05471292324365 [0.050416033715] [0.0590098127723]
0.06074366346005 [0.0586329251528] [0.0628544017673]
0.06587820500135 [0.0651138946414] [0.0666425153613]
0.06904088705775 [0.0684883072972] [0.0695934668183]
0.07040945813060001 [0.0697069615126] [0.0711119547486]
0.0706644691527 [0.0700647234917] [0.0712642148137]
0.0701515823603 [0.0706338360906] [0.06966932863]
0.06881378218535 [0.0711396709085] [0.0664878934622]
0.06692628748715 [0.0721405819058] [0.0617119930685]
0.06602519750595 [0.075198084116] [0.0568523108959]
0.0679724421352 [0.081357948482] [0.0545869357884]
0.0732649024576 [0.0906569510698] [0.0558728538454]
0.08137176744645 [0.103276655078] [0.0594668798149]
0.09040421247460001 [0.116743586957] [0.0640648379922]
0.09728837758325001 [0.126043915749] [0.0685328394175]
0.09913307055840001 [0.126331523061] [0.0719346180558]
0.09456358477485 [0.115539968014] [0.0735872015357]
0.08569089323285001 [0.0984584987164] [0.0729232877493]
0.07845263183119999 [0.0847369283438] [0.0721683353186]
0.07318829745050001 [0.075079485774] [0.071297109127]
0.07028299197555 [0.0688765719533] [0.0716894119978]
0.06874923408035 [0.0645504072309] [0.0729480609298]
0.06778128631415001 [0.0609137751162] [0.0746487975121]
0.06664443016049999 [0.0572929307818] [0.0759959295392]
0.06489535234865 [0.0532845444977] [0.0765061601996]
0.06268200092015 [0.0489271394908] [0.0764368623495]
0.061635924503250006 [0.0453041531146] [0.0779676958919]
0.060830147936950005 [0.0423034019768] [0.0793568938971]
0.0601224545389 [0.0406897552311] [0.0795551538467]
0.05984454974535 [0.0403772965074] [0.0793118029833]
0.0599287711084 [0.0412634164095] [0.0785941258073]
0.06046404875815 [0.0432567186654] [0.0776713788509]
0.06183780916035 [0.0465442575514] [0.0771313607693]
0.0655308328569 [0.0516441017389] [0.0794175639749]
0.0720953270793 [0.0593342036009] [0.0848564505577]
0.0786443501711 [0.0682325735688] [0.0890561267734]
0.08475997298955 [0.0764565914869] [0.0930633544922]
0.09122876077889999 [0.0840389430523] [0.0984185785055]
0.10059247538435001 [0.0935735478997] [0.107611402869]
0.1162163540725 [0.107507117093] [0.124925591052]
0.1408394426105 [0.129948168993] [0.151730716228]
0.15981362760099999 [0.150673851371] [0.168953403831]
0.150182157755 [0.139786526561] [0.160577788949]
0.1248712427915 [0.113269887865] [0.136472597718]
0.10563656315205 [0.0950572863221] [0.116215839982]
0.0942178741097 [0.0843771994114] [0.104058548808]
0.08803777769205001 [0.0779246985912] [0.0981508567929]
0.08506494015454999 [0.074355520308] [0.0957743600011]
0.0838132575154 [0.0725142136216] [0.0951123014092]
0.08164428547024999 [0.0703450068831] [0.0929435640574]
0.07672487944365 [0.0662514790893] [0.087198279798]
0.06944466382265 [0.0603912621737] [0.0784980654716]
0.06228226795795 [0.0546999871731] [0.0698645487428]
0.05634536221625 [0.0502719208598] [0.0624188035727]
0.05231710337105 [0.0475132018328] [0.0571210049093]
0.0501309316605 [0.0461667999625] [0.0540950633585]
0.049351748079050003 [0.0457530543208] [0.0529504418373]
0.049591755494449996 [0.0459482297301] [0.0532352812588]
0.0508635994047 [0.0470093376935] [0.0547178611159]
0.05327121168375 [0.0493027828634] [0.0572396405041]
0.056157667189850005 [0.0518069677055] [0.0605083666742]
0.0589765235782 [0.054062306881] [0.0638907402754]
0.06110589206215 [0.0555684715509] [0.0666433125734]
0.0623884089291 [0.0564137250185] [0.0683630928397]
0.06364427506925 [0.0574790760875] [0.069809474051]
0.06651529856025 [0.0599725060165] [0.073058091104]
0.07281070202590001 [0.0655158683658] [0.080105535686]
0.0854936912656 [0.0768856406212] [0.09410174191]
0.10808141157055 [0.0967705175281] [0.119392305613]
0.140628468245 [0.122259356081] [0.158997580409]
0.174676582217 [0.146669447422] [0.202683717012]
0.1982124745845 [0.161019861698] [0.235405087471]
0.20334023982299998 [0.161173552275] [0.245506927371]
0.176300957799 [0.135132789612] [0.217469125986]
0.12860023975355 [0.0995868295431] [0.157613649964]
0.08803432062265 [0.0703698396683] [0.105698801577]
0.0641491301358 [0.0532225072384] [0.0750757530332]
0.0513894688338 [0.0441400706768] [0.0586388669908]
0.04474731348455 [0.0395540855825] [0.0499405413866]
0.04164321906865 [0.037458833307] [0.0458276048303]
0.04063963703815 [0.0366153456271] [0.0446639284492]
0.040767390281 [0.0360474288464] [0.0454873517156]
0.0413853507489 [0.0352405048907] [0.0475301966071]
0.0421546287835 [0.0342852212489] [0.0500240363181]
0.04274928756055 [0.0334273651242] [0.0520712099969]
0.04286576993765 [0.0328492112458] [0.0528823286295]
0.0427902471274 [0.0325346030295] [0.0530458912253]
0.04249854572115 [0.0323498807847] [0.0526472106576]
0.0427611358464 [0.0325499288738] [0.052972342819]
0.0440974533558 [0.0336917601526] [0.054503146559]
0.0472154710442 [0.036485850811] [0.0579450912774]
0.05246612988415 [0.0419202707708] [0.0630119889975]
0.0585851315409 [0.0495563335717] [0.0676139295101]
0.062487849965700004 [0.0560485012829] [0.0689271986485]
