M B1 B2
0.0838614664972 [0.0971000939608] [0.0706228390336]
0.08958562090995 [0.0979519709945] [0.0812192708254]
0.0949731580913 [0.0966570302844] [0.0932892858982]
0.1008314192294 [0.0952059477568] [0.106456890702]
0.1036691814662 [0.0933287739754] [0.114009588957]
0.1003430597484 [0.0906022191048] [0.110083900392]
0.08953366056084999 [0.0875856205821] [0.0914817005396]
0.07334988564254999 [0.081672988832] [0.0650267824531]
0.05779877118765 [0.0725599378347] [0.0430376045406]
0.0458203665912 [0.0620273426175] [0.0296133905649]
0.0384772019461 [0.0542426593602] [0.022711744532]
0.034911026246850003 [0.0502029880881] [0.0196190644056]
0.034685927443199996 [0.0499316938221] [0.0194401610643]
0.038226951844999996 [0.0541858263314] [0.0222680773586]
0.04687097948045 [0.0657456591725] [0.0279962997884]
0.059836959466349995 [0.0839418843389] [0.0357320345938]
0.0745369829238 [0.104701511562] [0.0443724542856]
0.0867067091168 [0.121936760843] [0.0514766573906]
0.0943208150565 [0.132750853896] [0.055890776217]
0.0972424130885 [0.136709168553] [0.057775657624]
0.09751263074565 [0.135800912976] [0.0592243485153]
0.0965769235044 [0.130927979946] [0.0622258670628]
0.0958712473514 [0.124340936542] [0.0674015581608]
0.09666068851935 [0.117483615875] [0.0758377611637]
0.10048752278115 [0.112708292902] [0.0882667526603]
0.1068646423515 [0.10984750092] [0.103881783783]
0.1140375211835 [0.107982099056] [0.120092943311]
0.1190626211465 [0.105972267687] [0.132152974606]
0.11916067451250001 [0.102315828204] [0.136005520821]
0.11372044682515 [0.0958524495363] [0.131588444114]
0.1038035750388 [0.0866901278496] [0.120917022228]
0.09183318167945001 [0.0756994411349] [0.107966922224]
0.08074820786715001 [0.0647618845105] [0.0967345312238]
0.07235408946875 [0.056288369] [0.0884198099375]
0.06778662651775 [0.0510009154677] [0.0845723375678]
0.06544430181385 [0.0481151118875] [0.0827734917402]
0.06290409341455 [0.0463802814484] [0.0794279053807]
0.0587642900646 [0.045433819294] [0.0720947608352]
0.05442319624125 [0.0460047461092] [0.0628416463733]
0.0516894310713 [0.0488628149033] [0.0545160472393]
0.051386334002050005 [0.0536361150444] [0.0491365529597]
0.054220382124199995 [0.0608172491193] [0.0476235151291]
0.058941096067449995 [0.0689223557711] [0.0489598363638]
0.06299016065895 [0.0756543949246] [0.0503259263933]
0.06740417331455 [0.0828472152352] [0.0519611313939]
0.07253550738095 [0.0908880755305] [0.0541829392314]
0.08008810132765 [0.102791666985] [0.0573845356703]
0.0906127393244 [0.119411282241] [0.0618141964078]
0.10313552245485 [0.138972058892] [0.0672989860177]
0.10886582359695 [0.145533934236] [0.0721977129579]
0.1078527383507 [0.139814823866] [0.0758906528354]
0.1039521545173 [0.129104882479] [0.0787994265556]
0.0996012091635 [0.117316484451] [0.081885933876]
0.0966454967857 [0.107214935124] [0.0860760584474]
0.0959640927615 [0.10025241226] [0.091675773263]
0.09737322479485 [0.0961206033826] [0.0986258462071]
0.1003846228123 [0.0950292274356] [0.105740018189]
0.10446102172140001 [0.0960470885038] [0.112874954939]
0.10756844282175 [0.0956459492445] [0.119490936399]
0.10788179188975 [0.0918365344405] [0.123927049339]
0.105103444308 [0.086820460856] [0.12338642776]
0.10135924443620001 [0.0810341089964] [0.121684379876]
0.0967660248279 [0.0738193318248] [0.119712717831]
0.08831348083929999 [0.0621798597276] [0.114447101951]
0.07764810882485 [0.0489295758307] [0.106366641819]
0.06874152831735 [0.0391862355173] [0.0982968211174]
0.06279356777665 [0.0339008644223] [0.091686271131]
0.0597365330905 [0.0319059453905] [0.0875671207905]
0.05780508741734999 [0.0320236980915] [0.0835864767432]
0.056644905358550005 [0.0331631749868] [0.0801266357303]
0.055312650278199996 [0.0342337153852] [0.0763915851712]
0.0534301660955 [0.0348570123315] [0.0720033198595]
0.0523216947913 [0.0353082567453] [0.0693351328373]
0.051868801936549996 [0.0358011759818] [0.0679364278913]
0.05202384479345 [0.0363768450916] [0.0676708444953]
0.052513536065850006 [0.0369227677584] [0.0681043043733]
0.05298605002465 [0.0374806262553] [0.068491473794]
0.05316773056985 [0.038271188736] [0.0680642724037]
0.053199263289550006 [0.0397977121174] [0.0666008144617]
0.05358979105945 [0.0426644235849] [0.064515158534]
0.05475736409425 [0.0472754724324] [0.0622392557561]
0.05705548077825 [0.0539548285306] [0.0601561330259]
0.060347875580199994 [0.061820756644] [0.0588749945164]
0.0638206526637 [0.0688318759203] [0.0588094294071]
0.06727434694765 [0.0740531384945] [0.0604955554008]
0.0730325654149 [0.0807787105441] [0.0652864202857]
0.08275001868605 [0.0915426313877] [0.0739574059844]
0.09445986151675 [0.105011940002] [0.0839077830315]
0.1032483316959 [0.116165943444] [0.0903307199478]
0.09185992553825001 [0.102723635733] [0.0809962153435]
0.0682050138712 [0.07452801615] [0.0618820115924]
0.050946187227949996 [0.0523305535316] [0.0495618209243]
0.04272074997425 [0.0401363372803] [0.0453051626682]
0.039345962926749994 [0.0337722152472] [0.0449197106063]
0.0380083415657 [0.0307022668421] [0.0453144162893]
0.0367976911366 [0.0299759618938] [0.0436194203794]
0.03504351340235 [0.0304023176432] [0.0396847091615]
0.03339372947815 [0.0313186272979] [0.0354688316584]
