M B1 B2
0.0188112827018 [0.0158482082188] [0.0217743571848]
0.01796232210475 [0.0153820263222] [0.0205426178873]
0.017634377349200002 [0.0151860425249] [0.0200827121735]
0.01761652249845 [0.0151145551354] [0.0201184898615]
0.0176538741216 [0.0149996615946] [0.0203080866486]
0.0176525763236 [0.0149020990357] [0.0204030536115]
0.017623036634149998 [0.014976141043] [0.0202699322253]
0.01769723650065 [0.0154054481536] [0.0199890248477]
0.017934686504300003 [0.0162290949374] [0.0196402780712]
0.0184288909659 [0.0173848606646] [0.0194729212672]
0.01935994904485 [0.0188910849392] [0.0198288131505]
0.0208104215562 [0.0208579394966] [0.0207629036158]
0.02299174107615 [0.0237045232207] [0.0222789589316]
0.025771389715400002 [0.0278633795679] [0.0236793998629]
0.0283052539453 [0.0327729173005] [0.0238375905901]
0.02949076611545 [0.0365417823195] [0.0224397499114]
0.02853695861995 [0.0368731021881] [0.0202008150518]
0.0265220524743 [0.0348960608244] [0.0181480441242]
0.0244421539828 [0.032382261008] [0.0165020469576]
0.02281397301705 [0.0302587952465] [0.0153691507876]
0.02175235375765 [0.0288168601692] [0.0146878473461]
0.0212133359164 [0.0280176755041] [0.0144089963287]
0.0210721483454 [0.0277250241488] [0.014419272542]
0.0211221924983 [0.0277335140854] [0.0145108709112]
0.02127549471335 [0.0280758738518] [0.0144751155749]
0.0216671992093 [0.0290335193276] [0.014300879091]
0.02254412230105 [0.0309383738786] [0.0141498707235]
0.023873275145849998 [0.0335771180689] [0.0141694322228]
0.0255995159969 [0.0364808365703] [0.0147181954235]
0.02781793940815 [0.0393022336066] [0.0163336452097]
0.0305671989918 [0.0418352521956] [0.019299145788]
0.034282354638 [0.0445475392044] [0.0240171700716]
0.039374015294 [0.0486256815493] [0.0301223490387]
0.04576095938685 [0.0545801781118] [0.0369417406619]
0.05073888599875 [0.0592325553298] [0.0422452166677]
0.0509989988059 [0.0577828772366] [0.0442151203752]
0.0467384811491 [0.0508458353579] [0.0426311269403]
0.0411464087665 [0.0426522195339] [0.0396405979991]
0.036995762959099995 [0.036870714277] [0.0371208116412]
0.03503403440115 [0.0340893939137] [0.0359786748886]
0.03499300219115 [0.0343576148152] [0.0356283895671]
0.03638207912445 [0.0371534824371] [0.0356106758118]
0.038683077320449996 [0.0413543842733] [0.0360117703676]
0.0411583352834 [0.0456743091345] [0.0366423614323]
0.04354351386425 [0.0496608354151] [0.0374261923134]
0.0458199139684 [0.053286537528] [0.0383532904088]
0.047584386542449994 [0.0558027513325] [0.0393660217524]
0.04913536086675 [0.0572010092437] [0.0410697124898]
0.050786336883899996 [0.0582302473485] [0.0433424264193]
0.05287846550345 [0.0592612847686] [0.0464956462383]
0.05544272623955 [0.0606373623013] [0.0502480901778]
0.058900177478800005 [0.0625993385911] [0.0552010163665]
0.06277598440645 [0.0648084953427] [0.0607434734702]
0.0660785250366 [0.0663160607219] [0.0658409893513]
0.06752098351715 [0.0657379552722] [0.0693040117621]
0.06659996882079999 [0.0628674998879] [0.0703324377537]
0.0638939887285 [0.0582781881094] [0.0695097893476]
0.06053772568705 [0.0529765710235] [0.0680988803506]
0.05758538655935 [0.047869939357] [0.0673008337617]
0.0554285664111 [0.0434461124241] [0.0674110203981]
0.053456814959650004 [0.0399004034698] [0.0670132264495]
0.0515993330628 [0.0371037386358] [0.0660949274898]
0.0502776429057 [0.0348256006837] [0.0657296851277]
0.05005703493955 [0.0336248651147] [0.0664892047644]
0.0503646992147 [0.0336182415485] [0.0671111568809]
0.05165425129235 [0.0347571410239] [0.0685513615608]
0.053549857810149995 [0.0367384366691] [0.0703612789512]
0.055606026202450004 [0.038930863142] [0.0722811892629]
0.057868076488350004 [0.0411296598613] [0.0746064931154]
0.06082084774970001 [0.0432320833206] [0.0784096121788]
0.06489411368965001 [0.0456597581506] [0.0841284692287]
0.0691450741142 [0.0479887537658] [0.0903013944626]
0.07388256862760001 [0.0506254732609] [0.0971396639943]
0.07836260274064999 [0.0535065308213] [0.10321867466]
0.0826876237988 [0.0570311546326] [0.108344092965]
0.08834227919585 [0.0621179565787] [0.114566601813]
0.0968041047453 [0.0700925439596] [0.123515665531]
0.1069347672164 [0.0807438269258] [0.133125707507]
0.11448578536495001 [0.0905895680189] [0.138382002711]
0.11712862923745 [0.0951404646039] [0.139116793871]
0.1173742748795 [0.096487917006] [0.138260632753]
0.11750364676105 [0.0978536680341] [0.137153625488]
0.11945203319200001 [0.100490398705] [0.138413667679]
0.1247113011775 [0.105428777635] [0.14399382472]
0.13350222259800001 [0.113712280989] [0.153292164207]
0.1412485167385 [0.123867511749] [0.158629521728]
0.1399701833725 [0.127050161362] [0.152890205383]
0.12601265311249998 [0.114483818412] [0.137541487813]
0.1137692928315 [0.101281568408] [0.126257017255]
0.1061589643358 [0.0914651975036] [0.120852731168]
0.10201702266925 [0.0858207941055] [0.118213251233]
0.0996050052344 [0.0832553133368] [0.115954697132]
0.09778245538479999 [0.0817156136036] [0.113849297166]
0.09637110680319999 [0.0806331411004] [0.112109072506]
0.09524991363310001 [0.0795125812292] [0.110987246037]
0.09444395080215001 [0.0781448557973] [0.110743045807]
0.09396393969665 [0.0766607373953] [0.111267141998]
0.09382757171969999 [0.0753465369344] [0.112308606505]
0.09433990716925 [0.0747300460935] [0.113949768245]
0.09548372030265001 [0.0750142484903] [0.115953192115]
0.09702647104855 [0.0762322023511] [0.117820739746]
0.0971049815417 [0.0782004743814] [0.116009488702]
0.09780663996955 [0.0802796110511] [0.115333668888]
0.09881372004765 [0.0824994519353] [0.11512798816]
0.10047838464385 [0.0851720049977] [0.11578476429]
0.10357656702415 [0.0885769426823] [0.118576191366]
0.106610234827 [0.091662555933] [0.121557913721]
0.1108865067363 [0.0961751937866] [0.125597819686]
0.115489441901 [0.102487377822] [0.12849150598]
0.11896085366600001 [0.107241101563] [0.130680605769]
0.120625477284 [0.109024353325] [0.132226601243]
0.12086102738999999 [0.10883461684] [0.13288743794]
0.11767318472249999 [0.105719797313] [0.129626572132]
0.11026725173 [0.100034222007] [0.120500281453]
0.10159370675689999 [0.0942462086678] [0.108941204846]
0.09505925327539999 [0.0906403809786] [0.0994781255722]
0.0914386771619 [0.0908693298697] [0.0920080244541]
0.0926701724529 [0.0959394574165] [0.0894008874893]
0.09840848296890001 [0.103411562741] [0.0934054031968]
0.10386277362695001 [0.110598400235] [0.0971271470189]
0.10660004243269999 [0.115189507604] [0.0980105772614]
0.10488794744005 [0.114797785878] [0.0949781090021]
