0.0365378158167 0.0352928619832 0.03436953667555 0.033499795012200004 0.033194894902400005 0.03407752886415 0.036275954917050005 0.04054769128565 0.04685236513615 0.0546800382435 0.06285568512975001 0.0714244153352 0.0812662038952 0.0921397320926 0.10393550060675 
0.115068882704 0.12424344569445 0.1306652650238 0.13476471230365 0.1371127851306 0.138590529561 0.1396245136855 0.1395596936345 0.13838405534599998 0.13577891886245 0.12987918779245 0.11959427967684999 0.105098873377 0.08955809846525001 0.0765236355364 
0.0667926929891 0.059627825394249996 0.0545549336821 0.05096192844215 0.04795250296595 0.04477892816065 0.0408523976803 0.0366961406544 0.03336486592885 0.03132018074395 0.03070280887185 0.03106011729685 0.032126395031799995 0.033599771559249994 0.03486329130825 
0.0357228219509 0.0363481696695 0.036774879321500004 0.03707389160995 0.037259859964250006 0.037523342296450005 0.0379587262869 0.0380828203633 0.0368222426623 0.03370715491475 0.02980366442355 0.0266473488882 0.02467576414345 0.0238142516464 0.02330235764385 
0.0226762564853 0.02175385691225 0.0198010215536 0.01812460180375 0.0169473430142 0.01649013301355 0.0166976270266 0.01742156874385 0.018597530201049997 0.020254363305850002 0.022388088516900002 0.02484411466865 0.026693485677250002 0.027164752595099997 0.0269317580387 
0.02681360766295 0.02723810449245 0.02875821851195 0.0310537591577 0.0337171619758 0.035770121961850004 0.0366926752031 0.03647525794805 0.03615851327775 0.03654653578995 0.036800878122450004 0.0376189649105 0.0392004866153 0.0402489155531 0.03873982839285 
0.0346273370087 0.02960311807695 0.02525879535825 0.022319613024550003 0.0207902705297 0.02037283591925 0.02059051953255 0.02106332406405 0.02150235231965 0.0217819130048 0.0219591120258 0.0221012858674 0.02236799150705 0.0227659875527 0.0234540142119 
0.02476526703685 0.0274221841246 0.03196169994775 0.03776361793275 0.041478151455500004 0.04285282082855 0.0426447931677 0.0419883839786 0.04099423252045 0.039590239524849996 0.03706900589165 0.03478879481555 0.03377303574235 0.03487808536735 0.038560710847399995 
0.0444178637117 0.05130990594625 0.0566243920475 0.05981927365065 0.061336737126099994 0.0622241366655 0.06346132792535 0.0660216212273 0.07136689312755 0.08153115957974999 0.09973854571575 0.1288076415656 0.16396009549499999 0.170098524541 0.15097091347 
0.1333295293153 0.11992834135875 0.11051506549099999 0.10482163727284999 0.0993539653716 0.09068590030085 0.0791196282953 0.06780472770335 0.0589588470757 0.0516465511173 0.0455068871379 0.04064485616985 0.037224097177399995 0.03488603793085 0 
