0.052604131400599996 0.05128040909765 0.05129964649675001 0.05197564326225 0.052346486598300004 0.051453167572650005 0.0509223584086 0.0505852922797 0.05062045902015 0.051040476188099995 0.05174767412245 0.05309508740905 0.0558679718524 0.060799449682199996 0.06814103573565 
0.07808890938759999 0.085684761405 0.0889783836901 0.0893687531352 0.08976198732855001 0.09213999286295 0.09800701215845001 0.10400712490075001 0.10820868983845 0.11032149195665 0.11044268310065 0.10901048034409999 0.1065171174706 0.10320338979355001 0.09820999205125 
0.0915199257434 0.08360657840965 0.07563317194585 0.0687405057251 0.06330071948470001 0.05953136458995 0.0567155983299 0.05381570383905 0.05031361617145 0.04692379571495 0.043970433995100006 0.041741959750649996 0.0403566788882 0.03930103220045 0.03841904364525 
0.0375006236136 0.036453068256400004 0.03560263849795 0.0349843585864 0.0345514481887 0.034157066606 0.033801987767250005 0.03372860886155 0.03433651663365 0.03592793643475 0.0382844191045 0.0406824182719 0.042121076956399994 0.0428612269461 0.04312034882605 
0.04311161488295 0.0432814154774 0.04415251873435 0.0460084974766 0.049286266788849994 0.0544592309743 0.0613761451095 0.0676684267819 0.07284023612735 0.076235756278 0.0778673347086 0.07884041592475 0.0805185828357 0.08659230545169999 0.10167874023315 
0.1275058351455 0.15331597253700002 0.1672725230455 0.1704745963215 0.16701479256149998 0.16222910583 0.160404495895 0.163015730679 0.168312847614 0.173091724515 0.1795422434805 0.18770276755100002 0.196899794042 0.20451167225850003 0.2043200582265 
0.191870383918 0.16820102185 0.1440954729915 0.1275978535415 0.11651862040165 0.11008895188574999 0.10673490911735001 0.10671032220125 0.10810538008795 0.10954482108375 0.11038316041230001 0.11078498512485 0.11156796664015 0.1136832609774 0.1179038323462 
0.1257601417601 0.1389314047995 0.1609341576695 0.1947165057065 0.23357180506 0.2692436873915 0.2928293943405 0.305259570479 0.313171193004 0.3211108595135 0.3300194591285 0.3386541754005 0.344375535846 0.3491457253695 0.352115213871 
0.3518062829975 0.348053485155 0.34099932014949996 0.331567615271 0.3218713849785 0.31528100371400003 0.314155176282 0.313843131065 0.3118636608125 0.30571450293049995 0.2975142300125 0.284991122782 0.269296899438 0.2514166533945 0.23369550704999997 
0.21964987367400002 0.210366398096 0.2053605392575 0.2036433666945 0.203193977475 0.20275169611 0.202073380351 0.20182822644749998 0.20292272418750001 0.206091813743 0.2113024666905 0.21282690763450002 0.21059847623099998 0.20994664728650003 0.204175546765 
