0.042690834030550004 0.04369515180585 0.04552737250925 0.049688749946650006 0.058614468202 0.07692845165750001 0.1111144907771 0.1661955192685 0.20785414427499999 0.178315937519 0.1345242299135 0.09973836690185 0.07648296654225001 0.0612705182284 0.0544414073229 
0.05795596167445 0.07499098218995 0.1036016996951 0.13732587918635 0.16376265324665 0.1839796975255 0.19699892960505 0.2016522586348 0.2002871595325 0.2032980211077 0.20600310340509997 0.20997520163650002 0.2150382101535 0.2212534025315 0.2279418408875 
0.2338402345775 0.23871120810500002 0.239266574383 0.22806143760699998 0.2021712586285 0.170699290931 0.140712130815 0.11754432693149999 0.1003984287381 0.08288629353045 0.06844499334689999 0.057904403656749995 0.049678793177 0.0449002832174 0.0416874345392 
0.03939281776545 0.03758203051985 0.03605431877075 0.034933176823 0.03457554336635 0.0346171911806 0.03460542391985 0.03103632293645 0.027151430025700002 0.0251598218456 0.02417965978385 0.02393302787095 0.0230766767636 0.023556470870950003 0.024144349619749997 
0.024851803667850003 0.025905047543349997 0.026583990082149997 0.028207997791449998 0.03020598273725 0.03214902151375 0.034162517637 0.0382489543408 0.044346667826200004 0.0517028402537 0.058651769533749995 0.06460986845195 0.06958964839580001 0.073634725064 0.0772964730859 
0.0794681869447 0.08065784722565 0.0807787291706 0.07991502806545 0.07888826727869999 0.07822549715640001 0.07856683805584999 0.08036866039035001 0.08390520513075 0.08890667557715 0.09273924119775 0.09289086237575 0.09129035286595 0.08950110524905 0.08835950680095 
0.08835432678465 0.0881276782601 0.0880634784697 0.0885441135613 0.08922749385235 0.09129653871035 0.0944968163969 0.0973298400641 0.0985801927746 0.09841040521845 0.0973891541361 0.0963084325194 0.09643998369595 0.09654586389645001 0.09675699099900001 
0.0963090248405 0.09377603232885001 0.08619685843585001 0.07364241778855 0.060504052788 0.0498909112066 0.04263559915125 0.03823549859225 0.03564614057545 0.03426957689225 0.032871505245550006 0.0317283095792 0.030598101206150002 0.02958700060845 0.02860659733415 
0.0277071855962 0.027239195071199998 0.0278197536245 0.029936958104400002 0.03429007250815 0.04179077781735 0.0518285781145 0.061838828027250006 0.06910701282325 0.07170647382735 0.0734795946628 0.07518706284465 0.07704138755795 0.07882568240165 0.08068956807255 
0.08216404542325001 0.0827716886997 0.08191997930405 0.07942447066305 0.07679727301 0.07544592395425001 0.077748876065 0.08307283371685001 0.08711491152645001 0.0881301425397 0.0872964896262 0.08640725165605 0.08657671883705 0.08681606128809999 0.0875159017742 
0.08876799046995 0.09055246040225 0 0 0 0 0 0 0 0 0 0 0 0 0 
