0.08701498806475 0.0863242801279 0.0855936743317 0.08532778359955 0.08731929585334999 0.092693425715 0.09903383627515 0.09814809635305 0.0920081138613 0.08538420498374999 0.08478030189875 0.08381063863635 0.082745667547 0.0815561898053 0.08009745925664999 
0.0783709995449 0.07653556019065 0.0747391730547 0.07267352379860001 0.0700854305178 0.06729180924594999 0.06729180924594999 0.06729180924594999 0.06729180924594999 0.06729180924594999 0.06729180924594999 0.06729180924594999 0.06729180924594999 0.06729180924594999 0.06729180924594999 
0.06729180924594999 0.06729180924594999 0.06729180924594999 0.06729180924594999 0.06729180924594999 0.05331070162355 0.04459511861205 0.0450843013823 0.04453554004435 0.0437865629792 0.0433562044054 0.04365631379185 0.044705376029 0.0463191550225 0.0483277030289 
0.0504305046052 0.05256951227785 0.0551044959575 0.05748030543325 0.0592456012964 0.06059974618255 0.06184087134895 0.0627141650766 0.06446007825435 0.0671695843339 0.06976277939955 0.0712937749923 0.07128242962065 0.0692755226047 0.0666778571904 
0.06512789428235 0.0645048581064 0.06461756303905 0.065430091694 0.0669886190444 0.06949802488085 0.07382624037585 0.0803058352322 0.0876497700809 0.0936877653001 0.0983204543592 0.10094440728439999 0.1045871935787 0.1102139279246 0.1168416887525 
0.1277539134025 0.1434838995335 0.158470749855 0.1623327881095 0.16063335537899998 0.15889095515 0.15535534173249999 0.1452780365945 0.1304061859847 0.11454881355155 0.1017685905101 0.0930087417365 0.08927049860365 0.0893101990224 0.09165177866805 
0.09552461281395 0.09991390630595 0.1044152155521 0.1086853966117 0.112578254193 0.1164893619715 0.12196799367649999 0.1307902149855 0.14471232518549998 0.1646943837405 0.1866977512835 0.20563746988749998 0.192167431116 0.14639176428349998 0.1109024025499 
0.09375682473175 0.0871489010751 0.08324114233255 0.080130495131 0.0779257938266 0.07651644200089999 0.07570506632325 0.07526947557925001 0.07506597414615 0.07501504570244999 0.0749345831573 0.07481333985925001 0.07435745373370001 0.07350654527545 0.07251251116395 
0.07247761636975 0.07735534757375 0.09144113585355 0.1154954209925 0.143461063504 0.1665530353785 0.1851934194565 0.19878721237199998 0.20962131768449999 0.216121055186 0.2146001681685 0.2103092074395 0.206566877663 0.2044160440565 0.20563631504750002 
0.2102385163305 0.21804405003799998 0.227498359978 0.23566514253600002 0.2415462210775 0.248206011951 0.254856094718 0.2589941322805 0.256470620632 0.2358833029865 0.2070896439255 0.18054433539525 0.16104756295685 0.1467394866048 0.13643514923755 
0.12866666167965 0.1223383322356 0.11591581255205 0 0 0 0 0 0 0 0 0 0 0 0 
