0.11210417002445 0.08568258583544999 0.06842384673655 0.0578950084746 0.05149770341815 0.0480709839612 0.0465803295374 0.04607957601545 0.0459786616266 0.04632944613695 0.0474787931889 0.0505808293819 0.05625626444815 0.06469258479775 0.07576991431415 
0.08986448124054999 0.10856544226404999 0.1344047300515 0.1705802977085 0.213851504028 0.244211472571 0.2544337660075 0.250129878521 0.24478719383499997 0.2426721677185 0.245282188058 0.25148423016099997 0.2574705556035 0.260645478964 0.2582327872515 
0.25266289711 0.239064067602 0.2249763794245 0.2110250256955 0.19765524566155 0.18531225249174998 0.17398861423115 0.1640040986241 0.1556651480496 0.14911716058845 0.1424288358541 0.13212855625895 0.12084938585765001 0.10838602762645 0.0977421198041 
0.09151764959075001 0.08821653109065 0.088583932258 0.0924502899868 0.0985502814875 0.10183627810325001 0.10348494350899999 0.10174520686260001 0.09749651700275 0.09269797429445 0.0881815329193 0.08487012982360001 0.0814404338598 0.0785812847316 0.07537150755525 
0.07160196080805001 0.0468737129122 0.0429104734212 0.03972733858975 0.03735533636065 0.036006299778850004 0.03523646388205 0.03520887717605 0.036410313099649996 0.03801359515635 0.03904839232565 0.03889448195695 0.03794409614055 0.03703408781435 0.03693761024625 
0.038117228075849996 0.040390433743600004 0.04276816546915 0.04390613362195 0.0423341980204 0.0387256406248 0.0346353771165 0.0313103441149 0.0289684254676 0.0274474229664 0.0267045395449 0.0265324432403 0.026747061870999997 0.027104466222249997 0.0271058613434 
0.02676556631925 0.0264369333163 0.02669942565265 0.0277666859329 0.029917955398549998 0.0334715330973 0.0389010179788 0.04541952721775 0.0508755110204 0.054582536220549996 0.05702067166565 0.05969051644205001 0.0631706472486 0.06573516875505 0.06074447929855 
0.05157640203835 0.0436369981617 0.0384634360671 0.03553479723635 0.03406899049875 0.0335695063695 0.03371596056965 0.0340940831229 0.0346110295504 0.0345332836732 0.03431842476125 0.033627262339 0.03285121452065 0.03179587610065 0.0306568937376 
0.0295826559886 0.029191121459 0.029427311383199997 0.03010707348585 0.0312291001901 0.0324473269284 0.033564910292650005 0.0345489801839 0.0352750532329 0.035852527245900004 0.0360523443669 0.03634623996915 0.03694299422205 0.0382814090699 0.0408377740532 
0.044889025390149995 0.049872130155550004 0.05507646128535 0.059306848794249994 0.0621088668704 0.06395487487314999 0.06514603458345 0.0654939394444 0.06572572886945 0.0675222184509 0.0737454798075 0.08883019350485 0.12131550163035 0.174957644194 0.22717990726249998 
0.2577288374305 0.27246999740600003 0.277390368283 0.2788465172055 0.2798287421465 0.279523909092 0.27656279504299996 0.2730768024925 0.270207874477 0.2675428092475 0.2643527537585 0.2576454803345 0.249472655356 0.221089929342 0 
