0.44656547904050004 0.4329213500025 0.42024822533149997 0.41517175734050005 0.411516010761 0.407010018826 0.403640195727 0.40175957977800003 0.4052294790745 0.4132729917765 0.4213807731865 0.42648340761649994 0.42537461221249995 0.41621965169950004 0.4139385670425 
0.4108976870775 0.408127963543 0.406317815185 0.405414834619 0.23889587074500002 0.23806934803750002 0.2361012771725 0.2322644218805 0.22691672295350002 0.21751414984450002 0.2093731090425 0.204910837114 0.20358631759899998 0.20455337315799998 0.207011900842 
0.21028282493349998 0.21373454481350002 0.2169360741975 0.220147959888 0.2232054695485 0.2253882065415 0.227542988956 0.22853582352399998 0.2317231222985 0.23806846886900002 0.2484115585685 0.26110472530150003 0.269540809095 0.2731400951745 0.2738789096475 
0.2740529105065 0.2747566476465 0.3115233257415 0.5227737724779999 0.52711263299 0.529732495546 0.5524044781924999 0.5394049882885 0.5286503732205 0.5164383649825001 0.49977254867550003 0.48866841197 0.4718449115755 0.45114284753800005 0.432092577219 
0.40554232895349995 0.3865157812835 0.3618393540385 0.346773520112 0.3420655727385 0.34546144306649995 0.353896871209 0.3887033313515 0.41936647892 0.4516471773385 0.5078914016485 0.5165991783145 0.5192431360485 0.520315080881 0.524044394493 
0.53530831635 0.5565090328455 0.581241935492 0.596219450235 0.5898344218730001 0.5738240182400001 0.543320223689 0.5144438147545 0.492995008826 0.4831234812735 0.4816513806585 0.4213979393245 0.40147379040700004 0.390527829528 0.38039806485149996 
0.36562682688250003 0.3422411084175 0.304302677512 0.2543745934965 0.220486231148 0.215735994279 0.21172580868 0.20795318484300002 0.20463573932649998 0.2007527798415 0.19548160582750002 0.188825637102 0.1780215129255 0.16652881354100002 0.1565366759895 
0.1611887365575 0.1664013937115 0.171184696257 0.176325879991 0.1842652037735 0.197999998927 0.224099960178 0.2559576183555 0.2879465818405 0.31408149749000003 0.329666040838 0.337843246758 0.34225983917749997 0.3462828844785 0.346939072013 
0.34582743793750004 0.345324330032 0.3525403141975 0.36588326841599994 0.38141995668399997 0.3930485099555 0.39436895400250005 0.385123357177 0.37126557529000004 0.335565686226 0.324480123818 0.327257558703 0.339359410107 0.359555669129 0.3775935173035 
0.38911224901700003 0.388703390956 0.38160847127450004 0.377322867513 0.38191035389899997 0.3911838382485 0.399496473372 0.4052290767435 0.412169598043 0.4159145876765 0.421160876751 0.4258281588555 0.4182802140715 0.40002982318400004 0.3760723024605 
0.36723741889 0.36421833932400005 0.3671391755345 0.375985339284 0.3924655169245 0 0 0 0 0 0 0 0 0 0 
