0.13535150513049998 [0.167554587126] [0.103148423135]
0.1456521824 [0.186213687062] [0.105090677738]
0.15223411843200002 [0.196800619364] [0.1076676175]
0.1542116329075 [0.197315722704] [0.111107543111]
0.15208598226300002 [0.189859211445] [0.114312753081]
0.1477141045035 [0.179540172219] [0.115888036788]
0.14294276014 [0.170983463526] [0.114902056754]
0.1406675577165 [0.167756974697] [0.113578140736]
0.140351600945 [0.167194277048] [0.113508924842]
0.1398458704355 [0.162553265691] [0.11713847518]
0.1293935254215 [0.13710193336] [0.121685117483]
0.1117373593155 [0.102383323014] [0.121091395617]
0.09437781944865001 [0.0746205300093] [0.114135108888]
0.0790598876776 [0.0574092119932] [0.100710563362]
0.06687720492480001 [0.0471099093556] [0.086644500494]
0.0564703121781 [0.0409711897373] [0.0719694346189]
0.04754721932115 [0.0372535400093] [0.057840898633]
0.040451116859899994 [0.0349236913025] [0.0459785424173]
0.03534119948745 [0.0331697911024] [0.0375126078725]
0.032031627371900004 [0.0319189168513] [0.0321443378925]
0.029997307807200002 [0.0309589598328] [0.0290356557816]
0.0288113951683 [0.030174927786] [0.0274478625506]
0.02811830770225 [0.0295065380633] [0.0267300773412]
0.02767767664045 [0.0289530400187] [0.0264023132622]
0.027269883081300003 [0.0284403003752] [0.0260994657874]
0.02690322883425 [0.0280292686075] [0.025777189061]
0.0266928868368 [0.0279270559549] [0.0254587177187]
0.02693922724575 [0.0287284012884] [0.0251500532031]
0.0280157038942 [0.0311470627785] [0.0248843450099]
0.030495373532149997 [0.0361649766564] [0.0248257704079]
0.0349137885496 [0.0446040295064] [0.0252235475928]
0.04149298742415 [0.0563183836639] [0.0266675911844]
0.05069836322215 [0.0712090283632] [0.0301876980811]
0.0648862719536 [0.0922851935029] [0.0374873504043]
0.08860727027035 [0.125246033072] [0.0519685074687]
0.12814232707040002 [0.177217125893] [0.0790675282478]
0.1801752969625 [0.237746447325] [0.1226041466]
0.22817333042600002 [0.287361651659] [0.168985009193]
0.24990006536249998 [0.312473744154] [0.187326386571]
0.2516615241765 [0.318161576986] [0.185161471367]
0.24957447499 [0.317750573158] [0.181398376822]
0.24598035216300002 [0.318225741386] [0.17373496294]
0.246397964656 [0.3208296597] [0.171966269612]
0.2425197437405 [0.320860296488] [0.164179190993]
0.231477200985 [0.318045288324] [0.144909113646]
0.2171485237775 [0.314277499914] [0.120019547641]
0.20391154661755 [0.312196731567] [0.0956263616681]
0.19263434037580002 [0.310732752085] [0.0745359286666]
0.18250898830595003 [0.307319521904] [0.0576984547079]
0.17267987318315 [0.299982309341] [0.0453774370253]
0.16503814049065 [0.292604714632] [0.0374715663493]
0.16132699325685002 [0.290040165186] [0.0326138213277]
0.16038666479289998 [0.290608137846] [0.0301651917398]
0.1606645341961 [0.29148748517] [0.0298415832222]
0.1625335440041 [0.2944252491] [0.0306418389082]
0.16495747864245 [0.298085540533] [0.0318294167519]
0.1659327335657 [0.298424124718] [0.0334413424134]
0.1654909104111 [0.295920580626] [0.0350612401962]
0.16499502770604998 [0.292880833149] [0.0371092222631]
0.16441291756954998 [0.289228111506] [0.0395977236331]
0.16265157423909998 [0.283121138811] [0.0421820096672]
0.16003358550369998 [0.275053948164] [0.0450132228434]
0.1589242760091 [0.26923674345] [0.0486118085682]
0.1619901750236 [0.269992917776] [0.0539874322712]
0.16966767795365 [0.276836186647] [0.0624991692603]
0.1804991140962 [0.284927815199] [0.0760704129934]
0.19260069727885 [0.289475739002] [0.0957256555557]
0.2018756270405 [0.286027103662] [0.117724150419]
0.201079197228 [0.270474374294] [0.131684020162]
0.1916418075565 [0.247052356601] [0.136231258512]
0.182285159826 [0.225729599595] [0.138840720057]
0.17385414987800002 [0.210166409612] [0.137541890144]
0.166128307581 [0.199639648199] [0.132616966963]
0.160060431808 [0.195576146245] [0.124544717371]
0.15525069087749999 [0.193676114082] [0.116825267673]
0.15239635109900002 [0.19245634973] [0.112336352468]
0.151218779385 [0.190632581711] [0.111804977059]
0.1505750641225 [0.188338771462] [0.112811356783]
0.150305774063 [0.185522645712] [0.115088902414]
0.15174737200149999 [0.183117941022] [0.120376802981]
0.155275054276 [0.180653035641] [0.129897072911]
0.1607499197125 [0.180150359869] [0.141349479556]
0.1680796071885 [0.182341068983] [0.153818145394]
0.178704001009 [0.189791694283] [0.167616307735]
0.1928715631365 [0.200683414936] [0.185059711337]
0.212151475251 [0.215811878443] [0.208491072059]
0.23384868353600002 [0.232861682773] [0.234835684299]
0.256253913045 [0.253095626831] [0.259412199259]
0.2753117382525 [0.272771477699] [0.277851998806]
0.28959070146099997 [0.287935823202] [0.29124557972]
0.29625529050849997 [0.294084787369] [0.298425793648]
0.297287195921 [0.29345330596] [0.301121085882]
0.2945983707905 [0.289124339819] [0.300072401762]
0.2903776466845 [0.284487515688] [0.296267777681]
0.2862971276045 [0.282014131546] [0.290580123663]
0.2826110720635 [0.2810562253] [0.284165918827]
0.280086576939 [0.280426859856] [0.279746294022]
0.2803761661055 [0.279896974564] [0.280855357647]
0.2818277329205 [0.279133081436] [0.284522384405]
0.2832352668045 [0.282154649496] [0.284315884113]
0.283709362149 [0.288577735424] [0.278840988874]
0.281687617302 [0.294958412647] [0.268416821957]
0.2737717032435 [0.296029239893] [0.251514166594]
0.2597754001615 [0.29035577178] [0.229195028543]
0.24405685067150001 [0.285922050476] [0.202191650867]
0.232820138335 [0.289390683174] [0.176249593496]
0.22215297818199997 [0.294166713953] [0.150139242411]
0.21160050109050002 [0.298781692982] [0.124419309199]
0.20191315188999998 [0.297855108976] [0.105971194804]
0.193147096783 [0.286537230015] [0.099756963551]
0.18806069344249998 [0.273542821407] [0.102578565478]
0.189287085086 [0.26785415411] [0.110720016062]
0.19618017971499999 [0.272854566574] [0.119505792856]
0.20365571975700003 [0.280212402344] [0.12709903717]
0.2098775804045 [0.286927223206] [0.132827937603]
0.2147957235575 [0.292360365391] [0.137231081724]
0.21892988681800002 [0.296935170889] [0.140924602747]
0.223024100065 [0.301576852798] [0.144471347332]
0.227546095848 [0.30759319663] [0.147498995066]
0.232283748686 [0.315333038568] [0.149234458804]
0.2364557236435 [0.323850989342] [0.149060457945]
0.23901049047700001 [0.331538200378] [0.146482780576]
0.2403198108075 [0.337729781866] [0.142909839749]
0.2423566281795 [0.342935651541] [0.141777604818]
