0.07015819940734999 [0.124301888049] [0.0160145107657]
0.07485528755955001 [0.132422164083] [0.0172884110361]
0.08118826616575 [0.144176602364] [0.0181999299675]
0.0892150336875 [0.157873228192] [0.020556839183]
0.09859951771775001 [0.169779270887] [0.0274197645485]
0.110723650083 [0.176787108183] [0.044660191983]
0.13238221779460002 [0.181720688939] [0.0830437466502]
0.16428322345000002 [0.186511337757] [0.142055109143]
0.190653167665 [0.191396102309] [0.189910233021]
0.19890364259499999 [0.194844245911] [0.202963039279]
0.19679202884449998 [0.194225713611] [0.199358344078]
0.17923022061549998 [0.181933328509] [0.176527112722]
0.13987549394350002 [0.148948341608] [0.130802646279]
0.09728644043205001 [0.108054369688] [0.0865185111761]
0.06779431179164999 [0.0766449198127] [0.0589437037706]
0.051337219774750004 [0.0583154074848] [0.0443590320647]
0.04335438460115 [0.0490940473974] [0.0376147218049]
0.0402804482728 [0.0451953858137] [0.0353655107319]
0.03976207412775 [0.0439394600689] [0.0355846881866]
0.040170535445199995 [0.043634802103] [0.0367062687874]
0.0405992474407 [0.0434838272631] [0.0377146676183]
0.0407844521105 [0.0435193032026] [0.0380496010184]
0.0408451072872 [0.0438990518451] [0.0377911627293]
0.040878830477600006 [0.0445930399001] [0.0371646210551]
0.04135183058675 [0.0456004440784] [0.0371032170951]
0.04241439327595 [0.0470031648874] [0.0378256216645]
0.044358886778349996 [0.0491785779595] [0.0395391955972]
0.048126000911 [0.0531590543687] [0.0430929474533]
0.0555012430996 [0.06087340042] [0.0501290857792]
0.06965040415525 [0.0759002491832] [0.0634005591273]
0.09643758833415 [0.104710713029] [0.0881644636393]
0.1448207944635 [0.157155901194] [0.132485687733]
0.21532437205299998 [0.233677074313] [0.196971669793]
0.2777675539255 [0.298310786486] [0.257224321365]
0.2874027490615 [0.300587117672] [0.274218380451]
0.260633111 [0.266527324915] [0.254738897085]
0.2310227602725 [0.232194423676] [0.229851096869]
0.2115218043325 [0.207937121391] [0.215106487274]
0.200073905289 [0.193651407957] [0.206496402621]
0.192704826593 [0.187344178557] [0.198065474629]
0.18960355967300002 [0.189498513937] [0.189708605409]
0.190181352198 [0.198734939098] [0.181627765298]
0.193483017385 [0.212249517441] [0.174716517329]
0.19754668325199998 [0.226369932294] [0.16872343421]
0.19965139776500002 [0.237478926778] [0.161823868752]
0.1995666399595 [0.243791237473] [0.155342042446]
0.1978736892345 [0.246300265193] [0.149447113276]
0.1963014379145 [0.246767982841] [0.145834892988]
0.19663213938500002 [0.249123975635] [0.144140303135]
0.200116932392 [0.257028877735] [0.143204987049]
0.20703996717899997 [0.271774470806] [0.142305463552]
0.2176564335825 [0.29383251071] [0.141480356455]
0.23585647344549998 [0.326379269361] [0.14533367753]
0.26241824030850003 [0.367813527584] [0.157022953033]
0.2878573536875 [0.400534421206] [0.175180286169]
0.3010057434435 [0.410123288631] [0.191888198256]
0.302558980882 [0.40038728714] [0.204730674624]
0.299264460802 [0.389168560505] [0.209360361099]
0.2945713326335 [0.379070043564] [0.210072621703]
0.2899366021155 [0.371855467558] [0.208017736673]
0.28740029782050003 [0.368823260069] [0.205977335572]
0.286032617092 [0.36890617013] [0.203159064054]
0.28466334939000004 [0.369939088821] [0.199387609959]
0.2843802571295 [0.369702577591] [0.199057936668]
0.28493747115150003 [0.366596668959] [0.203278273344]
0.2856541574 [0.360294193029] [0.211014121771]
0.28477388620349997 [0.350749224424] [0.218798547983]
0.277332909405 [0.335223227739] [0.219442591071]
0.264409922063 [0.318257898092] [0.210561946034]
0.2481712400915 [0.299996107817] [0.196346372366]
0.232338935137 [0.282210916281] [0.182466953993]
0.21858572959900002 [0.26480692625] [0.172364532948]
0.2084116861225 [0.250984847546] [0.165838524699]
0.20313659310350002 [0.24399279058] [0.162280395627]
0.1997104734185 [0.239320188761] [0.160100758076]
0.196126326919 [0.235963955522] [0.156288698316]
0.19392704963649998 [0.234473377466] [0.153380721807]
0.1917906925085 [0.233406841755] [0.150174543262]
0.18962123245 [0.232127144933] [0.147115319967]
0.1874737367035 [0.230733111501] [0.144214361906]
0.1851718127725 [0.229210242629] [0.141133382916]
0.1828681752085 [0.227377548814] [0.138358801603]
0.1824572756885 [0.227214962244] [0.137699589133]
0.186304874718 [0.230698212981] [0.141911536455]
0.1959368065 [0.240090802312] [0.151782810688]
0.21013084799050002 [0.256534636021] [0.16372705996]
0.224401511252 [0.276776820421] [0.172026202083]
0.2345488369465 [0.29393902421] [0.175158649683]
0.238810181618 [0.30254817009] [0.175072193146]
0.2382094562055 [0.30367192626] [0.172746986151]
0.23649147152900002 [0.300024986267] [0.172957956791]
0.241124980152 [0.302567958832] [0.179682001472]
0.250463105738 [0.310114562511] [0.190811648965]
0.26251989603 [0.319533526897] [0.205506265163]
0.2744340449575 [0.330250144005] [0.21861794591]
0.2850216850635 [0.343380540609] [0.226662829518]
0.29692284017799997 [0.361405491829] [0.232440188527]
0.3083913102745 [0.383481353521] [0.233301267028]
0.316662564874 [0.401889443398] [0.23143568635]
0.3215025141835 [0.412497758865] [0.230507269502]
0.3215029984715 [0.410496771336] [0.232509225607]
0.31866168975849996 [0.403858244419] [0.233465135098]
0.3147508874535 [0.395521372557] [0.23398040235]
0.311383835971 [0.386794686317] [0.235972985625]
0.3085244968535 [0.377225100994] [0.239823892713]
0.3089405298235 [0.372853904963] [0.245027154684]
0.314348272979 [0.378819108009] [0.249877437949]
0.326886147261 [0.400525927544] [0.253246366978]
0.340963885188 [0.42762607336] [0.254301697016]
0.345392234623 [0.444375634193] [0.246408835053]
0.337278418243 [0.440059989691] [0.234496846795]
0.324998252094 [0.432464629412] [0.217531874776]
0.312842488289 [0.422188103199] [0.203496873379]
0.3036701828245 [0.412346094847] [0.194994270802]
0.3012920618055 [0.406697422266] [0.195886701345]
0.305009126663 [0.405425518751] [0.204592734575]
0.3113386332985 [0.410662591457] [0.21201467514]
0.315155506134 [0.420623093843] [0.209687918425]
0.321436226368 [0.434771001339] [0.208101451397]
0.326588280499 [0.445845812559] [0.207330748439]
