0.14543464034775 [0.214143261313] [0.0767260193825]
0.13688151165855 [0.200491011143] [0.0732720121741]
0.12739067897175 [0.187399283051] [0.0673820748925]
0.11968353204445001 [0.177102133632] [0.0622649304569]
0.11382180638615 [0.168153166771] [0.0594904460013]
0.11004677042370001 [0.161157026887] [0.0589365139604]
0.10912000760455 [0.15843243897] [0.0598075762391]
0.11052103526875 [0.159560114145] [0.0614819563925]
0.11354107782235001 [0.163070335984] [0.0640118196607]
0.11843033507484999 [0.16964738071] [0.0672132894397]
0.12456623837370001 [0.177222028375] [0.0719104483724]
0.13324055448165 [0.188713788986] [0.0777673199773]
0.1457111053167 [0.206794351339] [0.0846278592944]
0.16212969273335 [0.231234073639] [0.0930253118277]
0.18057171627899998 [0.257547527552] [0.103595905006]
0.1958467140795 [0.275707513094] [0.115985915065]
0.2056116163735 [0.279901504517] [0.13132172823]
0.2115431055425 [0.273224681616] [0.149861529469]
0.21615805476900002 [0.262938261032] [0.169377848506]
0.22180012613550001 [0.252711504698] [0.190888747573]
0.2278108224275 [0.242202088237] [0.213419556618]
0.23088983446349998 [0.229807913303] [0.231971755624]
0.2292609512805 [0.215265408158] [0.243256494403]
0.2250746265055 [0.202608406544] [0.247540846467]
0.2206418588755 [0.193334922194] [0.247948795557]
0.21696408837999998 [0.188327938318] [0.245600238442]
0.2159384191035 [0.188983991742] [0.242892846465]
0.217541351914 [0.194777756929] [0.240304946899]
0.22176221013050001 [0.20346558094] [0.240058839321]
0.224987052381 [0.213882252574] [0.236091852188]
0.22905595600599998 [0.226527392864] [0.231584519148]
0.23404043167799998 [0.241080611944] [0.227000251412]
0.23814953118600002 [0.255203545094] [0.221095517278]
0.23923607170599998 [0.267988175154] [0.210483968258]
0.2396280542015 [0.280340403318] [0.198915705085]
0.2413748279215 [0.289490789175] [0.193258866668]
0.242618471384 [0.294159382582] [0.191077560186]
0.24646602571 [0.301248759031] [0.191683292389]
0.252503246069 [0.310597896576] [0.194408595562]
0.259755320847 [0.322393417358] [0.197117224336]
0.262437403202 [0.32769793272] [0.197176873684]
0.2592947259545 [0.327116072178] [0.191473379731]
0.2516591772435 [0.321865826845] [0.181452527642]
0.24220400303599998 [0.313510775566] [0.170897230506]
0.233988031745 [0.304782152176] [0.163193911314]
0.22881329059600003 [0.298260331154] [0.159366250038]
0.226708739996 [0.294555962086] [0.158861517906]
0.225896038115 [0.291988611221] [0.159803465009]
0.2257878407835 [0.289838016033] [0.161737665534]
0.226242624223 [0.289708524942] [0.162776723504]
0.225352674723 [0.289364010096] [0.16134133935]
0.2203133553265 [0.283717185259] [0.156909525394]
0.2112952172755 [0.271645784378] [0.150944650173]
0.20195636153250002 [0.258879154921] [0.145033568144]
0.194383606315 [0.246407195926] [0.142360016704]
0.189940944314 [0.235679090023] [0.144202798605]
0.189518786967 [0.22804607451] [0.150991499424]
0.191785983741 [0.22186884284] [0.161703124642]
0.1969286575915 [0.21908685565] [0.174770459533]
0.203446865082 [0.219645828009] [0.187247902155]
0.209864921868 [0.223000317812] [0.196729525924]
0.215180687606 [0.227966070175] [0.202395305037]
0.2188903465865 [0.234595671296] [0.203185021877]
0.222959756851 [0.243467405438] [0.202452108264]
0.22900053113700003 [0.255057066679] [0.202943995595]
0.23821435123700002 [0.268821924925] [0.207606777549]
0.2499645128845 [0.282779365778] [0.217149659991]
0.2615008801225 [0.2961602211] [0.226841539145]
0.2702966928485 [0.305960595608] [0.234632790089]
0.2762608379125 [0.314077734947] [0.238443940878]
0.27528718113899997 [0.314405798912] [0.236168563366]
0.2658690214155 [0.302317649126] [0.229420393705]
0.2540314346555 [0.284474283457] [0.223588585854]
0.24682468920950001 [0.276874989271] [0.216774389148]
0.243806548417 [0.282684206963] [0.204928889871]
0.24022649228550003 [0.289761930704] [0.190691053867]
0.2378483265635 [0.298489630222] [0.177207022905]
0.2364981621505 [0.307929843664] [0.165066480637]
0.23604722321049998 [0.316628396511] [0.15546604991]
0.23540084809099998 [0.321839243174] [0.148962453008]
0.23497457802299998 [0.325237840414] [0.144711315632]
0.235995143652 [0.331362396479] [0.140627890825]
0.23772700130949997 [0.340236902237] [0.135217100382]
0.240178465843 [0.352000623941] [0.128356307745]
0.24326175451249998 [0.365220546722] [0.121302962303]
0.2467316426335 [0.377149224281] [0.116314060986]
0.249437328428 [0.384822100401] [0.114052556455]
0.2504220046105 [0.386407464743] [0.114436544478]
0.2496359571815 [0.383964091539] [0.115307822824]
0.2538022361695 [0.391963928938] [0.115640543401]
0.259498719126 [0.402800291777] [0.116197146475]
0.266280274838 [0.414038181305] [0.118522368371]
0.2692755013705 [0.416233062744] [0.122317939997]
0.270317219198 [0.412796467543] [0.127837970853]
0.268942825496 [0.409273743629] [0.128611907363]
0.26531355082999997 [0.40503692627] [0.12559017539]
0.2595748752355 [0.397358119488] [0.121791630983]
0.2509315870705 [0.382158249617] [0.119704924524]
0.23661276325549999 [0.353698313236] [0.119527213275]
0.2268871739505 [0.334913343191] [0.11886100471]
0.22115963697399998 [0.32591637969] [0.116402894258]
0.2181671112775 [0.324308514595] [0.11202570796]
0.21795694157499998 [0.32867577672] [0.10723810643]
0.2204814329745 [0.336090415716] [0.104872450233]
0.2229967527095 [0.341272681952] [0.104720823467]
0.2257401235405 [0.345746636391] [0.10573361069]
0.22789643332350001 [0.348880589008] [0.106912277639]
0.229722123593 [0.351319640875] [0.108124606311]
0.232093852013 [0.354039162397] [0.110148541629]
0.235659405589 [0.357272475958] [0.11404633522]
0.2407686412335 [0.361314594746] [0.120222687721]
0.244692467153 [0.363643079996] [0.12574185431]
0.249353170395 [0.368014752865] [0.130691587925]
0.2550293430685 [0.373823046684] [0.136235639453]
0.2619181871415 [0.381175577641] [0.142660796642]
0.26964084804050004 [0.392669737339] [0.146611958742]
0.277205504477 [0.407776117325] [0.146634891629]
0.282904557884 [0.415624767542] [0.150184348226]
0.288639716804 [0.421133726835] [0.156145706773]
0.292245775461 [0.422751009464] [0.161740541458]
0.29532765597099997 [0.421563476324] [0.169091835618]
0.295434832573 [0.419271796942] [0.171597868204]
