0.06058408878745 [0.0624440647662] [0.0587241128087]
0.05677830241625 [0.0596202090383] [0.0539363957942]
0.0538469478488 [0.0569754354656] [0.050718460232]
0.05109981633725 [0.0541834942997] [0.0480161383748]
0.0484418645501 [0.0514796376228] [0.0454040914774]
0.04600991867485 [0.0491618998349] [0.0428579375148]
0.044123811647300004 [0.047302544117] [0.0409450791776]
0.04292336478825 [0.0460711792111] [0.0397755503654]
0.0422566011548 [0.0455474406481] [0.0389657616615]
0.041889209300300004 [0.0458708256483] [0.0379075929523]
0.041784774512049996 [0.0471578203142] [0.0364117287099]
0.0423948634416 [0.0495744943619] [0.0352152325213]
0.04457992501555 [0.0537667945027] [0.0353930555284]
0.049328055232749995 [0.0605955533683] [0.0380605570972]
0.0571001842618 [0.070040948689] [0.0441594198346]
0.06580476462845 [0.0790187120438] [0.0525908172131]
0.07199900597335 [0.0831048041582] [0.0608932077885]
0.07341111451384999 [0.0798988267779] [0.0669234022498]
0.0707133486867 [0.0707462802529] [0.0706804171205]
0.06604537181555001 [0.059410598129] [0.0726801455021]
0.06130502559245 [0.0493089072406] [0.0733011439443]
0.05745633505285 [0.0420685522258] [0.0728441178799]
0.0543462280184 [0.037408683449] [0.0712837725878]
0.05193215794865 [0.0345938317478] [0.0692704841495]
0.049801269546149995 [0.0327721945941] [0.0668303444982]
0.0483005028218 [0.0315404199064] [0.0650605857372]
0.047407772392 [0.0305915996432] [0.0642239451408]
0.04696425423025 [0.0298501327634] [0.0640783756971]
0.04666119720785 [0.0291491206735] [0.0641732737422]
0.0463683297858 [0.0284783598036] [0.064258299768]
0.04608381260185 [0.0280436668545] [0.0641239583492]
0.04647961165755 [0.0284402351826] [0.0645189881325]
0.04838712047785 [0.0305366199464] [0.0662376210093]
0.052688859403150004 [0.0355488434434] [0.0698288753629]
0.0604959055781 [0.0458093732595] [0.0751824378967]
0.07462162151935 [0.06592027843] [0.0833229646087]
0.098008468747 [0.102022193372] [0.093994744122]
0.130459416658 [0.155408099294] [0.105510734022]
0.1608304604885 [0.207551538944] [0.114109382033]
0.175610359758 [0.23507027328] [0.116150446236]
0.1763091981415 [0.240640997887] [0.111977398396]
0.172106973827 [0.239823609591] [0.104390338063]
0.16256316006185 [0.231035977602] [0.0940903425217]
0.14994088560335 [0.21640650928] [0.0834752619267]
0.13685175403955002 [0.199376821518] [0.0743266865611]
0.12799487262985 [0.18783544004] [0.0681543052197]
0.12311476841579999 [0.182845130563] [0.0633844062686]
0.11964368261415001 [0.18173108995] [0.0575562752783]
0.11523291282365 [0.179295346141] [0.0511704795063]
0.1085297204555 [0.171498283744] [0.045561157167]
0.10097306780524999 [0.159228295088] [0.0427178405225]
0.09489895030864999 [0.146661385894] [0.0431365147233]
0.0914714224635 [0.136823698878] [0.046119146049]
0.09059254080075 [0.130450189114] [0.0507348924875]
0.09114272333665 [0.126152515411] [0.0561329312623]
0.09215542115265 [0.123438335955] [0.0608725063503]
0.0935696549716 [0.122964508832] [0.0641748011112]
0.09582911804315 [0.125442713499] [0.0662155225873]
0.0998783931138 [0.132122844458] [0.0676339417696]
0.10561652109014999 [0.142431810498] [0.0688012316823]
0.11122543737315 [0.152801111341] [0.0696497634053]
0.11505380272865001 [0.159449249506] [0.0706583559513]
0.117523446679 [0.161001011729] [0.074045881629]
0.11917997896659999 [0.157292127609] [0.0810678303242]
0.1209115311503 [0.151658296585] [0.0901647657156]
0.12308083474655 [0.149024292827] [0.0971373766661]
0.12446168810120001 [0.150473281741] [0.0984500944614]
0.1259195655583 [0.156707704067] [0.0951314270496]
0.12467464432110001 [0.159141436219] [0.0902078524232]
0.12391662597665 [0.161662861705] [0.0861703902483]
0.1236455552281 [0.163789778948] [0.0835013315082]
0.1247279904782 [0.165950834751] [0.0835051462054]
0.12671948224295002 [0.167465239763] [0.0859737247229]
0.128776423633 [0.167312428355] [0.090240418911]
0.12914197519425 [0.164388999343] [0.0938949510455]
0.12649489939235 [0.159018337727] [0.0939714610577]
0.121982406825 [0.152642771602] [0.091322042048]
0.117451157421 [0.146480560303] [0.088421754539]
0.11356445029380001 [0.141165971756] [0.0859629288316]
0.11088487133380001 [0.136889591813] [0.0848801508546]
0.10922585427745 [0.134081855416] [0.0843698531389]
0.10790034383529999 [0.13198210299] [0.0838185846806]
0.11016459017995 [0.136708021164] [0.0836211591959]
0.1145038306712 [0.144793897867] [0.0842137634754]
0.11793083325025 [0.150741547346] [0.0851201191545]
0.11657379195095 [0.149601072073] [0.0835465118289]
0.1104836575689 [0.143222689629] [0.0777446255088]
0.10246428474805 [0.136194378138] [0.0687341913581]
0.09661526232935 [0.131218925118] [0.0620115995407]
0.09306969866135001 [0.128538921475] [0.0576004758477]
0.0926143024117 [0.129324361682] [0.0559042431414]
0.09365127794455 [0.131022512913] [0.0562800429761]
0.0946530140936 [0.131149470806] [0.0581565573812]
0.09440943785019999 [0.128658860922] [0.0601600147784]
0.0929589830341 [0.124028347433] [0.0618896186352]
0.09083686769 [0.118484944105] [0.063188791275]
