0.039920287206750005 [0.0463182106614] [0.0335223637521]
0.040538391098399996 [0.0502726361156] [0.0308041460812]
0.042533778585500004 [0.0564880780876] [0.0285794790834]
0.0457076150924 [0.0645574629307] [0.0268577672541]
0.04956693202255 [0.0732927918434] [0.0258410722017]
0.05363186914475 [0.0814647674561] [0.0257989708334]
0.057584611699000005 [0.0876301378012] [0.0275390855968]
0.06100792065265 [0.0902731716633] [0.031742669642]
0.064157994464 [0.0896750092506] [0.0386409796774]
0.06806970387695 [0.0889275744557] [0.0472118332982]
0.073369204998 [0.0901811122894] [0.0565572977066]
0.08030884712934999 [0.0944271758199] [0.0661905184388]
0.08932351693495 [0.101937294006] [0.0767097398639]
0.09962199628335 [0.111220233142] [0.0880237594247]
0.11198979616150001 [0.122802250087] [0.101177342236]
0.1269488856195 [0.136987432837] [0.116910338402]
0.143584690988 [0.15267406404] [0.134495317936]
0.161479078233 [0.169746831059] [0.153211325407]
0.1800545454025 [0.19058214128] [0.169526949525]
0.197373613715 [0.215072020888] [0.179675206542]
0.21191789954899998 [0.240385308862] [0.183450490236]
0.21958417445450001 [0.257993668318] [0.181174680591]
0.2209062576295 [0.269042789936] [0.172769725323]
0.21694196760649997 [0.276346564293] [0.15753737092]
0.211950100958 [0.283489823341] [0.140410378575]
0.212490864098 [0.292566090822] [0.132415637374]
0.2159985005855 [0.297033339739] [0.134963661432]
0.217507787049 [0.296201348305] [0.138814225793]
0.214869312942 [0.291112005711] [0.138626620173]
0.2124798968435 [0.284065514803] [0.140894278884]
0.21029353141749998 [0.276235759258] [0.144351303577]
0.2085236534475 [0.268884927034] [0.148162379861]
0.2091350853445 [0.263652145863] [0.154618024826]
0.2116272225975 [0.258849561214] [0.164404883981]
0.214880116284 [0.254305511713] [0.175454720855]
0.21762462705399999 [0.249640360475] [0.185608893633]
0.2170193567875 [0.244137719274] [0.189900994301]
0.215028628707 [0.239205211401] [0.190852046013]
0.21364978700850001 [0.238024383783] [0.189275190234]
0.21181242913 [0.240035459399] [0.183589398861]
0.2112648114565 [0.250269174576] [0.172260448337]
0.213394038379 [0.263396441936] [0.163391634822]
0.219902075827 [0.282074123621] [0.157730028033]
0.228113427758 [0.303575247526] [0.15265160799]
0.234769538045 [0.321186989546] [0.148352086544]
0.2364639863375 [0.327724039555] [0.14520393312]
0.2366893067955 [0.329513192177] [0.143865421414]
0.23789550364 [0.329997271299] [0.145793735981]
0.2385507524015 [0.327527135611] [0.149574369192]
0.23895291984099998 [0.322232425213] [0.155673414469]
0.24052298069 [0.318530648947] [0.162515312433]
0.2439151257275 [0.318003743887] [0.169826507568]
0.2461294457315 [0.317877829075] [0.174381062388]
0.247508153319 [0.317979574203] [0.177036732435]
0.24868410080699999 [0.315160363913] [0.182207837701]
0.2495758980515 [0.307745277882] [0.191406518221]
0.2502580657605 [0.298214554787] [0.202301576734]
0.253267556429 [0.289770394564] [0.216764718294]
0.2564654275775 [0.277259975672] [0.235670879483]
0.2571724802255 [0.258062601089] [0.256282359362]
0.2511562481525 [0.225866928697] [0.276445567608]
0.23790027201199998 [0.184581369162] [0.291219174862]
0.22627703845500002 [0.148661673069] [0.303892403841]
0.21846832335 [0.12481495738] [0.31212168932]
0.2120576277375 [0.110594883561] [0.313520371914]
0.2031443081795 [0.103018306196] [0.303270310163]
0.19385995343345 [0.0990893319249] [0.288630574942]
0.18462779745435 [0.0964729115367] [0.272782683372]
0.17446109652515002 [0.0938182473183] [0.255103945732]
0.1635611653329 [0.0900524705648] [0.237069860101]
0.15283840149665 [0.0859372466803] [0.219739556313]
0.14310335740445002 [0.0821243748069] [0.204082340002]
0.13520253449665 [0.0784404426813] [0.191964626312]
0.12901999056320002 [0.0753375291824] [0.182702451944]
0.12559879571215 [0.0731452405453] [0.178052350879]
0.12378880381605001 [0.0737747550011] [0.173802852631]
0.1233742199838 [0.0788945928216] [0.167853847146]
0.1259144172071 [0.0901321917772] [0.161696642637]
0.13266158849 [0.108207836747] [0.157115340233]
0.14304580539450001 [0.130166426301] [0.155925184488]
0.15340957790600002 [0.149191558361] [0.157627597451]
0.16081067919699998 [0.160782575607] [0.160838782787]
0.16577015817149998 [0.167523741722] [0.164016574621]
0.169993765652 [0.17395915091] [0.166028380394]
0.175037898123 [0.181490793824] [0.168585002422]
0.18257177621100001 [0.191134035587] [0.174009516835]
0.191762521863 [0.203522011638] [0.180003032088]
0.201403349638 [0.217664048076] [0.1851426512]
0.2136707305905 [0.233335062861] [0.19400639832]
0.2269565165045 [0.250483810902] [0.203429222107]
0.237744808197 [0.265900850296] [0.209588766098]
0.2424671426415 [0.278868377209] [0.206065908074]
0.245752409101 [0.287814855576] [0.203689962626]
0.2502015680075 [0.29725921154] [0.203143924475]
0.2542963176965 [0.304007679224] [0.204584956169]
0.258655495942 [0.308625966311] [0.208685025573]
0.2591676414015 [0.303262501955] [0.215072780848]
0.2601007670165 [0.298622637987] [0.221578896046]
0.260652087629 [0.296587973833] [0.224716201425]
0.258506715298 [0.296681195498] [0.220332235098]
0.2482722625135 [0.297829955816] [0.198714569211]
0.236142411828 [0.298123955727] [0.174160867929]
0.225628577173 [0.295316576958] [0.155940577388]
0.219050273299 [0.288442701101] [0.149657845497]
0.213158175349 [0.278459072113] [0.147857278585]
0.2069593667985 [0.264409631491] [0.149509102106]
0.20241507887850002 [0.252135485411] [0.152694672346]
0.2000925317405 [0.243621394038] [0.156563669443]
0.1987967416645 [0.238740161061] [0.158853322268]
0.197104655206 [0.235981300473] [0.158228009939]
0.19646142423149998 [0.239688709378] [0.153234139085]
0.195422112942 [0.24611851573] [0.144725710154]
0.195346288383 [0.254910498857] [0.135782077909]
0.1958717480305 [0.262898743153] [0.128844752908]
0.196727328002 [0.267737448215] [0.125717207789]
0.198321208358 [0.269643247128] [0.126999169588]
0.20033534616249998 [0.269294679165] [0.13137601316]
0.20282486826149998 [0.269782990217] [0.135866746306]
0.2091252207755 [0.273871064186] [0.144379377365]
0.214716754854 [0.281762003899] [0.147671505809]
0.21933816373349999 [0.288701534271] [0.149974793196]
0.219937160611 [0.292661398649] [0.147212922573]
0.2207334712145 [0.297771990299] [0.14369495213]
0.221417315304 [0.303535312414] [0.139299318194]
