0.166034013033 [0.214520305395] [0.117547720671]
0.1655485332015 [0.211495190859] [0.119601875544]
0.16646615415799998 [0.207569122314] [0.125363186002]
0.1700719445945 [0.204453274608] [0.135690614581]
0.17359722405650002 [0.201168209314] [0.146026238799]
0.1735650599005 [0.195880815387] [0.151249304414]
0.1698443368075 [0.18866315484] [0.151025518775]
0.1631834879515 [0.181842803955] [0.144524171948]
0.157609432936 [0.178018137813] [0.137200728059]
0.155225276947 [0.179823666811] [0.130626887083]
0.15618507564099998 [0.185437843204] [0.126932308078]
0.16155008226599998 [0.19533509016] [0.127765074372]
0.17185238003699999 [0.210576251149] [0.133128508925]
0.186211436987 [0.230798482895] [0.141624391079]
0.20181815326199998 [0.253327012062] [0.150309294462]
0.214503414929 [0.274112194777] [0.154894635081]
0.221306592226 [0.289916425943] [0.152696758509]
0.219828672707 [0.296833902597] [0.142823442817]
0.214041240513 [0.297060668468] [0.131021812558]
0.208838008344 [0.296146124601] [0.121529892087]
0.207341916859 [0.297525286674] [0.117158547044]
0.210536777973 [0.302472054958] [0.118601500988]
0.2192432507875 [0.312497287989] [0.125989213586]
0.2345885410905 [0.329468458891] [0.13970862329]
0.25268650800000003 [0.346900522709] [0.158472493291]
0.266451694071 [0.357775866985] [0.175127521157]
0.272219128907 [0.357791155577] [0.186647102237]
0.269187353551 [0.351730495691] [0.186644211411]
0.24983274191600002 [0.326043218374] [0.173622265458]
0.210259668529 [0.26818844676] [0.152330890298]
0.1616314798595 [0.193097934127] [0.130165025592]
0.123148351908 [0.132837072015] [0.113459631801]
0.0998201780022 [0.0959758237004] [0.103664532304]
0.08818507567025 [0.0761579200625] [0.100212231278]
0.08387908339505 [0.0665526837111] [0.101205483079]
0.0834132730963 [0.0625295490026] [0.10429699719]
0.08424421027305 [0.0611087530851] [0.107379667461]
0.08484289795185 [0.0602759867907] [0.109409809113]
0.0845517236739 [0.0592793561518] [0.109824091196]
0.0831690151242 [0.0578606016934] [0.108477428555]
0.0811124723407 [0.0562228895724] [0.106002055109]
0.07922204397615 [0.0545702911913] [0.103873796761]
0.0781416762619 [0.0531445033848] [0.103138849139]
0.07865041121855 [0.0524037182331] [0.104897104204]
0.081363014877 [0.053556650877] [0.109169378877]
0.08753994666025 [0.0586186908185] [0.116461202502]
0.0986807495357 [0.0705027878284] [0.126858711243]
0.11640764027855 [0.0931669771671] [0.13964830339]
0.14068287611000002 [0.130881741643] [0.150484010577]
0.16789329052000002 [0.181137427688] [0.154649153352]
0.188611403108 [0.226991772652] [0.150231033564]
0.19825992733249997 [0.254465758801] [0.142054095864]
0.2030343040825 [0.270729184151] [0.135339424014]
0.2062219902875 [0.282196432352] [0.130247548223]
0.209272451699 [0.291040658951] [0.127504244447]
0.2124773040415 [0.298651993275] [0.126302614808]
0.2137976661325 [0.302783578634] [0.124811753631]
0.214207518846 [0.305258959532] [0.12315607816]
0.214275147766 [0.306724250317] [0.121826045215]
0.2159279808405 [0.308841019869] [0.123014941812]
0.22173240035800001 [0.31487351656] [0.128591284156]
0.233406960964 [0.327119231224] [0.139694690704]
0.250599093735 [0.344737142324] [0.156461045146]
0.268692485988 [0.364932924509] [0.172452047467]
0.28329031169450003 [0.381166338921] [0.185414284468]
0.290795363486 [0.387828797102] [0.19376192987]
0.2929560393095 [0.386890411377] [0.199021667242]
0.2900375053285 [0.377247035503] [0.202827975154]
0.2858143001795 [0.365126460791] [0.206502139568]
0.273869536817 [0.337481081486] [0.210257992148]
0.244889713824 [0.27753841877] [0.212241008878]
0.2043386921285 [0.199223130941] [0.209454253316]
0.1697187200185 [0.137280270457] [0.20215716958]
0.148298360407 [0.100890755653] [0.195705965161]
0.13577213883380002 [0.0815430283546] [0.190001249313]
0.12782278284440002 [0.0723103061318] [0.183335259557]
0.1213877983393 [0.0686625018716] [0.174113094807]
0.1164703965187 [0.0676785707474] [0.16526222229]
0.11416932195400001 [0.067630931735] [0.160707712173]
0.11286002770049999 [0.067938156426] [0.157781898975]
0.1116642057897 [0.0685131400824] [0.154815271497]
0.11058081686495 [0.0693880617619] [0.151773571968]
0.10913822054870001 [0.0702101141214] [0.148066326976]
0.10715842247009999 [0.0707126110792] [0.143604233861]
0.10549131780845 [0.0710507333279] [0.139931902289]
0.10445442423215 [0.0723381713033] [0.136570677161]
0.10753756016485 [0.0768206119537] [0.138254508376]
0.11493870988515001 [0.0880244597793] [0.141852959991]
0.1283316910265 [0.112063810229] [0.144599571824]
0.151262424886 [0.156926602125] [0.145598247647]
0.183185823262 [0.222853511572] [0.143518134952]
0.2112174928185 [0.283148884773] [0.139286100864]
0.2242480814455 [0.316472172737] [0.132023990154]
0.226895734668 [0.327770024538] [0.126021444798]
0.22728366777300002 [0.331138372421] [0.123428963125]
0.2273155003785 [0.329992830753] [0.124638170004]
0.2291711866855 [0.328247368336] [0.130095005035]
0.2327186837795 [0.328159362078] [0.137278005481]
0.23546785116199997 [0.327528804541] [0.143406897783]
0.235813573003 [0.324667930603] [0.146959215403]
0.24042980372900002 [0.330202460289] [0.150657147169]
0.25103831291199996 [0.343928217888] [0.158148407936]
0.2622190117835 [0.355098456144] [0.169339567423]
0.270215012133 [0.359570413828] [0.180859610438]
0.27132841944700004 [0.357652157545] [0.185004681349]
0.2705071419475 [0.353406190872] [0.187608093023]
0.2713198289275 [0.351246982813] [0.191392675042]
0.2725838497285 [0.349509507418] [0.195658192039]
0.272559300065 [0.346396684647] [0.198721915483]
0.2697625905275 [0.3404250741] [0.199100106955]
0.264623329043 [0.332523733377] [0.196722924709]
0.260194711387 [0.325842708349] [0.194546714425]
0.2576790452005 [0.32342556119] [0.191932529211]
0.255345799029 [0.325581371784] [0.185110226274]
0.256425946951 [0.327905833721] [0.184946060181]
0.25775962322949997 [0.32959485054] [0.185924395919]
0.265543952584 [0.338979244232] [0.192108660936]
0.2742073982955 [0.348325997591] [0.200088799]
0.2823301553725 [0.357726871967] [0.206933438778]
0.286010786891 [0.364567667246] [0.207453906536]
0.2875596508385 [0.369740098715] [0.205379202962]
0.2875649258495 [0.373714506626] [0.201415345073]
0.2887688577175 [0.378428757191] [0.199108958244]
0.291620917618 [0.383252829313] [0.199989005923]
0.295566141605 [0.385895133018] [0.205237150192]
0.298399977386 [0.38379868865] [0.213001266122]
0.300074063241 [0.381073147058] [0.219074979424]
0.2972718179225 [0.375531166792] [0.219012469053]
0.2899744585155 [0.367617458105] [0.212331458926]
