0.13895891606799998 [0.146639943123] [0.131277889013]
0.141878850758 [0.150765776634] [0.132991924882]
0.1451286375525 [0.154668003321] [0.135589271784]
0.147194750607 [0.156155303121] [0.138234198093]
0.14771143347 [0.154885306954] [0.140537559986]
0.147295869887 [0.152374118567] [0.142217621207]
0.14619563519950002 [0.149012371898] [0.143378898501]
0.1451800689105 [0.146121412516] [0.144238725305]
0.145290501416 [0.145307570696] [0.145273432136]
0.14809001982199999 [0.14958666265] [0.146593376994]
0.155539482832 [0.161379083991] [0.149699881673]
0.16880171746 [0.179930910468] [0.157672524452]
0.1855512708425 [0.202352315187] [0.168750226498]
0.197555877268 [0.221398502588] [0.173713251948]
0.2043714001775 [0.233684957027] [0.175057843328]
0.20737953484049998 [0.240164831281] [0.1745942384]
0.2086872905495 [0.244067281485] [0.173307299614]
0.20630284398749998 [0.241459280252] [0.171146407723]
0.19607269018899998 [0.225018158555] [0.167127221823]
0.1706887185575 [0.18315923214] [0.158218204975]
0.1386984586715 [0.134456515312] [0.142940402031]
0.11229184642439999 [0.0977744236588] [0.12680926919]
0.0951694250107 [0.0762620419264] [0.114076808095]
0.0857526957991 [0.0653227046132] [0.106182686985]
0.0819516498594 [0.0610808767378] [0.102822422981]
0.081479849294 [0.060665730387] [0.102293968201]
0.08271392993650001 [0.061832267791] [0.103595592082]
0.08409287780525 [0.0628326535225] [0.105353102088]
0.0850240662693 [0.0627786293626] [0.107269503176]
0.08581104688365 [0.0618508271873] [0.10977126658]
0.0865504406394 [0.0607742145658] [0.112326666713]
0.08745499327799999 [0.060549877584] [0.114360108972]
0.0885221641513 [0.0613064579666] [0.115737870336]
0.09013552963735 [0.0633242353797] [0.116946823895]
0.0935185179114 [0.0676565170288] [0.119380518794]
0.10061523690805 [0.0762965455651] [0.124933928251]
0.1133341901006 [0.0921546891332] [0.134513691068]
0.133562874049 [0.118903003633] [0.148222744465]
0.1592176407575 [0.15777002275] [0.160665258765]
0.1844745725395 [0.200498133898] [0.168451011181]
0.2010787203905 [0.231007263064] [0.171150177717]
0.20778118819000002 [0.244462937117] [0.171099439263]
0.208613887429 [0.250118792057] [0.167108982801]
0.20807657390849998 [0.255592077971] [0.160561069846]
0.208076290786 [0.26352456212] [0.152628019452]
0.21123187989 [0.276940524578] [0.145523235202]
0.214045956731 [0.287667185068] [0.140424728394]
0.2167587801815 [0.295836031437] [0.137681528926]
0.219589665532 [0.302848339081] [0.136330991983]
0.2246898040175 [0.311659067869] [0.137720540166]
0.2308766841885 [0.322280347347] [0.13947302103]
0.23429298400850002 [0.331551879644] [0.137034088373]
0.22371365875 [0.317595869303] [0.129831448197]
0.19621081650299999 [0.273686498404] [0.118735134602]
0.1565404161815 [0.206737145782] [0.106343686581]
0.11959796026375 [0.145183756948] [0.0940121635795]
0.0934595651923 [0.10291108489] [0.0840080454946]
0.0778890773654 [0.0782444998622] [0.0775336548686]
0.0701271221042 [0.0651492327452] [0.0751050114632]
0.06673776358365 [0.0585572943091] [0.0749182328582]
0.06531053222715 [0.0550022237003] [0.075618840754]
0.0643092170358 [0.0526304095984] [0.0759880244732]
0.06296253576875001 [0.0508226305246] [0.0751024410129]
0.0615142676979 [0.0497617013752] [0.0732668340206]
0.060198530554800005 [0.0496340990067] [0.0707629621029]
0.0595484096557 [0.0506242699921] [0.0684725493193]
0.059747191145999995 [0.0523292906582] [0.0671650916338]
0.06076682172715 [0.0543596632779] [0.0671739801764]
0.0620384477079 [0.0561448559165] [0.0679320394993]
0.06227399222550001 [0.0566526763141] [0.0678953081369]
0.06074690818785 [0.0552054941654] [0.0662883222103]
0.0575691256672 [0.0518102161586] [0.0633280351758]
0.053549611940949995 [0.0476280264556] [0.0594711974263]
0.049544159323000006 [0.0438189804554] [0.0552693381906]
0.0463883653283 [0.0410049594939] [0.0517717711627]
0.044305754825500004 [0.0394464284182] [0.0491650812328]
0.043551020324199996 [0.0388347096741] [0.0482673309743]
0.04387702606615 [0.0385256335139] [0.0492284186184]
0.04437424987555 [0.0373933985829] [0.0513551011682]
0.0437510926276 [0.0343494303524] [0.0531527549028]
0.041631801053900006 [0.0300761833787] [0.0531874187291]
0.03930391650645 [0.0261300448328] [0.0524777881801]
0.03770608641205 [0.0232181996107] [0.0521939732134]
0.037137016654 [0.0215339921415] [0.0527400411665]
0.03800086770205 [0.0212590675801] [0.054742667824]
0.04090023785825 [0.0225268527865] [0.05927362293]
0.0462951222435 [0.0253982637078] [0.0671919807792]
0.05402322113515 [0.0296991020441] [0.0783473402262]
0.06266751140355001 [0.0344984307885] [0.0908365920186]
0.0700532924382 [0.0387498252094] [0.101356759667]
0.07492365129275 [0.0420245192945] [0.107822783291]
0.0779429934917 [0.0446965396404] [0.111189447343]
0.08045765571315 [0.0476051159203] [0.113310195506]
0.0838986188173 [0.0519988164306] [0.115798421204]
0.0893128216266 [0.0591241121292] [0.119501531124]
0.0974294207991 [0.0707862824202] [0.124072559178]
0.10652039572615 [0.0877989009023] [0.12524189055]
0.112318255007 [0.106563314795] [0.118073195219]
0.1061337925495 [0.111341074109] [0.10092651099]
0.09023353829979999 [0.098634339869] [0.0818327367306]
0.07631051540375 [0.0839103758335] [0.068710654974]
0.06779977306724999 [0.0746294260025] [0.060970120132]
0.0633429866284 [0.0702715888619] [0.0564143843949]
0.0612858925015 [0.0689377486706] [0.0536340363324]
0.06012101098895 [0.0687077641487] [0.0515342578292]
0.059159649536050005 [0.0684916377068] [0.0498276613653]
0.05806249380115 [0.0677025765181] [0.0484224110842]
0.05685570277275 [0.0664329007268] [0.0472785048187]
0.055867522954950004 [0.0654014199972] [0.0463336259127]
0.055507669225299996 [0.0651007145643] [0.0459146238863]
0.056356148794299996 [0.0662475973368] [0.0464647002518]
0.05929262377325 [0.0700323581696] [0.0485528893769]
0.06561805680395 [0.0781315565109] [0.053104557097]
0.077394714579 [0.0937036946416] [0.0610857345164]
0.09755088016380001 [0.121595405042] [0.0735063552856]
0.1292656138541 [0.167720422149] [0.0908108055592]
0.171819124371 [0.232297226787] [0.111341021955]
0.2128532975915 [0.296353518963] [0.12935307622]
0.2373900413515 [0.334287494421] [0.140492588282]
0.24795948714 [0.348612308502] [0.147306665778]
0.252505674958 [0.35173279047] [0.153278559446]
0.2547750845555 [0.350298672915] [0.159251496196]
0.2560507804155 [0.347398400307] [0.164703160524]
0.25501253455899997 [0.341390639544] [0.168634429574]
0.2510785609485 [0.331079900265] [0.171077221632]
0.24169126153 [0.31349760294] [0.16988492012]
0.2305086553095 [0.295043349266] [0.165973961353]
0.225265838206 [0.287604004145] [0.162927672267]
0.22532711178050002 [0.290321975946] [0.160332247615]
0.230116032064 [0.302338182926] [0.157893881202]
0.2383123263715 [0.319985091686] [0.156639561057]
0.24731990695 [0.337591230869] [0.157048583031]
0.254233382642 [0.349226504564] [0.15924026072]
0.2559291720395 [0.352086514235] [0.159771829844]
0.2527272179725 [0.347965806723] [0.157488629222]
0.24779900163399998 [0.340879052877] [0.154718950391]
0.24406151473549997 [0.333153009415] [0.154970020056]
0.24157378077500002 [0.325739711523] [0.157407850027]
0.240017198026 [0.319548934698] [0.160485461354]
0.23697458952649997 [0.311768084764] [0.162181094289]
0.232985250652 [0.303941488266] [0.162029013038]
0.2291012853385 [0.295504629612] [0.162697941065]
0.21347878128300002 [0.259650886059] [0.167306676507]
0.1808643713595 [0.1893235147] [0.172405228019]
0.1484405472875 [0.121514439583] [0.175366654992]
0.12666009366485 [0.0781588107347] [0.175161376595]
0.1135410610584 [0.0550849623978] [0.171997159719]
0.10509533807615 [0.0431474223733] [0.167043253779]
0.0992229152472 [0.0370909906924] [0.161354839802]
0.09507256001254999 [0.0343509018421] [0.155794218183]
0.09202490374450001 [0.033604927361] [0.150444880128]
