0.09659328311665001 [0.149448022246] [0.0437385439873]
0.09618736244760001 [0.148063525558] [0.0443111993372]
0.0948561411352 [0.144488155842] [0.0452241264284]
0.0942224301396 [0.141666397452] [0.0467784628272]
0.09549115970715 [0.141395255923] [0.0495870634913]
0.09968798607580001 [0.144986823201] [0.0543891489506]
0.10760315507625001 [0.152510374784] [0.0626959353685]
0.11971309408530001 [0.163034662604] [0.0763915255666]
0.13677654415385 [0.176008075476] [0.0975450128317]
0.159412495792 [0.189007177949] [0.129817813635]
0.188886858523 [0.198488518596] [0.17928519845]
0.22649373859150002 [0.2055850178] [0.247402459383]
0.249534845352 [0.210977703333] [0.288091987371]
0.25266764313 [0.213367506862] [0.291967779398]
0.24974587559699998 [0.21428924799] [0.285202503204]
0.243754647672 [0.215127632022] [0.272381663322]
0.23910164088 [0.21869392693] [0.25950935483]
0.23714682459800002 [0.228897154331] [0.245396494865]
0.23971034586450002 [0.245426103473] [0.233994588256]
0.246638268232 [0.26317474246] [0.230101794004]
0.255761861801 [0.277704745531] [0.233818978071]
0.265313409269 [0.288114607334] [0.242512211204]
0.274563640356 [0.296155303717] [0.252971976995]
0.284867733717 [0.306247591972] [0.263487875462]
0.29716767370700004 [0.3191626966] [0.275172650814]
0.30989062786099997 [0.332930803299] [0.286850452423]
0.320529207587 [0.345531761646] [0.295526653528]
0.3343313783405 [0.361326038837] [0.307336717844]
0.35048690438249996 [0.381034016609] [0.319939792156]
0.365448728204 [0.408036887646] [0.322860568762]
0.3808155357835 [0.430014044046] [0.331617027521]
0.3904663324355 [0.438230186701] [0.34270247817]
0.3903015106915 [0.43321621418] [0.347386807203]
0.3801901340485 [0.426447719336] [0.333932548761]
0.355469107628 [0.413266956806] [0.29767125845]
0.3181111365555 [0.389033913612] [0.247188359499]
0.2802437245845 [0.357251882553] [0.203235566616]
0.248761072755 [0.322595626116] [0.174926519394]
0.224774502218 [0.291967779398] [0.157581225038]
0.2074172869325 [0.266470611095] [0.14836396277]
0.19533299654699998 [0.247236475348] [0.143429517746]
0.18616495281450002 [0.23320184648] [0.139128059149]
0.1785145774485 [0.222116813064] [0.134912341833]
0.17222075164349998 [0.212857589126] [0.131583914161]
0.16718379408099998 [0.20541664958] [0.128950938582]
0.1641512066125 [0.200824096799] [0.127478316426]
0.1636153981085 [0.200104758143] [0.127126038074]
0.16455078125 [0.202703431249] [0.126398131251]
0.166965723038 [0.207165077329] [0.126766368747]
0.1721877381205 [0.215427771211] [0.12894770503]
0.1814807206395 [0.229266136885] [0.133695304394]
0.194797128439 [0.24874740839] [0.140846848488]
0.209962412715 [0.269823879004] [0.150100946426]
0.21609411388650002 [0.281811773777] [0.150376453996]
0.19864600896850002 [0.269690424204] [0.127601593733]
0.1680658161642 [0.238163813949] [0.0979678183794]
0.14295352250315 [0.207840904593] [0.0780661404133]
0.1273516863584 [0.186773315072] [0.0679300576448]
0.1193783693015 [0.174739062786] [0.064017675817]
0.11650564521565 [0.169099107385] [0.0639121830463]
0.11540927365405 [0.165375858545] [0.0654426887631]
0.11461072042565 [0.162172183394] [0.0670492574573]
0.11365251243135 [0.159108743072] [0.0681962817907]
0.1115820966662 [0.15467235446] [0.0684918388724]
0.10856760665765 [0.149260997772] [0.0678742155433]
0.1050404384734 [0.143136903644] [0.0669439733028]
0.1018359139563 [0.137365177274] [0.0663066506386]
0.10061563923955 [0.134339466691] [0.0668918117881]
0.1035936437546 [0.13705933094] [0.0701279565692]
0.11315849423435001 [0.148293614388] [0.0780233740807]
0.1318804398181 [0.170482963324] [0.0932779163122]
0.1620791628955 [0.205100983381] [0.11905734241]
0.2019001916055 [0.247791320086] [0.156009063125]
0.239078097045 [0.282321542501] [0.195834651589]
0.251365289092 [0.294690698385] [0.208039879799]
0.242761477828 [0.290878772736] [0.19464418292]
0.226613335311 [0.283874481916] [0.169352188706]
0.2120721712705 [0.27862355113] [0.145520791411]
0.20242950320250003 [0.276967614889] [0.127891391516]
0.1974647529425 [0.278676569462] [0.116252936423]
0.194934532046 [0.281928181648] [0.107940882444]
0.19363914057599999 [0.284746825695] [0.102531455457]
0.19178264215605 [0.285496503115] [0.0980687811971]
0.18903277814395 [0.284044802189] [0.0940207540989]
0.1865889392795 [0.283092439175] [0.090085439384]
0.1865058168767 [0.28510543704] [0.0879061967134]
0.18874309584515 [0.289031505585] [0.0884546861053]
0.1935135088859 [0.295004367828] [0.0920226499438]
0.20013809576655 [0.302963495255] [0.0973126962781]
0.2084335125985 [0.313116937876] [0.103750087321]
0.2178179509935 [0.325051218271] [0.110584683716]
0.2280463799835 [0.338320076466] [0.117772683501]
0.238222196698 [0.350763142109] [0.125681251287]
0.247305572033 [0.360259890556] [0.13435125351]
0.2520022243265 [0.361325323582] [0.142679125071]
0.25228592753400003 [0.35537648201] [0.149195373058]
0.24552318453799998 [0.341518968344] [0.149527400732]
0.232240997255 [0.321689128876] [0.142792865634]
0.2160193100575 [0.298023194075] [0.13401542604]
0.20115916430949998 [0.276453375816] [0.125864952803]
0.19047809019700002 [0.261346012354] [0.11961016804]
0.1827473677695 [0.251127541065] [0.114367194474]
0.163703430444 [0.217798948288] [0.1096079126]
0.1550064720215 [0.207085773349] [0.102927170694]
0.1465302966533 [0.198727637529] [0.0943329557776]
0.1392228677869 [0.194020152092] [0.0844255834818]
0.13495416939255 [0.192322358489] [0.0775859802961]
0.13269456848495 [0.191297456622] [0.0740916803479]
0.13037838041765 [0.188417434692] [0.0723393261433]
0.12790355458879998 [0.183964028955] [0.0718430802226]
0.12593549862519998 [0.178657844663] [0.0732131525874]
0.12586088106055 [0.17496624589] [0.0767555162311]
0.12999757379305 [0.176359459758] [0.0836356878281]
0.13947463780635 [0.185190796852] [0.0937584787607]
0.1442838087675 [0.185190796852] [0.103376820683]
0.1485961191355 [0.185190796852] [0.112001441419]
0.1509203612805 [0.185190796852] [0.116649925709]
0.15109203755849998 [0.185190796852] [0.116993278265]
0.168383523822 [0.220484420657] [0.116282626987]
0.167382095009 [0.21776856482] [0.116995625198]
0.167834047228 [0.216705575585] [0.118962518871]
0.1695571616295 [0.216553553939] [0.12256076932]
0.1744126155975 [0.216435939074] [0.132389292121]
0.18545050174 [0.221233487129] [0.149667516351]
0.1997808143495 [0.23165372014] [0.167907908559]
0.211134344339 [0.246810957789] [0.175457730889]
0.221054263413 [0.262105226517] [0.180003300309]
0.228942796588 [0.272605806589] [0.185279786587]
0.234595492482 [0.276337742805] [0.192853242159]
0.237826064229 [0.273830115795] [0.201822012663]
0.2400885522365 [0.273355722427] [0.206821382046]
0.2468538582325 [0.278039038181] [0.215668678284]
