M B1 B2
0.013867181260155 [0.0204012859613] [0.00733307655901]
0.01406116387806 [0.020903294906] [0.00721903285012]
0.014673934318105 [0.0220282040536] [0.00731966458261]
0.016154876677325 [0.0244995635003] [0.00781018985435]
0.019220282789295 [0.0294564235955] [0.00898414198309]
0.0251947133802 [0.0389817655087] [0.0114076612517]
0.0364148756489 [0.0566323176026] [0.0161974336952]
0.056365298107249995 [0.0874445363879] [0.0252860598266]
0.0856869760902 [0.130648031831] [0.0407259203494]
0.1157367751001 [0.169229134917] [0.0622444152832]
0.132957585156 [0.184528335929] [0.081386834383]
0.1346354931594 [0.178607195616] [0.0906637907028]
0.12998493760805 [0.166286051273] [0.0936838239431]
0.1255225948988 [0.153846800327] [0.0971983894706]
0.11954044923169999 [0.142585739493] [0.0964951589704]
0.11399081721905 [0.134033381939] [0.0939482524991]
0.1106061488388 [0.130737572908] [0.0904747247696]
0.1093236804011 [0.131289094687] [0.0873582661152]
0.1097478978335 [0.133969247341] [0.085526548326]
0.11060648784035 [0.135914236307] [0.0852987393737]
0.11012609303 [0.133173853159] [0.087078332901]
0.1078370399775 [0.125634863973] [0.090039215982]
0.10606954619275 [0.119961634278] [0.0921774581075]
0.10647894814625 [0.11973130703] [0.0932265892625]
0.1067064777017 [0.119919218123] [0.0934937372804]
0.1059841066598 [0.119129180908] [0.0928390324116]
0.10793061181895 [0.122225396335] [0.0936358273029]
0.1113298498092 [0.126789912581] [0.0958697870374]
0.11551073193549999 [0.13047799468] [0.100543469191]
0.122855197638 [0.1350774616] [0.110632933676]
0.13321896642449998 [0.139592155814] [0.126845777035]
0.14465711265800002 [0.142813667655] [0.146500557661]
0.156652465463 [0.143851846457] [0.169453084469]
0.1630834788085 [0.142788037658] [0.183378919959]
0.1534660309555 [0.141058459878] [0.165873602033]
0.131394334137 [0.138985574245] [0.123803094029]
0.1038132421671 [0.128228396177] [0.0793980881572]
0.07279708981515 [0.099880412221] [0.0457137674093]
0.045817962847649996 [0.0651539266109] [0.0264819990844]
0.02832080237565 [0.0400727763772] [0.0165688283741]
0.019243170041599998 [0.0268271714449] [0.0116591686383]
0.014836046844739999 [0.0204351767898] [0.00923691689968]
0.012757200282085001 [0.0173772722483] [0.00813712831587]
0.011835972080025 [0.0159392692149] [0.00773267494515]
0.01148553495297 [0.0153446150944] [0.00762645481154]
0.011340368306284999 [0.0151235731319] [0.00755716348067]
0.01127352402545 [0.0150984134525] [0.0074486345984]
0.011216903338195 [0.0151936151087] [0.00724019156769]
0.0112054217607 [0.0154102025554] [0.007000640966]
0.01116303959859 [0.0155829461291] [0.00674313306808]
0.011096008587630001 [0.0156715773046] [0.00652043987066]
0.011038972763345 [0.0156871508807] [0.00639079464599]
0.011084759142224999 [0.0157202314585] [0.00644928682595]
0.011524400906645001 [0.0161395519972] [0.00690924981609]
0.012650660239154999 [0.0172196868807] [0.00808163359761]
0.015019814949499999 [0.0193727705628] [0.0106668593362]
0.01943799480795 [0.0228917263448] [0.0159842632711]
0.02692496962845 [0.027708766982] [0.0261411722749]
0.0377287287265 [0.0332632251084] [0.0421942323446]
0.04939156025645 [0.0397297106683] [0.0590534098446]
0.0599765330553 [0.0491183921695] [0.0708346739411]
0.0732475221157 [0.0635807365179] [0.0829143077135]
0.08780649304390001 [0.0826191157103] [0.0929938703775]
0.10030850023045 [0.102275438607] [0.0983415618539]
0.1080789268015 [0.114367440343] [0.10179041326]
0.11003318056450001 [0.114773452282] [0.105292908847]
0.111385259777 [0.111023686826] [0.111746832728]
0.1153623871505 [0.109058827162] [0.121665947139]
0.12205028906500001 [0.10907419771] [0.13502638042]
0.1297001503405 [0.110870532691] [0.14852976799]
0.137201178819 [0.113067544997] [0.161334812641]
0.1431685574355 [0.115994550288] [0.170342564583]
0.1453242227435 [0.118026852608] [0.172621592879]
0.1459499932825 [0.11898072809] [0.172919258475]
0.1447184607385 [0.118792206049] [0.170644715428]
0.14548991248 [0.117869578302] [0.173110246658]
0.14792096614849998 [0.115611404181] [0.180230528116]
0.151207897812 [0.112713135779] [0.189702659845]
0.1524429135025 [0.110338918865] [0.19454690814]
0.1533247977495 [0.109585806727] [0.197063788772]
0.1535386554895 [0.110313750803] [0.196763560176]
0.152244333178 [0.110518999398] [0.193969666958]
0.148836329579 [0.108710452914] [0.188962206244]
0.14399752765899998 [0.106049954891] [0.181945100427]
0.1381862312555 [0.102218478918] [0.174153983593]
0.1330576203762 [0.0975561216474] [0.168559119105]
0.12955823168140002 [0.0950600281358] [0.164056435227]
0.1267526373266 [0.0945409536362] [0.158964321017]
0.1242764741182 [0.0948433578014] [0.153709590435]
0.12107416614905 [0.0950982347131] [0.147050097585]
0.11670165508975 [0.0953114032745] [0.138091906905]
0.11230137199154999 [0.0961199551821] [0.128482788801]
0.1084583885967 [0.0980654358864] [0.118851341307]
0.1058447696265 [0.101455338299] [0.110234200954]
0.1047062836585 [0.105499759316] [0.103912808001]
0.104980230331 [0.109056025743] [0.100904434919]
0.1063227243725 [0.111027002335] [0.10161844641]
0.108132723719 [0.112312011421] [0.103953436017]
0.110998425633 [0.115637712181] [0.106359139085]
0.11437371000650001 [0.121420927346] [0.107326492667]
0.11483107507250001 [0.122180067003] [0.107482083142]
0.1082443632185 [0.11331808567] [0.103170640767]
0.0954336374998 [0.0907373577356] [0.100129917264]
0.08377398550510001 [0.0684648528695] [0.0990831181407]
0.0784815624356 [0.0560005232692] [0.100962601602]
0.07757626660150001 [0.050635356456] [0.104517176747]
0.0781683735551 [0.0482446029782] [0.108092144132]
0.0785839948801 [0.0466035418212] [0.110564447939]
0.07881044596445 [0.0455567166209] [0.112064175308]
0.0793348122388 [0.0450236834586] [0.113645941019]
0.08010644279425 [0.0448606051505] [0.115352280438]
0.08038760907965001 [0.0448321141303] [0.115943104029]
0.07931886240855 [0.0447075590491] [0.113930165768]
0.0774687267842 [0.0444987118244] [0.110438741744]
0.07584695331735 [0.0442833192647] [0.10741058737]
0.07520735450075 [0.0441451482475] [0.106269560754]
0.0766309164464 [0.0440966710448] [0.109165161848]
0.0810011867436 [0.0441381894052] [0.117864184082]
0.087818350643 [0.044321410358] [0.131315290928]
0.09617411158980001 [0.0449208430946] [0.147427380085]
0.1035995632408 [0.0477885752916] [0.15941055119]
0.10840936936455 [0.0577239431441] [0.159094795585]
0.11461884900925 [0.0831033959985] [0.14613430202]
0.127018366009 [0.12241243571] [0.131624296308]
0.1322910785675 [0.147455275059] [0.117126882076]
