M B1 B2
0.114226989448 [0.125101536512] [0.103352442384]
0.12027508765450001 [0.125314056873] [0.115236118436]
0.128069654107 [0.124901399016] [0.131237909198]
0.13620227575299998 [0.125080555677] [0.147323995829]
0.1393284648655 [0.125970453024] [0.152686476707]
0.13494602590799998 [0.127826854587] [0.142065197229]
0.1278013028205 [0.130757600069] [0.124845005572]
0.12274357303950001 [0.135161787271] [0.110325358808]
0.1214026212695 [0.141243591905] [0.101561650634]
0.12372446805244999 [0.149229347706] [0.0982195883989]
0.12844497710445 [0.158029094338] [0.0988608598709]
0.13262557238365 [0.165663838387] [0.0995873063803]
0.13155047595485 [0.167981907725] [0.0951190441847]
0.12318418920015001 [0.168699458241] [0.0776689201593]
0.11482999287519999 [0.172817125916] [0.0568428598344]
0.10856722481525 [0.175022065639] [0.0421123839915]
0.1055654138325 [0.177832856774] [0.033297970891]
0.10447048861515 [0.180700615048] [0.0282403621823]
0.10181280225525 [0.178497835994] [0.0251277685165]
0.0923906899987 [0.162362143397] [0.0224192366004]
0.0752098588274 [0.131079092622] [0.0193406250328]
0.05674972105775 [0.0973944216967] [0.0161050204188]
0.0423480719328 [0.0712746530771] [0.0134214907885]
0.03356916084885 [0.0555703043938] [0.0115680173039]
0.0290608345531 [0.0476341210306] [0.0104875480756]
0.02694342890756 [0.0439697466791] [0.00991711113602]
0.02584182284772 [0.0420569628477] [0.00962668284774]
0.025053711142395 [0.0407097786665] [0.00939764361829]
0.024190661497400002 [0.0391541868448] [0.00922713615]
0.023129885084930003 [0.037165325135] [0.00909444503486]
0.021970689296744998 [0.0348214283586] [0.00911995023489]
0.02082329057159 [0.0322749204934] [0.00937166064978]
0.01983009604738 [0.0297470893711] [0.00991310272366]
0.01910902606325 [0.0276388395578] [0.0105792125687]
0.0189938410185 [0.0264178700745] [0.0115698119625]
0.01999536622315 [0.0266615841538] [0.0133291482925]
0.0227845199406 [0.0288466885686] [0.0167223513126]
0.028370283544099997 [0.0333605408669] [0.0233800262213]
0.038107458502049996 [0.040086466819] [0.0361284501851]
0.05307305790485 [0.0477040037513] [0.0584421120584]
0.07132977992295 [0.05498239398] [0.0876771658659]
0.08604108169685 [0.0615657940507] [0.110516369343]
0.09532351419335 [0.0701121911407] [0.120534837246]
0.10113287344555 [0.0758299902081] [0.126435756683]
0.10696180537325 [0.0826054140925] [0.131318196654]
0.11203395202739999 [0.0907907560468] [0.133277148008]
0.1087062060831 [0.0986439660192] [0.118768446147]
0.10157800838375 [0.107009582222] [0.0961464345455]
0.09737119451175 [0.115706369281] [0.0790360197425]
0.09844799712315 [0.123292975128] [0.0736030191183]
0.10077734291564999 [0.129276648164] [0.0722780376673]
0.1008712314068 [0.130721285939] [0.0710211768746]
0.09901258721935 [0.127855479717] [0.0701696947217]
0.09756794944389999 [0.12529695034] [0.0698389485478]
0.09774040803295 [0.125690951943] [0.0697898641229]
0.09889314323675 [0.127999186516] [0.0697870999575]
0.0998537875713 [0.130235001445] [0.0694725736976]
0.0991467423737 [0.129522383213] [0.0687711015344]
0.09618590772125 [0.124678947031] [0.0676928684115]
0.0911041498184 [0.115835212171] [0.0663730874658]
0.08613659813985 [0.107347950339] [0.0649252459407]
0.081764277071 [0.100249961019] [0.063278593123]
0.0768970884383 [0.092406347394] [0.0613878294826]
0.07207269407809999 [0.0848397985101] [0.0593055896461]
0.06851590797305 [0.0776195004582] [0.0594123154879]
0.06900911033155 [0.0717030912638] [0.0663151293993]
0.0750793404877 [0.0677909478545] [0.0823677331209]
0.0821724906564 [0.0664408653975] [0.0979041159153]
0.086261242628 [0.067586787045] [0.104935698211]
0.0881726555525 [0.070352576673] [0.105992734432]
0.090980410576 [0.07388368994] [0.108077131212]
0.0919556766746 [0.0774440914392] [0.10646726191]
0.09009364619825 [0.0795482471585] [0.100639045238]
0.08738146722314999 [0.0816012024879] [0.0931617319584]
0.0849757567048 [0.0845741182566] [0.085377395153]
0.08400417864325 [0.0882874429226] [0.0797209143639]
0.08509298786524999 [0.0933119952679] [0.0768739804626]
0.0877372175455 [0.0989392250776] [0.0765352100134]
0.09161790460345 [0.105672173202] [0.0775636360049]
0.09552993997925 [0.112497858703] [0.0785620212555]
0.0989143513142 [0.11886100471] [0.0789676979184]
0.1011696122586 [0.123765259981] [0.0785739645362]
0.1024171262978 [0.127238065004] [0.0775961875916]
0.10263124480845 [0.12968082726] [0.0755816623569]
0.10261361673489999 [0.132305979729] [0.0729212537408]
0.1028887294235 [0.135519638658] [0.070257820189]
0.1041203588248 [0.139925569296] [0.0683151483536]
0.10455090180025 [0.141015872359] [0.0680859312415]
0.10573147609825 [0.140776708722] [0.0706862434745]
0.10812697559605 [0.139676705003] [0.0765772461891]
0.11245201900605001 [0.140108883381] [0.0847951546311]
0.11740979924780001 [0.142007604241] [0.0928119942546]
0.11979911848890001 [0.142559289932] [0.0970389470458]
0.12131987139565001 [0.145162016153] [0.0974777266383]
0.12201115116485 [0.148607581854] [0.0954147204757]
0.12354721128965002 [0.153181880713] [0.0939125418663]
0.12548930943005 [0.159482821822] [0.0914957970381]
0.1258050836625 [0.164190769196] [0.087419398129]
0.1230054311454 [0.166755720973] [0.0792551413178]
0.1174857094883 [0.166832923889] [0.0681384950876]
0.11072695627815 [0.163456067443] [0.0579978451133]
0.10601102747 [0.159705638885] [0.052316416055]
0.1039044149221 [0.157460793853] [0.0503480359912]
0.10313549265284999 [0.155714169145] [0.0505568161607]
0.1038871146738 [0.156326279044] [0.0514479503036]
0.1042239144445 [0.156659513712] [0.051788315177]
0.1034380085768 [0.155734047294] [0.0511419698596]
0.10051579959685 [0.151051044464] [0.0499805547297]
0.0952257569879 [0.141326919198] [0.0491245947778]
0.08853029273445001 [0.12812179327] [0.0489387921989]
0.08265275880680001 [0.115936182439] [0.0493693351746]
0.0783116519451 [0.106541544199] [0.0500817596912]
0.07543607614935 [0.0998251512647] [0.051047001034]
0.07395440898835 [0.0949690937996] [0.0529397241771]
0.07343945093455 [0.0909254178405] [0.0559534840286]
0.073414709419 [0.0872671306133] [0.0595622882247]
0.07337319478394999 [0.0834932550788] [0.0632531344891]
0.07248109579084999 [0.0792191624641] [0.0657430291176]
0.06924645230175 [0.0726271271706] [0.0658657774329]
0.062469687312800004 [0.0615270286798] [0.0634123459458]
0.05414452590045 [0.0496814921498] [0.0586075596511]
0.0464908797294 [0.0399558991194] [0.0530258603394]
0.04033496044575 [0.0329495631158] [0.0477203577757]
0.036023158580099995 [0.0282274819911] [0.0438188351691]
0.03347239084545 [0.0256431140006] [0.0413016676903]
0.03208201471715 [0.0244060959667] [0.0397579334676]
0.03153065498915 [0.0240865964442] [0.0389747135341]
0.03156923502685 [0.0243839509785] [0.0387545190752]
0.0319291148335 [0.0251290909946] [0.0387291386724]
0.03255171794445 [0.0262333210558] [0.0388701148331]
0.03332193382085 [0.0274722091854] [0.0391716584563]
0.034245166927600004 [0.0288728773594] [0.0396174564958]
0.03504873160275 [0.0304000955075] [0.039697367698]
0.0352641288191 [0.0316505730152] [0.038877684623]
0.034152796491999995 [0.0324035957456] [0.0359019972384]
0.031508623622350004 [0.0318452939391] [0.0311719533056]
0.0286948252469 [0.0308957453817] [0.0264939051121]
0.0269385976717 [0.03057352826] [0.0233036670834]
0.026445941068249997 [0.0313095599413] [0.0215823221952]
0.02728890813885 [0.0336493067443] [0.0209285095334]
0.0292380200699 [0.0375427231193] [0.0209333170205]
0.03155083209275 [0.0419762395322] [0.0211254246533]
0.03349566925315 [0.0457277782261] [0.0212635602802]
0.0341924885288 [0.0471097268164] [0.0212752502412]
0.0333290854469 [0.0453838594258] [0.021274311468]
0.0320806764066 [0.0429210029542] [0.021240349859]
0.031011871993550003 [0.0408082418144] [0.0212155021727]
0.03042443748565 [0.0394367128611] [0.0214121621102]
0.03023710846905 [0.0386979579926] [0.0217762589455]
0.0306830862537 [0.038710270077] [0.0226559024304]
0.0321752149612 [0.0396356545389] [0.0247147753835]
