M B1 B2
0.132026322186 [0.156555175781] [0.107497468591]
0.13259986788 [0.157800748944] [0.107398986816]
0.134368713945 [0.159495487809] [0.109241940081]
0.136516150087 [0.161803156137] [0.111229144037]
0.1388932578265 [0.164750859141] [0.113035656512]
0.1407628282905 [0.167672634125] [0.113853022456]
0.14128126204 [0.169165715575] [0.113396808505]
0.1396016739305 [0.168524086475] [0.110679261386]
0.135699156672 [0.164389744401] [0.107008568943]
0.1313658468425 [0.157538443804] [0.105193249881]
0.127949465066 [0.147431731224] [0.108467198908]
0.1283238045875 [0.140180975199] [0.116466633976]
0.13402822613749998 [0.138767510653] [0.129288941622]
0.1445807665585 [0.1434635818] [0.145697951317]
0.1527482792735 [0.145057171583] [0.160439386964]
0.1571077108385 [0.141943410039] [0.172272011638]
0.1587653011085 [0.139364913106] [0.178165689111]
0.159185037017 [0.138561218977] [0.179808855057]
0.161404184997 [0.140635535121] [0.182172834873]
0.1646274253725 [0.143341913819] [0.185912936926]
0.1684152036905 [0.146708235145] [0.190122172236]
0.17260458320400002 [0.150671973825] [0.194537192583]
0.177369326353 [0.155730515718] [0.199008136988]
0.18290111422549998 [0.161058783531] [0.20474344492]
0.18827328831 [0.165836617351] [0.210709959269]
0.19106195122 [0.169644474983] [0.212479427457]
0.191907025874 [0.171263098717] [0.212550953031]
0.1887951567765 [0.169160917401] [0.208429396152]
0.1843224838375 [0.162377476692] [0.206267490983]
0.181764818728 [0.152589708567] [0.210939928889]
0.178076185286 [0.141852155328] [0.214300215244]
0.175785884261 [0.133447021246] [0.218124747276]
0.1746057868 [0.127249076962] [0.221962496638]
0.172305420041 [0.122999817133] [0.221611022949]
0.17090240865950002 [0.118191868067] [0.223612949252]
0.1701101213695 [0.115828230977] [0.224392011762]
0.1708729714155 [0.115992486477] [0.225753456354]
0.17242448404400001 [0.116414584219] [0.228434383869]
0.17459358647450002 [0.116753153503] [0.232434019446]
0.1772499121725 [0.117398403585] [0.23710142076]
0.1804781109095 [0.119562372565] [0.241393849254]
0.183836642653 [0.124000422657] [0.243672862649]
0.1841861605645 [0.128553688526] [0.239818632603]
0.17404601723000002 [0.133664682508] [0.214427351952]
0.1377498880025 [0.13625369966] [0.139246076345]
0.09515658766015 [0.124081201851] [0.0662319734693]
0.06520288437605 [0.0987413302064] [0.0316644385457]
0.04473405890165 [0.0718789324164] [0.0175891853869]
0.03222522791475 [0.0528443939984] [0.0116060618311]
0.02536725625394 [0.0418322794139] [0.00890223309398]
0.02172443317248 [0.0357927009463] [0.00765616539866]
0.01989744394088 [0.0327093675733] [0.00708552030846]
0.01914845895954 [0.0315009020269] [0.00679601589218]
0.01891263690777 [0.031199157238] [0.00662611657754]
0.018799526616935 [0.0310511942953] [0.00654785893857]
0.01855046581475 [0.0305540617555] [0.006546869874]
0.01819762540983 [0.0297651458532] [0.00663010496646]
0.017798660090169997 [0.0288400650024] [0.00675725517794]
0.01760563766583 [0.0282114446163] [0.00699983071536]
0.01778433402068 [0.0281761381775] [0.00739252986386]
0.018498892430235 [0.0289302952588] [0.00806748960167]
0.020030501764285003 [0.0307655707002] [0.00929543282837]
0.0229889084585 [0.0343961678445] [0.0115816490725]
0.02848034445195 [0.0409848727286] [0.0159758161753]
0.03860932867975 [0.0523728430271] [0.0248458143324]
0.05622941814365 [0.0698339417577] [0.0426248945296]
0.08076130226254999 [0.0898027196527] [0.0717198848724]
0.1006408967077 [0.104347899556] [0.0969338938594]
0.108573395759 [0.107634715736] [0.109512075782]
0.108168773353 [0.105257488787] [0.111080057919]
0.1080796085295 [0.106734886765] [0.109424330294]
0.10898108780400001 [0.11132375896] [0.106638416648]
0.11130951344949999 [0.11825812608] [0.104360900819]
0.11430421844149999 [0.125180065632] [0.103428371251]
0.119161535054 [0.130368083715] [0.107954986393]
0.12584456801399999 [0.135786578059] [0.115902557969]
0.131413977593 [0.141051545739] [0.121776409447]
0.1353853195905 [0.144915282726] [0.125855356455]
0.1369611918925 [0.140898525715] [0.13302385807]
0.12419807165899999 [0.121061727405] [0.127334415913]
0.1028757244348 [0.0974989682436] [0.108252480626]
0.08196264877915 [0.0793855115771] [0.0845397859812]
0.066597443074 [0.0681771412492] [0.0650177448988]
0.056898524984699994 [0.0613326914608] [0.0524643585086]
0.05173449777065 [0.0573601461947] [0.0461088493466]
0.04969727061685 [0.0551105290651] [0.0442840121686]
0.04980348609385 [0.0540318675339] [0.0455751046538]
0.05009471438825 [0.0521219372749] [0.0480674915016]
0.04961631819605 [0.0488142259419] [0.0504184104502]
0.047187732532650004 [0.0432921908796] [0.0510832741857]
0.04218114726245 [0.0359766706824] [0.0483856238425]
0.0360217997804 [0.0295379925519] [0.0425056070089]
0.0313214380294 [0.0252144113183] [0.0374284647405]
0.02838947810235 [0.0228093825281] [0.0339695736766]
0.02697041351345 [0.0218803565949] [0.032060470432]
0.02687820233405 [0.0221291705966] [0.0316272340715]
0.02790371142325 [0.0232727900147] [0.0325346328318]
0.02983683440835 [0.0250720139593] [0.0346016548574]
0.0323965037242 [0.0273056197912] [0.0374873876572]
0.0347906835377 [0.0294313840568] [0.0401499830186]
0.036196665838400005 [0.0308925583959] [0.0415007732809]
0.0363943632692 [0.0317028015852] [0.0410859249532]
0.0363372266293 [0.0325661413372] [0.0401083119214]
0.03661991283295 [0.0336306914687] [0.0396091341972]
0.03817757591605 [0.0355662666261] [0.040788885206]
0.0423899143934 [0.0397329777479] [0.0450468510389]
0.050091473385649996 [0.0486710965633] [0.051511850208]
0.0625143535435 [0.0659177973866] [0.0591109097004]
0.0804324857891 [0.0950872972608] [0.0657776743174]
0.09882942587150001 [0.128842532635] [0.068816319108]
0.10922964662335 [0.14851936698] [0.0699399262667]
0.1105988621714 [0.150502160192] [0.0706955641508]
0.10900298506014999 [0.146478652954] [0.0715273171663]
0.10928087681535001 [0.146542057395] [0.0720196962357]
0.11051258444769999 [0.148937180638] [0.0720879882574]
0.1124423891304 [0.152992546558] [0.0718922317028]
0.11490213125935 [0.158292815089] [0.0715114474297]
0.11670830473315 [0.162545964122] [0.0708706453443]
0.11700165271755 [0.164394006133] [0.0696092993021]
0.11493525281565 [0.16210334003] [0.0677671656013]
0.11066554486735 [0.155399650335] [0.0659314393997]
0.1064110286535 [0.147562786937] [0.06525927037]
0.10480906814325 [0.140884876251] [0.0687332600355]
0.1075490377845 [0.135820731521] [0.079277344048]
0.11337072029734999 [0.132496118546] [0.0942453220487]
0.1186388246715 [0.132320314646] [0.104957334697]
0.11962300539000001 [0.132882654667] [0.106363356113]
0.11756278201949999 [0.129990562797] [0.105135001242]
0.11569727212150001 [0.126700416207] [0.104694128036]
0.115565940738 [0.125614628196] [0.10551725328]
0.115696720779 [0.125511348248] [0.10588209331]
0.1156945303085 [0.126038014889] [0.105351045728]
0.11559554934499999 [0.127242639661] [0.103948459029]
0.116308182478 [0.12995941937] [0.102656945586]
0.11719811707700001 [0.132432952523] [0.101963281631]
0.119123890996 [0.134887486696] [0.103360295296]
0.1238584928215 [0.139670565724] [0.108046419919]
0.12845991924400002 [0.14385651052] [0.113063327968]
0.1341497190295 [0.151205539703] [0.117093898356]
0.140875764191 [0.161352276802] [0.12039925158]
0.14635861665 [0.169112458825] [0.123604774475]
0.150107078254 [0.173053920269] [0.127160236239]
0.1522634848955 [0.173850283027] [0.130676686764]
0.15331427753 [0.172167465091] [0.134461089969]
0.1533821448685 [0.168940767646] [0.137823522091]
0.149044826627 [0.160276293755] [0.137813359499]
0.1429555788635 [0.150361046195] [0.135550111532]
0.1370493024585 [0.141641706228] [0.132456898689]
0.1315282434225 [0.135411530733] [0.127644956112]
0.1277615018185 [0.131751582026] [0.123771421611]
0.1258380971845 [0.128877267241] [0.122798927128]
0.12564854323900002 [0.124504387379] [0.126792699099]
0.1249439157545 [0.116966791451] [0.132921040058]
0.123005706817 [0.107349775732] [0.138661637902]
0.1189902201295 [0.100236177444] [0.137744262815]
0.11358227953295 [0.0963475778699] [0.130816981196]
0.10878846421835 [0.0945375859737] [0.123039342463]
0.10525277629515001 [0.0934734866023] [0.117032065988]
0.10218357294790001 [0.0927982404828] [0.111568905413]
0.09963119775055 [0.0917690545321] [0.107493340969]
0.0979055166243 [0.0900976508856] [0.105713382363]
0.09779595956205 [0.0891830250621] [0.106408894062]
0.09884686022985001 [0.0883446261287] [0.109349094331]
0.100341320038 [0.087977193296] [0.11270544678]
0.1027427427469 [0.0894278287888] [0.116057656705]
0.103301383555 [0.089447312057] [0.117155455053]
0.10191088169840001 [0.0902355909348] [0.113586172462]
0.09888203442095 [0.0925694108009] [0.105194658041]
0.09697301313279999 [0.0970537811518] [0.0968922451138]
0.0953536592426 [0.100568659604] [0.0901386588812]
0.0935502611099 [0.102248728275] [0.0848517939448]
0.0851851217449 [0.0962068140507] [0.0741634294391]
0.06943021714685 [0.0826416239142] [0.0562188103795]
0.053544834256150003 [0.0660221651196] [0.0410675033927]
0.0423696767539 [0.0525205470622] [0.0322188064456]
0.0362156620249 [0.0447150990367] [0.0277162250131]
0.03302121441815 [0.0403770245612] [0.0256654042751]
0.031623228453100005 [0.0384583547711] [0.0247881021351]
0.030744615942250003 [0.0373058132827] [0.0241834186018]
0.0297445813194 [0.0360778160393] [0.0234113465995]
0.0285401195288 [0.0343709997833] [0.0227092392743]
