M B1 B2
0.0547005031258 [0.0543010570109] [0.0550999492407]
0.0564879216254 [0.0577600114048] [0.055215831846]
0.060069154948 [0.0629254877567] [0.0572128221393]
0.063571697101 [0.066771030426] [0.060372363776]
0.06530585885045001 [0.0674827098846] [0.0631290078163]
0.065592430532 [0.0673176199198] [0.0638672411442]
0.0646445155144 [0.0665751695633] [0.0627138614655]
0.06278206408025 [0.0647260248661] [0.0608381032944]
0.06077732145785 [0.0623511895537] [0.059203453362]
0.059381518513 [0.0611286759377] [0.0576343610883]
0.058389600366350006 [0.0606831274927] [0.05609607324]
0.055817078799 [0.0584126450121] [0.0532215125859]
0.04930100403725 [0.0515856295824] [0.0470163784921]
0.041059430688600004 [0.0438730716705] [0.0382457897067]
0.0336258104071 [0.0376886837184] [0.0295629370958]
0.0283515769988 [0.0339105352759] [0.0227926187217]
0.02503047697245 [0.0316331423819] [0.018427811563]
0.02340982854365 [0.0309052262455] [0.0159144308418]
0.022982937283800003 [0.0315137505531] [0.0144521240145]
0.023264629300699998 [0.0329949259758] [0.0135343326256]
0.02385186823085 [0.0346924439073] [0.0130112925544]
0.024659914895899998 [0.0364273004234] [0.0128925293684]
0.0255013164133 [0.0377351045609] [0.0132675282657]
0.02635300764815 [0.0386181809008] [0.0140878343955]
0.027130404487300003 [0.0391271822155] [0.0151336267591]
0.02797152381395 [0.0395818650723] [0.0163611825556]
0.02895256411285 [0.0401432551444] [0.0177618730813]
0.03064701054245 [0.041200760752] [0.0200932603329]
0.0338609414175 [0.0433237701654] [0.0243981126696]
0.0389726627618 [0.0472894124687] [0.0306559130549]
0.047127712517950004 [0.0553001761436] [0.0389552488923]
0.0572923347354 [0.0666715204716] [0.0479131489992]
0.0653638411313 [0.0768566653132] [0.0538710169494]
0.06802544370290001 [0.0804808437824] [0.0555700436234]
0.06759029999375 [0.0801342576742] [0.0550463423133]
0.06613869592544999 [0.0780462697148] [0.0542311221361]
0.06427555344995001 [0.0750681236386] [0.0534829832613]
0.06299583613875 [0.0733225643635] [0.052669107914]
0.0626058317721 [0.0734006911516] [0.0518109723926]
0.06290723010895 [0.0748421475291] [0.0509723126888]
0.06345882825554999 [0.0769219771028] [0.0499956794083]
0.06207490339875 [0.0753144696355] [0.048835337162]
0.06056214869025 [0.0739258602262] [0.0471984371543]
0.05898308940235 [0.072992220521] [0.0449739582837]
0.05698891915385 [0.0715383291245] [0.0424395091832]
0.05370074138045 [0.067731641233] [0.0396698415279]
0.049183811992450005 [0.060856461525] [0.0375111624599]
0.04415513947605 [0.0525050610304] [0.0358052179217]
0.039647644385699995 [0.0462741106749] [0.0330211780965]
0.0362669453025 [0.0423310548067] [0.0302028357983]
0.0345442602411 [0.0407945513725] [0.0282939691097]
0.0341622456908 [0.0410307124257] [0.0272937789559]
0.03468524478375 [0.0422455668449] [0.0271249227226]
0.0354402484372 [0.0434980690479] [0.0273824278265]
0.0360470255837 [0.0441369600594] [0.027957091108]
0.03628423810005 [0.0439077168703] [0.0286607593298]
0.036197601817549996 [0.0429546684027] [0.0294405352324]
0.035880504176 [0.0416007749736] [0.0301602333784]
0.0356128467247 [0.0403648167849] [0.0308608766645]
0.0355045571923 [0.0394864603877] [0.0315226539969]
0.03605207428335 [0.0395194515586] [0.0325846970081]
0.038009036332350005 [0.0411501303315] [0.0348679423332]
0.0423975419253 [0.0451327674091] [0.0396623164415]
0.05046026408675 [0.0520544089377] [0.0488661192358]
0.06311791017650001 [0.0614513680339] [0.0647844523191]
0.07781527936455 [0.0690926238894] [0.0865379348397]
0.09001771733175 [0.0733379125595] [0.106697522104]
0.09474090114235001 [0.0747542902827] [0.114727512002]
0.0916106961668 [0.0750756561756] [0.108145736158]
0.0840422399342 [0.0758401080966] [0.0922443717718]
0.0767577365041 [0.0766707286239] [0.0768447443843]
0.07283632829785 [0.078484505415] [0.0671881511807]
0.07073180936275 [0.0798259824514] [0.0616376362741]
0.0689609181136 [0.0796448588371] [0.0582769773901]
0.06745175644755 [0.0785719677806] [0.0563315451145]
0.06631506420675 [0.0778120532632] [0.0548180751503]
0.0650110580027 [0.0769647285342] [0.0530573874712]
0.06363326497374999 [0.0763076841831] [0.0509588457644]
0.062110483646349995 [0.0753099545836] [0.0489110127091]
0.0610870476812 [0.0747547596693] [0.0474193356931]
0.06064463406805 [0.0745680779219] [0.0467211902142]
0.060529153794049995 [0.0745702907443] [0.0464880168438]
0.06069454178215 [0.0752671509981] [0.0461219325662]
0.06080215238035 [0.0765246227384] [0.0450796820223]
0.060397285968049996 [0.0773150920868] [0.0434794798493]
0.06001675873995 [0.0781642124057] [0.0418693050742]
0.060648469254400005 [0.0798665136099] [0.0414304248989]
0.0629897061735 [0.0835630074143] [0.0424164049327]
0.0669160075486 [0.0898395702243] [0.0439924448729]
0.0717834625393 [0.0984833315015] [0.0450835935771]
0.07667278125885 [0.107218541205] [0.0461270213127]
0.07908329740175 [0.110881470144] [0.0472851246595]
0.07845045067385001 [0.10797418654] [0.0489267148077]
0.07712438143785 [0.103366985917] [0.0508817769587]
0.0764065813273 [0.0999440476298] [0.0528691150248]
0.07616431452335 [0.0978566259146] [0.0544720031321]
0.07699867896734999 [0.0980420187116] [0.0559553392231]
0.07944673113545 [0.100577026606] [0.0583164356649]
0.08295042812805001 [0.102580554783] [0.0633203014731]
0.08735120296495 [0.10279532522] [0.0719070807099]
0.09184553846714999 [0.0988723486662] [0.0848187282681]
0.09570381790395 [0.0926040410995] [0.0988035947084]
0.09726832062015 [0.0853507965803] [0.10918584466]
0.0973662436011 [0.0793050900102] [0.115427397192]
0.09649665653685 [0.0736859738827] [0.119307339191]
0.09511605277669999 [0.0674761235714] [0.122755981982]
0.09552045352775 [0.0620527900755] [0.12898811698]
0.09761763177820001 [0.0580940656364] [0.13714119792]
0.09871534444405 [0.0556132979691] [0.141817390919]
0.09856750071065 [0.0542533248663] [0.142881676555]
0.09739056974629999 [0.0536815077066] [0.141099631786]
0.0921136830003 [0.0528886057436] [0.131338760257]
0.07787893339975 [0.0513995066285] [0.104358360171]
0.0574732907116 [0.049100741744] [0.0658458396792]
0.0428489819169 [0.0454343855381] [0.0402635782957]
0.034709786064949996 [0.0422012060881] [0.0272183660418]
0.03067272529005 [0.0404901206493] [0.0208553299308]
0.02922684699295 [0.0407174453139] [0.017736248672]
0.02946075797085 [0.042571336031] [0.0163501799107]
0.03121695201845 [0.0465705394745] [0.0158633645624]
0.033834264613699996 [0.0518979839981] [0.0157705452293]
0.0360024031252 [0.0562082231045] [0.0157965831459]
