M B1 B2
0.111086528748 [0.111654952168] [0.110518105328]
0.10696874558950001 [0.106127947569] [0.10780954361]
0.106048066169 [0.103442236781] [0.108653895557]
0.10761272907300001 [0.102316051722] [0.112909406424]
0.10891858860845 [0.0990763455629] [0.118760831654]
0.1103800386189 [0.0970861837268] [0.123673893511]
0.11135318875325 [0.0974021703005] [0.125304207206]
0.1093271933494 [0.0982164293528] [0.120437957346]
0.10563691332950001 [0.100487075746] [0.110786750913]
0.103469673544 [0.104386307299] [0.102553039789]
0.1020421497526 [0.10893303901] [0.0951512604952]
0.1002525724469 [0.111591942608] [0.0889132022858]
0.09446001797935 [0.111792236567] [0.0771277993917]
0.0830575693397 [0.107954472303] [0.0581606663764]
0.07118107378499999 [0.101697854698] [0.040664292872]
0.06205007154495 [0.0946599766612] [0.0294401664287]
0.056279459968199996 [0.0895192846656] [0.0230396352708]
0.05337751097975 [0.0871778205037] [0.0195772014558]
0.05249045975505 [0.087290212512] [0.0176907069981]
0.0527715664357 [0.0889218226075] [0.0166213102639]
0.05328029021625 [0.0907037854195] [0.015856795013]
0.053649250883599994 [0.0923569202423] [0.0149415815249]
0.052313158288600003 [0.0909896418452] [0.013636674732]
0.04937389912085 [0.0868269279599] [0.0119208702818]
0.04481536941605 [0.079559288919] [0.0100714499131]
0.039312756154685 [0.0700798779726] [0.00854563433677]
0.034161205869145 [0.0606494583189] [0.00767295341939]
0.030217087827609998 [0.0530125275254] [0.00742164812982]
0.02808821154758 [0.0485346764326] [0.00764174666256]
0.027608309872455 [0.046971000731] [0.00824561901391]
0.027835115790389997 [0.0464969426394] [0.00917328894138]
0.02789350412785 [0.0454115457833] [0.0103754624724]
0.02655613748355 [0.041507858783] [0.0116044161841]
0.0236753351055 [0.0347806364298] [0.0125700337812]
0.0209042164497 [0.0286298282444] [0.013178604655]
0.0189010933973 [0.0242830142379] [0.0135191725567]
0.0177677706815 [0.021804632619] [0.013730908744]
0.01720564160495 [0.0205160211772] [0.0138952620327]
0.01690604910255 [0.0198138337582] [0.0139982644469]
0.01677411515265 [0.0194175522774] [0.0141306780279]
0.0168541437015 [0.0193353183568] [0.0143729690462]
0.0170342591591 [0.01933872886] [0.0147297894582]
0.01729896245525 [0.0194773133844] [0.0151206115261]
0.0175537583418 [0.0197290442884] [0.0153784723952]
0.01763519225645 [0.0199232809246] [0.0153471035883]
0.01751056779175 [0.0198844950646] [0.0151366405189]
0.0172133455053 [0.0195527486503] [0.0148739423603]
0.016876310575750002 [0.0191262923181] [0.0146263288334]
0.016617684159450002 [0.0188475362957] [0.0143878320232]
0.0165756633505 [0.0189704094082] [0.0141809172928]
0.01658146129925 [0.0192097332329] [0.0139531893656]
0.01656250515955 [0.0193105246872] [0.0138144856319]
0.0165355228819 [0.0192011278123] [0.0138699179515]
0.016748213674900002 [0.0191619228572] [0.0143345044926]
0.0172904422507 [0.019334230572] [0.0152466539294]
0.01825926452875 [0.0197132397443] [0.0168052893132]
0.0196274984628 [0.0202926658094] [0.0189623311162]
0.0210557039827 [0.0207531955093] [0.0213582124561]
0.022211323492250003 [0.0209105294198] [0.0235121175647]
0.02302032895385 [0.0208398364484] [0.0252008214593]
0.023815615102649998 [0.0209485497326] [0.0266826804727]
0.02489255182445 [0.0215638615191] [0.0282212421298]
0.02638677600775 [0.0227368641645] [0.030036687851]
0.0280182678252 [0.0240778625011] [0.0319586731493]
0.02975460886955 [0.0255225300789] [0.0339866876602]
0.0314552532509 [0.0269301626831] [0.0359803438187]
0.03348927386105 [0.028729069978] [0.0382494777441]
0.0365436952561 [0.031620208174] [0.0414671823382]
0.0408327616751 [0.0356656722724] [0.0459998510778]
