M B1 B2
0.013217310886800001 [0.0141412550583] [0.0122933667153]
0.01351464819165 [0.0145275713876] [0.0125017249957]
0.01357597578315 [0.0146829364821] [0.0124690150842]
0.01373759889975 [0.0149795934558] [0.0124956043437]
0.01415947359055 [0.0155128436163] [0.0128061035648]
0.015012756921349998 [0.0164809636772] [0.0135445501655]
0.0164353796281 [0.0180592536926] [0.0148115055636]
0.0184254841879 [0.0202981773764] [0.0165527909994]
0.020726315677149998 [0.0229691527784] [0.0184834785759]
0.02277939207855 [0.0254713483155] [0.0200874358416]
0.024279390461749997 [0.0272591114044] [0.0212996695191]
0.02548664901405 [0.0283996872604] [0.0225736107677]
0.026724309660450002 [0.0293083209544] [0.0241402983665]
0.02832440286875 [0.0302179120481] [0.0264308936894]
0.0303433826193 [0.0312224924564] [0.0294642727822]
0.03301367908715 [0.0325464718044] [0.0334808863699]
0.0371004138142 [0.0350912585855] [0.0391095690429]
0.0443419534713 [0.0398706421256] [0.048813264817]
0.0574799105525 [0.0497751161456] [0.0651847049594]
0.0791513286531 [0.0669471845031] [0.0913554728031]
0.10491526126865 [0.0863394215703] [0.123491100967]
0.1233699247239 [0.0949776172638] [0.151762232184]
0.1300224438308 [0.0934888124466] [0.166556075215]
0.13305003195999998 [0.092106923461] [0.173993140459]
0.1375601291658 [0.0915484428406] [0.183571815491]
0.14225389063354998 [0.0920029431581] [0.192504838109]
0.14507106319045 [0.0947946384549] [0.195347487926]
0.1486155204475 [0.100206784904] [0.197024255991]
0.1530369631945 [0.10927464813] [0.196799278259]
0.156423032284 [0.119008302689] [0.193837761879]
0.1568828262385 [0.123462565243] [0.190303087234]
0.153263557702 [0.119162775576] [0.187364339828]
0.1500672511755 [0.112611852586] [0.187522649765]
0.14920317009099998 [0.10445664078] [0.193949699402]
0.1511001624167 [0.0953419432044] [0.206858381629]
0.1540282480421 [0.0862168297172] [0.221839666367]
0.15087208896895 [0.0776111930609] [0.224132984877]
0.13670930266385 [0.0703010112047] [0.203117594123]
0.1146953627469 [0.0641019195318] [0.165288805962]
0.0974031705407 [0.0578688271344] [0.136937513947]
0.08725148066855 [0.0520748570561] [0.122428104281]
0.0817664824427 [0.0475328564644] [0.116000108421]
0.0782444830986 [0.0441977716982] [0.112291194499]
0.07618919014905 [0.0419820770621] [0.110396303236]
0.07525974325855 [0.0404765792191] [0.110042907298]
0.07518933340905 [0.0397169515491] [0.110661715269]
0.07552470639355 [0.0397232398391] [0.111326172948]
0.0753854829817 [0.0396170280874] [0.111153937876]
0.07472989521895 [0.0399041138589] [0.109555676579]
0.07380433008055 [0.0412289947271] [0.106379665434]
0.0728305391965 [0.043637573719] [0.102023504674]
0.0718059130013 [0.0467318892479] [0.0968799367547]
0.07117952033875 [0.0502035319805] [0.092155508697]
0.07143768295645 [0.0540215596557] [0.0888538062572]
0.0731965918094 [0.0584282912314] [0.0879648923874]
0.0773462578654 [0.0635268464684] [0.0911656692624]
0.08202947676185 [0.0687234923244] [0.0953354611993]
0.0832903459668 [0.0724973455071] [0.0940833464265]
0.08344141766425 [0.0742503404617] [0.0926324948668]
0.08318021520975 [0.0749555900693] [0.0914048403502]
0.08337207511065 [0.0758928209543] [0.090851329267]
0.0829750150442 [0.0779338106513] [0.0880162194371]
0.08599771931765 [0.0828848406672] [0.0891105979681]
0.09155643731355001 [0.0899747908115] [0.0931380838156]
0.0982143878937 [0.0980937704444] [0.098335005343]
0.1035055704415 [0.104846976697] [0.102164164186]
0.1063886024055 [0.108914762735] [0.103862442076]
0.1085230484605 [0.111449450254] [0.105596646667]
0.111160311848 [0.114496946335] [0.107823677361]
0.1116397045555 [0.113480962813] [0.109798446298]
0.1054748296735 [0.101339779794] [0.109609879553]
0.08815414085975 [0.0743216350675] [0.101986646652]
0.06711271964015 [0.0483455769718] [0.0858798623085]
0.04971059039235 [0.0324610024691] [0.0669601783156]
0.03832652326675 [0.0240444522351] [0.0526085942984]
0.0319930799305 [0.0195930562913] [0.0443931035697]
0.02871687244625 [0.017354959622] [0.0400787852705]
0.0271419370547 [0.0163367968053] [0.0379470773041]
0.0262557649985 [0.0159365106374] [0.0365750193596]
0.025343846529700002 [0.0157714374363] [0.0349162556231]
0.024296455085250003 [0.0157274343073] [0.0328654758632]
0.02330948133025 [0.0157728623599] [0.0308461003006]
0.022885679267350002 [0.0161506291479] [0.0296207293868]
0.0231864722446 [0.0170202236623] [0.0293527208269]
0.024115024134550002 [0.0183652918786] [0.0298647563905]
0.025387399829950003 [0.0201525744051] [0.0306222252548]
0.0271344697103 [0.0224170964211] [0.0318518429995]
0.0299548311159 [0.0254158843309] [0.0344937779009]
0.03501607198265 [0.0299336928874] [0.0400984510779]
0.04439649172125 [0.0372577011585] [0.051535282284]
0.0610815808177 [0.0482827275991] [0.0738804340363]
0.0856279991567 [0.0606062561274] [0.110649742186]
0.10739594697954999 [0.0669782012701] [0.147813692689]
0.11638282984484999 [0.0681041181087] [0.164661541581]
0.11655887216305 [0.0677120089531] [0.165405735373]
0.1155024059119 [0.0680607184768] [0.162944093347]
0.11507294699525 [0.0692789927125] [0.160866901278]
0.11472303047795 [0.0713236704469] [0.158122390509]
0.11223619058725 [0.0740056708455] [0.150466710329]
0.10855120047925 [0.0765972957015] [0.140505105257]
0.105334226042 [0.078991599381] [0.131676852703]
0.1014996878802 [0.0797692611814] [0.123230114579]
0.09704927727570001 [0.0783381164074] [0.115760438144]
0.09177965670845001 [0.0756333917379] [0.107925921679]
0.0866842232643 [0.0732064694166] [0.100161977112]
0.08109162747859999 [0.0718283131719] [0.0903549417853]
0.0751958973706 [0.0714291930199] [0.0789626017213]
0.06951901689175 [0.0717635750771] [0.0672744587064]
0.06482862681149999 [0.0720790028572] [0.0575782507658]
0.0619375500828 [0.0734381005168] [0.0504369996488]
0.0611857920885 [0.0766403451562] [0.0457312390208]
0.0608305539936 [0.0789293572307] [0.0427317507565]
0.0608901809901 [0.0810087099671] [0.0407716520131]
0.0611973926425 [0.0830904915929] [0.0393042936921]
0.0617013759911 [0.0854885205626] [0.0379142314196]
0.0619952343404 [0.0878871902823] [0.0361032783985]
0.06251806393265 [0.0911479070783] [0.033888220787]
0.0632548592985 [0.0945868417621] [0.0319228768349]
0.06467122863975 [0.0981278941035] [0.031214563176]
0.06755765527485 [0.103025726974] [0.0320895835757]
0.07127674482755 [0.107903935015] [0.0346495546401]
0.07503063231695 [0.111294083297] [0.0387671813369]
0.08082203567005 [0.117343217134] [0.0443008542061]
0.0885229818525 [0.125590577722] [0.051455385983]
0.09624513983735 [0.132636383176] [0.0598538964987]
0.10131273046135 [0.135944083333] [0.0666813775897]
0.1021883264182 [0.134701505303] [0.0696751475334]
0.10071747004994999 [0.130728363991] [0.0707065761089]
0.09889983013265 [0.126710012555] [0.0710896477103]
0.0973734520374 [0.123182147741] [0.0715647563338]
0.09606480225925 [0.118693523109] [0.0734360814095]
0.0952549390495 [0.112574890256] [0.077934987843]
0.09634241834275001 [0.107913173735] [0.0847716629505]
0.09926045313495 [0.105414681137] [0.0931062251329]
0.101670630276 [0.101920135319] [0.101421125233]
0.10281541571025 [0.0983620509505] [0.10726878047]
0.10226709768185 [0.0953411385417] [0.109193056822]
0.10121593996889999 [0.0939126759768] [0.108519203961]
0.10119166597725 [0.0953432917595] [0.107040040195]
0.1013456061483 [0.0961308181286] [0.106560394168]
0.10216533765185001 [0.0961866155267] [0.108144059777]
0.10371792688949999 [0.095474794507] [0.111961059272]
0.10647400468570001 [0.0942537114024] [0.118694297969]
0.1088588424029 [0.0928440913558] [0.12487359345]
0.11074613779770001 [0.0915806889534] [0.129911586642]
0.11040217801945001 [0.0903485193849] [0.130455836654]
0.10822531208385 [0.0893814638257] [0.127069160342]
0.1055672317744 [0.0883971899748] [0.122737273574]
0.10165950655950001 [0.086847551167] [0.116471461952]
0.0975253619252 [0.0844864174724] [0.110564306378]
0.09295254200684999 [0.0816770270467] [0.104228056967]
0.0890813022852 [0.079096198082] [0.0990664064884]
0.08581836521625 [0.0774658247828] [0.0941709056497]
0.08523032069205 [0.0800074934959] [0.0904531478882]
0.0870168805122 [0.086067199707] [0.0879665613174]
0.0885902047157 [0.0912067517638] [0.0859736576676]
0.08785700798035 [0.091264821589] [0.0844491943717]
0.08710446208715 [0.0910331606865] [0.0831757634878]
0.08769334107634999 [0.0927077978849] [0.0826788842678]
0.0891425795853 [0.0952663645148] [0.0830187946558]
0.09115285426375 [0.0983124002814] [0.0839933082461]
0.0927975475787 [0.100411199033] [0.0851838961244]
0.0937553271652 [0.101258121431] [0.0862525328994]
0.0939539782703 [0.101053737104] [0.0868542194366]
0.09388332814005 [0.100318409503] [0.0874482467771]
0.09377557039260001 [0.0989592149854] [0.0885919257998]
0.09363759309049999 [0.0969955474138] [0.0902796387672]
0.09358532354235 [0.0948802232742] [0.0922904238105]
0.09376797825095001 [0.0925605744123] [0.0949753820896]
0.09483313187955 [0.0909066721797] [0.0987595915794]
0.09715365618475 [0.0908412486315] [0.103466063738]
0.0993324220181 [0.0923015326262] [0.10636331141]
0.10224401950855 [0.0943218618631] [0.110166177154]
0.10583161935195 [0.0973353311419] [0.114327907562]
0.110575404018 [0.101725466549] [0.119425341487]
0.1153218299155 [0.104664459825] [0.125979200006]
0.12081929668800001 [0.107454009354] [0.134184584022]
0.1275561228395 [0.111731916666] [0.143380329013]
0.133971340954 [0.116897627711] [0.151045054197]
0.137382093817 [0.122030459344] [0.15273372829]
0.13614176586249999 [0.124614290893] [0.147669240832]
0.1334521174435 [0.127441555262] [0.139462679625]
0.1303528025745 [0.130308881402] [0.130396723747]
0.1258844472465 [0.132283091545] [0.119485802948]
0.11520020291225 [0.132073119283] [0.0983272865415]
0.0985657200218 [0.127586066723] [0.0695453733206]
