M B1 B2
0.1331687234342 [0.0741785243154] [0.192158922553]
0.13998953625545002 [0.0877916589379] [0.192187413573]
0.1459792330862 [0.0968560129404] [0.195102453232]
0.151586331427 [0.103790670633] [0.199381992221]
0.1583080776035 [0.111330740154] [0.205285415053]
0.16792842745800002 [0.121757745743] [0.214099109173]
0.1749990060925 [0.128178820014] [0.221819192171]
0.17944267392149998 [0.130980357528] [0.227904990315]
0.17965696006999998 [0.130052000284] [0.229261919856]
0.17818867415200002 [0.127941042185] [0.228436306119]
0.1779802143575 [0.125888809562] [0.230071619153]
0.1782667152585 [0.124050833285] [0.232482597232]
0.1783499643205 [0.121572241187] [0.235127687454]
0.1778583489355 [0.117033489048] [0.238683208823]
0.175666831434 [0.110460698605] [0.240872964263]
0.17173397913549998 [0.102630667388] [0.240837290883]
0.16688868403454998 [0.0944902896881] [0.239287078381]
0.1625961400566 [0.0871442183852] [0.238048061728]
0.15836422517915 [0.0805368050933] [0.236191645265]
0.15255568549054999 [0.0725795254111] [0.23253184557]
0.14436921104775 [0.0630829408765] [0.225655481219]
0.1383022461088 [0.0554440803826] [0.221160411835]
0.13682128116475 [0.0510914847255] [0.222551077604]
0.13773404620605 [0.0489491634071] [0.226518929005]
0.14118956401920002 [0.0481419190764] [0.234237208962]
0.1473385505379 [0.0478755310178] [0.246801570058]
0.15054961107655002 [0.0477464906871] [0.253352731466]
0.15286312438535 [0.0480896420777] [0.257636606693]
0.1551957279442 [0.0496765077114] [0.260714948177]
0.15929255634535 [0.0529388338327] [0.265646278858]
0.16404472477715 [0.0577042736113] [0.270385175943]
0.1683475300672 [0.0632716566324] [0.273423403502]
0.169456023723 [0.06853441149] [0.270377635956]
0.1669288910925 [0.073275603354] [0.260582178831]
0.16268455982195001 [0.0788567662239] [0.24651235342]
0.16106172278525 [0.0875849202275] [0.234538525343]
0.16433442756549999 [0.101316921413] [0.227351933718]
0.17549379915000002 [0.123136967421] [0.227850630879]
0.1902127563955 [0.151713207364] [0.228712305427]
0.199607014656 [0.171861410141] [0.227352619171]
0.20274038612849998 [0.182954162359] [0.222526609898]
0.2014789506795 [0.184941902757] [0.218015998602]
0.19848132133500002 [0.183177217841] [0.213785424829]
0.1953548714515 [0.178956121206] [0.211753621697]
0.19291774928549998 [0.1725564152] [0.213279083371]
0.190896250308 [0.165292039514] [0.216500461102]
0.189533881843 [0.15933611989] [0.219731643796]
0.19063648581499998 [0.156832411885] [0.224440559745]
0.1957496255635 [0.159689247608] [0.231810003519]
0.203926943243 [0.166438043118] [0.241415843368]
0.21305976808049998 [0.174849182367] [0.251270353794]
0.22155931591949998 [0.183216065168] [0.259902566671]
0.22735215723500002 [0.187961697578] [0.266742616892]
0.2292874604465 [0.185549557209] [0.273025363684]
0.228703945875 [0.175068229437] [0.282339662313]
0.22880068421350003 [0.164509564638] [0.293091803789]
0.230890147388 [0.160876587033] [0.300903707743]
0.233341485262 [0.163749784231] [0.302933186293]
0.2351332604885 [0.171800374985] [0.298466145992]
0.2365401759745 [0.181449249387] [0.291631102562]
0.23720946162950002 [0.187909081578] [0.286509841681]
0.231797091663 [0.187588736415] [0.276005446911]
0.22354225814349998 [0.184488862753] [0.262595653534]
0.215807892382 [0.182365775108] [0.249250009656]
0.21052403003 [0.181190609932] [0.239857450128]
0.2082167565825 [0.181014508009] [0.235419005156]
0.208277516067 [0.182341083884] [0.23421394825]
0.2097121551635 [0.18598818779] [0.233436122537]
0.212442822754 [0.192019179463] [0.232866466045]
0.2157278358935 [0.197951212525] [0.233504459262]
0.2191514894365 [0.202089175582] [0.236213803291]
0.2225728556515 [0.204437106848] [0.240708604455]
0.225357860327 [0.202528342605] [0.248187378049]
0.22537679970250002 [0.195631176233] [0.255122423172]
0.21869479119750002 [0.180836498737] [0.256553083658]
0.208691127598 [0.159393921494] [0.257988333702]
0.19918499887000002 [0.137092083693] [0.261277914047]
0.1939718350765 [0.119613692164] [0.268329977989]
0.19230707362299998 [0.107441730797] [0.277172416449]
0.19366963207735 [0.0998860299587] [0.287453234196]
0.19735679030394998 [0.0963204503059] [0.298393130302]
0.20259894058125 [0.0953842923045] [0.309813588858]
0.2084819748997 [0.0962716788054] [0.320692270994]
0.21413693204535 [0.0981488004327] [0.330125063658]
0.21351565793155 [0.0995598807931] [0.32747143507]
0.2049802504481 [0.0976613089442] [0.312299191952]
0.1839498691263 [0.0905429050326] [0.27735683322]
0.15769971162094998 [0.0800088793039] [0.235390543938]
0.1345207840205 [0.069858327508] [0.199183240533]
0.11854462325595 [0.0626087933779] [0.174480453134]
0.10852675139910001 [0.0585442185402] [0.158509284258]
0.10244629904645 [0.0568548515439] [0.148037746549]
