M B1 B2
0.08640382066364999 [0.096250526607] [0.0765571147203]
0.08352271467445 [0.0882598534226] [0.0787855759263]
0.0827792994678 [0.0824890360236] [0.083069562912]
0.083913307637 [0.0783052518964] [0.0895213633776]
0.08511897176505001 [0.073347710073] [0.0968902334571]
0.0847311653197 [0.0673871040344] [0.102075226605]
0.08159379661065 [0.0609126091003] [0.102274984121]
0.07780444063245001 [0.055813934654] [0.0997949466109]
0.07464855909345 [0.0523657053709] [0.096931412816]
0.07285016961395 [0.0501164384186] [0.0955839008093]
0.0733902454376 [0.0485861599445] [0.0981943309307]
0.0770686585456 [0.0479899011552] [0.106147415936]
0.08299157209715 [0.0480665899813] [0.117916554213]
0.08871281892060001 [0.0490121990442] [0.128413438797]
0.0901791844519 [0.0500669963658] [0.130291372538]
0.08502171933645 [0.0496307909489] [0.120412647724]
0.07706991583115 [0.0468854233623] [0.1072544083]
0.06944549269975 [0.0435392446816] [0.0953517407179]
0.06387193500995 [0.0408325269818] [0.0869113430381]
0.060929644852850004 [0.0394673645496] [0.0823919251561]
0.0601469278336 [0.0395203456283] [0.0807735100389]
0.060781473293900004 [0.0405850671232] [0.0809778794646]
0.06213564798235 [0.0421882048249] [0.0820830911398]
0.06352721713485 [0.0438529290259] [0.0832015052438]
0.06437409855425 [0.0451898537576] [0.0835583433509]
0.06395801901815 [0.0458801165223] [0.082035921514]
0.06226843968035001 [0.0457923188806] [0.0787445604801]
0.0596212539822 [0.0450577400625] [0.0741847679019]
0.057200316339700005 [0.0443018376827] [0.0700987949967]
0.056848756969 [0.0449667721987] [0.0687307417393]
0.0602032374591 [0.0484227277339] [0.0719837471843]
0.0683383513242 [0.0554504431784] [0.08122625947]
0.08217583969235 [0.0677252039313] [0.0966264754534]
0.1021766439081 [0.0869279503822] [0.117425337434]
0.12420624121999999 [0.109826810658] [0.138585671782]
0.1439731121065 [0.132468312979] [0.155477911234]
0.155792042613 [0.146289303899] [0.165294781327]
0.162339538336 [0.15019543469] [0.174483641982]
0.16377016901949998 [0.143888324499] [0.18365201354]
0.16590905189549998 [0.135724037886] [0.196094065905]
0.16981196403499998 [0.131901964545] [0.207721963525]
0.173699907959 [0.129196658731] [0.218203157187]
0.1786482557655 [0.128244936466] [0.229051575065]
0.185843810439 [0.129707157612] [0.241980463266]
0.19579795748 [0.13329257071] [0.25830334425]
0.21148165315400003 [0.138274237514] [0.284689068794]
0.227374881506 [0.145237118006] [0.309512645006]
0.24029430001949997 [0.155468687415] [0.325119912624]
0.2527088224885 [0.166330128908] [0.339087516069]
0.2606265991925 [0.175204664469] [0.346048533916]
0.2618687599895 [0.173236608505] [0.350500911474]
0.255122289062 [0.156821250916] [0.353423327208]
0.2480670437215 [0.14059074223] [0.355543345213]
0.2434017136695 [0.128798082471] [0.358005344868]
0.2395444475115 [0.118535064161] [0.360553830862]
0.234613955021 [0.104802042246] [0.364425867796]
0.223905906081 [0.086002022028] [0.361809790134]
0.2122996337711 [0.0688268318772] [0.355772435665]
0.20472875051205 [0.0569809339941] [0.35247656703]
0.19752782769485 [0.0497943796217] [0.345261275768]
0.1904867589476 [0.0454558432102] [0.335517674685]
0.18471401371059998 [0.0428777821362] [0.326550245285]
0.17422281019375002 [0.0411977134645] [0.307247906923]
0.1548037137835 [0.039852630347] [0.26975479722]
0.1353206057104 [0.0386232621968] [0.232017949224]
0.11902438290395001 [0.0374322421849] [0.200616523623]
0.1062022466213 [0.0362362898886] [0.176168203354]
