M B1 B2
0.11247009783985 [0.135822609067] [0.0891175866127]
0.10787211731085 [0.127059698105] [0.0886845365167]
0.10280044004300001 [0.11797889322] [0.087621986866]
0.09642761200665001 [0.107382632792] [0.0854725912213]
0.089214399457 [0.0966597273946] [0.0817690715194]
0.0813045054674 [0.0862446203828] [0.076364390552]
0.0734450183809 [0.0769696161151] [0.0699204206467]
0.06757458299395 [0.0706764757633] [0.0644726902246]
0.0650083385408 [0.0670402497053] [0.0629764273763]
0.06736270338295 [0.0655568540096] [0.0691685527563]
0.07624727115035 [0.0649363920093] [0.0875581502914]
0.09123979508864999 [0.0633702352643] [0.119109354913]
0.10890189930784999 [0.0592745169997] [0.158529281616]
0.12056177482025 [0.0526661500335] [0.188457399607]
0.12283165007815 [0.0458287596703] [0.199834540486]
0.12108797766255 [0.0404253639281] [0.201750591397]
0.12320178747175001 [0.0370786339045] [0.209324941039]
0.12279544957 [0.035473216325] [0.210117682815]
0.12031473591935 [0.0351251140237] [0.205504357815]
0.11765168979750001 [0.035533003509] [0.199770376086]
0.1142502147705 [0.036495719105] [0.192004710436]
0.11022880673425 [0.0376910716295] [0.182766541839]
0.1054342575371 [0.0388769432902] [0.171991571784]
0.09876925870764999 [0.0395691618323] [0.157969355583]
0.0899592675268 [0.0392099544406] [0.140708580613]
0.08124714530995 [0.0382770262659] [0.124217264354]
0.07259665057045 [0.0372411385179] [0.107952162623]
0.06476831249895 [0.0365086682141] [0.0930279567838]
0.0585361290723 [0.0363587401807] [0.0807135179639]
0.0541234444827 [0.0368114374578] [0.0714354515076]
0.05128967016935 [0.0375437662005] [0.0650355741382]
0.04957894049585 [0.0380623750389] [0.0610955059528]
0.0485268756747 [0.0379573591053] [0.0590963922441]
0.047439899295599997 [0.0366683006287] [0.0582114979625]
0.046078527346249995 [0.0345079228282] [0.0576491318643]
0.0443799067289 [0.0319200716913] [0.0568397417665]
0.04249420482665 [0.0293309297413] [0.055657479912]
0.0406839242205 [0.0268724095076] [0.0544954389334]
0.0392105439678 [0.0244806613773] [0.0539404265583]
0.03864175267515 [0.0222717747092] [0.0550117306411]
0.039557563141 [0.020354244858] [0.058760881424]
0.042182491160900004 [0.0191473010927] [0.0652176812291]
0.0457663545385 [0.0187654290348] [0.0727672800422]
0.05058062262835 [0.0193405635655] [0.0818206816912]
0.05571809969845 [0.0205939970911] [0.0908422023058]
0.060272718779750004 [0.0223206114024] [0.0982248261571]
0.06327729579079999 [0.0240810569376] [0.102473534644]
0.06466646864995 [0.0259394496679] [0.103393487632]
0.06499141268435 [0.0282879956067] [0.101694829762]
0.0655072815716 [0.0315985679626] [0.0994159951806]
0.06693729758264999 [0.0362291634083] [0.097645431757]
0.0698223207146 [0.0424640439451] [0.0971805974841]
0.0742365960032 [0.0504857860506] [0.0979874059558]
0.08035595715045 [0.0607449784875] [0.0999669358134]
0.08864339068535 [0.0739523917437] [0.103334389627]
0.09987816214565 [0.0912152528763] [0.108541071415]
0.1112096495925 [0.108527049422] [0.113892249763]
0.12141108512849999 [0.123543962836] [0.119278207421]
0.1275362297895 [0.130891159177] [0.124181300402]
0.13027193397300002 [0.132681325078] [0.127862542868]
0.132181569934 [0.13390147686] [0.130461663008]
0.132560275495 [0.132604882121] [0.132515668869]
0.1314217597245 [0.127805709839] [0.13503780961]
0.13019182533 [0.119737178087] [0.140646472573]
0.1294141113755 [0.110433205962] [0.148395016789]
0.130191583186 [0.104408331215] [0.155974835157]
0.131160210818 [0.100582547486] [0.16173787415]
0.1315687596796 [0.0975722372532] [0.165565282106]
0.1309926845134 [0.0945781245828] [0.167407244444]
0.12899586558345 [0.0908577442169] [0.16713398695]
0.12609801441435 [0.0865114480257] [0.165684580803]
0.12216260284165001 [0.0823443830013] [0.161980822682]
0.1189602948724 [0.0788787081838] [0.159041881561]
0.117439877242 [0.076246060431] [0.158633694053]
0.11760846152915 [0.0740825608373] [0.161134362221]
0.11790899187315002 [0.0718753635883] [0.163942620158]
0.11872950196269999 [0.0691228061914] [0.168336197734]
0.12066180258994999 [0.0661103278399] [0.17521327734]
0.12496421858680001 [0.0634062215686] [0.186522215605]
0.130522539839 [0.062049370259] [0.198995709419]
0.13510080799455 [0.0650726333261] [0.205128982663]
0.1387667022644 [0.0721669271588] [0.20536647737]
0.14200692623834998 [0.0788568407297] [0.205157011747]
0.14496655762205 [0.0847261399031] [0.205206975341]
0.1504369229077 [0.0922587513924] [0.208615094423]
0.157707121223 [0.101877860725] [0.213536381721]
0.1639646328985 [0.111750461161] [0.216178804636]
0.16731152311 [0.117793567479] [0.216829478741]
0.16404548659899998 [0.116796456277] [0.211294516921]
0.156023994088 [0.109795436263] [0.202252551913]
0.1467074155805 [0.100318998098] [0.193095833063]
0.139665517956 [0.092115290463] [0.187215745449]
0.13627440854895 [0.0870306715369] [0.185518145561]
