M B1 B2
0.083551120013 [0.0691577270627] [0.0979445129633]
0.08120793104175 [0.0675358101726] [0.0948800519109]
0.07880859449505001 [0.0662432014942] [0.0913739874959]
0.07659305632114999 [0.0652665048838] [0.0879196077585]
0.07507890462875 [0.0647046267986] [0.0854531824589]
0.0750139094889 [0.0648284703493] [0.0851993486285]
0.07705260440705 [0.0662056431174] [0.0878995656967]
0.0819304995239 [0.0699091330171] [0.0939518660307]
0.0888289324938 [0.0748716816306] [0.102786183357]
0.09582792595025 [0.0785102546215] [0.113145597279]
0.10105872526750001 [0.078994050622] [0.123123399913]
0.1045352593062 [0.0781451910734] [0.130925327539]
0.1117138676346 [0.0772235617042] [0.146204173565]
0.12312054634095 [0.0758005231619] [0.17044056952]
0.1294921562077 [0.0710474550724] [0.187936857343]
0.12423992156985 [0.0632336884737] [0.185246154666]
0.11234299279764999 [0.0538789071143] [0.170807078481]
0.0958191901447 [0.0449071228504] [0.146731257439]
0.079877289012 [0.037601608783] [0.122152969241]
0.06847837194815 [0.0326195657253] [0.104337178171]
0.061460675671650006 [0.0294832848012] [0.0934380665421]
0.05777448695155 [0.0277243088931] [0.08782466501]
0.05658243224025 [0.0268148109317] [0.0863500535488]
0.05670913960785 [0.0262134876102] [0.0872047916055]
0.056975995190450004 [0.0256073269993] [0.0883446633816]
0.05670264083895 [0.0248506460339] [0.088554635644]
0.0558255547658 [0.0239636395127] [0.0876874700189]
0.05476721934975 [0.0231389589608] [0.0863954797387]
0.05399570148435 [0.0226602759212] [0.0853311270475]
0.0540318423882 [0.0228754747659] [0.0851882100105]
0.055307823233299996 [0.0241515468806] [0.086464099586]
0.0581398885697 [0.0266616009176] [0.0896181762218]
0.06299837119875 [0.0305847711861] [0.0954119712114]
0.07038465701025 [0.0362205170095] [0.104548797011]
0.0815584193913 [0.0445459894836] [0.118570849299]
0.09813972748830001 [0.0562575794756] [0.140021875501]
0.1175952255725 [0.069182485342] [0.166007965803]
0.13425946235635 [0.0783044993877] [0.190214425325]
0.14136742055419999 [0.0816180706024] [0.201116770506]
0.14168116822835 [0.0815217271447] [0.201840609312]
0.14101920276875002 [0.0809715390205] [0.201066866517]
0.14016936719415002 [0.0806421488523] [0.199696585536]
0.13930223509685 [0.0802416726947] [0.198362797499]
0.1372378394007 [0.0793823450804] [0.195093333721]
0.1347430311143 [0.0779970660806] [0.191488996148]
0.13152833655475 [0.0762137547135] [0.186842918396]
0.1274060308934 [0.0746362060308] [0.180175855756]
0.1258479245005 [0.074780382216] [0.176915466785]
0.12586630135795002 [0.0762189179659] [0.17551368475]
0.1277430653571 [0.0768951624632] [0.178590968251]
0.13038481771935 [0.0749664008617] [0.185803234577]
0.13224484771474998 [0.0711488723755] [0.193340823054]
0.13279475644225 [0.0674117431045] [0.19817776978]
0.1330100335182 [0.0651035383344] [0.200916528702]
0.1338757984339 [0.0643272474408] [0.203424349427]
0.13606329634800002 [0.06441988796] [0.207706704736]
0.13942623138435 [0.0648667812347] [0.213985681534]
0.14344863221045 [0.0653693601489] [0.221527904272]
0.14671386033310002 [0.0654903501272] [0.227937370539]
0.14833838865159998 [0.0648874863982] [0.231789290905]
0.1476481892168 [0.0636172667146] [0.231679111719]
0.14657716825605 [0.0619771108031] [0.231177225709]
0.14738217927535 [0.0612018741667] [0.233562484384]
0.1518005318941 [0.0628889724612] [0.240712091327]
0.1575666777789 [0.0685240402818] [0.246609315276]
0.16498437151314999 [0.0788441821933] [0.251124560833]
0.175272472203 [0.094578281045] [0.255966663361]
0.1890990920365 [0.114368952811] [0.263829231262]
0.20257311314350002 [0.132736578584] [0.272409647703]
0.2118602618575 [0.143941834569] [0.279778689146]
0.21457024663700003 [0.147749617696] [0.281390875578]
0.213522516191 [0.147924169898] [0.279120862484]
0.210218012333 [0.147415548563] [0.273020476103]
0.207428559661 [0.148412466049] [0.266444653273]
0.206376172602 [0.151483044028] [0.261269301176]
0.206777833402 [0.155990347266] [0.257565319538]
0.20767253637299998 [0.15906560421] [0.256279468536]
0.207721270621 [0.158693984151] [0.256748557091]
0.20304247736949999 [0.153018176556] [0.253066778183]
0.1881136968735 [0.139910191298] [0.236317202449]
0.164527926594 [0.123194284737] [0.205861568451]
0.139031227678 [0.109600536525] [0.168461918831]
0.1171260513363 [0.0992762222886] [0.134975880384]
0.10057307034735 [0.0907301977277] [0.110415942967]
0.08902102708815 [0.0838333964348] [0.0942086577415]
0.0816658511758 [0.0791292637587] [0.0842024385929]
0.07743969932195 [0.0765480175614] [0.0783313810825]
0.0753866583109 [0.0752359479666] [0.0755373686552]
0.074562497437 [0.0740075409412] [0.0751174539328]
0.0742231681943 [0.0723287388682] [0.0761175975204]
0.07383591309189999 [0.0703196451068] [0.077352181077]
0.0737736597657 [0.0693030580878] [0.0782442614436]
0.0741041712463 [0.069712087512] [0.0784962549806]
0.07509069889785 [0.0717040970922] [0.0784773007035]
0.0769173130393 [0.0745820403099] [0.0792525857687]
0.08011730760335001 [0.077785231173] [0.0824493840337]
0.08569348230955 [0.0816587731242] [0.0897281914949]
0.0957300178705 [0.088160507381] [0.10329952836]
0.11227790638815 [0.0984674170613] [0.126088395715]
0.1343457698825 [0.112236902118] [0.156454637647]
0.15591317042699998 [0.124830029905] [0.186996310949]
0.174110338092 [0.135529205203] [0.212691470981]
0.1862648129465 [0.142838031054] [0.229691594839]
0.193579815328 [0.146237000823] [0.240922629833]
0.19944430887700001 [0.148218691349] [0.250669926405]
0.20665850490350002 [0.151882067323] [0.261434942484]
0.2162781655785 [0.158377051353] [0.274179279804]
0.2250980734825 [0.161338716745] [0.28885743022]
0.231222949922 [0.160909757018] [0.301536142826]
0.23440735042100003 [0.157522112131] [0.311292588711]
0.23431827127899998 [0.152700066566] [0.315936475992]
0.234516270459 [0.148620501161] [0.320412039757]
0.2374469935895 [0.146789491177] [0.328104496002]
0.243526011705 [0.147169321775] [0.339882701635]
0.2516705170275 [0.148917630315] [0.35442340374]
0.26026027649649996 [0.150112763047] [0.370407789946]
0.2677295207975 [0.149167269468] [0.386291772127]
0.271149046719 [0.147841617465] [0.394456475973]
0.267586484551 [0.141686558723] [0.393486410379]
0.25548030436049995 [0.12710916996] [0.383851438761]
0.24185705184950002 [0.110617846251] [0.373096257448]
0.2298993282018 [0.0971774980426] [0.362621158361]
