M B1 B2
0.1587733738124 [0.0459400638938] [0.271606683731]
0.15755084343275 [0.0514795817435] [0.263622105122]
0.15690898709 [0.058257188648] [0.255560785532]
0.15685006231085 [0.0644588321447] [0.249241292477]
0.157963823527 [0.069155447185] [0.246772199869]
0.1598149016501 [0.0733969509602] [0.24623285234]
0.16283288225554998 [0.0789045318961] [0.246761232615]
0.16714290902035 [0.0862599536777] [0.248025864363]
0.17173745855685 [0.0927654132247] [0.250709503889]
0.17549707740554998 [0.0975520759821] [0.253442078829]
0.17680841311795 [0.0992087647319] [0.254408061504]
0.17868057265860002 [0.0983506515622] [0.259010493755]
0.18137809261694998 [0.0970431193709] [0.265713065863]
0.18513800948880002 [0.0965242534876] [0.27375176549]
0.1891035549345 [0.097961448133] [0.280245661736]
0.19236922264099998 [0.100159347057] [0.284579098225]
0.193582531065 [0.10174741596] [0.28541764617]
0.194401331246 [0.102975413203] [0.285827249289]
0.1941303797065 [0.106191135943] [0.28206962347]
0.19311172142650002 [0.111467190087] [0.274756252766]
0.1932554580275 [0.117404289544] [0.269106626511]
0.194836258888 [0.122664272785] [0.267008244991]
0.196304485202 [0.125523000956] [0.267085969448]
0.19685000926250001 [0.126673772931] [0.267026245594]
0.1977841854095 [0.128353118896] [0.267215251923]
0.2003270611165 [0.132299110293] [0.26835501194]
0.2029406875375 [0.135305911303] [0.270575463772]
0.204285226762 [0.134861961007] [0.273708492517]
0.20488538593049999 [0.131995096803] [0.277775675058]
0.20705558359600001 [0.130863636732] [0.28324753046]
0.2107617333535 [0.130874320865] [0.290649145842]
0.2152215987445 [0.131045281887] [0.299397915602]
0.220563694835 [0.133230507374] [0.307896882296]
0.225910052657 [0.136597037315] [0.315223067999]
0.230791777372 [0.140335410833] [0.321248143911]
0.236191444099 [0.142731502652] [0.329651385546]
0.2443540692325 [0.144420266151] [0.344287872314]
0.253607735038 [0.147830307484] [0.359385162592]
0.260725066066 [0.151436686516] [0.370013445616]
0.26588267833 [0.155927076936] [0.375838279724]
0.269347794354 [0.161550238729] [0.377145349979]
0.273161441088 [0.170252144337] [0.376070737839]
0.275671504438 [0.180870696902] [0.370472311974]
0.27700357884149995 [0.190614774823] [0.36339238286]
0.277719385922 [0.199874415994] [0.35556435585]
0.276668705046 [0.207376793027] [0.345960617065]
0.2694546803835 [0.204734101892] [0.334175258875]
0.257290236652 [0.194054171443] [0.320526301861]
0.2454722449185 [0.185546055436] [0.305398434401]
0.2339491322635 [0.1807192415] [0.287179023027]
0.22277335077549998 [0.179750069976] [0.265796631575]
0.21313418448 [0.181069776416] [0.245198592544]
0.206612043083 [0.18332053721] [0.229903548956]
0.20125683397049998 [0.183217346668] [0.219296321273]
0.195369683206 [0.177819043398] [0.212920323014]
0.1882930994035 [0.166835203767] [0.20975099504]
0.1790918335315 [0.149305671453] [0.20887799561]
0.1703308150175 [0.133515238762] [0.207146391273]
0.1618300043045 [0.121844597161] [0.201815411448]
0.155096516013 [0.11473955214] [0.195453479886]
0.1481959223745 [0.110077112913] [0.186314731836]
0.141560766846 [0.108175076544] [0.174946457148]
0.135057285428 [0.107023715973] [0.163090854883]
0.131293874234 [0.106641851366] [0.155945897102]
0.12920950353150001 [0.105478048325] [0.152940958738]
0.126996450126 [0.101680964231] [0.152311936021]
0.1218774132429 [0.0914909169078] [0.152263909578]
0.11490000784375001 [0.0782175809145] [0.151582434773]
0.1080800779164 [0.0661765560508] [0.149983599782]
0.101653292775 [0.056782990694] [0.146523594856]
0.0982888881118 [0.0545540489256] [0.142023727298]
0.09525145217765 [0.0543460920453] [0.13615681231]
0.0943239368499 [0.0549478456378] [0.133700028062]
0.09533613547695 [0.0556145533919] [0.135057717562]
0.0963955074549 [0.0557403117418] [0.137050703168]
0.09714229032374999 [0.0550969317555] [0.139187648892]
0.09749882482 [0.053774934262] [0.141222715378]
0.0972488205882 [0.0517893992364] [0.14270824194]
0.09609205089485 [0.0490092150867] [0.143174886703]
0.0941866263745 [0.045615196228] [0.142758056521]
0.09301329590405 [0.0424878485501] [0.143538743258]
0.0964631121604 [0.0446476005018] [0.148278623819]
0.103847729042 [0.051092851907] [0.156602606177]
0.11680501699455001 [0.0649934560061] [0.168616577983]
0.13153792917735 [0.0822692662477] [0.180806592107]
0.1655317395925 [0.14284183085] [0.188221648335]
0.16539311409000002 [0.131646737456] [0.199139490724]
0.162382122129 [0.116685114801] [0.208079129457]
0.15684136375750002 [0.102767117321] [0.210915610194]
0.15046034008269998 [0.0920516848564] [0.208868995309]
0.14504927769305 [0.0850235745311] [0.205074980855]
0.14110762253405001 [0.0809571221471] [0.201258122921]
0.13907166942965 [0.0789098218083] [0.199233517051]
0.1387590430679 [0.0782895758748] [0.199228510261]
0.13908836990615 [0.0788647532463] [0.199311986566]
0.13910172507175 [0.0809583589435] [0.1972450912]
0.13774250075205 [0.0837429687381] [0.191742032766]
0.1349617913366 [0.0869215726852] [0.183002009988]
0.1313405521215 [0.089500002563] [0.17318110168]
0.1273401118814 [0.0909809097648] [0.163699313998]
0.12522621825325 [0.0933713540435] [0.157081082463]
0.12854643911105001 [0.0964592248201] [0.160633653402]
0.13399955257750001 [0.101084940135] [0.16691416502]
0.139182303101 [0.108167342842] [0.17019726336]
0.145213384181 [0.117653854191] [0.172772914171]
0.1521868184205 [0.127406045794] [0.176967591047]
0.160638362169 [0.137858107686] [0.183418616652]
0.169026978314 [0.147210165858] [0.19084379077]
0.1767780557275 [0.156529918313] [0.197026193142]
0.184508368373 [0.165989279747] [0.203027456999]
0.1899827718735 [0.169747769833] [0.210217773914]
0.19392325729100002 [0.16803792119] [0.219808593392]
0.19486617296949998 [0.16124150157] [0.228490844369]
0.19299852102999998 [0.149038955569] [0.236958086491]
0.190263323486 [0.135862693191] [0.244663953781]
0.190325409174 [0.127091616392] [0.253559201956]
0.193171739578 [0.122614830732] [0.263728648424]
0.1966691315175 [0.118211507797] [0.275126755238]
0.1990630291405 [0.11204829067] [0.286077767611]
0.199028290808 [0.10492439568] [0.293132185936]
0.19443732500055 [0.0977357625961] [0.291138887405]
0.18389808759100001 [0.090563826263] [0.277232348919]
0.17073103785505 [0.0846848189831] [0.256777256727]
0.15754073113225 [0.0795506983995] [0.235530763865]
0.1457150764763 [0.0748559609056] [0.216574192047]
0.1357675530014 [0.0714522525668] [0.200082853436]
0.12809095531689998 [0.0702704191208] [0.185911491513]
0.12321512028565 [0.0715916976333] [0.174838542938]
0.12047582864755 [0.0745455473661] [0.166406109929]
0.11914951354280001 [0.0777656435966] [0.160533383489]
0.1185717470944 [0.0806343778968] [0.156509116292]
0.1185941807928 [0.0826954618096] [0.154492899776]
0.1193799749019 [0.0829009264708] [0.155859023333]
0.12146330624805 [0.0825048387051] [0.160421773791]
0.12398125603815001 [0.0818724110723] [0.166090101004]
0.12747188284985 [0.0811824575067] [0.173761308193]
0.1319630034267 [0.0808086916804] [0.183117315173]
0.13784072920675 [0.0816526934505] [0.194028764963]
0.14518647640944998 [0.0847215950489] [0.20565135777]
0.15267146378755 [0.0889110118151] [0.21643191576]
0.1581580489876 [0.0917214602232] [0.224594637752]
0.1603579223157 [0.0933236032724] [0.227392241359]
0.15882406383755 [0.0935231596231] [0.224124968052]
0.1549629680813 [0.0924974158406] [0.217428520322]
0.15116071328525 [0.0922699943185] [0.210051432252]
0.14806838706119999 [0.0938826426864] [0.202254131436]
0.14715630933635 [0.0972068086267] [0.197105810046]
0.147452741861 [0.100991696119] [0.193913787603]
