M B1 B2
0.0811627916992 [0.0929855704308] [0.0693400129676]
0.0879160128536 [0.101018339396] [0.0748136863112]
0.09450874850165 [0.107881382108] [0.0811361148953]
0.10037516802560001 [0.111968778074] [0.0887815579772]
0.1046008206904 [0.112650424242] [0.0965512171388]
0.10671941563500001 [0.109953843057] [0.103484988213]
0.10713383182899999 [0.105259045959] [0.109008617699]
0.106179956347 [0.099475748837] [0.112884163857]
0.10339015349725 [0.0916470214725] [0.115133285522]
0.09856465458855 [0.0806490629911] [0.116480246186]
0.09137711301439999 [0.0663876011968] [0.116366624832]
0.08429616875965 [0.0524694360793] [0.11612290144]
0.0783103816213 [0.0407994538546] [0.115821309388]
0.07431522198005 [0.0321108140051] [0.116519629955]
0.0716423019768 [0.0267193987966] [0.116565205157]
0.0696007683873 [0.0237413719296] [0.115460164845]
0.06918135285395 [0.0225212499499] [0.115841455758]
0.07086813915515 [0.0229402724653] [0.118796005845]
0.0749890152367 [0.0244654752314] [0.125512555242]
0.08043841272579999 [0.0262575149536] [0.134619310498]
0.0862346859649 [0.0271933171898] [0.14527605474]
0.0925606703387 [0.0272461306304] [0.157875210047]
0.09847785811875 [0.0269673820585] [0.169988334179]
0.103850932792 [0.026966560632] [0.180735304952]
0.10820086207245 [0.0275733303279] [0.188828393817]
0.11219036486020001 [0.0288689564914] [0.195511773229]
0.11652241926644999 [0.0306147392839] [0.202430099249]
0.12113015912465 [0.0326902084053] [0.209570109844]
0.12606873922035 [0.0351162217557] [0.217021256685]
0.13283494114885 [0.0381320416927] [0.227537840605]
0.14134497009230002 [0.0418744049966] [0.240815535188]
0.1515839342028 [0.0457173772156] [0.25745049119]
0.16064909100525 [0.0482412576675] [0.273056924343]
0.16085178963835 [0.0489206574857] [0.272782921791]
0.1538725942372 [0.0487099289894] [0.259035259485]
0.1447416953741 [0.0500402972102] [0.239443093538]
0.13705439493069999 [0.0548354014754] [0.219273388386]
0.1323883868754 [0.0640758946538] [0.200700879097]
0.1332508884372 [0.0776196047664] [0.188882172108]
0.13694763556145 [0.0899014696479] [0.183993801475]
0.1386431455612 [0.0968592464924] [0.18042704463]
0.14066180214295 [0.0994840636849] [0.181839540601]
0.1416725553574 [0.0989898517728] [0.184355258942]
0.1393630802631 [0.0949441939592] [0.183781966567]
0.13312006369245 [0.0875919833779] [0.178648144007]
0.12594616040575 [0.0795093253255] [0.172382995486]
0.12086097523565001 [0.0735574886203] [0.168164461851]
0.11778432503325001 [0.0703249797225] [0.165243670344]
0.11755920946590001 [0.0707214474678] [0.164396971464]
0.1185474321248 [0.0724587887526] [0.164636075497]
0.11894152685985002 [0.0737951025367] [0.164087951183]
0.1182307936253 [0.0735469833016] [0.162914603949]
0.1165941543879 [0.0712724551558] [0.16191585362]
0.11504603549835 [0.0673267170787] [0.162765353918]
0.11384138092425 [0.0625620260835] [0.165120735765]
0.11267543956630001 [0.0570636466146] [0.168287232518]
0.11147784255455 [0.0514096133411] [0.171546071768]
0.11005293577925 [0.0466871112585] [0.1734187603]
0.1092401277275 [0.043893110007] [0.174587145448]
0.10970446653669999 [0.0436006970704] [0.175808236003]
0.1112817134707 [0.0457019619644] [0.176861464977]
0.11353140324380001 [0.0493103563786] [0.177752450109]
0.11657585762455 [0.0531781278551] [0.179973587394]
0.1193067394199 [0.0556471720338] [0.182966306806]
0.12130463123304999 [0.0566713213921] [0.185937941074]
0.1217843573538 [0.0567465536296] [0.186822161078]
0.12126766704 [0.057566549629] [0.184968784451]
0.12073481082905 [0.0597556680441] [0.181713953614]
0.1200485602022 [0.0640028715134] [0.176094248891]
0.1201085671781 [0.0716464668512] [0.168570667505]
0.12222374603139999 [0.0842572972178] [0.160190194845]
0.127793110907 [0.102486670017] [0.153099551797]
0.1374871209265 [0.12548173964] [0.149492502213]
0.150607191026 [0.149979010224] [0.151235371828]
0.1653769686815 [0.170884415507] [0.159869521856]
0.177581422031 [0.182623922825] [0.172538921237]
0.1860098391775 [0.186372354627] [0.185647323728]
0.19010001421 [0.18537260592] [0.1948274225]
0.1904870420695 [0.182713955641] [0.198260128498]
0.1899820789695 [0.180743917823] [0.199220240116]
0.1909359171985 [0.181265309453] [0.200606524944]
0.1958206817505 [0.185805574059] [0.205835789442]
0.2017580494285 [0.189013719559] [0.214502379298]
0.2018353193995 [0.180985152721] [0.222685486078]
0.1935807541015 [0.162037268281] [0.225124239922]
0.18052179366350002 [0.140904501081] [0.220139086246]
0.1669017001985 [0.124113380909] [0.209690019488]
0.157349690795 [0.113193869591] [0.201505511999]
0.151735339314 [0.107298754156] [0.196171924472]
0.149256516248 [0.104418091476] [0.19409494102]
0.14612450823200002 [0.101813070476] [0.190435945988]
0.14077058807005 [0.0982234403491] [0.183317735791]
0.13363755494365 [0.0930602252483] [0.174214884639]
0.12537652254105 [0.0871302932501] [0.163622751832]
0.11849620565749999 [0.081103913486] [0.155888497829]
0.1150631420315 [0.075960971415] [0.154165312648]
0.1155520677565 [0.072315454483] [0.15878868103]
0.11990895867355 [0.0705737471581] [0.169244170189]
0.1277444362643 [0.0710075348616] [0.184481337667]
0.13887811079635 [0.0733835473657] [0.204372674227]
0.15260116755965 [0.0769383460283] [0.228263989091]
0.16607543081045 [0.0803646892309] [0.25178617239]
0.17603399232035 [0.0822586789727] [0.269809305668]
0.1797340922058 [0.0814499780536] [0.278018206358]
0.1757472865285 [0.079022012651] [0.272472560406]
0.16878052428375 [0.0769171491265] [0.260643899441]
0.160414535552 [0.076256416738] [0.244572654366]
0.1532095484438 [0.0775083228946] [0.228910773993]
0.15029660612325002 [0.0805476903915] [0.220045521855]
0.1489980630578 [0.0839897468686] [0.214006379247]
0.1451696269215 [0.086693637073] [0.20364561677]
0.13904689252395 [0.0873659104109] [0.190727874637]
0.13195610418905 [0.0855235084891] [0.178388699889]
0.12523230537775001 [0.0822116956115] [0.168252915144]
0.11987830325974999 [0.0787650719285] [0.160991534591]
0.11593882739565 [0.0759903490543] [0.155887305737]
0.11276877671475 [0.0743598639965] [0.151177689433]
0.1103574037552 [0.0740501731634] [0.146664634347]
0.10830263048390001 [0.0745508819818] [0.142054378986]
0.10711943358175 [0.0759653151035] [0.13827355206]
0.10725840553640001 [0.0784877762198] [0.136029034853]
0.10932166501855001 [0.0820288136601] [0.136614516377]
0.1136412248017 [0.0861578285694] [0.141124621034]
0.11994017288065001 [0.0906921699643] [0.149188175797]
0.1278521567585 [0.095217436552] [0.160486876965]
0.1357319131495 [0.100367113948] [0.171096712351]
0.13957186788349998 [0.105240494013] [0.173903241754]
0.1398609951135 [0.109308749437] [0.17041324079]
0.1384216733275 [0.111125268042] [0.165718078613]
0.13611257448800002 [0.111025981605] [0.161199167371]
0.133683320135 [0.11167164892] [0.15569499135]
0.132273543626 [0.113126017153] [0.151421070099]
0.132060751319 [0.115169122815] [0.148952379823]
0.1330221816895 [0.116414889693] [0.149629473686]
0.1335464455185 [0.114850781858] [0.152242109179]
0.132696274668 [0.11000777036] [0.155384778976]
0.1300655640665 [0.103370971978] [0.156760156155]
0.1257245056329 [0.0971591249108] [0.154289886355]
0.12071853876104999 [0.0928193926811] [0.148617684841]
0.1177343800662 [0.0906562656164] [0.144812494516]
0.11759321764085 [0.0907694920897] [0.144416943192]
0.1201583035289 [0.0928281024098] [0.147488504648]
0.12459157034765 [0.0963338389993] [0.152849301696]
0.12753023579725 [0.0989021882415] [0.156158283353]
0.1275959648194 [0.0970057621598] [0.158186167479]
0.12319930270309999 [0.0893320515752] [0.157066553831]
0.11603138968365001 [0.0783745720983] [0.153688207269]
0.1084817796946 [0.0672494322062] [0.149714127183]
0.10290921852015 [0.0594290420413] [0.146389394999]
0.09901794977475 [0.0547517724335] [0.143284127116]
0.0957390628754 [0.0516241714358] [0.139853954315]
0.09282845072439999 [0.0488218478858] [0.136835053563]
0.090508110821 [0.045799061656] [0.135217159986]
0.08873699419225001 [0.0425859205425] [0.134888067842]
