M B1 B2
0.0972426086664 [0.0653034895658] [0.129181727767]
0.09561914578094999 [0.0643198564649] [0.126918435097]
0.0972343012692 [0.0659328848124] [0.128535717726]
0.10007317736745 [0.0685146227479] [0.131631731987]
0.10144558548925 [0.0697556734085] [0.13313549757]
0.10042421147235 [0.0695102140307] [0.131338208914]
0.09757429733885001 [0.0680069103837] [0.127141684294]
0.09409341216110001 [0.0654211044312] [0.122765719891]
0.09057276137175 [0.0618565268815] [0.119288995862]
0.08702242374415001 [0.0576825216413] [0.116362325847]
0.08387936465455001 [0.0540870241821] [0.113671705127]
0.0813486184924 [0.0513334609568] [0.111363776028]
0.0797331202776 [0.0491548590362] [0.110311381519]
0.07872756943105 [0.0460480153561] [0.111407123506]
0.07846001721905 [0.0410838313401] [0.115836203098]
0.08178889751435 [0.0359933823347] [0.127584412694]
0.0865281540898 [0.0326094962656] [0.140446811914]
0.08770845457905 [0.0315439328551] [0.143872976303]
0.08824871107925 [0.0322790667415] [0.144218355417]
0.08897535502904999 [0.0335886180401] [0.144362092018]
0.08848464675265 [0.0342686213553] [0.14270067215]
0.0866314116866 [0.0341069288552] [0.139155894518]
0.08406108058985 [0.0334983356297] [0.13462382555]
0.0828189235183 [0.0331570766866] [0.13248077035]
0.08424275554725001 [0.0336073078215] [0.134878203273]
0.08836130052815 [0.0350002348423] [0.141722366214]
0.0940774939954 [0.0372345671058] [0.150920420885]
0.09982171840975 [0.0400058068335] [0.159637629986]
0.10472811013444999 [0.0433325022459] [0.166123718023]
0.10909765772544999 [0.0475901477039] [0.170605167747]
0.11364947073185 [0.0532709024847] [0.174028038979]
0.11872480809675 [0.0604606717825] [0.176988944411]
0.12424115464079999 [0.0681410357356] [0.180341273546]
0.12796523794525 [0.0744027122855] [0.181527763605]
0.1306193582713 [0.0783862546086] [0.182852461934]
0.1346907801928 [0.0819363221526] [0.187445238233]
0.144057393074 [0.089393094182] [0.198721691966]
0.160671208054 [0.105103380978] [0.21623903513]
0.1800387203695 [0.12249545753] [0.237581983209]
0.1909174397585 [0.127232715487] [0.25460216403]
0.185740917921 [0.110640972853] [0.260840862989]
0.17050438374280003 [0.0863974541426] [0.254611313343]
0.1550113223494 [0.0674554035068] [0.242567241192]
0.1433439776299 [0.0554726868868] [0.231215268373]
0.13584847375765 [0.0484336540103] [0.223263293505]
0.1318187862637 [0.0443625450134] [0.219275027514]
0.13003281503925002 [0.0420125722885] [0.21805305779]
0.12928575836125 [0.0407647155225] [0.2178068012]
0.12823319993915 [0.0404518656433] [0.216014534235]
0.12545245699595 [0.0411021672189] [0.209802746773]
0.12132545933105 [0.0424326434731] [0.200218275189]
0.11631600745010001 [0.0440835990012] [0.188548415899]
0.11136429943170001 [0.0458514876664] [0.176877111197]
0.10588457249095 [0.0481342636049] [0.163634881377]
0.10195435211039999 [0.0513031110168] [0.152605593204]
0.1011689770969 [0.0556926764548] [0.146645277739]
0.10441208817065001 [0.0611496008933] [0.147674575448]
0.1122030094268 [0.0681067854166] [0.156299233437]
0.12410665303480001 [0.0764915943146] [0.171721711755]
0.13855304569025 [0.0861743837595] [0.190931707621]
0.15324419364335 [0.0964729115367] [0.21001547575]
0.165968891233 [0.105631612241] [0.226306170225]
0.1758973784745 [0.112156771123] [0.239637985826]
0.184427279979 [0.116014905274] [0.252839654684]
0.194949604571 [0.118287429214] [0.271611779928]
0.211214825511 [0.119987368584] [0.302442282438]
0.2324179410935 [0.121791213751] [0.343044668436]
0.2512867935 [0.123726136982] [0.378847450018]
0.2623497992755 [0.125879734755] [0.398819863796]
0.26726885139949996 [0.12850061059] [0.406037092209]
0.268402934074 [0.132145375013] [0.404660493135]
0.2725502699615 [0.139825701714] [0.405274838209]
0.28189916163650003 [0.154807820916] [0.408990502357]
0.2940671890975 [0.175102055073] [0.413032323122]
0.302549928427 [0.192235261202] [0.412864595652]
0.306275419891 [0.204346343875] [0.408204495907]
0.3047924116255 [0.209774300456] [0.399810522795]
0.29987328499550003 [0.210709378123] [0.389037191868]
0.293874666095 [0.208907902241] [0.378841429949]
0.2874935269355 [0.20550596714] [0.369481086731]
0.28057543933400003 [0.200661152601] [0.360489726067]
0.2749644741415 [0.196932479739] [0.352996468544]
0.2723377943035 [0.196407884359] [0.348267704248]
0.27371262013950004 [0.200458735228] [0.346966505051]
0.2758825346825 [0.201667383313] [0.350097686052]
0.27796153724149997 [0.203195393085] [0.352727681398]
0.27639694511900004 [0.203438162804] [0.349355727434]
0.2701747119425 [0.20217821002] [0.338171213865]
0.264924526215 [0.200850963593] [0.328998088837]
0.2609490603205 [0.200382739305] [0.321515381336]
0.2578034922485 [0.199778720737] [0.31582826376]
0.255558155477 [0.198781445622] [0.312334865332]
0.25508134812100003 [0.197234675288] [0.312928020954]
0.2553318813445 [0.194590315223] [0.316073447466]
0.25451785326 [0.19086009264] [0.31817561388]
0.2516810968515 [0.186253353953] [0.31710883975]
0.2479582726955 [0.180121034384] [0.315795511007]
0.242870412767 [0.174912258983] [0.310828566551]
0.23875591158849999 [0.17596873641] [0.301543086767]
0.2349796742205 [0.179016888142] [0.290942460299]
0.232412829995 [0.184667408466] [0.280158251524]
0.225876651704 [0.192374721169] [0.259378582239]
0.21325597167049998 [0.193568989635] [0.232942953706]
0.19813292473549998 [0.185198128223] [0.211067721248]
0.18744388222699998 [0.179328367114] [0.19555939734]
0.181526564062 [0.177973762155] [0.185079365969]
0.1770830228925 [0.176837831736] [0.177328214049]
0.1733772158625 [0.175469607115] [0.17128482461]
0.172127470374 [0.176979601383] [0.167275339365]
0.1723541766405 [0.181196510792] [0.163511842489]
0.1735564172265 [0.187128320336] [0.159984514117]
0.17500650882750002 [0.193143591285] [0.15686942637]
0.176390193403 [0.198064878583] [0.154715508223]
0.177424483001 [0.200817123055] [0.154031842947]
0.1784894913435 [0.200973182917] [0.15600579977]
0.180515281856 [0.200003504753] [0.161027058959]
0.185013733804 [0.201330691576] [0.168696776032]
0.1898379549385 [0.200254634023] [0.179421275854]
0.197403796017 [0.202638298273] [0.192169293761]
0.208631120622 [0.209239184856] [0.208023056388]
0.2245510667565 [0.22143162787] [0.227670505643]
0.24174301326300002 [0.235335916281] [0.248150110245]
0.25645685940999996 [0.246989890933] [0.265923827887]
0.26454690098800004 [0.248232454062] [0.280861347914]
0.271879397333 [0.247153565288] [0.296605229378]
0.273258946836 [0.243063732982] [0.30345416069]
0.2723632380365 [0.237573489547] [0.307152986526]
0.2730194851755 [0.233853414655] [0.312185555696]
0.27045182883700003 [0.227102309465] [0.313801348209]
0.267963133752 [0.221753582358] [0.314172685146]
0.26294503361 [0.216116204858] [0.309773862362]
0.258161522448 [0.212447986007] [0.303875058889]
0.25529292225850003 [0.211645245552] [0.298940598965]
0.25506943464299997 [0.214308053255] [0.295830816031]
0.2581052705645 [0.217662885785] [0.298547655344]
0.26398421823999996 [0.223013728857] [0.304954707623]
0.2726030498745 [0.2311886549] [0.314017444849]
0.28053328394849997 [0.23799970746] [0.323066860437]
0.28784844279300004 [0.24380967021] [0.331887215376]
0.2924383729695 [0.245093882084] [0.339782863855]
0.2937307655815 [0.245933324099] [0.341528207064]
0.294451549649 [0.245817571878] [0.34308552742]
0.291706889868 [0.241162180901] [0.342251598835]
0.29082480818 [0.240502581] [0.34114703536]
0.296354368329 [0.249284893274] [0.343423843384]
0.3060837984085 [0.263178706169] [0.348988890648]
0.3176021575925 [0.277762800455] [0.35744151473]
0.329355686903 [0.289843946695] [0.368867427111]
0.338739261031 [0.297853857279] [0.379624664783]
0.342358365655 [0.299095243216] [0.385621488094]
0.341357395053 [0.295940458775] [0.386774331331]
0.33769039809699997 [0.291518270969] [0.383862525225]
0.3322666585445 [0.28848657012] [0.376046746969]
0.320422336459 [0.278979897499] [0.361864775419]
0.29128132760549996 [0.254715949297] [0.327846705914]
0.2502325475215 [0.214333504438] [0.286131590605]
