0.03869796264915 [0.0570669583976] [0.0203289669007]
0.03432232979685 [0.0502684153616] [0.0183762442321]
0.031591931358 [0.0457055233419] [0.0174783393741]
0.030514722690000003 [0.043622199446] [0.017407245934]
0.03059073351325 [0.0434732921422] [0.0177081748843]
0.030937226489199998 [0.0442228652537] [0.0176515877247]
0.03034707158805 [0.0438770465553] [0.0168170966208]
0.0280140293762 [0.0404134728014] [0.015614585951]
0.0243344292976 [0.0340853445232] [0.014583514072]
0.0210877591744 [0.0280161369592] [0.0141593813896]
0.01921166991815 [0.0240030698478] [0.0144202699885]
0.018560075666749998 [0.0219572894275] [0.015162861906]
0.0188389271498 [0.021331621334] [0.0163462329656]
0.01973854657265 [0.0215668138117] [0.0179102793336]
0.02128256391735 [0.0223462302238] [0.0202188976109]
0.02376499027015 [0.0236348528415] [0.0238951276988]
0.0275885974988 [0.0254259202629] [0.0297512747347]
0.0333890467882 [0.0275648124516] [0.0392132811248]
0.04103568941355 [0.0295581743121] [0.052513204515]
0.0486018797383 [0.0309255924076] [0.066278167069]
0.054160581901700006 [0.0315927229822] [0.0767284408212]
0.05658046342435 [0.0321799851954] [0.0809809416533]
0.0565879754722 [0.0337351337075] [0.0794408172369]
0.056257927790300005 [0.0374843962491] [0.0750314593315]
0.057440713048 [0.0445071011782] [0.0703743249178]
0.0612866021693 [0.0557534173131] [0.0668197870255]
0.0677615888417 [0.0711821317673] [0.0643410459161]
0.07581045478580001 [0.0882109776139] [0.0634099319577]
0.08114844933155 [0.0997650995851] [0.062531799078]
0.08225958980605 [0.104328818619] [0.0601903609931]
0.08107255026685001 [0.103813588619] [0.0583315119147]
0.081316826865 [0.104749649763] [0.057884003967]
0.0824127569793 [0.106415018439] [0.0584104955196]
0.0836105607448 [0.10817939043] [0.0590417310596]
0.08541686460365 [0.110589109361] [0.0602446198463]
0.088388780132 [0.114612825215] [0.062164735049]
0.09317821264244999 [0.12157356739] [0.0647828578949]
0.10060359165075 [0.132702305913] [0.0685048773885]
0.11084590107205 [0.148148983717] [0.0735428184271]
0.1226640045642 [0.165561839938] [0.0797661691904]
0.13372609391805002 [0.181006386876] [0.0864458009601]
0.14145742356775 [0.190200433135] [0.0927144140005]
0.14557228609905 [0.193507954478] [0.0976366177201]
0.14797213673600002 [0.195366829634] [0.100577443838]
0.14677161723350002 [0.192104294896] [0.101438939571]
0.14247435331345001 [0.185928940773] [0.0990197658539]
0.13730691745855 [0.179948508739] [0.0946653261781]
0.1316610909996 [0.174968078732] [0.0883541032672]
0.12167339026915 [0.163110271096] [0.0802365094423]
0.1145808324218 [0.154508009553] [0.0746536552906]
0.1097667552529 [0.148295998573] [0.0712375119328]
0.1068566106258 [0.144005194306] [0.0697080269456]
0.10473543405550001 [0.140485197306] [0.068985670805]
0.10248626023515 [0.136749282479] [0.0682232379913]
0.09968609735365 [0.132406964898] [0.0669652298093]
0.0961867719891 [0.127499789] [0.0648737549782]
0.0922880955042 [0.12256115675] [0.0620150342584]
0.08840757794685 [0.118391595781] [0.0584235601127]
0.08352611772735 [0.113732337952] [0.0533198975027]
0.08011299185455001 [0.109603330493] [0.0506226532161]
0.0788023844359 [0.107469156384] [0.0501356124878]
0.0803569909187 [0.109024189413] [0.0516897924244]
0.0837372727693 [0.113017588854] [0.0544569566846]
0.0851990971714 [0.113602951169] [0.0567952431738]
0.08196029625835 [0.105891622603] [0.0580289699137]
0.07461510412395 [0.0912813842297] [0.0579488240182]
0.0673679448664 [0.0777304396033] [0.0570054501295]
0.06227175146345 [0.0685846731067] [0.0559588298202]
0.05934199504555 [0.0633996650577] [0.0552843250334]
0.058010376989849996 [0.0610806085169] [0.0549401454628]
0.0574628133327 [0.0601097941399] [0.0548158325255]
0.05699320323765 [0.0592806860805] [0.0547057203948]
0.0562870539725 [0.0578727088869] [0.0547013990581]
0.0552394669503 [0.055523391813] [0.0549555420876]
0.054126245901 [0.0522879771888] [0.0559645146132]
0.053730558604 [0.0489578060806] [0.0585033111274]
0.054503342136749997 [0.0464650206268] [0.0625416636467]
0.05512763001025 [0.0443528555334] [0.0659024044871]
0.05559859611095 [0.0445380844176] [0.0666591078043]
0.0568492077291 [0.0485743060708] [0.0651241093874]
0.060757430270349994 [0.0583581067622] [0.0631567537785]
0.06888628005979999 [0.0764695852995] [0.0613029748201]
0.0825845599176 [0.10458368063] [0.0605854392052]
0.0996534563603 [0.139013409615] [0.0602935031056]
0.11198760010289999 [0.164373502135] [0.0596016980708]
0.11748872697335 [0.176337048411] [0.0586404055357]
0.11977598443644999 [0.181196957827] [0.0583550110459]
0.12184144370245001 [0.18457634747] [0.0591065399349]
0.11863704212015 [0.176960349083] [0.0603137351573]
0.10714234039189999 [0.154179096222] [0.0601055845618]
0.08819603361190001 [0.119617022574] [0.0567750446498]
0.0690267253667 [0.0869633108377] [0.0510901398957]
0.05657765641805 [0.0676980912685] [0.0454572215676]
0.04950919933615 [0.0571109950542] [0.0419074036181]
0.0459040105343 [0.0508227348328] [0.0409852862358]
0.04465424455705 [0.0472150407732] [0.0420934483409]
0.044275596737850004 [0.045039050281] [0.0435121431947]
0.04405225627125 [0.043572165072] [0.0445323474705]
0.04406431876125 [0.0426274389029] [0.0455011986196]
0.0438802111894 [0.0418562106788] [0.0459042117]
0.043626980856050004 [0.0410304516554] [0.0462235100567]
0.04323048330845 [0.0399325154722] [0.0465284511447]
0.04259471967815 [0.0385066270828] [0.0466828122735]
0.041740572079999996 [0.0367487594485] [0.0467323847115]
0.04093234427275 [0.0349519439042] [0.0469127446413]
0.04080134257675 [0.0335417576134] [0.0480609275401]
0.042051700875150005 [0.033041678369] [0.0510617233813]
0.04508132487535 [0.0338842198253] [0.0562784299254]
0.049367658793899996 [0.0357261970639] [0.0630091205239]
0.0536752641201 [0.0377425998449] [0.0696079283953]
0.0572501625866 [0.0395489446819] [0.0749513804913]
0.0604682136327 [0.0410219170153] [0.0799145102501]
0.06467425823209999 [0.042153224349] [0.0871952921152]
0.0729615725576 [0.0432438328862] [0.102679312229]
0.0840212423355 [0.044078733772] [0.123963750899]
0.0912354458123 [0.0446461476386] [0.137824743986]
0.0916823223231 [0.0443872064352] [0.138977438211]
0.08788005448895 [0.0429784245789] [0.132781684399]
0.08279445022325001 [0.0414741411805] [0.124114759266]
0.07908605039115 [0.0411436855793] [0.117028415203]
0.07834028825185 [0.0430422127247] [0.113638363779]
0.0805223938076 [0.0479669682682] [0.113077819347]
