0.0726738963276 [0.0944938585162] [0.050853934139]
0.07452179305255 [0.0995733886957] [0.0494701974094]
0.07637684047215 [0.104804702103] [0.0479489788413]
0.0776315852998 [0.10939938575] [0.0458637848496]
0.0781465768816 [0.112648583949] [0.0436445698142]
0.0779158100485 [0.113706499338] [0.042125120759]
0.0747919306159 [0.107711955905] [0.0418719053268]
0.0676868427545 [0.0922451838851] [0.0431285016239]
0.05927946232260001 [0.0730350762606] [0.0455238483846]
0.05463228560985 [0.0606835260987] [0.048581045121]
0.05419270321725 [0.0554643087089] [0.0529210977256]
0.05612709932025 [0.052393104881] [0.0598610937595]
0.0584320668131 [0.0502270795405] [0.0666370540857]
0.056594846770150004 [0.0478657893836] [0.0653239041567]
0.05013633519415 [0.0447754748166] [0.0554971955717]
0.0434522777796 [0.0414031147957] [0.0455014407635]
0.03878489881755 [0.0386330001056] [0.0389367975295]
0.03644414804875 [0.0370828621089] [0.0358054339886]
0.035887340083699995 [0.0369147919118] [0.0348598882556]
0.036605993285749996 [0.037891369313] [0.0353206172585]
0.037913389504 [0.0395457670093] [0.0362810119987]
0.03923420608045 [0.0415876619518] [0.0368807502091]
0.040230982005600005 [0.0440203547478] [0.0364416092634]
0.0410522185266 [0.0470447205007] [0.0350597165525]
0.042067063972349994 [0.0510844066739] [0.0330497212708]
0.04435436055065 [0.0579557605088] [0.0307529605925]
0.04695868398995 [0.0652760565281] [0.0286413114518]
0.04906368162485 [0.0710574910045] [0.0270698722452]
0.05117457173765 [0.0760459825397] [0.0263031609356]
0.0547816399485 [0.0829112306237] [0.0266520492733]
0.06143738795075 [0.0942579582334] [0.0286168176681]
0.0716349221766 [0.110141351819] [0.0331284925342]
0.0869589187205 [0.132408797741] [0.0415090397]
0.10230569355194999 [0.150095075369] [0.0545163117349]
0.10593185946344999 [0.143551826477] [0.0683118924499]
0.09515589848155 [0.114413909614] [0.0758978873491]
0.08081531524659999 [0.0855090171099] [0.0761216133833]
0.07136084139345 [0.0667220428586] [0.0759996399283]
0.0669492390007 [0.0556617192924] [0.078236758709]
0.0671810284257 [0.049844391644] [0.0845176652074]
0.0717895720154 [0.047871042043] [0.0957081019878]
0.0803693942724 [0.0483488887548] [0.11238989979]
0.09385844878865 [0.0499737225473] [0.13774317503]
0.1085590310393 [0.0516061261296] [0.165511935949]
0.11879301257405 [0.0526067949831] [0.184979230165]
0.1233353223653 [0.0529071353376] [0.193763509393]
0.1253528352826 [0.0528432242572] [0.197862446308]
0.12562159262585 [0.0527797602117] [0.19846342504]
0.12293606251469999 [0.0530095249414] [0.192862600088]
0.1200408879669 [0.0536251105368] [0.186456665397]
0.12043791636805001 [0.0556639358401] [0.185211896896]
0.11371807567780001 [0.0601590685546] [0.167277082801]
0.10497434437254999 [0.0695145428181] [0.140434145927]
0.0994561687111 [0.0860516875982] [0.112860649824]
0.10125277563945001 [0.107071861625] [0.0954336896539]
0.10270056128485 [0.119011327624] [0.0863897949457]
0.100946407765 [0.121252685785] [0.080640129745]
0.098802372813 [0.11967498064] [0.077929764986]
0.09674338251375 [0.118233211339] [0.0752535536885]
0.09304269403215 [0.115264430642] [0.0708209574223]
0.08695935830484999 [0.110223695636] [0.0636950209737]
0.07919542677695 [0.104278281331] [0.0541125722229]
0.07203215360645 [0.0994662791491] [0.0445980280638]
0.06671108305455 [0.0962892621756] [0.0371329039335]
0.06367454864085 [0.0952186211944] [0.0321304760873]
0.062277807854100004 [0.0955604314804] [0.0289951842278]
0.06061209831385 [0.0941016897559] [0.0271225068718]
0.0566151924431 [0.0872535705566] [0.0259768143296]
0.051280345767749994 [0.0774412676692] [0.0251194238663]
0.0467056147754 [0.0690457895398] [0.024365440011]
0.04386794846505 [0.063773073256] [0.0239628236741]
0.042211888358 [0.0605326630175] [0.0238911136985]
0.04129086621105 [0.0585956908762] [0.0239860415459]
0.04082901217045 [0.0574715845287] [0.0241864398122]
0.040643599815649994 [0.0568485595286] [0.0244386401027]
0.04072297830135 [0.056808616966] [0.0246373396367]
0.04123253468425 [0.0572970621288] [0.0251680072397]
0.0423480803147 [0.0580230541527] [0.0266731064767]
0.04419579170645 [0.058398924768] [0.0299926586449]
0.046719677746299995 [0.0581202618778] [0.0353190936148]
0.049208430573350004 [0.0574687719345] [0.0409480892122]
0.050682304427050004 [0.0574419461191] [0.043922662735]
0.05154815502465 [0.0597161240876] [0.0433801859617]
0.05400528572495 [0.0663224831223] [0.0416880883276]
0.0602077078074 [0.0801495835185] [0.0402658320963]
0.07156949490325 [0.103947028518] [0.0391919612885]
0.08446394279585001 [0.13099335134] [0.0379345342517]
0.09083606488979999 [0.144946724176] [0.0367254056036]
0.0911053512246 [0.146752819419] [0.0354578830302]
0.09033942781375001 [0.145989373326] [0.0346894823015]
0.0894261524083 [0.144407436252] [0.0344448685646]
0.08856537565615 [0.142683371902] [0.0344473794103]
0.08712044358255 [0.141007065773] [0.0332338213921]
0.08522480353735 [0.139815807343] [0.0306337997317]
0.08487900439645 [0.14110802114] [0.0286499876529]
0.08640299737474999 [0.144359081984] [0.0284469127655]
0.08875326253490001 [0.148563742638] [0.0289427824318]
0.0919353645295 [0.154185295105] [0.029685433954]
0.0959237851201 [0.16142052412] [0.0304270461202]
0.10081738885495 [0.170908972621] [0.0307258050889]
0.1059231171386 [0.181334331632] [0.0305119026452]
0.11298207566145 [0.196020051837] [0.0299440994859]
0.12129619531340001 [0.213265001774] [0.0293273888528]
0.1287528928368 [0.228584244847] [0.0289215408266]
0.13187222834675 [0.235204398632] [0.0285400580615]
0.13035427499555 [0.232250496745] [0.0284580532461]
0.1190224448218 [0.209527403116] [0.0285174865276]
0.1005022125321 [0.172116324306] [0.0288881007582]
0.08233367279165 [0.13506616652] [0.0296011790633]
0.0687111057339 [0.106753326952] [0.0306688845158]
0.0613667704165 [0.0879154354334] [0.0348181053996]
0.060968503356 [0.0776550322771] [0.0442819744349]
0.0657463874668 [0.0734200850129] [0.0580726899207]
0.06885028630494999 [0.0719485282898] [0.0657520443201]
0.06946469098329999 [0.0710505470634] [0.0678788349032]
0.0687050372362 [0.0695895478129] [0.0678205266595]
0.06544953212145 [0.0672746896744] [0.0636243745685]
0.05847850628195 [0.0641820281744] [0.0527749843895]
0.0518064536154 [0.06015150249] [0.0434614047408]
0.04687615297735 [0.0553593374789] [0.0383929684758]
0.04376400634645 [0.0512982606888] [0.0362297520041]
0.041876126080750004 [0.0490946806967] [0.0346575714648]
0.041487235575900006 [0.0492085777223] [0.0337658934295]
0.04297345131635 [0.0523132905364] [0.0336336120963]
0.046331549063300004 [0.0586762279272] [0.0339868701994]
0.0509092546999 [0.0673723891377] [0.0344461202621]
0.0551643241197 [0.075560182333] [0.0347684659064]
0.0573567841202 [0.0798253193498] [0.0348882488906]
0.056340049952250004 [0.0777608603239] [0.0349192395806]
0.05341346748175 [0.0718158334494] [0.0350111015141]
0.0506986528635 [0.0660702288151] [0.0353270769119]
0.04917676374315 [0.0625967532396] [0.0357567742467]
0.04888019524515 [0.0614887587726] [0.0362716317177]
0.05001478269695 [0.0628621354699] [0.037167429924]
0.052861148491500004 [0.0660761371255] [0.0396461598575]
0.0596256442368 [0.0706214159727] [0.0486298725009]
0.07385683059695 [0.075221285224] [0.0724923759699]
0.10037969052775 [0.0785172358155] [0.12224214524]
0.1315713860095 [0.079989887774] [0.183152884245]
0.13935535773625 [0.0802134647965] [0.198497250676]
0.1360776014627 [0.0794533863664] [0.192701816559]
0.12906611338275 [0.0778809562325] [0.180251270533]
0.12011425569635001 [0.0757866874337] [0.164441823959]
0.11049219965935 [0.0743862241507] [0.146598175168]
0.10329995304325001 [0.0757048130035] [0.130895093083]
0.0993642508985 [0.080523237586] [0.118205264211]
0.09879786148655 [0.0904063209891] [0.107189401984]
0.1013082154096 [0.10381872952] [0.0987977012992]
0.10370983928454999 [0.114928595722] [0.0924910828471]
0.10394983738665001 [0.118949584663] [0.0889500901103]
0.10296912491339999 [0.117799662054] [0.0881385877728]
0.1025002524255 [0.11512440443] [0.089876100421]
0.10246825963265 [0.111582748592] [0.0933537706733]
0.102928675711 [0.108129367232] [0.09772798419]
0.10317510738999999 [0.104507096112] [0.101843118668]
0.1038318425415 [0.102009810507] [0.105653874576]
0.106119122356 [0.10208325088] [0.110154993832]
0.111461710185 [0.105680122972] [0.117243297398]
0.11988539248749999 [0.111956506968] [0.127814278007]
0.1306066811085 [0.11983333528] [0.141380026937]
0.1356624104085 [0.119980044663] [0.151344776154]
0.1250186637045 [0.10797251761] [0.142064809799]
0.112224392593 [0.095348149538] [0.129100635648]
0.10353790223615 [0.0863020271063] [0.120773777366]
0.09818462282429999 [0.0819362327456] [0.114433012903]
0.09368875622725001 [0.0773072093725] [0.110070303082]
0.08707277104255 [0.0707265585661] [0.103418983519]
0.07639186643064999 [0.0619644038379] [0.0908193290234]
0.065612250939 [0.0561844520271] [0.0750400498509]
0.05798242241145 [0.0534678883851] [0.0624969564378]
0.05393864028155 [0.0531664080918] [0.0547108724713]
0.0521911773831 [0.0535708665848] [0.0508114881814]
0.0513104069978 [0.0540660843253] [0.0485547296703]
0.050979100167749994 [0.0544849634171] [0.0474732369184]
0.051021307706799995 [0.0549674145877] [0.0470752008259]
0.05151739344 [0.0557470098138] [0.0472877770662]
0.05248316936195 [0.0569754168391] [0.0479909218848]
0.0538684558123 [0.0586598627269] [0.0490770488977]
0.05542267672715 [0.0605304278433] [0.050314925611]
0.057014128193250004 [0.0627398267388] [0.0512884296477]
0.05831906944515 [0.0649345889688] [0.0517035499215]
0.05915225297215 [0.0667549222708] [0.0515495836735]
0.0599552411586 [0.0687205791473] [0.0511899031699]
0.0615687817335 [0.0720909535885] [0.0510466098785]
0.0636887792498 [0.0756980478764] [0.0516795106232]
0.06678397767245 [0.0799490138888] [0.0536189414561]
0.0704781841487 [0.0825708508492] [0.0583855174482]
0.07160546258094999 [0.0772984027863] [0.0659125223756]
0.06801674887535 [0.0631288141012] [0.0729046836495]
0.061308292672000005 [0.0515260584652] [0.0710905268788]
