0.1395642347633 [0.212502196431] [0.0666262730956]
0.13684700429434998 [0.207993119955] [0.0657008886337]
0.1301728039978 [0.195468485355] [0.0648771226406]
0.12135316058985 [0.178709939122] [0.0639963820577]
0.1161653622987 [0.16937494278] [0.0629557818174]
0.11375831998870001 [0.165169894695] [0.0623467452824]
0.11244398541775 [0.162857651711] [0.0620303191245]
0.11225971207025 [0.162232413888] [0.0622870102525]
0.11242798715815 [0.161629259586] [0.0632267147303]
0.111697014421 [0.158567756414] [0.064826272428]
0.10807017981985001 [0.148855656385] [0.0672847032547]
0.10065631568434999 [0.131228119135] [0.0700845122337]
0.09210728853945 [0.111299365759] [0.0729152113199]
0.0851756297052 [0.0951600447297] [0.0751912146807]
0.08060741424564999 [0.0852477177978] [0.0759671106935]
0.07756611332294999 [0.0803672522306] [0.0747649744153]
0.07477751374245001 [0.0785427317023] [0.0710122957826]
0.0720588825643 [0.0782529190183] [0.0658648461103]
0.0675208810717 [0.0779855772853] [0.0570561848581]
0.06259045004845 [0.0766230672598] [0.0485578328371]
0.058023078367150004 [0.07370698452] [0.0423391722143]
0.0542823020369 [0.0701697096229] [0.0383948944509]
0.051022628322199996 [0.0664714723825] [0.0355737842619]
0.04863178916275 [0.0636733919382] [0.0335901863873]
0.047421744093299995 [0.0623877309263] [0.0324557572603]
0.047634745016699995 [0.0631244033575] [0.0321450866759]
0.04931348375975 [0.066151805222] [0.0324751622975]
0.05230582132935 [0.0715601965785] [0.0330514460802]
0.05631382204589999 [0.0790573582053] [0.0335702858865]
0.06055912561715 [0.0870862826705] [0.0340319685638]
0.06347206793730001 [0.092566408217] [0.0343777276576]
0.0634071081877 [0.0922537147999] [0.0345605015755]
0.0603791773319 [0.0864522233605] [0.0343061313033]
0.05627400241795 [0.0789098069072] [0.0336381979287]
0.052856169641 [0.0727729350328] [0.0329394042492]
0.051345441490400004 [0.06973413378] [0.0329567492008]
0.05201305821535 [0.0691847130656] [0.0348414033651]
0.05422346293925 [0.0700156614184] [0.0384312644601]
0.05590165778995 [0.0703831911087] [0.0414201244712]
0.055290823802349995 [0.0694848150015] [0.0410968326032]
0.05362054146825 [0.0679215788841] [0.0393195040524]
0.05197359994055 [0.0663760751486] [0.0375711247325]
0.050769647583349994 [0.0655424669385] [0.0359968282282]
0.0498617049307 [0.065294764936] [0.0344286449254]
0.049031982198350005 [0.0652967393398] [0.0327672250569]
0.04838505014774999 [0.0652534589171] [0.0315166413784]
0.04863534588365 [0.0661848708987] [0.0310858208686]
0.050354922190299994 [0.0689231082797] [0.0317867361009]
0.05376248992975 [0.0741688907146] [0.0333560891449]
0.0585775654763 [0.0821482539177] [0.0350068770349]
0.06265846826140001 [0.089750610292] [0.0355663262308]
0.0643998961896 [0.0934525281191] [0.0353472642601]
0.06386743299665 [0.0932420566678] [0.0344928093255]
0.06189702264965 [0.0903802886605] [0.0334137566388]
0.058815587312 [0.0852498263121] [0.0323813483119]
0.0551391970366 [0.0785448402166] [0.0317335538566]
0.05174643732605 [0.0721228048205] [0.0313700698316]
0.0488310623914 [0.0662938728929] [0.0313682518899]
0.04718508571385 [0.0625382661819] [0.0318319052458]
0.046712996438149995 [0.0606753490865] [0.0327506437898]
0.0468066558242 [0.0598599351943] [0.0337533764541]
0.0469671729952 [0.0595963932574] [0.034337952733]
0.046759346500049995 [0.0592031404376] [0.0343155525625]
0.045501742512 [0.0578254275024] [0.0331780575216]
0.04191083833575 [0.0530450120568] [0.0307766646147]
0.0364967864007 [0.0456745065749] [0.0273190662265]
0.0306898606941 [0.0377325415611] [0.0236471798271]
0.0262374365702 [0.031322594732] [0.0211522784084]
0.0235139802098 [0.0271106921136] [0.019917268306]
0.022420458495600003 [0.0253097210079] [0.0195311959833]
0.0226230379194 [0.0256848540157] [0.0195612218231]
0.02351201232525 [0.0273694973439] [0.0196545273066]
0.0243709050119 [0.0291663650423] [0.0195754449815]
0.0246383054182 [0.0299227461219] [0.0193538647145]
0.024393351748600002 [0.0297660641372] [0.01902063936]
0.023864048533150002 [0.0290332790464] [0.0186948180199]
0.023346146568700002 [0.0282426476479] [0.0184496454895]
0.023048626258999998 [0.0277487225831] [0.0183485299349]
0.02316112443805 [0.0277858003974] [0.0185364484787]
0.024042296223350003 [0.0287164580077] [0.019368134439]
0.02619715966285 [0.0310555268079] [0.0213387925178]
0.03066328540445 [0.0359091497958] [0.0254174210131]
0.039897782728100004 [0.0456527248025] [0.0341428406537]
0.054541304707550003 [0.0582526922226] [0.0508299171925]
0.0731888897717 [0.0707209259272] [0.0756568536162]
0.08733481913805 [0.078835695982] [0.0958339422941]
0.0894447565079 [0.0807357206941] [0.0981537923217]
0.08311612904070001 [0.078532487154] [0.0876997709274]
0.0771464779973 [0.0782945901155] [0.0759983658791]
0.07441958785055 [0.0811439603567] [0.0676952153444]
0.07060328312219999 [0.0794294700027] [0.0617770962417]
0.06561304442585 [0.0742766261101] [0.0569494627416]
0.059885058552 [0.0674118697643] [0.0523582473397]
0.05384340882305 [0.0599260516465] [0.0477607659996]
0.04879068396985 [0.0537159629166] [0.0438654050231]
0.045706974342449996 [0.049920450896] [0.0414934977889]
0.0441266093403 [0.0478502251208] [0.0404029935598]
0.043581278994700004 [0.0469709262252] [0.0401916317642]
0.043430669233200006 [0.0466163046658] [0.0402450338006]
0.043367654085150004 [0.0463827215135] [0.0403525866568]
0.04311664402485 [0.045855615288] [0.0403776727617]
0.04260938428345 [0.0447078086436] [0.0405109599233]
0.041937688365549994 [0.0428342223167] [0.0410411544144]
0.04117505811155 [0.0401736982167] [0.0421764180064]
0.0402759965509 [0.0370309464633] [0.0435210466385]
0.039234803989499994 [0.0340608730912] [0.0444087348878]
0.03828814439475 [0.0319356583059] [0.0446406304836]
0.03816922567785 [0.0313134752214] [0.0450249761343]
0.03988113999365 [0.0325780697167] [0.0471842102706]
0.044677698984700004 [0.0350860804319] [0.0542693175375]
0.05323595926165001 [0.0389479026198] [0.0675240159035]
0.0622232146561 [0.0431133657694] [0.0813330635428]
0.06609570980075 [0.045771420002] [0.0864199995995]
0.0660791862756 [0.0470665879548] [0.0850917845964]
0.06507345847785 [0.0481152199209] [0.0820316970348]
0.06435272842645 [0.0496020838618] [0.0791033729911]
0.06501941010355 [0.0519017353654] [0.0781370848417]
0.0669141020626 [0.0548754222691] [0.0789527818561]
0.0698351264 [0.0585444793105] [0.0811257734895]
0.07427978888155 [0.0633801817894] [0.0851793959737]
0.08121474832295 [0.0704923048615] [0.0919371917844]
0.0886420831084 [0.0810022577643] [0.0962819084525]
0.09396567195655 [0.0974480584264] [0.0904832854867]
0.08932672068465 [0.100302711129] [0.0783507302403]
0.0747810415924 [0.0834657773376] [0.0660963058472]
0.06360640749335 [0.0694176331162] [0.0577951818705]
0.05801229551435 [0.0634679943323] [0.0525565966964]
0.05483034439385 [0.06054456532] [0.0491161234677]
0.05235246382655 [0.057722479105] [0.0469824485481]
0.04962302185595 [0.0538517460227] [0.0453942976892]
0.046594966202950006 [0.0492589510977] [0.0439309813082]
0.0436152573675 [0.0448440462351] [0.0423864684999]
0.0410992093384 [0.0413801297545] [0.0408182889223]
0.039131609723 [0.0389922820032] [0.0392709374428]
0.0377091486007 [0.0375638119876] [0.0378544852138]
0.036632178351300004 [0.0367583669722] [0.0365059897304]
0.035742253065099996 [0.0362564437091] [0.0352280624211]
0.03496836870905 [0.0358456075191] [0.034091129899]
0.0342362020165 [0.0352465286851] [0.0332258753479]
0.033524507656699995 [0.0341213308275] [0.0329276844859]
0.0334429331124 [0.0324990414083] [0.0343868248165]
0.035552174784250004 [0.0310142058879] [0.0400901436806]
0.0416977293789 [0.0304710231721] [0.0529244355857]
0.049832638353100006 [0.0314491391182] [0.068216137588]
0.0544277820736 [0.0329109914601] [0.0759445726871]
0.05366403609515 [0.0334649831057] [0.0738630890846]
0.04965277388695 [0.0324417576194] [0.0668637901545]
0.0452782791108 [0.0309858210385] [0.0595707371831]
0.0420098863542 [0.0296753570437] [0.0543444156647]
0.04035825747995 [0.0291229020804] [0.0515936128795]
