0.06168598122895 [0.0866032019258] [0.0367687605321]
0.07729404233414999 [0.106700047851] [0.0478880368173]
0.09944975003605 [0.134584248066] [0.0643152520061]
0.12137193977840001 [0.163597226143] [0.0791466534138]
0.13399164378625 [0.184027612209] [0.0839556753635]
0.13870655745264998 [0.19457167387] [0.0828414410353]
0.1423033811151 [0.202326223254] [0.0822805389762]
0.14698588475585 [0.210575953126] [0.0833958163857]
0.1504469700157 [0.216041818261] [0.0848521217704]
0.15105076506714998 [0.217142924666] [0.0849586054683]
0.14829697459925 [0.2130728513] [0.0835210978985]
0.14245347678665 [0.203564926982] [0.0813420265913]
0.13116654753704998 [0.182988032699] [0.0793450623751]
0.1123008914293 [0.14650811255] [0.0780936703086]
0.09156351909055 [0.105543740094] [0.0775832980871]
0.077303096652 [0.0763851255178] [0.0782210677862]
0.0708535127342 [0.0607246384025] [0.0809823870659]
0.06953119672835 [0.0525493510067] [0.08651304245]
0.0718782115728 [0.0480195321143] [0.0957368910313]
0.0783140063284 [0.0453739911318] [0.111254021525]
0.08617980405695 [0.0434548482299] [0.128904759884]
0.0911581814287 [0.0418060421944] [0.140510320663]
0.09176683984714999 [0.0406186394393] [0.142915040255]
0.09115162305515 [0.0400882028043] [0.142215043306]
0.09121529757994999 [0.0400966405869] [0.142333954573]
0.090838357806 [0.040388122201] [0.141288593411]
0.0897746756675 [0.041053622961] [0.138495728374]
0.08833310939389999 [0.0423973239958] [0.134268894792]
0.0879063904284 [0.0454831719398] [0.130329608917]
0.09017235413215001 [0.0515848323703] [0.128759875894]
0.09653699025505 [0.0623276457191] [0.130746334791]
0.10741476714615 [0.0797946304083] [0.135034903884]
0.12390884757000001 [0.106823071837] [0.140994623303]
0.14202575385549998 [0.135511636734] [0.148539870977]
0.156027764082 [0.157530754805] [0.154524773359]
0.163768157363 [0.170391276479] [0.157145038247]
0.1689044907685 [0.179708614945] [0.158100366592]
0.1730560958385 [0.188809424639] [0.157302767038]
0.176641650498 [0.200040251017] [0.153243049979]
0.181689105928 [0.213358357549] [0.150019854307]
0.187963888049 [0.226920574903] [0.149007201195]
0.1941467747095 [0.238847628236] [0.149445921183]
0.198844626546 [0.246020674706] [0.151668578386]
0.2010037600995 [0.245109632611] [0.156897887588]
0.2010435089465 [0.237684294581] [0.164402723312]
0.19980667531500002 [0.225993573666] [0.173619776964]
0.1984926089645 [0.215273827314] [0.181711390615]
0.1960254758595 [0.206327974796] [0.185722976923]
0.1968438848855 [0.205559358001] [0.18812841177]
0.2020297124985 [0.21000880003] [0.194050624967]
0.200787857175 [0.203913271427] [0.197662442923]
0.1842323839665 [0.171033829451] [0.197430938482]
0.1597913019355 [0.122729323804] [0.196853280067]
0.1365168392659 [0.0825024098158] [0.190531268716]
0.12291049398494999 [0.0572739131749] [0.188547074795]
0.11811352521160001 [0.0432781726122] [0.192948877811]
0.11896510981035 [0.0361837409437] [0.201746478677]
0.11881984025230001 [0.0330539792776] [0.204585701227]
0.1079893242566 [0.0323232971132] [0.1836553514]
0.08866907656204999 [0.0326881408691] [0.144650012255]
0.07337313331645 [0.0331344045699] [0.113611862063]
0.06340555474159999 [0.0336576029658] [0.0931535065174]
0.0575716495514 [0.0341744944453] [0.0809688046575]
0.05397899635135 [0.034144770354] [0.0738132223487]
0.05118716135625 [0.0336954519153] [0.0686788707972]
0.048201091587549996 [0.0332641527057] [0.0631380304694]
0.04530054517095 [0.0337040573359] [0.056897033006]
0.04364244267345 [0.0361664779484] [0.0511184073985]
