0.10924494639035 [0.150040641427] [0.0684492513537]
0.10372093319885001 [0.141552120447] [0.0658897459507]
0.09582308493545 [0.130168572068] [0.0614775978029]
0.08633768931005001 [0.117246985435] [0.0554283931851]
0.07676528207955 [0.10445830971] [0.0490722544491]
0.06943089887500001 [0.0951681658626] [0.0436936318874]
0.0647243186831 [0.0894906148314] [0.0399580225348]
0.06200694479045 [0.0864763408899] [0.037537548691]
0.059834882617 [0.0837137401104] [0.0359560251236]
0.0569317024201 [0.0786280855536] [0.0352353192866]
0.05361310765145 [0.0712718814611] [0.0359543338418]
0.050757413730049994 [0.062843747437] [0.0386710800231]
0.0493571795523 [0.0557399205863] [0.0429744385183]
0.0486551541835 [0.0510260872543] [0.0462842211127]
0.048837197944500005 [0.0489649735391] [0.0487094223499]
0.05014337599275 [0.0489775985479] [0.0513091534376]
0.05331631191075 [0.0505957081914] [0.0560369156301]
0.0586387775838 [0.0533395633101] [0.0639379918575]
0.068737577647 [0.057495251298] [0.079979903996]
0.08261299133315 [0.0623529553413] [0.102873027325]
0.09494136273875001 [0.0661830455065] [0.123699679971]
0.09751041978615 [0.0683421194553] [0.126678720117]
0.09335762634895 [0.0693014934659] [0.117413759232]
0.08629780262695 [0.0701703131199] [0.102425292134]
0.07926172018055 [0.0711910426617] [0.0873323976994]
0.07246762886645 [0.0718011185527] [0.0731341391802]
0.06626048497855 [0.0716039687395] [0.0609170012176]
0.061050694435850004 [0.0707560256124] [0.0513453632593]
0.0576473940164 [0.0700297728181] [0.0452650152147]
0.055712193250699996 [0.0696833506227] [0.0417410358787]
0.05466355755925 [0.069377578795] [0.0399495363235]
0.05356672219935 [0.0682843476534] [0.0388490967453]
0.051915468648049995 [0.0663987547159] [0.0374321825802]
0.0496981684119 [0.0643870979548] [0.035009238869]
0.047353571280800005 [0.0632670074701] [0.0314401350915]
0.04486160445955 [0.0622494369745] [0.0274737719446]
0.042308463715049996 [0.0605870895088] [0.0240298379213]
0.0395550839603 [0.0575849339366] [0.021525233984]
0.03697739727795 [0.0539510287344] [0.0200037658215]
0.0349200293422 [0.0506760068238] [0.0191640518606]
0.0338086923584 [0.0488509237766] [0.0187664609402]
0.03407424408945 [0.0491483025253] [0.0190001856536]
0.0357070248574 [0.0512502864003] [0.0201637633145]
0.03803129587325 [0.0540374480188] [0.0220251437277]
0.03999851830305 [0.056329946965] [0.0236670896411]
0.0410515535623 [0.0575698167086] [0.024533290416]
0.041463270783449996 [0.0581366978586] [0.0247898437083]
0.0415898859501 [0.058270521462] [0.0249092504382]
0.0415723063052 [0.0579345226288] [0.0252100899816]
0.04150179307905 [0.0570032596588] [0.0260003264993]
0.04159647319465 [0.0559222921729] [0.0272706542164]
0.0422725724056 [0.0554361529648] [0.0291089918464]
0.04432613402605 [0.0568090379238] [0.0318432301283]
0.04889539442955 [0.0615307353437] [0.0362600535154]
0.05905689112845 [0.0729344338179] [0.045179348439]
0.07921629026535 [0.0951875448227] [0.063245035708]
0.1132158152759 [0.130033493042] [0.0963981375098]
0.15113070607200002 [0.165339976549] [0.136921435595]
0.17879176139800002 [0.188072428107] [0.169511094689]
0.1919305995105 [0.197417035699] [0.186444163322]
0.1879359558225 [0.182693973184] [0.193177938461]
0.158530794084 [0.151342123747] [0.165719464421]
0.131299294531 [0.124701246619] [0.137897342443]
0.113811120391 [0.107875943184] [0.119746297598]
0.10324323922405 [0.0971297547221] [0.109356723726]
0.09439001604915 [0.0888163223863] [0.099963709712]
0.0866372175515 [0.0816118642688] [0.0916625708342]
0.07980296015739999 [0.0752343386412] [0.0843715816736]
0.07439905777575 [0.0701709762216] [0.0786271393299]
0.07021477073435001 [0.0657782480121] [0.0746512934566]
0.06703302823005 [0.0620597563684] [0.0720063000917]
0.0648498553783 [0.0593686141074] [0.0703310966492]
0.06359321810305 [0.0578473322093] [0.0693391039968]
0.06317782960835 [0.0574778951705] [0.0688777640462]
0.06312720663845 [0.0579886101186] [0.0682658031583]
0.0628573894501 [0.0590147301555] [0.0667000487447]
0.06223183684055 [0.0601956509054] [0.0642680227757]
0.0612697992474 [0.0613863915205] [0.0611532069743]
0.061014296487000005 [0.0638003870845] [0.0582282058895]
0.0619916152209 [0.066769130528] [0.0572140999138]
0.063968218863 [0.0704664736986] [0.0574699640274]
0.06660094298425 [0.0751151144505] [0.058086771518]
0.0703062210232 [0.0809156149626] [0.0596968270838]
0.07616486400365 [0.0897071659565] [0.0626225620508]
0.0851102732122 [0.103566467762] [0.0666540786624]
0.1013160347939 [0.129286915064] [0.0733451545238]
0.12023194879295 [0.161089450121] [0.0793744474649]
0.1297811530528 [0.178668737411] [0.0808935686946]
0.127055697143 [0.177887663245] [0.076223731041]
0.1178914904594 [0.165446743369] [0.0703362375498]
0.11025113984964999 [0.154258102179] [0.0662441775203]
0.10571045055959999 [0.147265002131] [0.0641558989882]
0.10450031608345 [0.144339799881] [0.0646608322859]
0.1053134463727 [0.143835261464] [0.0667916312814]
0.10506981611239999 [0.141874104738] [0.0682655274868]
0.10233729332694999 [0.137395039201] [0.0672795474529]
0.09662277996544999 [0.129644021392] [0.0636015385389]
0.08904418535535 [0.119367197156] [0.0587211735547]
0.0815750099718 [0.108640089631] [0.0545099303126]
0.07655356824404999 [0.101584352553] [0.0515227839351]
0.07330740056929999 [0.0971197783947] [0.0494950227439]
0.07117254659535 [0.0944843366742] [0.0478607565165]
0.06768166273830001 [0.0892598778009] [0.0461034476757]
0.059364825487099995 [0.0774740800261] [0.0412555709481]
0.049398150295 [0.064518392086] [0.034277908504]
0.0423603784293 [0.0563456900418] [0.0283750668168]
0.03945505898445 [0.0540369562805] [0.0248731616884]
0.0383763257414 [0.0537655651569] [0.0229870863259]
0.03836943767965 [0.0544721074402] [0.0222667679191]
0.03901334293185 [0.0556305423379] [0.0223961435258]
0.039878732524799995 [0.0567450262606] [0.023012438789]
0.04076772928235 [0.0576878711581] [0.0238475874066]
0.041669506579650004 [0.0586813166738] [0.0246576964855]
0.0426139347255 [0.0599951446056] [0.0252327248454]
0.04347392637285 [0.0614880844951] [0.0254597682506]
0.043974147178249996 [0.0626557469368] [0.0252925474197]
0.0440868167207 [0.0632366612554] [0.024936972186]
0.043814266100549996 [0.0631894245744] [0.0244391076267]
0.0435080379248 [0.0629077330232] [0.0241083428264]
0.043718963861499996 [0.0629991665483] [0.0244387611747]
0.04498406033965 [0.0640391856432] [0.0259289350361]
0.05003074463455 [0.0702459588647] [0.0298155304044]
