0.0624100826681 [0.0959797278047] [0.0288404375315]
0.058500737883149995 [0.089728564024] [0.0272729117423]
0.055506600998349996 [0.0846905633807] [0.026322638616]
0.0530773438513 [0.0805287659168] [0.0256259217858]
0.05116517748685 [0.0773420184851] [0.0249883364886]
0.049518764019050004 [0.0747279301286] [0.0243095979095]
0.0472880816087 [0.071016356349] [0.0235598068684]
0.04418751690535 [0.06552259624] [0.0228524375707]
0.04021382238715 [0.0583449974656] [0.0220826473087]
0.036089204251749996 [0.0508669093251] [0.0213114991784]
0.032592443749299996 [0.0448352880776] [0.020349599421]
0.0299908844754 [0.0406672954559] [0.0193144734949]
0.028537992388 [0.0386515073478] [0.0184244774282]
0.0280329529196 [0.0380757562816] [0.0179901495576]
0.02832270786165 [0.0386550575495] [0.0179903581738]
0.02880215644835 [0.0399054326117] [0.017698880285]
0.02953435666855 [0.0414534322917] [0.0176152810454]
0.030433975160099998 [0.0431240350008] [0.0177439153194]
0.03127318248155 [0.0445999950171] [0.017946369946]
0.03161946311595 [0.0452626273036] [0.0179762989283]
0.0314771514386 [0.0451585762203] [0.0177957266569]
0.03176225349305 [0.0456642620265] [0.0178602449596]
0.0327739631757 [0.0473531037569] [0.0181948225945]
0.03470823727545 [0.0506510660052] [0.0187654085457]
0.037597280927 [0.0557300336659] [0.0194645281881]
0.041539080441000006 [0.0625593364239] [0.0205188244581]
0.046544859185799994 [0.0707770809531] [0.0223126374185]
0.05304345954205 [0.0808912068605] [0.0251957122236]
0.06038652267305 [0.0914434865117] [0.0293295588344]
0.06646453961729999 [0.0984906554222] [0.0344384238124]
0.0698136594149 [0.10080844909] [0.0388188697398]
0.07091409713035 [0.100662469864] [0.0411657243967]
0.07103332318365 [0.099872879684] [0.0421937666833]
0.07118387520315 [0.0993920788169] [0.0429756715894]
0.07216977886855 [0.0993670374155] [0.0449725203216]
0.07350390776995 [0.0985820963979] [0.048425719142]
0.07267011143265001 [0.0922763124108] [0.0530639104545]
0.06919073686005 [0.0781154036522] [0.0602660700679]
0.06682874262335001 [0.0637157484889] [0.0699417367578]
0.06652845814825 [0.0530467927456] [0.0800101235509]
0.06723527237775 [0.0458498746157] [0.0886206701398]
0.06559777632355 [0.0416499227285] [0.0895456299186]
0.0628488026559 [0.0398149192333] [0.0858826860785]
0.05848040245475 [0.0391591899097] [0.0778016149998]
0.05316228605805 [0.0386073477566] [0.0677172243595]
0.04847335070375 [0.0374097041786] [0.0595369972289]
0.0451101530343 [0.0360734425485] [0.0541468635201]
0.0426952186972 [0.0347920544446] [0.0505983829498]
0.04134058579805 [0.0338803008199] [0.0488008707762]
0.0408971365541 [0.0335682444274] [0.0482260286808]
0.04130120016635 [0.0341843478382] [0.0484180524945]
0.0424820315093 [0.0361937694252] [0.0487702935934]
0.04461500421165 [0.0402915589511] [0.0489384494722]
0.04751230403785 [0.0468850396574] [0.0481395684183]
0.050448751077050005 [0.0555520392954] [0.0453454628587]
0.052993856370449996 [0.0636385977268] [0.0423491150141]
0.05430911108855 [0.0677325278521] [0.040885694325]
0.0541737768799 [0.0683099031448] [0.040037650615]
0.05349807813765001 [0.067385211587] [0.0396109446883]
0.053337804973149994 [0.0670700222254] [0.0396055877209]
0.05457124114035 [0.0690852254629] [0.0400572568178]
0.05832485295835 [0.0757125243545] [0.0409371815622]
0.0648287460208 [0.0873716548085] [0.0422858372331]
0.07197079434995 [0.100015282631] [0.0439263060689]
0.0788076817987 [0.112093634903] [0.0455217286944]
0.08308263123035001 [0.119252204895] [0.0469130575657]
0.0862653870134 [0.124362312257] [0.0481684617698]
0.08896565996129999 [0.128578230739] [0.0493530891836]
0.0926298573612 [0.134272649884] [0.0509870648384]
0.09869454056004999 [0.143636628985] [0.0537524521351]
0.11050115711969999 [0.162173658609] [0.0588286556304]
0.13324731960885 [0.194014623761] [0.0724800154567]
0.17155893519499998 [0.240652039647] [0.102465830743]
0.209924921393 [0.270082145929] [0.149767696857]
0.220811843872 [0.261450767517] [0.180172920227]
0.188409857452 [0.213144242764] [0.16367547214]
0.150840528309 [0.170279830694] [0.131401225924]
0.1264676824215 [0.140515074134] [0.112420290709]
0.1113472655415 [0.11977673322] [0.102917797863]
0.10180649906395 [0.106236167252] [0.0973768308759]
0.0959227345884 [0.0986160039902] [0.0932294651866]
0.0926575511694 [0.0954147353768] [0.089900366962]
0.09094912558795 [0.0947520881891] [0.0871461629868]
0.09002440795305 [0.0949371531606] [0.0851116627455]
0.0892161875963 [0.0946902185678] [0.0837421566248]
0.0881448611617 [0.0935820266604] [0.082707695663]
0.0854589641094 [0.0905195325613] [0.0803983956575]
0.0795044489205 [0.0849682316184] [0.0740406662226]
0.07155762612819999 [0.0801498070359] [0.0629654452205]
0.06607597880065 [0.0771551430225] [0.0549968145788]
0.06312288716435 [0.0761563256383] [0.0500894486904]
0.061961706727750004 [0.0775870829821] [0.0463363304734]
0.062488688156 [0.0815204158425] [0.0434569604695]
0.0639763493091 [0.0866139158607] [0.0413387827575]
0.06536298058925 [0.0906608775258] [0.0400650836527]
0.0661893039942 [0.0923206433654] [0.040057964623]
