0.0465703010559 [0.0479451268911] [0.0451954752207]
0.047282215207850004 [0.0477498993278] [0.0468145310879]
0.048453835770449996 [0.0474655255675] [0.0494421459734]
0.0504889395088 [0.0471612103283] [0.0538166686893]
0.054322924464950004 [0.0473674982786] [0.0612783506513]
0.06131225265565 [0.0488971062005] [0.0737273991108]
0.07295233942564999 [0.0526735372841] [0.0932311415672]
0.09081559069470001 [0.0622559152544] [0.119375266135]
0.11403317376989999 [0.0821659639478] [0.145900383592]
0.1379035152495 [0.113440327346] [0.162366703153]
0.154681034386 [0.140343621373] [0.169018447399]
0.163262329996 [0.154407680035] [0.172116979957]
0.16635733097799998 [0.158994451165] [0.173720210791]
0.163686916232 [0.155055403709] [0.172318428755]
0.143840111792 [0.129003509879] [0.158676713705]
0.11027387157089999 [0.0939201191068] [0.126627624035]
0.0769475251436 [0.0650664567947] [0.0888285934925]
0.05474668368695 [0.0491583943367] [0.0603349730372]
0.04271124862135 [0.0405959561467] [0.044826541096]
0.03630688786505 [0.0360323488712] [0.0365814268589]
0.0322857275605 [0.0327291600406] [0.0318422950804]
0.029350399971000002 [0.0295892767608] [0.0291115231812]
0.02728081773965 [0.0265718717128] [0.0279897637665]
0.0267496481538 [0.0246659163386] [0.028833379969]
0.02811267413195 [0.0244806334376] [0.0317447148263]
0.03080154862255 [0.0256679523736] [0.0359351448715]
0.0336985224858 [0.0274331178516] [0.03996392712]
0.0358875533566 [0.029049737379] [0.0427253693342]
0.03712272737175 [0.0302217621356] [0.0440236926079]
0.037763167172650006 [0.031093634665] [0.0444326996803]
0.03843933157625 [0.0319631621242] [0.0449155010283]
0.0397258158773 [0.0331147238612] [0.0463369078934]
0.04210069216785 [0.0346828587353] [0.0495185256004]
0.0461573526263 [0.0370219610631] [0.0552927441895]
0.052422257140250006 [0.0401905663311] [0.0646539479494]
0.0606953501701 [0.0443689599633] [0.0770217403769]
0.0698332339525 [0.0499402284622] [0.0897262394428]
0.0787667222321 [0.0575637221336] [0.0999697223306]
0.0864549651743 [0.0676918551326] [0.105218075216]
0.09399352967735 [0.0810104236007] [0.106976635754]
0.10442130267615 [0.0996620953083] [0.109180510044]
0.1212830506265 [0.127385601401] [0.115180499852]
0.1494666188955 [0.169827312231] [0.12910592556]
0.1892255693675 [0.224054276943] [0.154396861792]
0.222156070173 [0.259758114815] [0.184554025531]
0.228119559586 [0.262590706348] [0.193648412824]
0.20843102037900002 [0.235839828849] [0.181022211909]
0.1846160441635 [0.205510243773] [0.163721844554]
0.160639464855 [0.174271762371] [0.147007167339]
0.13911057263600002 [0.145596221089] [0.132624924183]
0.11994580179450001 [0.121637225151] [0.118254378438]
0.1043678373095 [0.103587351739] [0.10514832288]
0.09306889772415 [0.0913805663586] [0.0947572290897]
0.08601330965760001 [0.0840872526169] [0.0879393666983]
0.08250370994209999 [0.0802941545844] [0.0847132652998]
0.0815006159246 [0.0786485746503] [0.0843526571989]
0.08175394684080001 [0.0779254958034] [0.0855823978782]
0.08221889287235 [0.0773584768176] [0.0870793089271]
0.0820462182164 [0.0763730034232] [0.0877194330096]
0.08131442964075 [0.0750847831368] [0.0875440761447]
0.0802671350539 [0.073792681098] [0.0867415890098]
0.07962441816925 [0.0731851682067] [0.0860636681318]
0.08024549484255 [0.0747903361917] [0.0857006534934]
0.08332279324530001 [0.079882748425] [0.0867628380656]
0.09031811356545 [0.0886981040239] [0.091938123107]
0.1016409397125 [0.102263823152] [0.101018056273]
0.1178559176625 [0.120145246387] [0.115566588938]
0.136917211115 [0.141062483191] [0.132771939039]
0.15604751557149998 [0.160343319178] [0.151751711965]
0.16868090629600002 [0.174445793033] [0.162916019559]
0.17318138480200002 [0.182557582855] [0.163805186749]
0.172892808914 [0.186388656497] [0.159396961331]
0.170532166958 [0.187616288662] [0.153448045254]
0.16847377270500002 [0.187403455377] [0.149544090033]
0.16528774797950002 [0.18287858367] [0.147696912289]
0.157591059804 [0.16889923811] [0.146282881498]
0.1426984369755 [0.143684238195] [0.141712635756]
0.12500233575699998 [0.116326339543] [0.133678331971]
0.1075174175204 [0.0932631790638] [0.121771655977]
0.09336828067885 [0.0794989466667] [0.107237614691]
0.0832124091685 [0.0721897631884] [0.0942350551486]
0.07682925835255 [0.068548694253] [0.0851098224521]
0.07374810427424999 [0.0677645951509] [0.0797316133976]
0.07299512624740001 [0.0691848397255] [0.0768054127693]
0.07291066274045 [0.0724687874317] [0.0733525380492]
0.0731681920588 [0.0767120569944] [0.0696243271232]
0.07262621819975 [0.0804072096944] [0.0648452267051]
0.0724291931838 [0.0831875726581] [0.0616708137095]
0.0721102003008 [0.0850690975785] [0.0591513030231]
0.07209649682045 [0.0869154781103] [0.0572775155306]
0.07323403656485 [0.0902664959431] [0.0562015771866]
0.0766395162791 [0.0970131605864] [0.0562658719718]
0.08336151577539999 [0.109079912305] [0.0576431192458]
