0.2400069236755 [0.261773318052] [0.218240529299]
0.25583307445049996 [0.261373072863] [0.250293076038]
0.268193691969 [0.258114516735] [0.278272867203]
0.27429074049 [0.253429144621] [0.295152336359]
0.2754643112425 [0.249725133181] [0.301203489304]
0.272365950048 [0.249847307801] [0.294884592295]
0.27070464193849997 [0.253579050303] [0.287830233574]
0.2679413408045 [0.259376317263] [0.276506364346]
0.2650517374275 [0.2679643929] [0.262139081955]
0.2616894319655 [0.278351247311] [0.24502761662]
0.257331483066 [0.286010295153] [0.228652670979]
0.2518257200715 [0.287114560604] [0.216536879539]
0.23937497288 [0.270993947983] [0.207755997777]
0.216647416353 [0.238039061427] [0.195255771279]
0.16740947216750002 [0.172508582473] [0.162310361862]
0.107754334807 [0.104474842548] [0.111033827066]
0.06311543099585 [0.0615012459457] [0.064729616046]
0.0400350689888 [0.0407721325755] [0.0392980054021]
0.02913145627825 [0.031452961266] [0.0268099512905]
0.0243825726211 [0.0276676304638] [0.0210975147784]
0.022648969665199997 [0.0266145244241] [0.0186834149063]
0.0223026778549 [0.0266863722354] [0.0179189834744]
0.022466182708700003 [0.0270303022116] [0.0179020632058]
0.0227054785937 [0.0273030512035] [0.0181079059839]
0.022853910923 [0.0273991674185] [0.0183086544275]
0.02287055924535 [0.0273239593953] [0.0184171590954]
0.0227692890912 [0.0270162299275] [0.0185223482549]
0.02253965567795 [0.026488289237] [0.0185910221189]
0.02234524767845 [0.0259794648737] [0.0187110304832]
0.0224086046219 [0.0259803850204] [0.0188368242234]
0.0232908176258 [0.0273065920919] [0.0192750431597]
0.0256134038791 [0.0307973138988] [0.0204294938594]
0.030225455760950003 [0.0375099852681] [0.0229409262538]
0.0382950594649 [0.0487369820476] [0.0278531368822]
0.05072805657985 [0.0645103380084] [0.0369457751513]
0.0640985071659 [0.0759445726871] [0.0522524416447]
0.070218719542 [0.0682431310415] [0.0721943080425]
0.0690656453371 [0.0533343628049] [0.0847969278693]
0.0627416986972 [0.043803807348] [0.0816795900464]
0.057291612029100006 [0.0393036454916] [0.0752795785666]
0.05513427220285 [0.0377099253237] [0.072558619082]
0.05483308807015 [0.037697263062] [0.0719689130783]
0.05551671423015 [0.0385399498045] [0.0724934786558]
0.0564357340336 [0.0397671982646] [0.0731042698026]
0.057250862941150005 [0.0411922521889] [0.0733094736934]
0.05764272063975 [0.042491927743] [0.0727935135365]
0.057500742375850004 [0.0434164553881] [0.0715850293636]
0.0569295194 [0.0438172034919] [0.0700418353081]
0.056402178481249995 [0.0439692921937] [0.0688350647688]
0.0565463155508 [0.0444988012314] [0.0685938298702]
0.0585327073932 [0.0466059073806] [0.0704595074058]
0.0638988222927 [0.0517286099494] [0.076069034636]
0.07520649209614999 [0.0628682747483] [0.087544709444]
0.09600531682375 [0.0849504470825] [0.107060186565]
0.130398623645 [0.125161990523] [0.135635256767]
0.1743115261195 [0.180693551898] [0.167929500341]
0.21203614026349998 [0.228267192841] [0.195805087686]
0.231871813536 [0.248878285289] [0.214865341783]
0.23215395212200002 [0.24630188942] [0.218006014824]
0.20903548598299998 [0.22478826344] [0.193282708526]
0.168526627123 [0.183402985334] [0.153650268912]
0.1288256309925 [0.136717185378] [0.120934076607]
0.1080050952735 [0.112244650722] [0.103765539825]
0.09795811399815 [0.100733064115] [0.0951831638813]
0.09337751194835 [0.0972947105765] [0.0894603133202]
0.09236167743805 [0.0993463993073] [0.0853769555688]
0.09321854636060001 [0.104364082217] [0.0820730105042]
0.09442445263249999 [0.109643436968] [0.079205468297]
0.0951828621327 [0.113336637616] [0.0770290866494]
0.09515171498040001 [0.114555649459] [0.0757477805018]
0.09462307021015 [0.114084035158] [0.0751621052623]
0.0939677953719 [0.113289773464] [0.0746458172798]
0.09346515312795001 [0.113354638219] [0.0735756680369]
0.0936714261768 [0.115199938416] [0.0721429139376]
0.09552160650515 [0.119956620038] [0.0710865929723]
0.10026465728885 [0.129428997636] [0.0711003169417]
0.1079823337495 [0.144590884447] [0.071373783052]
0.1177190281452 [0.165769338608] [0.0696687176824]
0.12208620086315 [0.17725931108] [0.0669130906463]
0.11774718947715 [0.173702850938] [0.0617915280163]
0.11315385252230001 [0.168258756399] [0.0580489486456]
0.10687952302405 [0.157849058509] [0.0559099875391]
0.1006765663626 [0.146134898067] [0.0552182346582]
0.09360144473615001 [0.132045403123] [0.0551574863493]
0.08545429632075 [0.115788370371] [0.0551202222705]
0.07925750501465 [0.103641971946] [0.0548730380833]
0.07462817803025 [0.094897069037] [0.0543592870235]
0.0701977573335 [0.0870306640863] [0.0533648505807]
0.06596182659265 [0.0799742043018] [0.0519494488835]
0.06237942539155 [0.0743239894509] [0.0504348613322]
0.0596989765763 [0.0701086744666] [0.049289278686]
0.0580948702991 [0.0673694089055] [0.0488203316927]
0.05733219720425001 [0.0654159486294] [0.0492484457791]
