0.01970813935625 [0.0289695635438] [0.0104467151687]
0.0206912206486 [0.0299155171961] [0.0114669241011]
0.02219922561195 [0.0318668670952] [0.0125315841287]
0.023906432092200003 [0.0344266667962] [0.0133861973882]
0.02489045076075 [0.0360447391868] [0.0137361623347]
0.024283746723100002 [0.0348533168435] [0.0137141766027]
0.023095899727199998 [0.0327841453254] [0.013407654129]
0.0220128297806 [0.0309759024531] [0.0130497571081]
0.0211800769903 [0.0294506773353] [0.0129094766453]
0.0209175627679 [0.0285363774747] [0.0132987480611]
0.0215056873858 [0.0284629613161] [0.0145484134555]
0.0230020517483 [0.0293764658272] [0.0166276376694]
0.02521875686945 [0.0312831699848] [0.0191543437541]
0.02717603649945 [0.033055473119] [0.0212965998799]
0.02811573259535 [0.0339571423829] [0.0222743228078]
0.0280786883086 [0.0338334813714] [0.0223238952458]
0.02769659645855 [0.0335054136813] [0.0218877792358]
0.02713887486605 [0.0331054292619] [0.0211723204702]
0.026309962384399997 [0.0324147827923] [0.0202051419765]
0.0254114056006 [0.0314530916512] [0.01936971955]
0.024683518335250003 [0.0304467212409] [0.0189203154296]
0.02445490378885 [0.0296477321535] [0.0192620754242]
0.0250760745257 [0.0297494009137] [0.0204027481377]
0.02636628970505 [0.030699275434] [0.0220333039761]
0.0277385590598 [0.0321000665426] [0.023377051577]
0.028361286968 [0.0330078974366] [0.0237146764994]
0.02789100911465 [0.0331000462174] [0.0226819720119]
0.027302995324150002 [0.03329840675] [0.0213075838983]
0.026929476298350002 [0.0335593745112] [0.0202995780855]
0.0267338398844 [0.0338565334678] [0.019611146301]
0.026723925955599998 [0.034288559109] [0.0191592928022]
0.02701752074065 [0.0349864140153] [0.019048627466]
0.027684303931900002 [0.0359362252057] [0.0194323826581]
0.02883652690795 [0.0370852462947] [0.0205878075212]
0.03048829454925 [0.0384203754365] [0.022556213662]
0.03262874577195 [0.0400654934347] [0.0251919981092]
0.0349913686514 [0.0421389937401] [0.0278437435627]
0.0376874040812 [0.0450473167002] [0.0303274914622]
0.041584979742799996 [0.0497703291476] [0.033399630338]
0.0488756541163 [0.0590977817774] [0.0386535264552]
0.062450692057599996 [0.077072955668] [0.0478284284472]
0.0824154578152 [0.103841207922] [0.0609897077084]
0.1056053414939 [0.131758227944] [0.0794524550438]
0.127090215683 [0.152387529612] [0.101792901754]
0.145432759076 [0.166101068258] [0.124764449894]
0.16460762918 [0.179807022214] [0.149408236146]
0.18484544753999999 [0.196095615625] [0.173595279455]
0.199362486601 [0.207520902157] [0.191204071045]
0.20431150496 [0.210620671511] [0.198002338409]
0.203905940056 [0.209726855159] [0.198085024953]
0.19671706110249998 [0.207532733679] [0.185901388526]
0.1863309666515 [0.207212045789] [0.165449887514]
0.177734717727 [0.210711836815] [0.144757598639]
0.17458579689249998 [0.21663287282] [0.132538720965]
0.1755123436455 [0.223336219788] [0.127688467503]
0.174700178206 [0.222847938538] [0.126552417874]
0.171412266791 [0.214708983898] [0.128115549684]
0.169909752905 [0.207960322499] [0.131859183311]
0.1703941747545 [0.203354805708] [0.137433543801]
0.1712874248625 [0.198107197881] [0.144467651844]
0.17158672958600002 [0.190984427929] [0.152189031243]
0.169604063034 [0.179280921817] [0.159927204251]
0.15680035948749999 [0.160907819867] [0.152692899108]
0.136794641614 [0.135114967823] [0.138474315405]
0.1146212816235 [0.108732268214] [0.120510295033]
0.0984054580331 [0.0930758789182] [0.103735037148]
0.08602738007899999 [0.0830518007278] [0.0890029594302]
0.07697551697495 [0.0782973468304] [0.0756536871195]
0.07151725143195001 [0.0764416083694] [0.0665928944945]
0.06845706887545 [0.0746433287859] [0.062270808965]
0.0667996108532 [0.0735175386071] [0.0600816830993]
0.06656400859355 [0.0737792029977] [0.0593488141894]
0.06452179700135 [0.0700248926878] [0.0590187013149]
0.0627178736031 [0.0668115243316] [0.0586242228746]
0.06201243959365001 [0.0659313574433] [0.058093521744]
0.06177813000975001 [0.0657141879201] [0.0578420720994]
0.061889519914999996 [0.0655260458589] [0.0582529939711]
0.06222961470485 [0.0654542073607] [0.059005022049]
0.062497591599800006 [0.0657360553741] [0.0592591278255]
0.0624464210123 [0.0665901899338] [0.0583026520908]
0.06217151880265 [0.0680141970515] [0.0563288405538]
0.06217170506715 [0.0699517726898] [0.0543916374445]
0.06291153095665 [0.0722521468997] [0.0535709150136]
0.06498538702725 [0.0745726674795] [0.055398106575]
0.06943919323385 [0.0765135362744] [0.0623648501933]
0.07668995857239999 [0.078087978065] [0.0752919390798]
0.08798464015124999 [0.081702940166] [0.0942663401365]
0.10490328818545 [0.0902627333999] [0.119543842971]
0.12680021673449998 [0.104937165976] [0.148663267493]
0.15435744822 [0.129002049565] [0.179712846875]
0.1760758534075 [0.168213263154] [0.183938443661]
0.2001972869035 [0.222617924213] [0.177776649594]
0.20874954014999997 [0.25818285346] [0.15931622684]
0.208600446582 [0.269686698914] [0.14751419425]
0.19462440907950002 [0.249588802457] [0.139660015702]
0.179706566036 [0.227624818683] [0.131788313389]
0.1719760596755 [0.219740211964] [0.124211907387]
0.1666913367805 [0.215421915054] [0.117960758507]
0.162412211299 [0.211161509156] [0.113662913442]
0.15813748911 [0.206101939082] [0.110173039138]
0.153713505715 [0.200282514095] [0.107144497335]
0.1495100110765 [0.194197311997] [0.104822710156]
0.1451561562715 [0.186378404498] [0.103933908045]
0.14101392403250002 [0.177183404565] [0.1048444435]
0.136945981532 [0.167431220412] [0.106460742652]
0.132916238159 [0.158137097955] [0.107695378363]
0.1295554079115 [0.151039868593] [0.10807094723]
0.1280808113515 [0.147574931383] [0.10858669132]
0.1292512863875 [0.146589607] [0.111912965775]
0.133688010275 [0.146040603518] [0.121335417032]
0.141375027597 [0.144980475307] [0.137769579887]
0.1506069377065 [0.147324040532] [0.153889834881]
0.15832357108599998 [0.150067403913] [0.166579738259]
0.1654263585805 [0.149617686868] [0.181235030293]
0.17366186529400002 [0.15160779655] [0.195715934038]
0.183439336717 [0.156322047114] [0.21055662632]
0.1922293305395 [0.161942005157] [0.222516655922]
0.196932911873 [0.166344180703] [0.227521643043]
0.2026198878885 [0.1690364182] [0.236203357577]
0.2115917801855 [0.172510534525] [0.250673025846]
0.22065999358900001 [0.174411043525] [0.266908943653]
0.231230698526 [0.179315939546] [0.283145457506]
0.2462545484305 [0.195981115103] [0.296527981758]
