0.02882199455055 [0.0386402048171] [0.019003784284]
0.028285275213399998 [0.038719587028] [0.0178509633988]
0.028872711583999996 [0.0404967144132] [0.0172487087548]
0.03044945467265 [0.0441362671554] [0.0167626421899]
0.032912014983599996 [0.0496454201639] [0.0161786098033]
0.03591233398765 [0.0563872791827] [0.0154373887926]
0.03827440552415 [0.0618635714054] [0.0146852396429]
0.03910611849275 [0.0640825256705] [0.014129711315]
0.039084109477699996 [0.0644215047359] [0.0137467142195]
0.03942648647355 [0.0650385245681] [0.013814448379]
0.04012381192295 [0.0659090057015] [0.0143386181444]
0.0413004467264 [0.0671622231603] [0.0154386702925]
0.04366073105485 [0.0699482485652] [0.0173732135445]
0.04836177732795 [0.0761751905084] [0.0205483641475]
0.0555145116523 [0.0855492129922] [0.0254798103124]
0.06403702497485 [0.0964449718595] [0.0316290780902]
0.07094883732490001 [0.105266958475] [0.0366307161748]
0.07286163792035 [0.107326023281] [0.0383972525597]
0.07012804783860001 [0.103981941938] [0.0362741537392]
0.06541843339799999 [0.0979430899024] [0.0328937768936]
0.05989086534825 [0.089874997735] [0.0299067329615]
0.05575777776535 [0.0834140181541] [0.0281015373766]
0.05358737241475 [0.0798152387142] [0.0273595061153]
0.05246235523375 [0.0772060453892] [0.0277186650783]
0.05070022586735 [0.0728965178132] [0.0285039339215]
0.0479117622599 [0.0676323696971] [0.0281911548227]
0.04348036646845 [0.0603016354144] [0.0266590975225]
0.0375019060448 [0.0509220771492] [0.0240817349404]
0.0313829826191 [0.0417812652886] [0.0209846999496]
0.02625703345985 [0.0343170464039] [0.0181970205158]
0.022372377105050002 [0.0285518858582] [0.0161928683519]
0.02004275191575 [0.025003278628] [0.0150822252035]
0.0188149986789 [0.0229045338929] [0.0147254634649]
0.0182707714848 [0.0216406434774] [0.0149008994922]
0.01820526178925 [0.0210092496127] [0.0154012739658]
0.0183458980173 [0.0206824373454] [0.0160093586892]
0.0184851996601 [0.0203925929964] [0.0165778063238]
0.018557211384200002 [0.0201089847833] [0.0170054379851]
0.0185142001137 [0.0198618881404] [0.017166512087]
0.01821885071695 [0.0194304864854] [0.0170072149485]
0.0178203005344 [0.0188923366368] [0.016748264432]
0.01759195700285 [0.0184975620359] [0.0166863519698]
0.0180381257087 [0.0186614952981] [0.0174147561193]
0.0197130572051 [0.0197803042829] [0.0196458101273]
0.023372037336199997 [0.0223942659795] [0.0243498086929]
0.029815566725999998 [0.0266992729157] [0.0329318605363]
0.04016915522515 [0.0330433361232] [0.0472949743271]
0.05434778146445 [0.0403346084058] [0.0683609545231]
0.0677185766399 [0.0481018200517] [0.0873353332281]
0.07363080605865 [0.0551063418388] [0.0921552702785]
0.0717959944159 [0.0601416863501] [0.0834503024817]
0.06603127904235 [0.0616819895804] [0.0703805685043]
0.06114514172075 [0.0624460317194] [0.0598442517221]
0.058183470740899995 [0.0632539317012] [0.0531130097806]
0.05727364867925 [0.0653506144881] [0.0491966828704]
0.0573410727084 [0.0675033926964] [0.0471787527204]
0.057976288720949995 [0.0696759819984] [0.0462765954435]
0.0590151138604 [0.0719142481685] [0.0461159795523]
0.0601420830935 [0.0737041160464] [0.0465800501406]
0.061453780159350005 [0.0756170228124] [0.0472905375063]
0.0616363417357 [0.0765073671937] [0.0467653162777]
0.06014186888935 [0.0756522938609] [0.0446314439178]
0.05783637054265 [0.0736907422543] [0.041981998831]
0.056504804641 [0.073360517621] [0.039649091661]
0.056919829919949996 [0.0756884664297] [0.0381511934102]
0.0595525242388 [0.0811259001493] [0.0379791483283]
0.0644152387977 [0.0893121734262] [0.0395183041692]
0.07102309167385 [0.0989154204726] [0.0431307628751]
0.0784286651761 [0.108608774841] [0.0482485555112]
0.0859302803873 [0.118437759578] [0.0534228011966]
0.09230514429520001 [0.127783790231] [0.0568264983594]
0.0968646630646 [0.135215982795] [0.0585133433342]
0.09825315698965 [0.13874271512] [0.0577635988593]
0.0947039406745 [0.135353401303] [0.054054480046]
0.0852167662234 [0.122870065272] [0.0475634671748]
0.07216659560815 [0.104773692787] [0.0395594984293]
0.06050417385995 [0.0880832597613] [0.0329250879586]
0.052152546122700004 [0.0757320225239] [0.0285730697215]
0.0466242050752 [0.0670759677887] [0.0261724423617]
0.04238575417545 [0.0598697774112] [0.0249017309397]
0.0385857131332 [0.0530946739018] [0.0240767523646]
0.03526760824025 [0.0471390597522] [0.0233961567283]
0.0328912101686 [0.042736005038] [0.0230464152992]
0.031419891864050004 [0.039915215224] [0.0229245685041]
0.0306881899014 [0.0381891913712] [0.0231871884316]
0.03043856751175 [0.037083234638] [0.0237939003855]
0.030416875146300003 [0.0364891886711] [0.0243445616215]
0.0302071468905 [0.0358399935067] [0.0245743002743]
0.029747268185050003 [0.035180721432] [0.0243138149381]
0.02963665220885 [0.0351669229567] [0.024106381461]
0.03056013956665 [0.0363492555916] [0.0247710235417]
0.0328447064385 [0.0392154566944] [0.0264739561826]
0.0366048850119 [0.043940231204] [0.0292695388198]
0.04105220362545 [0.0494077913463] [0.0326966159046]
0.045028945431100004 [0.0535825304687] [0.0364753603935]
0.0485610570759 [0.0566988177598] [0.040423296392]
0.05081647261975 [0.05789944157] [0.0437335036695]
0.0508201997727 [0.0567148886621] [0.0449255108833]
0.04864499904215 [0.05351812765] [0.0437718704343]
0.04509331844745 [0.0492754355073] [0.0409112013876]
0.0414382480085 [0.0453052930534] [0.0375712029636]
0.038759684190149996 [0.0426119454205] [0.0349074229598]
0.03699781186875 [0.0409555211663] [0.0330401025712]
0.0364036783576 [0.0406547561288] [0.0321526005864]
0.036478588357549996 [0.0409374274313] [0.0320197492838]
0.03668408840895 [0.0410881638527] [0.0322800129652]
0.03639633022245 [0.0408731848001] [0.0319194756448]
0.03539805393665 [0.0399884060025] [0.0308077018708]
0.0342445252463 [0.0389092490077] [0.0295798014849]
0.033551835455 [0.0383765026927] [0.0287271682173]
0.0335631547496 [0.0386891998351] [0.0284371096641]
0.03439207188785 [0.0401221960783] [0.0286619476974]
0.036220122128750004 [0.0429177284241] [0.0295225158334]
0.0391653487459 [0.0473035126925] [0.0310271847993]
0.0428731702268 [0.0525212623179] [0.0332250781357]
0.046681752428450005 [0.0575083419681] [0.0358551628888]
0.0499313045293 [0.0613447539508] [0.0385178551078]
0.053074877709149995 [0.0642320141196] [0.0419177412987]
0.05670936778185 [0.0673376023769] [0.0460811331868]
0.0628989581019 [0.0729865804315] [0.0528113357723]
0.0724558793008 [0.0824821591377] [0.0624295994639]
0.0882452763617 [0.0993223339319] [0.0771682187915]
0.1089752763509 [0.122891396284] [0.0950591564178]
0.1272142902015 [0.147448539734] [0.106980040669]
0.136542212218 [0.163231521845] [0.109852902591]
