0.014862826559649999 [0.0158347357064] [0.0138909174129]
0.0160347898491 [0.0174302272499] [0.0146393524483]
0.0184445381165 [0.0205673463643] [0.0163217298687]
0.022704171948149998 [0.0261163171381] [0.0192920267582]
0.0290690045804 [0.0347023457289] [0.0234356634319]
0.036262813955550005 [0.0449079461396] [0.0276176817715]
0.0412877127528 [0.0524833090603] [0.0300921164453]
0.0425498541445 [0.0546945817769] [0.0304051265121]
0.0411893799901 [0.0532253347337] [0.0291534252465]
0.03749280795455 [0.0478599444032] [0.0271256715059]
0.03341482765975 [0.0420916154981] [0.0247380398214]
0.029279507696649998 [0.0366365462542] [0.0219224691391]
0.02500470913945 [0.0315311029553] [0.0184783153236]
0.02069792337715 [0.0264617614448] [0.0149340853095]
0.0172315039672 [0.0221738051623] [0.0122892027721]
0.014970197808 [0.0191875062883] [0.0107528893277]
0.0138277253136 [0.0175924897194] [0.0100629609078]
0.013404920697209999 [0.0169472489506] [0.00986259244382]
0.013482531532645 [0.017005154863] [0.00995990820229]
0.013706875033685 [0.017506133765] [0.00990761630237]
0.01396856782957 [0.0181230008602] [0.00981413479894]
0.01414288999514 [0.0186875574291] [0.00959822256118]
0.014068488962955 [0.0190294198692] [0.00910755805671]
0.013888371642689998 [0.0192654039711] [0.00851133931428]
0.013714405242364999 [0.0194475669414] [0.00798124354333]
0.01366383326241 [0.0197515357286] [0.00757613079622]
0.01372648729012 [0.0202325358987] [0.00722043868154]
0.013742915820335 [0.0206116270274] [0.00687420461327]
0.013789698481569999 [0.0209558401257] [0.00662355683744]
0.01389502990061 [0.0212576016784] [0.00653245812282]
0.01399929006582 [0.0214900821447] [0.00650849798694]
0.014229409629455 [0.0219144262373] [0.00654439302161]
0.014328531455245 [0.0221411846578] [0.00651587825269]
0.014097270322945 [0.02177811414] [0.00641642650589]
0.013784858630955 [0.0208626259118] [0.00670709135011]
0.01337880268692 [0.0197522100061] [0.00700539536774]
0.0128865488805 [0.0186753459275] [0.0070977518335]
0.01269967551345 [0.0179503206164] [0.0074490304105]
0.012755386531345 [0.0174963288009] [0.00801444426179]
0.012969500850905001 [0.017245894298] [0.00869310740381]
0.01324916118754 [0.0171191450208] [0.00937917735428]
0.013754526618879999 [0.0176599826664] [0.00984907057136]
0.014824191574 [0.0190634261817] [0.0105849569663]
0.0166600509547 [0.0214523300529] [0.0118677718565]
0.01895706960935 [0.0242180153728] [0.0136961238459]
0.02159756235775 [0.027313997969] [0.0158811267465]
0.0235346490517 [0.0297819525003] [0.0172873456031]
0.025023402646199996 [0.0319984443486] [0.0180483609438]
0.0259326323867 [0.033542919904] [0.0183223448694]
0.0261227991432 [0.0339656844735] [0.0182799138129]
0.025873309932650003 [0.0337860248983] [0.017960594967]
0.025358909741049998 [0.0333233550191] [0.017394464463]
0.024957298301149997 [0.0329878218472] [0.0169267747551]
0.0248232325539 [0.0330628417432] [0.0165836233646]
0.02492362540215 [0.0334398597479] [0.0164073910564]
0.025153250433500002 [0.0339210182428] [0.0163854826242]
0.0255242260173 [0.0344354361296] [0.016613015905]
0.026299843564649997 [0.0352614372969] [0.0173382498324]
0.0278463177383 [0.036829855293] [0.0188627801836]
0.030271130613999997 [0.0394047610462] [0.0211375001818]
0.03394623845815 [0.0435130409896] [0.0243794359267]
0.038587681017799996 [0.0490336604416] [0.028141701594]
0.0413690172136 [0.0515099838376] [0.0312280505896]
0.0417689085007 [0.0516976825893] [0.0318401344121]
0.0403802478686 [0.0505813509226] [0.0301791448146]
0.03840276971455 [0.0483048073947] [0.0285007320344]
0.03617673087865 [0.0456522554159] [0.0267012063414]
0.03453481942415 [0.043664932251] [0.0254047065973]
0.033752446994200005 [0.0427495837212] [0.0247553102672]
0.03375482652335 [0.0429802313447] [0.024529421702]
0.0340990554541 [0.0436286218464] [0.0245694890618]
0.034006691537800005 [0.043814111501] [0.0241992715746]
0.0327623356134 [0.0424732640386] [0.0230514071882]
0.0304245604202 [0.0393675304949] [0.0214815903455]
0.02780313976105 [0.0355269387364] [0.0200793407857]
0.0253897048533 [0.0318147875369] [0.0189646221697]
0.024093915708349997 [0.0295144114643] [0.0186734199524]
0.0239582052454 [0.0288002286106] [0.0191161818802]
0.025046441704 [0.0298577714711] [0.0202351119369]
0.02748534455895 [0.0328877568245] [0.0220829322934]
0.03126277960835 [0.0376302488148] [0.0248953104019]
0.036317870020850004 [0.0440960861742] [0.0285396538675]
0.0415989495814 [0.0511914044619] [0.0320064947009]
0.045768054202199995 [0.0570118315518] [0.0345242768526]
0.048167033121 [0.0604491904378] [0.0358848758042]
0.04779218323525 [0.0595491826534] [0.0360351838171]
0.044830836355699996 [0.054721288383] [0.0349403843284]
0.0400584395975 [0.0472303926945] [0.0328864865005]
0.03468996845185 [0.0391664542258] [0.0302134826779]
0.02987792901695 [0.0326579399407] [0.0270979180932]
0.0258062258363 [0.0278495270759] [0.0237629245967]
0.0224057910964 [0.0246494039893] [0.0201621782035]
0.01973210740835 [0.022576559335] [0.0168876554817]
0.017730327788699998 [0.0210410431027] [0.0144196124747]
0.0162295317277 [0.019756950438] [0.0127021130174]
0.015042612329150001 [0.0185206849128] [0.0115645397455]
