0.039888950064800005 [0.0356427431107] [0.0441351570189]
0.0404357220978 [0.0356406718493] [0.0452307723463]
0.041294205933799996 [0.0361856035888] [0.0464028082788]
0.042460089549450006 [0.0369772873819] [0.047942891717]
0.04363865219055 [0.0375645831227] [0.0497127212584]
0.04452864080665 [0.0375313274562] [0.0515259541571]
0.045133540406799996 [0.0371642373502] [0.0531028434634]
0.04580442607405 [0.0370686501265] [0.0545402020216]
0.04748120903965 [0.0384494438767] [0.0565129742026]
0.0512127652764 [0.0427351556718] [0.059690374881]
0.05854674242435 [0.0516615472734] [0.0654319375753]
0.07133895158770001 [0.0686315074563] [0.0740463957191]
0.09060155227780001 [0.097873583436] [0.0833295211196]
0.11035027727505001 [0.131141006947] [0.0895595476031]
0.1157151758671 [0.139168098569] [0.0922622531652]
0.1082584299149 [0.125266849995] [0.0912500098348]
0.09664310514935 [0.106776058674] [0.0865101516247]
0.0818473920226 [0.0869140997529] [0.0767806842923]
0.06493121199310001 [0.0683396235108] [0.0615228004754]
0.04920443706215 [0.0523118302226] [0.0460970439017]
0.037247307598599996 [0.0405291840434] [0.0339654311538]
0.0294666364789 [0.0328641310334] [0.0260691419244]
0.02468207478525 [0.0278759934008] [0.0214881561697]
0.021672906354099998 [0.0244403406978] [0.0189054720104]
0.0199229437858 [0.022392982617] [0.0174529049546]
0.018928945995850002 [0.0212815143168] [0.0165763776749]
0.018456015735849998 [0.0207412652671] [0.0161707662046]
0.01841887272895 [0.0206272099167] [0.0162105355412]
0.018753045238550002 [0.0208680834621] [0.016638007015]
0.019406477920750002 [0.0214471071959] [0.0173658486456]
0.02024716138835 [0.0222565978765] [0.0182377249002]
0.0211463607848 [0.0232088249177] [0.0190838966519]
0.0221593976021 [0.0244093835354] [0.0199094116688]
0.02361976355315 [0.0263626947999] [0.0208768323064]
0.026007915846999997 [0.0297244060785] [0.0222914256155]
0.02988895401355 [0.0352791137993] [0.0244987942278]
0.03632395435125 [0.0446044653654] [0.0280434433371]
0.0474606882781 [0.0609014183283] [0.0340199582279]
0.06684825755655 [0.0885158106685] [0.0451807044446]
0.10014649108029999 [0.132577463984] [0.0677155181766]
0.1513167321685 [0.196288213134] [0.106345251203]
0.212575495243 [0.273471534252] [0.151679456234]
0.24920226633550002 [0.321114063263] [0.177290469408]
0.263169787824 [0.342992514372] [0.183347061276]
0.266988992691 [0.352214843035] [0.181763142347]
0.268759943545 [0.358023583889] [0.179496303201]
0.2673715204 [0.355755418539] [0.178987622261]
0.2649107053875 [0.346016764641] [0.183804646134]
0.2663424536585 [0.336659580469] [0.196025326848]
0.2636099085215 [0.318471848965] [0.208747968078]
0.259990938008 [0.297180861235] [0.222801014781]
0.25867746025349997 [0.280813008547] [0.23654191196]
0.252001643181 [0.26146581769] [0.242537468672]
0.2278863713145 [0.235201314092] [0.220571428537]
0.2020683065055 [0.216134607792] [0.188002005219]
0.1834155619145 [0.201597288251] [0.165233835578]
0.172441974282 [0.188669621944] [0.15621432662]
0.164388887584 [0.178652510047] [0.150125265121]
0.1586933881045 [0.171089842916] [0.146296933293]
0.1527930945155 [0.16353367269] [0.142052516341]
0.1396427452565 [0.150082573295] [0.129202917218]
0.11454375460749999 [0.125091567636] [0.103995941579]
0.08677460253239999 [0.0979845970869] [0.0755646079779]
0.06585873663425 [0.0784528180957] [0.0532646551728]
0.05372821725905 [0.0662897229195] [0.0411667115986]
0.0470478720963 [0.0598335042596] [0.034262239933]
0.04385516326875 [0.0575152114034] [0.0301951151341]
0.04273239988835 [0.0576453693211] [0.0278194304556]
0.0426492765546 [0.0587946102023] [0.0265039429069]
0.042649678885950004 [0.0595930404961] [0.0257063172758]
0.042464889586000004 [0.0598169602454] [0.0251128189266]
0.04148935712875 [0.0588296465576] [0.0241490676999]
0.039816390723 [0.056773301214] [0.022859480232]
0.0374926328659 [0.0535603389144] [0.0214249268174]
0.03500169236215 [0.0498662814498] [0.0201371032745]
0.0325482552871 [0.0460844300687] [0.0190120805055]
0.0305468523875 [0.0430817678571] [0.0180119369179]
0.02920613903555 [0.0409698560834] [0.0174424219877]
0.02849131915715 [0.0396107137203] [0.017371924594]
0.028635745868049997 [0.0394430980086] [0.0178283937275]
0.02940631750975 [0.0401902198792] [0.0186224151403]
0.03042127378285 [0.0413757786155] [0.0194667689502]
0.031414972618200004 [0.0426091663539] [0.0202207788825]
0.0321759684011 [0.0436782687902] [0.020673668012]
0.0327398404479 [0.0445905253291] [0.0208891555667]
0.0330250384286 [0.0451796576381] [0.0208704192191]
0.03334022685885 [0.0457242652774] [0.0209561884403]
0.03397596254945 [0.0465139187872] [0.0214380063117]
0.0352067342028 [0.0477500110865] [0.0226634573191]
0.0369724202901 [0.0493879131973] [0.0245569273829]
0.03923092223705 [0.0515181683004] [0.0269436761737]
0.0422356436029 [0.0547175332904] [0.0297537539154]
0.04608342051505 [0.0592320151627] [0.0329348258674]
0.050962744280699995 [0.0656028017402] [0.0363226868212]
0.0565951652825 [0.0733477920294] [0.0398425385356]
0.05990782752635 [0.0780206024647] [0.041795052588]
