0.1419350914655 [0.170766919851] [0.11310326308]
0.1678102985025 [0.196066901088] [0.139553695917]
0.17087534815049998 [0.197712495923] [0.144038200378]
0.15672805160300002 [0.183611109853] [0.129844993353]
0.14174458012 [0.170333400369] [0.113155759871]
0.13029667735085 [0.161165937781] [0.0994274169207]
0.12422203272570001 [0.15834403038] [0.0901000350714]
0.1206817999483 [0.157420396805] [0.0839432030916]
0.11650522425750001 [0.154671117663] [0.078339330852]
0.10664712265109999 [0.144347518682] [0.0689467266202]
0.09420503489665 [0.129751190543] [0.0586588792503]
0.07957318425175 [0.112983778119] [0.0461625903845]
0.06254054233435 [0.0919161587954] [0.0331649258733]
0.04748343955725 [0.0715942680836] [0.0233726110309]
0.0371794998646 [0.056738935411] [0.0176200643182]
0.03136436128985 [0.0479753091931] [0.0147534133866]
0.0289172404446 [0.0441739968956] [0.0136604839936]
0.02879505464805 [0.0439860112965] [0.0136040979996]
0.03021652670575 [0.0462577752769] [0.0141752781346]
0.03239462804045 [0.0497337840497] [0.0150554720312]
0.03464264515785 [0.053281519562] [0.0160037707537]
0.03647007606925 [0.0561722069979] [0.0167679451406]
0.037686508148900004 [0.0581407509744] [0.0172322653234]
0.03847537189725 [0.0595247894526] [0.0174259543419]
0.039230972528449995 [0.0610321499407] [0.0174297951162]
0.040430085733549996 [0.0633456408978] [0.0175145305693]
0.04236523620785 [0.0668822973967] [0.017848175019]
0.04535278398545001 [0.0719944611192] [0.0187111068517]
0.04958443064240001 [0.0789111331105] [0.0202577281743]
0.0541987037286 [0.0863179415464] [0.0220794659108]
0.057959609665 [0.0922635123134] [0.0236557070166]
0.058384796604499994 [0.0927560254931] [0.0240135677159]
0.05410079564895 [0.0851414352655] [0.0230601560324]
0.0457555660978 [0.0704899504781] [0.0210211817175]
0.0358814634383 [0.053529933095] [0.0182329937816]
0.0272952904925 [0.0393078699708] [0.0152827110142]
0.0212968904525 [0.0296512786299] [0.0129425022751]
0.017479470931 [0.0235711447895] [0.0113877970725]
0.0149174439721 [0.019421139732] [0.0104137482122]
0.012936369515965 [0.0161479227245] [0.00972481630743]
0.011216819286345 [0.0132994223386] [0.00913421623409]
0.00984583143146 [0.0109911831096] [0.00870047975332]
0.008956430945545001 [0.0094254007563] [0.00848746113479]
0.008530267514285001 [0.00858190655708] [0.00847862847149]
0.008476139977575 [0.00829304940999] [0.00865923054516]
0.008522100746635 [0.00821759179235] [0.00882660970092]
0.00849727494642 [0.00813005119562] [0.00886449869722]
0.008326187264175 [0.00793718267232] [0.00871519185603]
0.008194892667235 [0.00779191963375] [0.00859786570072]
0.008418508339675 [0.00801134016365] [0.0088256765157]
0.009200070984665 [0.00881447643042] [0.00958566553891]
0.0106097222306 [0.0104150120169] [0.0108044324443]
0.01257615862415 [0.0129245333374] [0.0122277839109]
0.015171450097100001 [0.0166879612952] [0.013654938899]
0.0188359497115 [0.0223073810339] [0.0153645183891]
0.02461494132875 [0.0311619453132] [0.0180679373443]
0.0334695316851 [0.0445714369416] [0.0223676264286]
0.0434150584042 [0.0586466304958] [0.0281834863126]
0.0489649064839 [0.0646149739623] [0.0333148390055]
0.04904249496755 [0.0625592842698] [0.0355257056653]
0.0462142825127 [0.057304751128] [0.0351238138974]
0.042719982564450004 [0.0525698401034] [0.0328701250255]
0.0391613021493 [0.0478037595749] [0.0305188447237]
0.0356549564749 [0.0430487059057] [0.0282612070441]
0.032843505963700004 [0.039024759084] [0.0266622528434]
0.03091127611695 [0.0364298671484] [0.0253926850855]
0.029251832515 [0.0346775688231] [0.0238260962069]
0.02772470843045 [0.0327385962009] [0.02271082066]
0.0265167457983 [0.0307977311313] [0.0222357604653]
0.02559727523475 [0.0291948132217] [0.0219997372478]
0.0249108094722 [0.0279359817505] [0.0218856371939]
0.024622535333049998 [0.0272580496967] [0.0219870209694]
0.024733177386199998 [0.027240389958] [0.0222259648144]
0.02513505984095 [0.0276962164789] [0.022573903203]
0.02561428025365 [0.0283064972609] [0.0229220632464]
0.02607829682525 [0.028932955116] [0.0232236385345]
0.0264824060723 [0.0295497532934] [0.0234150588512]
0.0270014666021 [0.0304967202246] [0.0235062129796]
0.027633044868749998 [0.0318281129003] [0.0234379768372]
0.02809262275695 [0.0329910926521] [0.0231941528618]
0.027964910492300002 [0.033138435334] [0.0227913856506]
0.0278923427686 [0.0332906655967] [0.0224940199405]
0.0286030359566 [0.0341471470892] [0.023058924824]
0.03113997820765 [0.0365431942046] [0.0257367622107]
0.0357993412763 [0.0407882742584] [0.0308104082942]
0.041159179061649995 [0.0454897992313] [0.036828558892]
0.0440145023167 [0.0491690002382] [0.0388600043952]
0.04512419365345 [0.0509351119399] [0.039313275367]
0.0452285706997 [0.0516563132405] [0.0388008281589]
0.045484745874999996 [0.0526177771389] [0.0383517146111]
0.04626097157595 [0.0540848895907] [0.0384370535612]
0.047723637893800006 [0.0559028200805] [0.0395444557071]
0.0500083565712 [0.0582257211208] [0.0417909920216]
0.05396809987725 [0.0622959919274] [0.0456402078271]
0.06114603579045 [0.0700041726232] [0.0522878989577]
0.07460895180704999 [0.0845730379224] [0.0646448656917]
0.0990061983467 [0.111020460725] [0.0869919359684]
0.1330518908795 [0.145237550139] [0.12086623162]
0.1680840179325 [0.177280366421] [0.158887669444]
0.187523804605 [0.190981060266] [0.184066548944]
0.19161479920149999 [0.188537463546] [0.194692134857]
0.190356813371 [0.18168862164] [0.199025005102]
0.1900606155395 [0.172968477011] [0.207152754068]
0.18826253712149998 [0.16340367496] [0.213121399283]
0.1854835376145 [0.153558075428] [0.217408999801]
0.1811045333745 [0.142923384905] [0.219285681844]
0.175527274609 [0.13438166678] [0.216672882438]
0.1685186251995 [0.127746596932] [0.209290653467]
0.16209105402250001 [0.125076368451] [0.199105739594]
0.1564040146765 [0.124200366437] [0.188607662916]
0.15097989887 [0.125051781535] [0.176908016205]
0.144977737218 [0.123904876411] [0.166050598025]
0.138465020806 [0.119490154088] [0.157439887524]
0.130998916924 [0.114323616028] [0.14767421782]
0.125741597265 [0.11036195606] [0.14112123847]
0.1214234530925 [0.108772918582] [0.134073987603]
0.11837425455449999 [0.109717316926] [0.127031192183]
0.1164303533735 [0.11219470948] [0.120665997267]
0.1134959347545 [0.113964349031] [0.113027520478]
0.11054079979699999 [0.114526405931] [0.106555193663]
0.108004689217 [0.113518238068] [0.102491140366]
0.105563297868 [0.11103259027] [0.100094005466]
0.10321491211674999 [0.107613421977] [0.0988164022565]
0.10039874166269999 [0.103566989303] [0.0972304940224]
0.09552853554490001 [0.0982472896576] [0.0928097814322]
0.08803329989315001 [0.0912866443396] [0.0847799554467]
0.0790028944612 [0.0827183797956] [0.0752874091268]
0.07063960656525001 [0.074285723269] [0.0669934898615]
0.0649485383183 [0.0683849975467] [0.0615120790899]
0.061477134004200004 [0.0643985122442] [0.0585557557642]
0.05907687731085 [0.0611271448433] [0.0570266097784]
0.056802116334399994 [0.0577053725719] [0.0558988600969]
0.05479737557475 [0.0545098818839] [0.0550848692656]
0.05399508774285 [0.0521679669619] [0.0558222085238]
0.05460924655195 [0.0515345484018] [0.0576839447021]
0.05570496991275 [0.0525033995509] [0.0589065402746]
0.056435756385300004 [0.053308930248] [0.0595625825226]
0.056918099522600005 [0.0541169792414] [0.0597192198038]
0.056905686855299994 [0.0559927783906] [0.05781859532]
0.057759350165699996 [0.0593639500439] [0.0561547502875]
0.0615035947412 [0.0663283318281] [0.0566788576543]
0.06934071891009999 [0.0784128159285] [0.0602686218917]
0.08010437339545 [0.0945551842451] [0.0656535625458]
0.09144769981515 [0.112115941942] [0.0707794576883]
0.09982091188455 [0.125618860126] [0.0740229636431]
0.10370235145095 [0.132466390729] [0.0749383121729]
0.1017957665028 [0.129746422172] [0.0738451108336]
0.09445853903885 [0.118715815246] [0.0702012628317]
0.0844824537636 [0.105632402003] [0.0633325055242]
0.07510408945385 [0.0951458215714] [0.0550623573363]
0.06859671883285 [0.0882160291076] [0.0489774085581]
0.0647466946393 [0.0836398079991] [0.0458535812795]
0.06312042474745 [0.0816124230623] [0.0446284264326]
0.0631307400763 [0.0815979763865] [0.0446635037661]
0.06406015902755 [0.0828288942575] [0.0452914237976]
0.065206265077 [0.0843680873513] [0.0460444428027]
0.0662717297673 [0.0857136547565] [0.0468298047781]
0.0669983457774 [0.0861516520381] [0.0478450395167]
0.0680653657764 [0.0866745188832] [0.0494562126696]
0.0685037430376 [0.0857842192054] [0.0512232668698]
0.06919571757314999 [0.0850707441568] [0.0533206909895]
0.07055398635565 [0.0854036286473] [0.055704344064]
0.0733394138515 [0.087815977633] [0.05886285007]
0.078963752836 [0.0937172472477] [0.0642102584243]
0.090394616127 [0.106200620532] [0.074588611722]
0.11142460629350001 [0.13155028224] [0.091298930347]
0.144012454897 [0.168735697865] [0.119289211929]
0.177712365985 [0.198444083333] [0.156980648637]
0.19923619926000002 [0.211910694838] [0.186561703682]
0.20882478356349998 [0.217803940177] [0.19984562695]
0.2065543457865 [0.218055278063] [0.19505341351]
0.190958045423 [0.20787909627] [0.174036994576]
0.160000950098 [0.182982966304] [0.137018933892]
0.125248264521 [0.146230101585] [0.104266427457]
0.0999545082451 [0.119166120887] [0.0807428956032]
0.0859719999136 [0.104177951813] [0.0677660480142]
0.0782063677907 [0.095851957798] [0.0605607777834]
0.0744972582906 [0.0916818901896] [0.0573126263916]
