0.04629761353135 [0.0577149912715] [0.0348802357912]
0.0451348181814 [0.055849660188] [0.0344199761748]
0.042770160362100004 [0.0512063167989] [0.0343340039253]
0.0389034189284 [0.0436588674784] [0.0341479703784]
0.034602832049150004 [0.0363956168294] [0.0328100472689]
0.03146268799905 [0.0313385650516] [0.0315868109465]
0.0295190541074 [0.0280232150108] [0.031014893204]
0.028563003987100002 [0.0263290870935] [0.0307969208807]
0.028363824822 [0.0257887151092] [0.0309389345348]
0.028778859414150003 [0.0261591318995] [0.0313985869288]
0.029628047719600002 [0.027239587158] [0.0320165082812]
0.030762578360749998 [0.0288969445974] [0.0326282121241]
0.0321388123557 [0.0307099763304] [0.033567648381]
0.03298862837255 [0.0318800806999] [0.0340971760452]
0.032671559602 [0.032270822674] [0.03307229653]
0.0316445454955 [0.0323685444891] [0.0309205465019]
0.030368974432349996 [0.0328080952168] [0.0279298536479]
0.029596521519149998 [0.0341369621456] [0.0250560808927]
0.02969249244775 [0.0363584272563] [0.0230265576392]
0.031012224964800002 [0.0396752022207] [0.0223492477089]
0.033590005710700005 [0.0442650429904] [0.022914968431]
0.03691418468955 [0.0490589439869] [0.0247694253922]
0.0395505419001 [0.0517891161144] [0.0273119676858]
0.040625810623200004 [0.0523648783565] [0.0288867428899]
0.04098552651705 [0.051988132298] [0.0299829207361]
0.04118934087455 [0.0514310002327] [0.0309476815164]
0.04135734587905 [0.0505594536662] [0.0321552380919]
0.0414364635944 [0.0495091564953] [0.0333637706935]
0.0413223672658 [0.0483802780509] [0.0342644564807]
0.040451202541600007 [0.046543173492] [0.0343592315912]
0.038331331685200004 [0.0427418164909] [0.0339208468795]
0.0357148554176 [0.038440849632] [0.0329888612032]
0.033352693542850004 [0.0347570478916] [0.0319483391941]
0.0314969625324 [0.0324257686734] [0.0305681563914]
0.02980149630455 [0.0316369011998] [0.0279660914093]
0.0282922303304 [0.0323290750384] [0.0242553856224]
0.02735096868125 [0.0340748876333] [0.0206270497292]
0.026616220362499998 [0.0355153568089] [0.0177170839161]
0.02588945720345 [0.0359717682004] [0.0158071462065]
0.0253938366659 [0.0359727777541] [0.0148148955777]
0.02516867034135 [0.0358055382967] [0.014531802386]
0.02525249356405 [0.0358366593719] [0.0146683277562]
0.025632249191400003 [0.0361813008785] [0.0150831975043]
0.0263073341921 [0.0370023362339] [0.0156123321503]
0.02745262905955 [0.0387184619904] [0.0161867961287]
0.02933419495825 [0.0417078584433] [0.0169605314732]
0.03198574949055 [0.0461257025599] [0.0178457964212]
0.0349347796291 [0.0510105602443] [0.0188589990139]
0.0373891098425 [0.0549980439246] [0.0197801757604]
0.03783711697905 [0.0552979931235] [0.0203762408346]
0.03612604923545 [0.0513682998717] [0.0208837985992]
0.03383059985935 [0.0456761084497] [0.021985091269]
0.032568505033850004 [0.0419878736138] [0.0231491364539]
0.0321864197031 [0.0399027206004] [0.0244701188058]
0.03203058056535 [0.0388610623777] [0.025200098753]
0.03160591982305 [0.0379950031638] [0.0252168364823]
0.030699246563 [0.0367970019579] [0.0246014911681]
0.0295812636614 [0.0353798866272] [0.0237826406956]
0.02843571826815 [0.0338792204857] [0.0229922160506]
0.0273933950812 [0.0322316884995] [0.0225551016629]
0.02626128681005 [0.0303295757622] [0.0221929978579]
0.02542791422455 [0.028318086639] [0.0225377418101]
0.0247912509367 [0.0265631359071] [0.0230193659663]
0.02501712925735 [0.025778926909] [0.0242553316057]
0.02700778562575 [0.0267906431109] [0.0272249281406]
0.0320329265669 [0.0306224580854] [0.0334433950484]
0.04096587002275 [0.037409722805] [0.0445220172405]
0.05162047222255 [0.0462151914835] [0.0570257529616]
0.060097441077200005 [0.0553850382566] [0.0648098438978]
0.06472719274460001 [0.060504052788] [0.0689503327012]
0.06565338931975 [0.061526697129] [0.0697800815105]
0.06397772021590001 [0.057456638664] [0.0704988017678]
0.06249312125145 [0.0532419793308] [0.0717442631721]
0.06114329956470001 [0.0513225980103] [0.0709640011191]
0.05644221045075 [0.048508208245] [0.0643762126565]
0.046622795984150006 [0.0421753302217] [0.0510702617466]
0.03582977503535 [0.0344597920775] [0.0371997579932]
0.02751593664285 [0.0280977208167] [0.026934152469]
0.022371233440950003 [0.024002591148] [0.0207398757339]
0.01957189198585 [0.0218228753656] [0.0173209086061]
0.018383060582 [0.0210524518043] [0.0157136693597]
0.0181663180701 [0.0211207401007] [0.0152118960395]
0.01847844244915 [0.0215922929347] [0.0153645919636]
0.01897981762885 [0.0221062041819] [0.0158534310758]
0.019498551264399998 [0.0225641112775] [0.0164329912513]
0.0198196619749 [0.0227947421372] [0.0168445818126]
0.0201941775158 [0.0230749305338] [0.0173134244978]
0.02076899725945 [0.0236367862672] [0.0179012082517]
0.021587377414100002 [0.0246995538473] [0.0184752009809]
0.022950341925 [0.0265082810074] [0.0193924028426]
0.0254026893526 [0.0293920766562] [0.021413302049]
0.029784005135300003 [0.0339388884604] [0.0256291218102]
0.03723376058045 [0.0409632585943] [0.0335042625666]
0.04947001487015 [0.0516402199864] [0.0472998097539]
0.06834330782295 [0.0674867630005] [0.0691998526454]
0.09447805583475 [0.0889591425657] [0.0999969691038]
