0.08327435702085 [0.0992394909263] [0.0673092231154]
0.09879530966280001 [0.106126524508] [0.0914640948176]
0.0936957783995 [0.086497373879] [0.10089418292]
0.0690641719848 [0.0535962320864] [0.0845321118832]
0.04086240101605 [0.0304354112595] [0.0512893907726]
0.023043083027 [0.0182484220713] [0.0278377439827]
0.0143450931646 [0.0122269904241] [0.0164631959051]
0.01027094712483 [0.00910519622266] [0.011436698027]
0.00841263169423 [0.00747650302947] [0.00934876035899]
0.007712150225415 [0.00668467907235] [0.00873962137848]
0.00762802129611 [0.0064193746075] [0.00883666798472]
0.00781798851676 [0.00648175133392] [0.0091542256996]
0.00798083632253 [0.0066474401392] [0.00931423250586]
0.007879144279284999 [0.0066491686739] [0.00910911988467]
0.007505213841795 [0.0064052939415] [0.00860513374209]
0.007020621793340001 [0.00598192075267] [0.00805932283401]
0.006627303780989999 [0.00553907360882] [0.00771553395316]
0.006516045657915 [0.00534136453643] [0.0076907267794]
0.0067124441266050005 [0.00540890358388] [0.00801598466933]
0.0072388751432299996 [0.00574844796211] [0.00872930232435]
0.00812084460631 [0.00637164153159] [0.00987004768103]
0.009357610484565 [0.00731571530923] [0.0113995056599]
0.01088150264696 [0.00856568664312] [0.0131973186508]
0.0124203688465 [0.0100021595135] [0.0148385781795]
0.01357489917425 [0.0113594289869] [0.0157903693616]
0.01412052707745 [0.0122456839308] [0.0159953702241]
0.01426011044535 [0.0125820245594] [0.0159381963313]
0.014483378734449999 [0.0127546479926] [0.0162121094763]
0.0153584671207 [0.0133621962741] [0.0173547379673]
0.017496849410250002 [0.0149495769292] [0.0200441218913]
0.02171550691125 [0.018299292773] [0.0251317210495]
0.02875981945545 [0.0245220642537] [0.0329975746572]
0.0376667547971 [0.0346168726683] [0.0407166369259]
0.04445201344785 [0.0465588159859] [0.0423452109098]
0.046431494876749996 [0.054878551513] [0.0379844382405]
0.04472185857595 [0.056682202965] [0.0327615141869]
0.04172761924565 [0.0546708479524] [0.0287843905389]
0.0400600600988 [0.0530879311264] [0.0270321890712]
0.03988033998755 [0.0525434873998] [0.0272171925753]
0.0402572462335 [0.0523776449263] [0.0281368475407]
0.040211083367449996 [0.051612470299] [0.0288096964359]
0.0398882878944 [0.0505275018513] [0.0292490739375]
0.0384239805862 [0.0484171248972] [0.0284308362752]
0.03599040023985 [0.0451655648649] [0.0268152356148]
0.03302679304035 [0.0410726852715] [0.0249809008092]
0.0303125437349 [0.0371001958847] [0.0235248915851]
0.028421820141349998 [0.0341548323631] [0.0226888079196]
0.0278370641172 [0.0328087545931] [0.0228653736413]
0.028656870126700002 [0.03321172297] [0.0241020172834]
0.03101531602445 [0.0353891924024] [0.0266414396465]
0.0340631483123 [0.0382360480726] [0.029890248552]
0.03640170954165 [0.0399159826338] [0.0328874364495]
0.0377320032567 [0.0404221042991] [0.0350419022143]
0.03828130848705 [0.0404656715691] [0.036096945405]
0.03857749886815 [0.0408811271191] [0.0362738706172]
0.038861146196750004 [0.0418276526034] [0.0358946397901]
0.039477158337849996 [0.0434108152986] [0.0355435013771]
0.04096024297175 [0.0459578372538] [0.0359626486897]
0.04413368180395 [0.0503750145435] [0.0378923490644]
0.04940205998715 [0.057387471199] [0.0414166487753]
0.05649080686275 [0.0667440965772] [0.0462375171483]
0.06246753409505 [0.0745212808251] [0.050413787365]
0.06605748087169999 [0.0793236792088] [0.0527912825346]
0.0674615576863 [0.0812922865152] [0.0536308288574]
0.06873585656285 [0.0827679559588] [0.0547037571669]
0.07080573588610001 [0.085412569344] [0.0561989024282]
0.07328973151745 [0.0885804593563] [0.0579990036786]
0.0774130858481 [0.0938376411796] [0.0609885305166]
0.0816838927566 [0.100090511143] [0.0632772743702]
0.08476588875060001 [0.103141874075] [0.0663899034262]
0.08750612661265 [0.104649484158] [0.0703627690673]
0.08811816945695 [0.102748818696] [0.0734875202179]
0.08662636950614999 [0.0996684879065] [0.0735842511058]
0.0784419775009 [0.0916566327214] [0.0652273222804]
0.06408110260965 [0.0800782069564] [0.0480839982629]
0.0509504824877 [0.0680125653744] [0.033888399601]
0.041567745618500004 [0.0578146725893] [0.0253208186477]
0.0359437894076 [0.0508229583502] [0.021064620465]
0.03307710401715 [0.0468220934272] [0.0193321146071]
0.03214116953315 [0.0449509061873] [0.019331432879]
0.03232263121755 [0.0442553982139] [0.0203898642212]
0.03286152333025 [0.0438753627241] [0.0218476839364]
0.03337479848415 [0.0435313284397] [0.0232182685286]
0.033296317793400004 [0.0425722338259] [0.0240204017609]
0.0319080101326 [0.0399964042008] [0.0238196160644]
0.02911637630315 [0.0357313863933] [0.022501366213]
0.025980767793949998 [0.0315428115427] [0.0204187240452]
0.02365226857365 [0.0288372766227] [0.0184672605246]
0.022267348133 [0.0274552609771] [0.0170794352889]
0.0215565804392 [0.0266842804849] [0.0164288803935]
0.0217146966606 [0.0267361104488] [0.0166932828724]
0.0226981062442 [0.0275069754571] [0.0178892370313]
0.02429569046945 [0.0288116931915] [0.0197796877474]
0.02569292113185 [0.0302110798657] [0.021174762398]
0.026385635137549997 [0.0314651727676] [0.0213060975075]
0.02620960213245 [0.0323874652386] [0.0200317390263]
0.02568749058995 [0.0331916920841] [0.0181832890958]
0.02514676377175 [0.0339405760169] [0.0163529515266]
0.02480353275315 [0.034717746079] [0.0148893194273]
0.02510586054995 [0.0358523353934] [0.0143593857065]
0.0262695248239 [0.0377310961485] [0.0148079534993]
0.0287383776158 [0.0408568121493] [0.0166199430823]
0.03398850373925 [0.0468556806445] [0.021121326834]
0.045475235208849996 [0.0597603842616] [0.0311900861561]
0.06904753111305 [0.0856227874756] [0.0524722747505]
0.112461924553 [0.132209479809] [0.092714369297]
0.160367131233 [0.178912401199] [0.141821861267]
0.1851900666955 [0.205045819283] [0.165334314108]
0.17150080204 [0.201189875603] [0.141811728477]
0.138460114598 [0.172846704721] [0.104073524475]
0.10388944670545 [0.134404659271] [0.0733742341399]
0.07859348692 [0.101878516376] [0.055308457464]
0.061417693272249996 [0.0780627653003] [0.0447726212442]
0.050832305103549996 [0.063311599195] [0.0383530110121]
0.04452004656195 [0.0549101270735] [0.0341299660504]
0.040920348838 [0.0504763685167] [0.0313643291593]
0.0382682206109 [0.0471783801913] [0.0293580610305]
0.035859657451549995 [0.0440478511155] [0.0276714637876]
0.03255948238075 [0.0397377051413] [0.0253812596202]
0.02841238025575 [0.0344999693334] [0.0223247911781]
0.024270478636050002 [0.0292984005064] [0.0192425567657]
0.0209526438266 [0.0250969398767] [0.0168083477765]
0.018670768477 [0.0220650732517] [0.0152764637023]
0.0172577411868 [0.0200929772109] [0.0144225051627]
0.01647775433955 [0.0189501997083] [0.0140053089708]
0.016081260051600002 [0.0183482486755] [0.0138142714277]
0.0158853107132 [0.0179960988462] [0.0137745225802]
0.01577166467905 [0.0175909586251] [0.013952370733]
0.01580950571225 [0.0171118434519] [0.0145071679726]
0.016159733757349998 [0.0167089756578] [0.0156104918569]
0.0168753704056 [0.0167250223458] [0.0170257184654]
0.017517530359349998 [0.0168637316674] [0.0181713290513]
