0.1128608100115 [0.080530770123] [0.1451908499]
0.12254660204040001 [0.0887287333608] [0.15636447072]
0.12632713839435 [0.0931802913547] [0.159473985434]
0.12580139189935 [0.0946687608957] [0.156934022903]
0.11907718330605 [0.0941861569881] [0.143968209624]
0.11434207484145001 [0.0959685668349] [0.132715582848]
0.11034283041945 [0.0957116708159] [0.124973990023]
0.10398522019375 [0.0925053581595] [0.115465082228]
0.0947060473263 [0.0895242169499] [0.0998878777027]
0.08342483639715001 [0.086474455893] [0.0803752169013]
0.07323403842745 [0.0840669944882] [0.0624010823667]
0.06464712694290001 [0.080641373992] [0.0486528798938]
0.0578156635165 [0.0756029784679] [0.0400283485651]
0.052226047962899994 [0.069503121078] [0.0349489748478]
0.04683580622075 [0.0621551685035] [0.031516443938]
0.0424495683983 [0.0552657619119] [0.0296333748847]
0.0392596824095 [0.0499048493803] [0.0286145154387]
0.036653230898050004 [0.045328464359] [0.0279779974371]
0.03407917171715 [0.0409652851522] [0.0271930582821]
0.031065754592399998 [0.036516174674] [0.0256153345108]
0.027425215579600003 [0.0320554338396] [0.0227949973196]
0.02349713724105 [0.0278057139367] [0.0191885605454]
0.0199167309329 [0.0239257309586] [0.0159077309072]
0.017081445083 [0.0205882117152] [0.0135746784508]
0.0151036414318 [0.0179105810821] [0.0122967017815]
0.0139214792289 [0.0161282904446] [0.0117146680132]
0.0134306401014 [0.0153083791956] [0.0115529010072]
0.0135218631476 [0.0154641764238] [0.0115795498714]
0.01401850814 [0.0163732804358] [0.0116637358442]
0.014752692077350001 [0.0177761483938] [0.0117292357609]
0.01558248745275 [0.0193887520581] [0.0117762228474]
0.016400946304199998 [0.0210124999285] [0.0117893926799]
0.01704291161145 [0.0223123915493] [0.0117734316736]
0.0175511664711 [0.0232345499098] [0.0118677830324]
0.0183237348683 [0.0244306977838] [0.0122167719528]
0.01958623481915 [0.0262158662081] [0.0129566034302]
0.021523837931449998 [0.0286640934646] [0.0143835823983]
0.024514340795599998 [0.0320144966245] [0.0170141849667]
0.028649640269549997 [0.0360121913254] [0.0212870892137]
0.033638589084149996 [0.0401322729886] [0.0271449051797]
0.03856817819175 [0.0437873974442] [0.0333489589393]
0.0421290844679 [0.0463117547333] [0.0379464142025]
0.0441882200539 [0.0479323118925] [0.0404441282153]
0.045116448774899995 [0.0486090108752] [0.0416238866746]
0.0455911941826 [0.0488087646663] [0.0423736236989]
0.046189805492799996 [0.0490300431848] [0.0433495678008]
0.04774266667665 [0.0501550547779] [0.0453302785754]
0.05126469768585 [0.0532657429576] [0.0492636524141]
0.05812717974185 [0.0594991259277] [0.056755233556]
0.07013882696625 [0.0705801323056] [0.0696975216269]
0.089877165854 [0.0870178714395] [0.0927364602685]
0.117180816829 [0.107588022947] [0.126773610711]
0.1434175521135 [0.12679104507] [0.160044059157]
0.1571319550275 [0.142020881176] [0.172243028879]
0.16336946189399998 [0.153494313359] [0.173244610429]
0.170127548277 [0.166036650538] [0.174218446016]
0.1815214976665 [0.184577450156] [0.178465545177]
0.1957717463375 [0.206666827202] [0.184876665473]
0.208345517516 [0.228280574083] [0.188410460949]
0.20981723815199999 [0.234550952911] [0.185083523393]
0.2079732716085 [0.237088620663] [0.178857922554]
0.2048105001445 [0.237083420157] [0.172537580132]
0.20278005302000002 [0.237016037107] [0.168544068933]
0.2043024152515 [0.238365769386] [0.170239061117]
0.2093012928965 [0.240498811007] [0.178103774786]
0.2156364992265 [0.243348449469] [0.187924548984]
0.22286080569049999 [0.24723225832] [0.198489353061]
0.2312745079395 [0.252963006496] [0.209586009383]
0.23893316090099997 [0.258423298597] [0.219443023205]
0.24254799634200003 [0.262413024902] [0.222682967782]
0.2442694976925 [0.267986446619] [0.220552548766]
0.24477374553700001 [0.269709020853] [0.219838470221]
0.24543783813700001 [0.269668728113] [0.221206948161]
0.24251163005800003 [0.263069540262] [0.221953719854]
0.2425664290785 [0.25912258029] [0.226010277867]
0.24692926555849998 [0.260710477829] [0.233148053288]
0.252910986543 [0.26493036747] [0.240891605616]
0.258981987834 [0.270279973745] [0.247684001923]
0.26300586760050004 [0.274658590555] [0.251353144646]
0.264076910913 [0.278210163116] [0.24994365871]
0.2606518641115 [0.278799980879] [0.242503747344]
0.253183603287 [0.278179764748] [0.228187441826]
0.2485476955775 [0.280140936375] [0.21695445478]
0.24501743912699997 [0.279522269964] [0.21051260829]
0.2448692321775 [0.283577829599] [0.206160634756]
0.2431231960655 [0.286199420691] [0.20004697144]
0.241005793214 [0.287780672312] [0.194230914116]
0.24010782688850002 [0.288334995508] [0.191880658269]
0.24261416494850002 [0.289504349232] [0.195723980665]
0.2496157884595 [0.295152068138] [0.204079508781]
0.2594816088675 [0.306917577982] [0.212045639753]
0.2641273215415 [0.312711745501] [0.215542897582]
0.262075312436 [0.310228735209] [0.213921889663]
0.255427777767 [0.300198167562] [0.210657387972]
0.24690227955549998 [0.285796076059] [0.208008483052]
0.2401104792955 [0.271718770266] [0.208502188325]
0.23415259271900002 [0.257035106421] [0.211270079017]
0.2232675552365 [0.234014600515] [0.212520509958]
0.210834503174 [0.21353545785] [0.208133548498]
0.1988194957375 [0.197212845087] [0.200426146388]
0.190330982208 [0.188684388995] [0.191977575421]
0.184316150844 [0.18419238925] [0.184439912438]
0.1796272024515 [0.180245637894] [0.179008767009]
0.17502181232 [0.176960960031] [0.173082664609]
0.1656501218675 [0.171795979142] [0.159504264593]
0.1511842533945 [0.164965465665] [0.137403041124]
0.1351321265105 [0.157750114799] [0.112514138222]
0.1237217597662 [0.151924461126] [0.0955190584064]
0.1176365837455 [0.149080529809] [0.086192637682]
0.115657363087 [0.149560943246] [0.081753782928]
0.11640271544465 [0.152436360717] [0.0803690701723]
0.1182953156529 [0.155927598476] [0.0806630328298]
0.1200382448731 [0.158467262983] [0.0816092267632]
0.12122160568855 [0.159671440721] [0.0827717706561]
0.1222706884144 [0.160339042544] [0.0842023342848]
0.12531454116095 [0.164294362068] [0.0863347202539]
0.13069256022585 [0.173127293587] [0.0882578268647]
0.1357385851445 [0.180997550488] [0.090479619801]
0.1367606334389 [0.180774152279] [0.0927471145988]
0.1373583190145 [0.178902074695] [0.095814563334]
0.139304332435 [0.177760392427] [0.100848272443]
0.14447943121200002 [0.180189207196] [0.108769655228]
0.147105023265 [0.179018229246] [0.115191817284]
0.131061717868 [0.15539637208] [0.106727063656]
0.1006834506988 [0.114640854299] [0.0867260470986]
