0.0700978003442 [0.0767686963081] [0.0634269043803]
0.07070162147285 [0.0776968076825] [0.0637064352632]
0.0717881470919 [0.0795952305198] [0.063981063664]
0.07240733131765 [0.0811168625951] [0.0636978000402]
0.0727827139199 [0.0821063295007] [0.0634590983391]
0.07368723303079999 [0.0828783065081] [0.0644961595535]
0.07595378905535 [0.0842944979668] [0.0676130801439]
0.07934671640395 [0.0851329565048] [0.0735604763031]
0.0825859941542 [0.0853330492973] [0.0798389390111]
0.0859776623547 [0.0853309035301] [0.0866244211793]
0.08818463236095 [0.0835825651884] [0.0927866995335]
0.0889009349048 [0.0814437270164] [0.0963581427932]
0.08950772881505 [0.0801934674382] [0.0988219901919]
0.08968583121895 [0.0795054733753] [0.0998661890626]
0.0876236148179 [0.0777947083116] [0.0974525213242]
0.0785544812679 [0.0720333829522] [0.0850755795836]
0.06240661814805 [0.0601931661367] [0.0646200701594]
0.04620413295925 [0.046192958951] [0.0462153069675]
0.03506993874905 [0.0355182662606] [0.0346216112375]
0.029082045890350003 [0.0295668598264] [0.0285972319543]
0.02676954027265 [0.0274004340172] [0.0261386465281]
0.0264030750841 [0.0271740350872] [0.025632115081]
0.0268540531397 [0.027892511338] [0.0258155949414]
0.02743851020935 [0.0290219821036] [0.0258550383151]
0.02773867268115 [0.0300770923495] [0.0254002530128]
0.02786670438945 [0.0308678746223] [0.0248655341566]
0.02781941369175 [0.0314091071486] [0.0242297202349]
0.027881015092149998 [0.0320265516639] [0.0237354785204]
0.0280395774171 [0.032523971051] [0.0235551837832]
0.028412728570399996 [0.0329487584531] [0.0238766986877]
0.02920240256935 [0.0335077792406] [0.0248970258981]
0.030861469917 [0.0348357744515] [0.0268871653825]
0.0339160822332 [0.0375840514898] [0.0302481129766]
0.0388652980328 [0.0422623381019] [0.0354682579637]
0.0459973067045 [0.0491061732173] [0.0428884401917]
0.05499578267335 [0.05812901631] [0.0518625490367]
0.06443180702625 [0.0686405301094] [0.0602230839431]
0.07128880918024999 [0.0770488902926] [0.0655287280679]
0.07672825828195 [0.0850542858243] [0.0684022307396]
0.08265694603320001 [0.0945782139897] [0.0707356780767]
0.09134569019075 [0.10703279078] [0.0756585896015]
0.10249915346485 [0.121735014021] [0.0832632929087]
0.11393356323265 [0.136318251491] [0.0915488749743]
0.12232317402945 [0.144939228892] [0.0997071191669]
0.125198721886 [0.148330420256] [0.102067023516]
0.1244814768434 [0.149975553155] [0.0989874005318]
0.12332448363285001 [0.153087943792] [0.0935610234737]
0.1222283802927 [0.155829936266] [0.0886268243194]
0.1208776645364 [0.155097678304] [0.0866576507688]
0.11806073784849999 [0.150305628777] [0.08581584692]
0.11157748848185 [0.140645176172] [0.0825098007917]
0.10224152728909999 [0.126672014594] [0.0778110399842]
0.09171561896805 [0.109469279647] [0.0739619582891]
0.082395657897 [0.0924085080624] [0.0723828077316]
0.07590931653975 [0.0781197473407] [0.0736988857388]
0.07241970300675 [0.0683721974492] [0.0764672085643]
0.0716166161001 [0.0639285296202] [0.07930470258]
0.07243214547634999 [0.0635492056608] [0.0813150852919]
0.07385504990815 [0.0650968700647] [0.0826132297516]
0.0755333937705 [0.0680999308825] [0.0829668566585]
0.0771113708615 [0.0711984634399] [0.0830242782831]
0.07830019667745 [0.0734073594213] [0.0831930339336]
0.07835371419789999 [0.0737595111132] [0.0829479172826]
0.07754175737499999 [0.0729180723429] [0.0821654424071]
0.0765264034271 [0.071252733469] [0.0818000733852]
0.07642470300195 [0.0704342201352] [0.0824151858687]
0.07806853204965 [0.0717697888613] [0.084367275238]
0.0813316591084 [0.0761251375079] [0.0865381807089]
0.08614707738159999 [0.0830289423466] [0.0892652124166]
0.09320325031875 [0.0910080298781] [0.0953984707594]
0.10222847387185 [0.0971814393997] [0.107275508344]
0.11371141299600002 [0.100244782865] [0.127178043127]
0.12557058408834998 [0.0986619517207] [0.152479216456]
0.1362623125316 [0.0952583104372] [0.177266314626]
0.13796420022845 [0.0916295871139] [0.184298813343]
0.137990191579 [0.08890157938] [0.187078803778]
0.1366911940275 [0.088335134089] [0.185047253966]
0.13623639568675 [0.0903858318925] [0.182086959481]
0.13614702597255 [0.0946838185191] [0.177610233426]
0.1363723166285 [0.100950695574] [0.171793937683]
0.137941583991 [0.107905104756] [0.167978063226]
0.1415812335905 [0.114213339984] [0.168949127197]
0.1451399847865 [0.118679195642] [0.171600773931]
0.148935031146 [0.121684662998] [0.176185399294]
0.15421266108749998 [0.124676167965] [0.18374915421]
0.1597314849495 [0.128507524729] [0.19095544517]
0.1643880829215 [0.133194446564] [0.195581719279]
0.169493943453 [0.14052157104] [0.198466315866]
0.1760513186455 [0.150925964117] [0.201176673174]
0.1840004771945 [0.162198424339] [0.20580253005]
0.18999409675599999 [0.170024454594] [0.209963738918]
0.193451397121 [0.174299240112] [0.21260355413]
0.192039117217 [0.172724083066] [0.211354151368]
0.1888029277325 [0.166898429394] [0.210707426071]
0.18747325986649999 [0.160805433989] [0.214141085744]
0.1862256526945 [0.15295612812] [0.219495177269]
0.184400856495 [0.1449739784] [0.22382773459]
0.1735944747925 [0.12615403533] [0.221034914255]
0.1487529315055 [0.103399567306] [0.194106295705]
0.11080414056775001 [0.0798966139555] [0.14171166718]
0.08191592991365 [0.0625436604023] [0.101288199425]
0.0665972866118 [0.0529752895236] [0.0802192837]
0.059881128370750006 [0.0491928979754] [0.0705693587661]
