0.162110693753 [0.124471738935] [0.199749648571]
0.1612205654385 [0.120370358229] [0.202070772648]
0.1596286818385 [0.117802545428] [0.201454818249]
0.158435765654 [0.116825409234] [0.200046122074]
0.1559122800825 [0.117283388972] [0.194541171193]
0.15503743290900002 [0.119819179177] [0.190255686641]
0.1579961031675 [0.125609636307] [0.190382570028]
0.16141856461749998 [0.133604541421] [0.189232587814]
0.165553152561 [0.141642734408] [0.189463570714]
0.1700189560655 [0.149349778891] [0.19068813324]
0.171595863998 [0.154470011592] [0.188721716404]
0.1697876900435 [0.156632483006] [0.182942897081]
0.1657417565585 [0.156086295843] [0.175397217274]
0.160154543817 [0.152757138014] [0.16755194962]
0.153949201107 [0.146510615945] [0.161387786269]
0.147012554109 [0.136453703046] [0.157571405172]
0.13987891376 [0.123047605157] [0.156710222363]
0.13395974040050002 [0.111136496067] [0.156782984734]
0.129806343466 [0.103200756013] [0.156411930919]
0.12719506770385 [0.0997028052807] [0.154687330127]
0.1257449164984 [0.0998753160238] [0.151614516973]
0.124244771898 [0.10123179853] [0.147257745266]
0.12258097529449999 [0.102506488562] [0.142655462027]
0.12214867770650001 [0.10401725769] [0.140280097723]
0.1238161996005 [0.105312466621] [0.14231993258]
0.127864759415 [0.107124470174] [0.148605048656]
0.130965325981 [0.108955658972] [0.15297499299]
0.133736588061 [0.110851228237] [0.156621947885]
0.137686096132 [0.113305285573] [0.162066906691]
0.1430096067485 [0.118007831275] [0.168011382222]
0.15002813190199998 [0.126987636089] [0.173068627715]
0.1591188386085 [0.141538307071] [0.176699370146]
0.17086913436649998 [0.161366358399] [0.180371910334]
0.181456565857 [0.178441435099] [0.184471696615]
0.180084504187 [0.176685616374] [0.183483392]
0.15812905132799998 [0.148191481829] [0.168066620827]
0.1246968619525 [0.110799483955] [0.13859423995]
0.09553815051924999 [0.0804838091135] [0.110592491925]
0.07597605511545 [0.0602724850178] [0.0916796252131]
0.06309190951285 [0.045268882066] [0.0809149369597]
0.05350924655795 [0.0342991650105] [0.0727193281054]
0.043806434609 [0.0268771033734] [0.0607357658446]
0.0335420202464 [0.0214590765536] [0.0456249639392]
0.0249186363071 [0.0173839814961] [0.0324532911181]
0.01902539515865 [0.0145066613331] [0.0235441289842]
0.0153663051315 [0.0125047946349] [0.0182278156281]
0.013379686512050001 [0.0112939374521] [0.015465435572]
0.01242391904815 [0.0106936749071] [0.0141541631892]
0.01209693495185 [0.0105861388147] [0.013607731089]
0.012086768168950001 [0.010726925917] [0.0134466104209]
0.01221003802495 [0.0109909027815] [0.0134291732684]
0.0123809026554 [0.0113007435575] [0.0134610617533]
0.0125419353135 [0.0116311870515] [0.0134526835755]
0.01265950873495 [0.0120011763647] [0.0133178411052]
0.012683088891200001 [0.0123631991446] [0.0130029786378]
0.01261290721595 [0.0126851461828] [0.0125406682491]
0.0126291485503 [0.0130803789943] [0.0121779181063]
0.0131181334145 [0.0139373829588] [0.0122988838702]
0.01484268065545 [0.016095077619] [0.0135902836919]
0.01932446472345 [0.0213144402951] [0.0173344891518]
0.0285731423646 [0.0317697525024] [0.0253765322268]
0.0433560553938 [0.0476800315082] [0.0390320792794]
0.06113095581535 [0.06554505229] [0.0567168593407]
0.07553139328955 [0.0790482237935] [0.0720145627856]
0.0812946520746 [0.0834483727813] [0.0791409313679]
0.0816054493189 [0.0825828611851] [0.0806280374527]
0.0807663425803 [0.0807571187615] [0.0807755663991]
0.07972060889005 [0.0786932334304] [0.0807479843497]
0.0786027126014 [0.0764761343598] [0.080729290843]
0.07746747508645 [0.0743125602603] [0.0806223899126]
0.07655452936885 [0.0727467164397] [0.080362342298]
0.07599859312175 [0.0719130113721] [0.0800841748714]
0.0757336616516 [0.0713826790452] [0.080084644258]
0.075526304543 [0.0702838003635] [0.0807688087225]
0.07516228035094999 [0.0680190101266] [0.0823055505753]
0.074450340122 [0.0644638761878] [0.0844368040562]
0.07415861822665 [0.0601084493101] [0.0882087871432]
0.07552583888175 [0.0575574561954] [0.0934942215681]
0.0736637543887 [0.0555357895792] [0.0917917191982]
0.0661823321134 [0.0528120584786] [0.0795526057482]
0.05757079645995 [0.0495756566525] [0.0655659362674]
0.0516172479838 [0.0478904470801] [0.0553440488875]
0.0484432429075 [0.0469457954168] [0.0499406903982]
0.04689973965285 [0.0466810464859] [0.0471184328198]
0.04608224518595 [0.0467846766114] [0.0453798137605]
0.04543092660605 [0.0469807982445] [0.0438810549676]
0.04476340860125 [0.0472190082073] [0.0423078089952]
0.04385230317715 [0.0472466349602] [0.0404579713941]
0.042800039052950004 [0.0474143140018] [0.0381857641041]
0.041613699868300005 [0.0475529208779] [0.0356744788587]
0.040664331987499996 [0.0479177907109] [0.0334108732641]
0.0403094664216 [0.0486143566668] [0.0320045761764]
0.041064795106649996 [0.0498182699084] [0.0323113203049]
0.043807445094 [0.052624091506] [0.034990798682]
0.0494829416275 [0.0580694489181] [0.0408964343369]
0.05922655947505 [0.0667357519269] [0.0517173670232]
0.0731165930629 [0.0782766491175] [0.0679565370083]
0.0828493013978 [0.0808592364192] [0.0848393663764]
0.0765362121165 [0.0688414499164] [0.0842309743166]
0.0609286632389 [0.0540977679193] [0.0677595585585]
0.046922424808149996 [0.0428562983871] [0.0509885512292]
0.03792353719475 [0.034585300833] [0.0412617735565]
0.03223128896205 [0.0282681379467] [0.0361944399774]
0.028578571975250003 [0.0231361873448] [0.0340209566057]
0.02639431972055 [0.0191451925784] [0.0336434468627]
0.02520577702675 [0.0162471365184] [0.0341644175351]
0.0242495816201 [0.0142993927002] [0.03419977054]
0.0226573832333 [0.0130075663328] [0.0323072001338]
0.01997102471065 [0.0121567593887] [0.0277852900326]
0.016848104074600002 [0.0115572288632] [0.022138979286]
0.01428983360525 [0.0112090669572] [0.0173706002533]
0.01267478661615 [0.011097711511] [0.0142518617213]
0.0118589657359 [0.0112158562988] [0.012502075173]
0.01160589465875 [0.0115297911689] [0.0116819981486]
0.0117655103095 [0.0120687168092] [0.0114623038098]
0.0122574009001 [0.0129144126549] [0.0116003891453]
0.01303475303575 [0.0141334598884] [0.0119360461831]
0.01393262203785 [0.0156627222896] [0.0122025217861]
0.01480880146845 [0.0174702312797] [0.0121473716572]
0.0155747560784 [0.0194261074066] [0.0117234047502]
0.0162319950759 [0.0213093347847] [0.0111546553671]
0.01691930135715 [0.0230462215841] [0.0107923811302]
0.0175357805565 [0.0242413189262] [0.0108302421868]
0.0182345751673 [0.0249285679311] [0.0115405824035]
0.019451031926999998 [0.0257797669619] [0.0131222968921]
0.0216484963894 [0.0273298304528] [0.015967162326]
0.02439795061945 [0.028888951987] [0.0199069492519]
0.02693809848275 [0.0299265440553] [0.0239496529102]
0.0280256988481 [0.0301990360022] [0.025852361694]
0.02692659851165 [0.0296022053808] [0.0242509916425]
0.02452827896925 [0.0282748360187] [0.0207817219198]
