M B1 B2
0.23816137015849997 [0.157513856888] [0.318808883429]
0.2407488897445 [0.162873104215] [0.318624675274]
0.244292482734 [0.170989394188] [0.31759557128]
0.2465431988235 [0.179695487022] [0.313390910625]
0.2446320727465 [0.187149181962] [0.302114963531]
0.23986320942650002 [0.192479327321] [0.287247091532]
0.23541465401650002 [0.198957681656] [0.271871626377]
0.2333826050165 [0.210139587522] [0.256625622511]
0.233584754169 [0.2282743752] [0.238895133138]
0.2353613451125 [0.249936491251] [0.220786198974]
0.233051083982 [0.263558477163] [0.202543690801]
0.2244708836075 [0.26421880722] [0.184722959995]
0.215494737029 [0.260179370642] [0.170810103416]
0.2094371989365 [0.256520569324] [0.162353828549]
0.205544754863 [0.253934592009] [0.157154917717]
0.20139869302500002 [0.250212907791] [0.152584478259]
0.193921819329 [0.242180511355] [0.145663127303]
0.18214136362049999 [0.228659763932] [0.135622963309]
0.1664970144625 [0.210253834724] [0.122740194201]
0.148755840957 [0.188248544931] [0.109263136983]
0.13044837489715 [0.163816437125] [0.0970803126693]
0.1136721037328 [0.140226855874] [0.0871173515916]
0.10045318305510001 [0.121066860855] [0.0798395052552]
0.09159940481170001 [0.108039654791] [0.0751591548324]
0.08657689392545 [0.101202473044] [0.0719513148069]
0.08556903898715 [0.099672049284] [0.0714660286903]
0.08677917346365 [0.101390361786] [0.0721679851413]
0.0885126776993 [0.104540400207] [0.0724849551916]
0.0896132774651 [0.107624463737] [0.0716020911932]
0.08952397853145 [0.109615661204] [0.0694322958589]
0.0884411670268 [0.109783999622] [0.0670983344316]
0.08806611970085 [0.110028535128] [0.0661037042737]
0.08833751454965 [0.110122278333] [0.0665527507663]
0.08897027745865 [0.109982632101] [0.0679579228163]
0.08939198032025 [0.1097445786] [0.0690393820405]
0.0905111767349 [0.110842570662] [0.0701797828078]
0.0934146605434 [0.11502186209] [0.0718074589968]
0.09869317710415 [0.122392907739] [0.0749934464693]
0.1061700358986 [0.132642880082] [0.0796971917152]
0.11280144006035 [0.141443908215] [0.0841589719057]
0.1109415329994 [0.140268981457] [0.0816140845418]
0.09985067695390001 [0.129792109132] [0.0699092447758]
0.08588897995639999 [0.114891707897] [0.0568862520158]
0.0747431442142 [0.101150892675] [0.0483353957534]
0.06740133836865 [0.091007463634] [0.0437952131033]
0.06206065043805 [0.0828230977058] [0.0412982031703]
0.057108465582150006 [0.0755136460066] [0.0387032851577]
0.0515751298517 [0.0683524385095] [0.0347978211939]
0.04595845378935 [0.0617198608816] [0.0301970466971]
