M B1 B2
0.2090911865235 [0.14830711484] [0.269875258207]
0.18443817645299998 [0.142085805535] [0.226790547371]
0.155122101307 [0.130376756191] [0.179867446423]
0.128972556442 [0.115162156522] [0.142782956362]
0.11013742163750001 [0.102880053222] [0.117394790053]
0.09792755916695 [0.0943449065089] [0.101510211825]
0.09060614183544999 [0.0889525637031] [0.0922597199678]
0.08643851801755001 [0.0860266685486] [0.0868503674865]
0.08377140387894999 [0.0845920145512] [0.0829507932067]
0.08140528947115 [0.0836383253336] [0.0791722536087]
0.0790614299476 [0.0826707780361] [0.0754520818591]
0.07663699239489999 [0.0812742039561] [0.0719997808337]
0.07422871142625001 [0.0796894729137] [0.0687679499388]
0.07180201262235 [0.077698238194] [0.0659057870507]
0.06889157369735 [0.0747633725405] [0.0630197748542]
0.06499573402105 [0.0712403953075] [0.0587510727346]
0.0576383396983 [0.0647842288017] [0.0504924505949]
0.04853186942635 [0.0569367147982] [0.0401270240545]
0.04041350632905 [0.0491300858557] [0.0316969268024]
0.03574734460565 [0.045091804117] [0.0264028850943]
0.03295489680025 [0.042982082814] [0.0229277107865]
0.030968298204249997 [0.0412523038685] [0.02068429254]
0.029499043710550003 [0.0397568307817] [0.0192412566394]
0.028476285748149997 [0.0387667380273] [0.018185833469]
0.027961809188099998 [0.0385677106678] [0.0173559077084]
0.0279646683484 [0.0392338261008] [0.016695510596]
0.0283799944445 [0.040554780513] [0.016205208376]
0.028922511264649998 [0.0420220904052] [0.0158229321241]
0.02924631536005 [0.0431154929101] [0.01537713781]
0.029138833284349998 [0.0436149537563] [0.0146627128124]
0.02865199837835 [0.0435093864799] [0.0137946102768]
0.02811188390475 [0.0432870686054] [0.0129366992041]
0.027863037306800002 [0.0435070693493] [0.0122190052643]
0.0282258493826 [0.0448075197637] [0.0116441790015]
0.0298237418756 [0.0483005791903] [0.0113469045609]
0.03307859553025 [0.0550325587392] [0.0111246323213]
0.0376720824279 [0.0645131617785] [0.0108310030773]
0.04262625379485 [0.07478158921] [0.0104709183797]
0.0475507467054 [0.0849837809801] [0.0101177124307]
0.05118525028228 [0.0926392674446] [0.00973123311996]
0.052731140516700005 [0.0961596891284] [0.009302591905]
0.052617825102080004 [0.0963399112225] [0.00889573898166]
0.051698528695845 [0.0948090776801] [0.00858797971159]
0.05116089712829 [0.0938756093383] [0.00844618491828]
0.0524510378018 [0.096300072968] [0.0086020026356]
0.05638889549290001 [0.103714302182] [0.0090634888038]
0.06306185945871501 [0.116249896586] [0.00987382233143]
0.0713417078369 [0.131630241871] [0.0110531738028]
0.07914760615655 [0.145568683743] [0.0127265285701]
0.0855882205069 [0.156238541007] [0.0149379000068]
0.0915536023676 [0.165331095457] [0.0177761092782]
0.09564381558445 [0.17028157413] [0.0210060570389]
0.09891706891345 [0.173096835613] [0.0247373022139]
0.10185709409425 [0.174185857177] [0.0295283310115]
0.107517661527 [0.178154215217] [0.036881107837]
0.1203309353442 [0.192149102688] [0.0485127680004]
0.13930097222325 [0.213322520256] [0.0652794241905]
0.147358957678 [0.212434530258] [0.082283385098]
0.1418158337474 [0.19779124856] [0.0858404189348]
0.12669050693525 [0.181615546346] [0.0717654675245]
0.11096275970325001 [0.169957399368] [0.0519681200385]
0.10128862969555 [0.165171205997] [0.0374060533941]
0.09601867850885 [0.164070054889] [0.0279673021287]
0.09198308363545 [0.161783263087] [0.0221829041839]
0.0882908841596 [0.157962203026] [0.0186195652932]
0.08620227314525 [0.156075850129] [0.0163286961615]
0.08476320980095 [0.154805630445] [0.0147207891569]
0.08350146329045 [0.153495281935] [0.0135076446459]
0.08276135707285001 [0.153021514416] [0.0125011997297]
0.08284218795579999 [0.154067099094] [0.0116172768176]
0.08366851462055 [0.156503379345] [0.0108336498961]
0.08453729050219999 [0.158945187926] [0.0101293930784]
0.084203265607475 [0.158996999264] [0.00940953195095]
0.08179382095121 [0.154852718115] [0.00873492378742]
0.077415085397795 [0.146535471082] [0.00829469971359]
0.072931232862245 [0.137523263693] [0.00833920203149]
0.06983286328610501 [0.130554690957] [0.00911103561521]
0.06794219650345 [0.125014483929] [0.0108699090779]
0.06753010256235 [0.121471114457] [0.0135890906677]
