M B1 B2
0.06401592679325 [0.0791606754065] [0.04887117818]
0.06277198717 [0.0779858604074] [0.0475581139326]
0.06196253933015 [0.0777472704649] [0.0461778081954]
0.04531074501575 [0.0463965088129] [0.0442249812186]
0.0440785810351 [0.0444100834429] [0.0437470786273]
0.04285215772685 [0.0418867692351] [0.0438175462186]
0.04377145320175 [0.0387860909104] [0.0487568154931]
0.0434117242694 [0.0384984500706] [0.0483249984682]
0.0431157890707 [0.0386107712984] [0.047620806843]
0.0425880588591 [0.0395006686449] [0.0456754490733]
0.0414370559156 [0.041095983237] [0.0417781285942]
0.03935273364185 [0.0428571179509] [0.0358483493328]
0.03690201602875 [0.0441176556051] [0.0296863764524]
0.0349438553676 [0.0447923503816] [0.0250953603536]
0.03364532627165 [0.0449647195637] [0.0223259329796]
0.03291520942005 [0.0447708703578] [0.0210595484823]
0.0326877143234 [0.0445414073765] [0.0208340212703]
0.032830851152549995 [0.0445824563503] [0.0210792459548]
0.0337850339711 [0.0483156628907] [0.0192544050515]
0.0341959083453 [0.0508534535766] [0.017538363114]
0.03499004710465 [0.0540618896484] [0.0159182045609]
0.036031621973950004 [0.0575807094574] [0.0144825344905]
0.0383729469031 [0.0634970217943] [0.0132488720119]
0.041530263144549995 [0.0707650110126] [0.0122955152765]
0.0431868676096 [0.0748323649168] [0.0115413703024]
0.043194040656100004 [0.075417496264] [0.0109705850482]
0.0412401133217 [0.0717952474952] [0.0106849791482]
0.037814348004750004 [0.0648453235626] [0.0107833724469]
0.03286017104985 [0.0545109845698] [0.0112093575299]
0.02767369244245 [0.043837826699] [0.0115095581859]
0.023715119808949997 [0.0360647067428] [0.0113655328751]
0.0209254398942 [0.0310432948172] [0.0108075849712]
0.01913914177565 [0.0280323065817] [0.0102459769696]
0.017959719058135 [0.0261023361236] [0.00981710199267]
0.01709085982292 [0.024620372802] [0.00956134684384]
0.016437791753545 [0.0234395060688] [0.00943607743829]
0.016042223200205 [0.0227728560567] [0.00931159034371]
0.01577670918775 [0.0224212724715] [0.009132145904]
0.015677520539620002 [0.0223899818957] [0.00896505918354]
0.015684702899295 [0.0224137920886] [0.00895561370999]
0.015803004614995 [0.0224085524678] [0.00919745676219]
0.016152467112965002 [0.0225747339427] [0.00973020028323]
0.016903433017450002 [0.0233312472701] [0.0104756187648]
0.01838057953865 [0.0253574922681] [0.0114036668092]
0.021249411162 [0.02965294756] [0.012845874764]
0.02680005412545 [0.0378697030246] [0.0157304052263]
0.03790826071055 [0.0535369962454] [0.0222795251757]
0.05769303068515 [0.0776232630014] [0.0377627983689]
0.083907738328 [0.0977101325989] [0.0701053440571]
0.09846140444265 [0.0960635840893] [0.100859224796]
0.09234368428590001 [0.0866399332881] [0.0980474352837]
0.08221011608840001 [0.0786518901587] [0.0857683420181]
0.0753979757428 [0.0734339877963] [0.0773619636893]
0.07175180688499999 [0.0700703710318] [0.0734332427382]
0.06980434060095 [0.0680412426591] [0.0715674385428]
0.0686027444899 [0.0668290928006] [0.0703763961792]
0.0673647262156 [0.0660002082586] [0.0687292441726]
0.06625271588565 [0.0655610263348] [0.0669444054365]
0.06529726460575 [0.0651777386665] [0.065416790545]
0.06445030122994999 [0.0643295645714] [0.0645710378885]
0.06372956186535 [0.0631674528122] [0.0642916709185]
0.06345183588565 [0.062332611531] [0.0645710602403]
0.0637753047049 [0.0627191513777] [0.0648314580321]
0.06517566367985 [0.0653079748154] [0.0650433525443]
0.06836549937725 [0.0705486238003] [0.0661823749542]
0.07432432845235 [0.0791654214263] [0.0694832354784]
0.08307093381885 [0.0904356092215] [0.0757062584162]
0.0922714732587 [0.100038036704] [0.0845049098134]
0.1003821119668 [0.106760464609] [0.0940037593246]
0.106169551611 [0.110329754651] [0.102009348571]
0.109346155077 [0.11254864186] [0.106143668294]
0.1077540405095 [0.114031977952] [0.101476103067]
0.09766786918039999 [0.10882692039] [0.0865088179708]
0.08199350535870001 [0.0981284752488] [0.0658585354686]
0.0675037130713 [0.0863320305943] [0.0486753955483]
0.05744617432355 [0.0776474252343] [0.0372449234128]
0.051591925323 [0.0725806504488] [0.0306032001972]
0.049004198052 [0.0707545429468] [0.0272538531572]
0.047591789625549996 [0.0692903473973] [0.0258932318538]
0.0464767944068 [0.0672572627664] [0.0256963260472]
0.045463884249349995 [0.0650465935469] [0.0258811749518]
0.0447613829747 [0.063739977777] [0.0257827881724]
0.0444752797484 [0.0636385902762] [0.0253119692206]
0.0446490831673 [0.064763225615] [0.0245349407196]
0.0448369439691 [0.066042676568] [0.0236312113702]
0.0448212530464 [0.0666432976723] [0.0229992084205]
0.04496466647835 [0.0667180940509] [0.0232112389058]
0.04645610507575 [0.0679171234369] [0.0249950867146]
0.0506541393697 [0.0719413682818] [0.0293669104576]
0.05926492623985 [0.0801628157496] [0.0383670367301]
0.0741130411625 [0.0927218347788] [0.0555042475462]
0.09622350707635 [0.107643395662] [0.0848036184907]
0.121382161975 [0.119142085314] [0.123622238636]
0.1390857212245 [0.1243307814] [0.153840661049]
0.1390549428765 [0.124703548849] [0.153406336904]
0.1182189770045 [0.12199959904] [0.114438354969]
0.0936632715168 [0.117426604033] [0.0698999390006]
0.0769153982401 [0.111179202795] [0.0426515936852]
0.06509794201695 [0.101371064782] [0.0288248192519]
0.0580364102498 [0.0939774885774] [0.0220953319222]
0.05346448812635 [0.0879020765424] [0.0190268997103]
0.0499109914526 [0.0819352418184] [0.0178867410868]
