M B1 B2
0.1581472307445 [0.151002794504] [0.165291666985]
0.1638139560815 [0.156878739595] [0.170749172568]
0.171635650098 [0.161013141274] [0.182258158922]
0.17997559159999998 [0.163392409682] [0.196558773518]
0.1877876594665 [0.164831221104] [0.210744097829]
0.1943194270135 [0.166417956352] [0.222220897675]
0.1994852349165 [0.168289408088] [0.230681061745]
0.2038719505075 [0.170151919127] [0.237591981888]
0.20937126129849998 [0.173047378659] [0.245695143938]
0.2186225950715 [0.178781211376] [0.258463978767]
0.23408877104499998 [0.190649464726] [0.277528077364]
0.255251660943 [0.213808953762] [0.296694368124]
0.280476681888 [0.249015524983] [0.311937838793]
0.29429750144449995 [0.291618198156] [0.296976804733]
0.29282395541649997 [0.321946084499] [0.263701826334]
0.297668471932 [0.326624423265] [0.268712520599]
0.2916641980405 [0.313321858644] [0.270006537437]
0.2836664319035 [0.299127757549] [0.268205106258]
0.27555087208749995 [0.28673273325] [0.264369010925]
0.2692559212445 [0.278202950954] [0.260308891535]
0.264889270067 [0.272368699312] [0.257409840822]
0.2617228478195 [0.267408937216] [0.256036758423]
0.2596348822115 [0.263878017664] [0.255391746759]
0.2574053108695 [0.261233508587] [0.253577113152]
0.25383120775199997 [0.25908395648] [0.248578459024]
0.24836119264349998 [0.25716766715] [0.239554718137]
0.231931835413 [0.255200058222] [0.208663612604]
0.21651712805 [0.252788841724] [0.180245414376]
0.195829503238 [0.249138712883] [0.142520293593]
0.17211593687525 [0.244901537895] [0.0993303358555]
0.15938485041255 [0.241458788514] [0.0773109123111]
0.150997426361 [0.239632457495] [0.062362395227]
0.1466575860978 [0.240337893367] [0.0529772788286]
0.14394008554515 [0.241069599986] [0.0468105711043]
0.14257966540744998 [0.242231979966] [0.0429273508489]
0.14465814642594998 [0.246388942003] [0.0429273508489]
0.14789996854944998 [0.25287258625] [0.0429273508489]
0.15230683796095 [0.261686325073] [0.0429273508489]
0.15609520487495 [0.269263058901] [0.0429273508489]
0.15840829722594998 [0.273889243603] [0.0429273508489]
0.15843181125795 [0.273936271667] [0.0429273508489]
0.1508810780943 [0.269378989935] [0.0323831662536]
0.14123707544035 [0.258288711309] [0.0241854395717]
0.1336167315022 [0.246763944626] [0.0204695183784]
0.12723275087755 [0.236531436443] [0.0179340653121]
0.11981449276215 [0.223235949874] [0.0163930356503]
0.1100988490509 [0.204953849316] [0.0152438487858]
0.0989748700524 [0.183824077249] [0.0141256628558]
0.0900006848389 [0.167391419411] [0.0126099502668]
0.0825249599291 [0.15448474884] [0.0105651710182]
0.07648167666055 [0.142248734832] [0.0107146184891]
0.0710619860327 [0.13109947741] [0.0110244946554]
0.066598336678 [0.121754296124] [0.011442377232]
0.0632430547846 [0.114678934216] [0.0118071753532]
0.061502575874150006 [0.110966198146] [0.0120389536023]
0.0613469094972 [0.110528081656] [0.0121657373384]
0.06117871869345 [0.109188750386] [0.0131686870009]
0.0600876524113 [0.105419665575] [0.0147556392476]
0.05661950306965 [0.0987379848957] [0.0145010212436]
0.0519860731438 [0.0897877663374] [0.0141843799502]
0.04730366449805 [0.0806224793196] [0.0139848496765]
0.0437984922901 [0.0736657753587] [0.0139312092215]
0.042521873023350004 [0.0708222314715] [0.0142215145752]
0.0451583438553 [0.0753467902541] [0.0149698974565]
0.051790299825349995 [0.0875407978892] [0.0160398017615]
0.0601666262373 [0.103200867772] [0.0171323847026]
0.0671260189263 [0.116312526166] [0.0179395116866]
0.07211066968754999 [0.12555231154] [0.0186690278351]
0.0780432745816 [0.136338874698] [0.0197476744652]
0.08485828712565 [0.148213639855] [0.0215029343963]
0.0922923050819 [0.160472989082] [0.0241116210818]
0.0999972140415 [0.172314316034] [0.027680112049]
0.10978167131545001 [0.18652805686] [0.0330352857709]
0.12096200883385 [0.199859663844] [0.0420643538237]
0.1358651425689 [0.21388143301] [0.0578488521278]
0.15838769823315 [0.230926334858] [0.0858490616083]
0.182274967432 [0.247401371598] [0.117148563266]
0.185996048152 [0.254461497068] [0.117530599236]
0.1714517585931 [0.251140415668] [0.0917631015182]
0.1558610908685 [0.242067545652] [0.069654636085]
0.14770229347025 [0.238285452127] [0.0571191348135]
0.14380929991594998 [0.236513763666] [0.0511048361659]
0.1404603552075 [0.231958150864] [0.048962559551]
0.13672902435075 [0.224951297045] [0.0485067516565]
0.13291458599255002 [0.217878296971] [0.0479508750141]
0.12731034308695 [0.209374159575] [0.0452465265989]
0.119194738567 [0.198480114341] [0.039909362793]
0.10939340665925 [0.186257690191] [0.0325291231275]
0.1020638085903 [0.178585380316] [0.0255422368646]
0.0951176611705 [0.170133784413] [0.020101537928]
0.0870327651501 [0.157762542367] [0.0163029879332]
0.07819068990625 [0.142584264278] [0.0137971155345]
0.07061802083634999 [0.129024192691] [0.0122118489817]
0.0665288977325 [0.121651224792] [0.011406570673]
0.06635866733275 [0.12147205323] [0.0112452814355]
0.06996550736939999 [0.128420293331] [0.0115107214078]
0.07647896464915 [0.140876069665] [0.0120818596333]
0.08416268741715001 [0.155350714922] [0.0129746599123]
0.09102911641805 [0.167881697416] [0.0141765354201]
0.0971947265787 [0.178733617067] [0.0156558360904]
0.1024693502112 [0.187611415982] [0.0173272844404]
0.10813018213975001 [0.197011470795] [0.0192488934845]
0.11251587886360001 [0.20340898633] [0.0216227713972]
0.1169670131059 [0.209038332105] [0.0248956941068]
0.12436261679995 [0.218998357654] [0.0297268759459]
0.1340238191189 [0.230651110411] [0.0373965278268]
