M B1 B2
0.1815341487525 [0.187795847654] [0.175272449851]
0.18517765402800002 [0.183847650886] [0.18650765717]
0.185373209417 [0.176325693727] [0.194420725107]
0.1883728131655 [0.176325693727] [0.200419932604]
0.19119235128200002 [0.176325693727] [0.206059008837]
0.1934411078695 [0.176325693727] [0.210556522012]
0.1950880065565 [0.176325693727] [0.213850319386]
0.19530782103549998 [0.176325693727] [0.214289948344]
0.1907683685425 [0.176325693727] [0.205211043358]
0.182296343148 [0.176325693727] [0.188266992569]
0.17368474602700001 [0.176325693727] [0.171043798327]
0.08816101215785001 [0.0186059884727] [0.157716035843]
0.0860061841084 [0.0225491020828] [0.149463266134]
0.0762966452164 [0.0270813014358] [0.125511988997]
0.06303747370835 [0.0313640683889] [0.0947108790278]
0.0490229334682 [0.0348538421094] [0.063192024827]
0.038558604195749996 [0.0373079888523] [0.0398092195392]
0.03257769998165 [0.0391169935465] [0.0260384064168]
0.02964470069855 [0.0407533273101] [0.018536074087]
0.028269405476749998 [0.0421415418386] [0.0143972691149]
0.02786992490295 [0.0434088930488] [0.0123309567571]
0.0280360155739 [0.0445120446384] [0.0115599865094]
0.02834360022095 [0.0452914908528] [0.0113957095891]
0.0319136553444 [0.0519997254014] [0.0118275852874]
0.03789605386555 [0.0628168284893] [0.0129752792418]
0.047217302489999995 [0.0794752538204] [0.0149593511596]
0.06008829083295 [0.102463580668] [0.0177130009979]
0.07377132028325001 [0.126600027084] [0.0209426134825]
0.07921421993515 [0.133954271674] [0.0244741681963]
0.0782411759718 [0.127023309469] [0.0294590424746]
0.0785817299038 [0.119394287467] [0.0377691723406]
0.0820173323153 [0.113333508372] [0.0507011562586]
0.0885050147773 [0.107855409384] [0.0691546201706]
0.0985135808586 [0.103914119303] [0.0931130424142]
0.1125645674765 [0.104441694915] [0.120687440038]
0.1294467113915 [0.110162265599] [0.148731157184]
0.14703091979049998 [0.119881600142] [0.174180239439]
0.163165003061 [0.131431996822] [0.1948980093]
0.17637648433449998 [0.142562061548] [0.210190907121]
0.1864462643865 [0.151863768697] [0.221028760076]
0.193803176284 [0.158591285348] [0.22901506722]
0.19921679794750002 [0.162155538797] [0.236278057098]
0.2037335038185 [0.162221625447] [0.24524538219]
0.20835849642749998 [0.159376859665] [0.25734013319]
0.216948531568 [0.155525609851] [0.278371453285]
0.229991018772 [0.153413027525] [0.306569010019]
0.2500183954835 [0.156433835626] [0.343602955341]
0.27008651942 [0.165196433663] [0.374976605177]
0.2804825380445 [0.176015272737] [0.384949803352]
0.281208768487 [0.182359516621] [0.380058020353]
0.2705085352065 [0.180076494813] [0.3609405756]
0.2516878694295 [0.17201808095] [0.331357657909]
0.2294507175685 [0.160970926285] [0.297930508852]
0.20709645003099997 [0.147414818406] [0.266778081656]
0.18780192732849998 [0.134373545647] [0.24123030901]
0.1724862121045 [0.122942633927] [0.222029790282]
0.1612113155425 [0.114469118416] [0.207953512669]
0.15102510154249998 [0.109041556716] [0.193008646369]
0.135723505169 [0.105658613145] [0.165788397193]
0.1166899502275 [0.103240802884] [0.130139097571]
0.09791783988450001 [0.10056938976] [0.095266290009]
0.08332117274405 [0.0970266163349] [0.0696157291532]
0.0720945969224 [0.0924151465297] [0.0517740473151]
0.0635407883674 [0.0859426409006] [0.0411389358342]
0.05596203543245 [0.0768792033195] [0.0350448675454]
0.0484000341967 [0.065711542964] [0.0310885254294]
0.04118935856965 [0.0545603111386] [0.0278184060007]
0.03487682994455 [0.0451186522841] [0.024635007605]
0.029851038008900002 [0.0382288470864] [0.0214732289314]
0.0260868249461 [0.0336517654359] [0.0185218844563]
0.023473523557199998 [0.0308603383601] [0.0160867087543]
0.02159032132475 [0.02889059484] [0.0142900478095]
0.020224487874649998 [0.0273460783064] [0.0131028974429]
0.01939165126535 [0.0263013504446] [0.0124819520861]
0.019002585206150002 [0.0256516039371] [0.0123535664752]
0.0192495197989 [0.025802494958] [0.0126965446398]
0.0203598528169 [0.0270696375519] [0.0136500680819]
0.0225382456556 [0.0297966804355] [0.0152798108757]
0.0261077098548 [0.0348636321723] [0.0173517875373]
0.03129273839295 [0.043055601418] [0.0195298753679]
0.03788991086185 [0.05438856408] [0.0213912576437]
0.04473487939685 [0.0668267905712] [0.0226429682225]
0.04924475215375 [0.0750582739711] [0.0234312303364]
0.05094294901935 [0.0778717845678] [0.0240141134709]
0.05119875632225 [0.0789988785982] [0.0233986340463]
0.050955804064899995 [0.0799535363913] [0.0219580717385]
0.050328486599049996 [0.080662637949] [0.0199943352491]
0.049049461260399996 [0.0800945460796] [0.0180043764412]
0.0472390623763 [0.0778900310397] [0.0165880937129]
0.0453137177974 [0.0746733620763] [0.0159540735185]
0.043283298611650006 [0.0707844421268] [0.0157821550965]
0.0414160201326 [0.0669978410006] [0.0158341992646]
0.040726079605550004 [0.0655806809664] [0.0158714782447]
0.040806734003100004 [0.0657886639237] [0.0158248040825]
0.0416171280667 [0.0676011368632] [0.0156331192702]
0.04271737020465 [0.0701162591577] [0.0153184812516]
0.0437599280849 [0.0725826397538] [0.014937216416]
0.0446652621031 [0.0746196806431] [0.0147108435631]
0.0453280499205 [0.0758867412806] [0.0147693585604]
0.04560943413525 [0.075920343399] [0.0152985248715]
0.045630614273250006 [0.0748662874103] [0.0163949411362]
0.04591318406165 [0.0735057294369] [0.0183206386864]
0.04701166413725 [0.0730998069048] [0.0209235213697]
0.0493440879509 [0.0746428072453] [0.0240453686565]
0.05361462850125 [0.0793766826391] [0.0278525743634]
0.0607154238969 [0.0886170640588] [0.032813783735]
0.0708275046197 [0.102300882339] [0.0393541269004]
0.0830799285322 [0.117868438363] [0.0482914187014]
0.0942923408002 [0.130987033248] [0.0575976483524]
0.10190998017790001 [0.139782756567] [0.0640372037888]
0.10528623312720001 [0.141368687153] [0.0692037791014]
0.1081132814286 [0.141550853848] [0.0746757090092]
0.1096533313395 [0.144729971886] [0.074576690793]
0.10634495317925 [0.147253513336] [0.0654363930225]
0.09932280145575001 [0.147108659148] [0.0515369437635]
0.09452401101575 [0.14891000092] [0.0401380211115]
0.09185963496565 [0.150865137577] [0.0328541323543]
0.09090595785505 [0.153087213635] [0.0287247020751]
0.0912258429451 [0.155534893274] [0.0269167926162]
0.0912996726111 [0.156217083335] [0.0263822618872]
0.0901313014328 [0.154041096568] [0.0262215062976]
0.08710204996185 [0.148286417127] [0.0259176827967]
0.0834702616558 [0.141560226679] [0.0253802966326]
0.08042382169489999 [0.136144265532] [0.0247033778578]
0.07893465738755001 [0.133857265115] [0.0240120496601]
0.07957873959075 [0.135731965303] [0.0234255138785]
0.0818438529967 [0.140710622072] [0.0229770839214]
0.08455174323155 [0.146306172013] [0.0227973144501]
0.08627593331045 [0.149245709181] [0.0233061574399]
0.0875787157566 [0.149770975113] [0.0253864564002]
0.089589925483 [0.148506626487] [0.030673224479]
0.09467600099765 [0.147149175406] [0.0422028265893]
0.10584041103729999 [0.14735840261] [0.0643224194646]
0.12369933351859999 [0.151529446244] [0.0958692207932]
0.14024347439399998 [0.157190665603] [0.123296283185]
0.1471446454525 [0.161193400621] [0.133095890284]
0.145975150168 [0.16517084837] [0.126779451966]
0.13268398493535 [0.16876411438] [0.0966038554907]
0.12188282236455 [0.178796172142] [0.0649694725871]
0.11691254936145 [0.190047830343] [0.0437772683799]
0.1158244684337 [0.199584573507] [0.0320643633604]
0.11514283530415001 [0.204307153821] [0.0259785167873]
0.11329532880344999 [0.20347802341] [0.0231126341969]
0.1103971237319 [0.198771566153] [0.0220226813108]
0.10824452433724999 [0.194815084338] [0.0216739643365]
0.1066625127568 [0.191958606243] [0.0213664192706]
0.10507347527909999 [0.189464643598] [0.0206823069602]
0.1028697993605 [0.186089813709] [0.019649785012]
0.0995103502646 [0.180508852005] [0.0185118485242]
0.09574907645599999 [0.173924326897] [0.017573826015]
0.09259330108774999 [0.168125227094] [0.0170613750815]
0.08985371235760001 [0.162532940507] [0.0171744842082]
0.08608352113495 [0.153947204351] [0.0182198379189]
0.08067039493450001 [0.140848845243] [0.020491944626]
0.071534752846 [0.118902586401] [0.024166919291]
0.0649532070382 [0.101043373346] [0.0288630407304]
0.0624886918813 [0.0907283946872] [0.0342489890754]
0.06196057982745 [0.0848269686103] [0.0390941910446]
0.0621651932597 [0.0821351185441] [0.0421952679753]
0.06285612285135 [0.0817452445626] [0.0439670011401]
0.06386609189209999 [0.0819535255432] [0.045778658241]
0.0652714613825 [0.0816374123096] [0.0489055104554]
0.0675385091454 [0.0807982981205] [0.0542787201703]
0.071241222322 [0.0802358463407] [0.0622465983033]
0.07599671185015 [0.0803207233548] [0.0716727003455]
0.08030842244625 [0.0808376297355] [0.079779215157]
0.08268009871245 [0.0816781967878] [0.0836820006371]
0.08190544322135 [0.0825595036149] [0.0812513828278]
0.0782941877842 [0.0836307704449] [0.0729576051235]
0.07282922230660001 [0.0842330679297] [0.0614253766835]
0.06715722195805 [0.0839047878981] [0.050409656018]
0.06528309732675 [0.0878967940807] [0.0426694005728]
0.06767834164205 [0.0965233817697] [0.0388333015144]
0.06918448023485 [0.100691989064] [0.0376769714057]
