0.08122069854305 0.0800463091582 0.0806439202277 0.0824226476251 0.0857505537571 0.0898590795696 0.0924787260591 0.09289629431455 0.0865900935603 0.0742138884961 0.05921631026995 0.047913861461 0.04179548751565 0.041410363279300005 0.0413315668702 
0.04184498544785 0.042982094921200004 0.044209564104700005 0.04483385570345 0.04472238756715 0.0445977821946 0.04437586665155 0.045984832569999995 0.04903069138525 0.05470583960415 0.059376869350649994 0.060633361339549996 0.059362594038250005 0.057152200490249994 0.054898399859650004 
0.05283723026515 0.0509788263589 0.049638967961049996 0.0487946048379 0.048306329175849996 0.04786110669375 0.0473728571087 0.04697993025185 0.04695474356415 0.04776176065205 0.04975700192155 0.05157396011055 0.05130650661885 0.049683453515149995 0.04715438745915 
0.044092057272799995 0.04051262699065 0.03744745627045 0.035061969421799996 0.03344248142095 0.037986095063400005 0.038274267688400004 0.0387836266309 0.03913907147945 0.03885640669615 0.037520515732499995 0.035214461851849996 0.0324431587942 0.029846466612099998 0.027950868476165 
0.02698822645469 0.026895098388185 0.02705688867718 0.02744336146859 0.027539401780795 0.02711023809386 0.02607075963168 0.024366352707135 0.022855482064195 0.02192343911156 0.022116020787500003 0.0230634841137 0.02458443911745 0.0264711691998 0.02852680394425 
0.030247454531499997 0.031164721585799998 0.03105971962215 0.030432407744250004 0.02994093112645 0.030012122355400003 0.03092898521575 0.0327211301774 0.035161008127 0.037925417535 0.04169306624685 0.0460938345641 0.049674196168750004 0.0533205936663 0.0555271813646 
0.05787541763875 0.061038120649950005 0.0650183064862 0.0699267061427 0.07444763090455 0.07674379041410001 0.07537207938754999 0.07221156824385 0.0688779894265 0.06633169204 0.0646518673747 0.063340025954 0.062339708209150003 0.061497416347299994 0.06015385035425 
0.058513460680850005 0.0567790046334 0.05424587242305 0.0502699231729 0.04532667202875 0.0406201290898 0.0369966272265 0.0341669144109 0.031936476938450004 0.0299936356023 0.0279954196885 0.0265956260264 0.02599541284145 0.02636502310635 0.02765130531045 
0.029998147860199997 0.03408370539545 0.0400694478303 0.04622821509835 0.0500235836953 0.05085787922145 0.04817110672595 0.044401617720700004 0.0419625993818 0.04096685908735 0.0404907092452 0.040285758674150005 0.0404573110864 0.04121909011155 0.0428982088342 
0.044077412225300004 0.0447796965018 0.0444676410407 0.0434789080173 0.0426586819813 0.0426216647029 0.0439368719235 0.04737349413335 0.054864652454850005 0.0678350823002 0.08673645555984999 0.11115186847735001 0.12456455267965 0.1274654306473 0.12939788773655 
0.13137029111405 0.13398552872220001 0.13670637272324998 0.1393930148335 0.1419140398501 0.14357208274315 0.1426202561706 0.1372031904756 0.12861637584865 0.1192816002292 0.11139910388755 0.1061114333569 0.10324967186900001 0.10138136520965 0.09960266575215 
0.0975086744876 0.09427162678920001 0.0913961762562 0.0824517845176 0.0691991499627 0.05671061156315 0.047868053428850005 0.04225923493505 0.0390054471791 0.03752432949845 0.036938821896899995 0.0366646293551 0.0369388852268 0.0381008703262 0.0400652764365 
0.0422099167481 0.04409523215145 0.04557450953875 0.04609692934905 0.0466855932027 0.04816693346945 0.049779626540799995 0.05038171913475 0.0503256190568 0.049780125729750005 0.049114813096849994 0.0485640903935 0 0 0 
