0.049194413237250004 0.0480964388698 0.04702985286715 0.046047469601049995 0.0455173980445 0.04565366730095 0.04696125537155 0.048262141645 0.05121100507675 0.051717627793550006 0.05028225108985 0.04742729850115 0.0441768802702 0.041228119283949996 0.0382845196873 
0.03503168467435 0.03181748930365 0.02955911774185 0.0298348898068 0.03172389417885 0.03271751478315 0.03528755251315 0.04364195279775 0.046039465814849995 0.04776646755635 0.0489238221198 0.049902707338350005 0.05097121372815 0.052439860999600005 0.0545275323093 
0.05759881809355 0.05935892090205 0.06769828870895 0.07759447768335 0.08557784929885 0.08998582139635 0.09128491953035 0.09055325761435 0.08830134198085 0.08571921661485 0.08214233815685 0.07807630300535 0.07329343259335 0.0682056359947 0.06411435827615 
0.06118294224145 0.05956423282625001 0.058874219655999996 0.0589619614184 0.059823028743300005 0.0613542534411 0.06315515562895001 0.0636727511883 0.06154968589545 0.05705366656185 0.0523539669812 0.04902639985085 0.0473397821188 0.0468864962459 0.047172358259600006 
0.047654705122150004 0.0478605218232 0.047815352678300005 0.0473759993911 0.04645949415865 0.04500986076895 0.043241877108849996 0.0417329389602 0.041229477152250005 0.042565409094100004 0.0468954406679 0.055804582312699996 0.07030496746305 0.08503183349985 0.09006752446285 
0.08872531726935 0.08498329296735001 0.07995795086035 0.07499013468625 0.0711107067764 0.06780369207265 0.07051200419665 0.07278715819125 0.0727482829243 0.0709754098207 0.0681770555675 0.06462224200365001 0.06029614806175 0.0553289875388 0.05088912602515 
0.04739357251675 0.045450409874300005 0.04490915033965 0.04671381320805 0.04763757344335 0.04738930705935 0.04629327729345 0.04524727445095 0.04482073895635 0.04507850203665 0.045832785777750004 0.046960547566399995 0.0487682148814 0.0518708415329 0.05653677042575 
0.061981426551950006 0.06571959890425 0.06739369779835 0.06829424574975 0.07012398540975 0.07373717986049999 0.07742944359775 0.07914175465695 0.0773728154601 0.07231655530605 0.06588080897925 0.0599462967366 0.0546944467351 0.050509254448100005 0.047394503839299995 
0.0455064950511 0.0449099270627 0.0456242989749 0.04708881676195 0.0486622741446 0.04925920814275 0.0488205784932 0.04777051880955 0.0475189881399 0.04906563274565 0.0541824810207 0.0645121019336 0.08087782561795 0.1017870120704 0.12133700773125 
0.13408072199655 0.13951254263520002 0.14153171144435 0.13979850523155 0.13583703432219998 0.13102896418435 0.12592514604345 0.1221570931373 0.11937720887345 0.1184263303876 0.11999867483974999 0.12344198860245001 0.12806695140895 0.132345754653 0.13437364622955 
0.1328813396396 0.1261028368024 0.11224528029535 0.0960273547099 0.08336926251675 0.07468027155865 0.06870536506175 0.06519532855595 0.0630866913126 0.06134332809595 0.0599712366239 0.059038831852299994 0.058484689332549994 0.057529879733950004 0.0555046573281 
0.05275754537435 0.050378054380449996 0.0494190454483 0.051201017573450004 0.05503657460215 0.0594845060259 0.060221804305900004 0.0551371583715 0.046922438777999995 0.0399240227416 0.0348978340626 0.03122014645485 0.02875333093105 0.02678088005635 0.02525576017795 
0.0244529377669 0.0248943241313 0.02892726659775 0.0292419437319 0.030343194492149998 0.03173501603305 0 0 0 0 0 0 0 0 0 
