0.0155606684275 [0.0170451104641] [0.0140762263909]
0.015030996873999999 [0.0162883959711] [0.0137735977769]
0.01473945425825 [0.0158046279103] [0.0136742806062]
0.014780991710699999 [0.0156743545085] [0.0138876289129]
0.01540085906165 [0.0161160640419] [0.0146856540814]
0.01704726554455 [0.0175325032324] [0.0165620278567]
0.0199443753809 [0.0198330022395] [0.0200557485223]
0.0253997594118 [0.0244080480188] [0.0263914708048]
0.03230941016225 [0.0301446188241] [0.0344742015004]
0.034939205274 [0.0337973535061] [0.0360810570419]
0.03285791911185 [0.0339907296002] [0.0317251086235]
0.0297773452476 [0.0324230268598] [0.0271316636354]
0.0276063969359 [0.0313563719392] [0.0238564219326]
0.0268477741629 [0.0318828187883] [0.0218127295375]
0.027794001624 [0.0349902808666] [0.0205977223814]
0.0308257816359 [0.0418229848146] [0.0198285784572]
0.0369757078588 [0.0546181201935] [0.0193332955241]
0.0367629611865 [0.0546181201935] [0.0189078021795]
0.0365210613236 [0.0546181201935] [0.0184240024537]
0.0363299380988 [0.0546181201935] [0.0180417560041]
0.03628045786175 [0.0546181201935] [0.01794279553]
0.015367290936400001 [0.0126349814236] [0.0180996004492]
0.0163784036413 [0.0142551250756] [0.018501682207]
0.018463920801849998 [0.0173713713884] [0.0195564702153]
0.022381313145150003 [0.0225869063288] [0.0221757199615]
0.0282629597932 [0.0289091691375] [0.0276167504489]
0.0352063011378 [0.0343234278262] [0.0360891744494]
0.041006920859200005 [0.036371614784] [0.0456422269344]
0.04333558492365 [0.034979082644] [0.0516920872033]
0.0419408418238 [0.0317816399038] [0.0521000437438]
0.03896741196515 [0.0286112949252] [0.0493235290051]
0.036594171077 [0.0264225266874] [0.0467658154666]
0.03565980214625 [0.0253899041563] [0.0459297001362]
0.0365084474906 [0.0258659664541] [0.0471509285271]
0.03860403038565 [0.0272570215166] [0.0499510392547]
0.0414925282821 [0.0289243999869] [0.0540606565773]
0.0441478760913 [0.0301611032337] [0.0581346489489]
0.0455526104197 [0.0307882297784] [0.060316991061]
0.04566528927535 [0.0308833960444] [0.0604471825063]
0.044694375246750004 [0.0304155498743] [0.0589732006192]
0.0421361066401 [0.0295466594398] [0.0547255538404]
0.03853811882435 [0.028434779495] [0.0486414581537]
0.0348374946043 [0.027823979035] [0.0418510101736]
0.0328637547791 [0.0288110151887] [0.0369164943695]
0.0337287094444 [0.0324847102165] [0.0349727086723]
0.036950495094050004 [0.0390326678753] [0.0348683223128]
0.0420876238495 [0.0478498674929] [0.0363253802061]
0.04695410653945 [0.056042201817] [0.0378660112619]
0.050090612843650004 [0.0610607415438] [0.0391204841435]
0.05135526880625 [0.0627317875624] [0.0399787500501]
0.05213256180285 [0.0635351240635] [0.0407299995422]
0.052480632439250004 [0.0637340471148] [0.0412272177637]
0.052788801491249995 [0.0640858337283] [0.0414917692542]
0.05333150550719999 [0.064914137125] [0.0417488738894]
0.05401542410255 [0.0660259649158] [0.0420048832893]
0.054449159652 [0.0666924417019] [0.0422058776021]
0.05465212650595 [0.0670408606529] [0.042263392359]
0.055015599355099996 [0.0674826279283] [0.0425485707819]
0.0564536880702 [0.0692538172007] [0.0436535589397]
0.05945918150245 [0.0729932188988] [0.0459251441061]
0.064232962206 [0.0789824873209] [0.0494834370911]
0.0705467313528 [0.0865425914526] [0.054550871253]
0.07287316024305 [0.0887133553624] [0.0570329651237]
0.068373600021 [0.082228526473] [0.054518673569]
0.06034270860255 [0.0713177248836] [0.0493676923215]
0.054228823632 [0.0623946413398] [0.0460630059242]
0.0504888538271 [0.0565176568925] [0.0444600507617]
0.0482584014535 [0.0526288636029] [0.0438879393041]
0.04707334563135 [0.0501629412174] [0.0439837500453]
0.0465705394745 [0.0483962148428] [0.0447448641062]
0.046895110979650004 [0.0477240644395] [0.0460661575198]
0.0478283558041 [0.0478278361261] [0.0478288754821]
0.04909844137725 [0.0485437624156] [0.0496531203389]
0.0498752258718 [0.0492868311703] [0.0504636205733]
0.049482569098500004 [0.0495133660734] [0.0494517721236]
0.04763732850555 [0.0489251688123] [0.0463494881988]
0.04527261666955 [0.0480719916523] [0.0424732416868]
0.04379097744825 [0.048202957958] [0.0393789969385]
0.04358809813855 [0.0497970096767] [0.0373791866004]
0.0445281919092 [0.0527046471834] [0.036351736635]
0.0467324052006 [0.0572841130197] [0.0361806973815]
0.049377661198399994 [0.062406308949] [0.0363490134478]
0.051816610619450004 [0.0676172450185] [0.0360159762204]
0.05320196039975 [0.0712791979313] [0.0351247228682]
0.053387153893699996 [0.0728220492601] [0.0339522585273]
0.0526211671531 [0.0725266635418] [0.0327156707644]
0.051380598917599996 [0.0711000189185] [0.0316611789167]
0.050226071849499995 [0.0694197714329] [0.0310323722661]
0.049303648993350005 [0.0675225704908] [0.0310847274959]
0.048281844705350005 [0.06456900388] [0.0319946855307]
0.0467501506209 [0.0598627403378] [0.033637560904]
0.0446496196091 [0.0535738095641] [0.0357254296541]
0.04314416460695 [0.0477494187653] [0.0385389104486]
0.04337412677705 [0.0444260016084] [0.0423222519457]
0.044506456702950004 [0.0431112721562] [0.0459016412497]
0.0459385290742 [0.0441809557378] [0.0476961024106]
0.047754364088199996 [0.0469039268792] [0.0486048012972]
0.0494356956333 [0.0498394519091] [0.0490319393575]
0.0510276518762 [0.0525201894343] [0.0495351143181]
0.0524571612477 [0.0548487603664] [0.050065562129]
0.05351145379245 [0.0568493269384] [0.0501735806465]
0.0542288608849 [0.0583224892616] [0.0501352325082]
0.05486510321495 [0.0593794211745] [0.0503507852554]
0.055968957021849994 [0.0606848038733] [0.0512531101704]
0.05850201286375 [0.0639551952481] [0.0530488304794]
0.06388059072195 [0.0713226571679] [0.056438524276]
0.0739973001182 [0.0854009538889] [0.0625936463475]
0.0919550694526 [0.11053134501] [0.0733787938952]
0.12092401087275001 [0.151760548353] [0.0900874733925]
0.153494801372 [0.199334040284] [0.10765556246]
0.175029527396 [0.23115606606] [0.118902988732]
0.18075415864549998 [0.238003864884] [0.123504452407]
0.178971644491 [0.234026610851] [0.123916678131]
0.172911595553 [0.225605815649] [0.120217375457]
0.1598839350045 [0.206004738808] [0.113763131201]
0.1408167183395 [0.179823890328] [0.101809546351]
0.12206838279980001 [0.155177637935] [0.0889591276646]
0.1095449849961 [0.137609288096] [0.0814806818962]
0.104079890996 [0.128282949328] [0.079876832664]
0.10322651639569999 [0.124923110008] [0.0815299227834]
0.10564773902305 [0.125833630562] [0.0854618474841]
0.11028112843655 [0.129759266973] [0.0908029899001]
0.11555728316319999 [0.135220140219] [0.0958944261074]
0.1199863441287 [0.139994293451] [0.0999783948064]
0.12236615642899999 [0.141392797232] [0.103339515626]
0.12223767489199999 [0.138579830527] [0.105895519257]
0.12020390108250001 [0.132483378053] [0.107924424112]
0.1175225675105 [0.125549376011] [0.10949575901]
0.115168899298 [0.120186157525] [0.110151641071]
0.113380655646 [0.117071472108] [0.109689839184]
0.1103695854545 [0.114339992404] [0.106399178505]
0.105188131332 [0.109925307333] [0.100450955331]
0.09863777831215001 [0.104073390365] [0.0932021662593]
0.09306598082185 [0.0985406711698] [0.0875912904739]
0.0882381796837 [0.0935147255659] [0.0829616338015]
0.08482448384165 [0.0898563936353] [0.079792574048]
0.0826271250844 [0.0870566889644] [0.0781975612044]
0.08133982494469999 [0.0852270722389] [0.0774525776505]
0.080645903945 [0.0844505503774] [0.0768412575126]
0.0804305449128 [0.0848563835025] [0.0760047063231]
0.0806041546166 [0.0859997794032] [0.07520852983]
0.08097198978065 [0.0872440934181] [0.0746998861432]
0.08130156248805 [0.0881354436278] [0.0744676813483]
0.0815635435283 [0.0890144780278] [0.0741126090288]
0.08166955038905 [0.0895238891244] [0.0738152116537]
0.08301389217380001 [0.091449148953] [0.0745786353946]
0.08671685308214999 [0.0961684659123] [0.077265240252]
0.09120942279694999 [0.101762458682] [0.0806563869119]
0.0924155376854 [0.104732446373] [0.0800986289978]
0.08074348047374999 [0.0944187119603] [0.0670682489872]
