0.18222038075315 [0.290736287832] [0.0737044736743]
0.211817726493 [0.283904224634] [0.139731228352]
0.2650935724375 [0.280912131071] [0.249275013804]
0.3257628828285 [0.323723763227] [0.32780200243]
0.337957575917 [0.326022028923] [0.349893122911]
0.3313499093055 [0.313338547945] [0.349361270666]
0.319454923272 [0.294190376997] [0.344719469547]
0.308010160923 [0.272858887911] [0.343161433935]
0.2995916157965 [0.251106768847] [0.348076462746]
0.2940490841865 [0.229140549898] [0.358957618475]
0.29096361249650005 [0.210013672709] [0.371913552284]
0.285702675581 [0.194246977568] [0.377158373594]
0.271743670106 [0.179096072912] [0.3643912673]
0.24904997646799998 [0.161674290895] [0.336425662041]
0.2269456759095 [0.14890165627] [0.304989695549]
0.2119468674065 [0.141106173396] [0.282787561417]
0.19627790153 [0.130668520927] [0.261887282133]
0.18292959034450001 [0.126478776336] [0.239380404353]
0.161957629025 [0.120749115944] [0.203166142106]
0.1313479542735 [0.1146723032] [0.148023605347]
0.1040933541955 [0.110159389675] [0.098027318716]
0.08662319555879999 [0.107551522553] [0.0656948685646]
0.0768410693853 [0.106494694948] [0.0471874438226]
0.0717552471907 [0.106628328562] [0.0368821658194]
0.0693112928421 [0.107200600207] [0.0314219854772]
0.0677605895328 [0.106745243073] [0.0287759359926]
0.066130064428 [0.104696966708] [0.027563162148]
0.06402607820915 [0.101245626807] [0.0268065296113]
0.0636907853185 [0.101245626807] [0.02613594383]
0.06328846141685 [0.101245626807] [0.0253312960267]
0.06280442327249999 [0.101245626807] [0.024363219738]
0.0621898295357 [0.101245626807] [0.0231340322644]
0.061590482480699996 [0.101245626807] [0.0219353381544]
0.0611313395201 [0.101245626807] [0.0210170522332]
0.06102841813105 [0.101245626807] [0.0208112094551]
0.06151315942395 [0.101245626807] [0.0217806920409]
0.06286762468505 [0.101245626807] [0.0244896225631]
0.06513872370115 [0.101245626807] [0.0290318205953]
0.06804174929845 [0.101245626807] [0.0348378717899]
0.0704358816146 [0.101245626807] [0.0396261364222]
0.07135285250830001 [0.101245626807] [0.0414600782096]
0.05715810135005 [0.0730264633894] [0.0412897393107]
0.0545260049403 [0.068039521575] [0.0410124883056]
0.053470723331 [0.0655789151788] [0.0413625314832]
0.053741196170450006 [0.0645039528608] [0.0429784394801]
0.0540288798511 [0.0623787753284] [0.0456789843738]
0.053629765287050005 [0.0583481825888] [0.0489113479853]
0.05304424278435 [0.0546290427446] [0.0514594428241]
0.051829712465399996 [0.0509866550565] [0.0526727698743]
0.0502364281565 [0.048179037869] [0.052293818444]
0.04798755422235 [0.0455543249846] [0.0504207834601]
0.0459411107004 [0.0435015484691] [0.0483806729317]
0.04454915039245 [0.0423947349191] [0.0467035658658]
0.0436743143946 [0.0417241603136] [0.0456244684756]
0.043499493971500006 [0.0419884696603] [0.0450105182827]
0.04371457360685 [0.0429559387267] [0.044473208487]
0.043764023110300004 [0.0440658219159] [0.0434622243047]
0.04345867037775 [0.0450300611556] [0.0418872795999]
0.0425876677036 [0.0454311184585] [0.0397442169487]
0.0415250808001 [0.0454603619874] [0.0375897996128]
0.040532946586600005 [0.0453399457037] [0.0357259474695]
0.0399693418294 [0.0457177311182] [0.0342209525406]
0.0402636602521 [0.0474952086806] [0.0330321118236]
0.041544020175950006 [0.0510836094618] [0.0320044308901]
0.0431980025023 [0.055567022413] [0.0308289825916]
0.04269649181515 [0.0556907914579] [0.0297021921724]
0.03914100956175 [0.0503491908312] [0.0279328282923]
0.03473909571765 [0.0432079769671] [0.0262702144682]
0.03106103278695 [0.0373358502984] [0.0247862152755]
