0.11357141099865 [0.170164912939] [0.0569779090583]
0.12112203985469999 [0.170231893659] [0.0720121860504]
0.13045435398835 [0.168545097113] [0.0923636108637]
0.140047121793 [0.16260778904] [0.117486454546]
0.140462689102 [0.141904011369] [0.139021366835]
0.1228442415595 [0.111823409796] [0.133865073323]
0.09413705021155 [0.0808063000441] [0.107467800379]
0.07340111769735 [0.0593393482268] [0.0874628871679]
0.06645878590644999 [0.057812537998] [0.0751050338149]
0.061053743585950004 [0.0559055320919] [0.06620195508]
0.055943349376349996 [0.0535735934973] [0.0583131052554]
0.0502566546202 [0.0509863123298] [0.0495269969106]
0.04541834257545 [0.0484519414604] [0.0423847436905]
0.04211717285215 [0.0459552668035] [0.0382790789008]
0.0393887348473 [0.0435575842857] [0.0352198854089]
0.0369956064969 [0.0413300283253] [0.0326611846685]
0.03459609951825 [0.039323668927] [0.0298685301095]
0.032104470767100005 [0.0373918749392] [0.026817066595]
0.02987055201085 [0.0353802256286] [0.0243608783931]
0.02664070855825 [0.030510712415] [0.0227707047015]
0.02484976220875 [0.0276598520577] [0.0220396723598]
0.0244391495362 [0.02681761235] [0.0220606867224]
0.028560250997550003 [0.0345266088843] [0.0225938931108]
0.03168457280845 [0.0400509536266] [0.0233181919903]
0.0329200187698 [0.041956178844] [0.0238838586956]
0.03270004782825 [0.0412153340876] [0.0241847615689]
0.0318889208138 [0.0393915250897] [0.0243863165379]
0.03117676265535 [0.0375826656818] [0.0247708596289]
0.0305767757818 [0.0359146259725] [0.0252389255911]
0.03053826652465 [0.0349577628076] [0.0261187702417]
0.0310573503375 [0.0345006249845] [0.0276140756905]
0.03204964473845 [0.0340436138213] [0.0300556756556]
0.03350885026155 [0.0333245657384] [0.0336931347847]
0.03515723720195 [0.0323666147888] [0.0379478596151]
0.037086533382499995 [0.0322832688689] [0.0418897978961]
0.0374831687659 [0.0314978249371] [0.0434685125947]
0.0362842073664 [0.0302823465317] [0.0422860682011]
0.0346726216376 [0.0288377515972] [0.040507491678]
0.0333707323298 [0.0274103600532] [0.0393311046064]
0.03270893357695 [0.0260561220348] [0.0393617451191]
0.03273664973675 [0.0248455405235] [0.04062775895]
0.03327000979335 [0.0239667724818] [0.0425732471049]
0.0338547071442 [0.0237383786589] [0.0439710356295]
0.03420972172175 [0.0239170249552] [0.0445024184883]
0.03423942252995 [0.0244165174663] [0.0440623275936]
0.03416749835015 [0.0251260176301] [0.0432089790702]
0.0349371032789 [0.0264306310564] [0.0434435755014]
0.036644876003250004 [0.0287131294608] [0.0445766225457]
0.038782255724100004 [0.0319600477815] [0.0456044636667]
0.041150620207200006 [0.0354525707662] [0.0468486696482]
0.043075943365700003 [0.0382372476161] [0.0479146391153]
0.04414080828425 [0.0395709685981] [0.0487106479704]
0.044097913429149996 [0.0394668206573] [0.048729006201]
0.0433527138084 [0.0386328883469] [0.0480725392699]
0.04255182109775 [0.0380356423557] [0.0470679998398]
0.0420360825956 [0.0382630638778] [0.0458091013134]
0.04208533093335 [0.0395168438554] [0.0446538180113]
0.04297357983885 [0.0418474860489] [0.0440996736288]
0.044864160940049996 [0.0451227128506] [0.0446056090295]
0.047730002552300005 [0.0491860508919] [0.0462739542127]
0.05025263875725 [0.0520471632481] [0.0484581142664]
0.05198537185785 [0.0537269376218] [0.0502438060939]
0.05223539099095 [0.0538772828877] [0.0505934990942]
0.051179911941300005 [0.0529840439558] [0.0493757799268]
0.0493817385286 [0.0511775538325] [0.0475859232247]
0.04753049463035 [0.0486827380955] [0.0463782511652]
0.0462474357337 [0.0460272841156] [0.0464675873518]
0.0457612872124 [0.0439627207816] [0.0475598536432]
0.0448094420135 [0.0420592874289] [0.0475595965981]
0.042670404538500004 [0.0407481826842] [0.0445926263928]
0.0410441271961 [0.0400851964951] [0.0420030578971]
0.040338227525350004 [0.0398122742772] [0.0408641807735]
0.04014900512995 [0.0394806265831] [0.0408173836768]
0.04001846536995 [0.0389318689704] [0.0411050617695]
0.03958566859365 [0.03815824911] [0.0410130880773]
0.0391309838742 [0.0374609678984] [0.04080099985]
0.0388850364834 [0.037054669112] [0.0407154038548]
0.039320696145299996 [0.0371767915785] [0.0414646007121]
0.04086230695245 [0.0381170734763] [0.0436075404286]
0.0439022965729 [0.040054269135] [0.0477503240108]
0.048986142501249996 [0.0435506813228] [0.0544216036797]
0.0561978109181 [0.0493550822139] [0.0630405396223]
0.0673292055726 [0.0585415735841] [0.0761168375611]
0.08543660491704999 [0.0736191123724] [0.0972540974617]
0.1171249113975 [0.101194895804] [0.133054926991]
0.173686414957 [0.151188835502] [0.196183994412]
0.252936445177 [0.222925767303] [0.282947123051]
0.3188631385565 [0.284244447947] [0.353481829166]
0.3442309200765 [0.306640177965] [0.381821662188]
0.355362519622 [0.320345282555] [0.390379756689]
0.362206205726 [0.331243991852] [0.3931684196]
0.3692402690645 [0.347595453262] [0.390885084867]
0.37512132525450004 [0.366876363754] [0.383366286755]
0.376376405358 [0.380568385124] [0.372184425592]
0.3749614357945 [0.389356821775] [0.360566049814]
0.37257064878949997 [0.391775459051] [0.353365838528]
0.3713703900575 [0.390904158354] [0.351836621761]
0.371471345425 [0.388112843037] [0.354829847813]
0.3708844780925 [0.383843749762] [0.357925206423]
0.36301766335950003 [0.374106436968] [0.351928889751]
0.325558230281 [0.348802000284] [0.302314460278]
0.2523456215855 [0.301744073629] [0.202947169542]
0.1861627921465 [0.243863165379] [0.128462418914]
0.14354832470419998 [0.196630910039] [0.0904657393694]
0.1192892640831 [0.165553748608] [0.0730247795582]
0.10541647672635 [0.146571949124] [0.0642610043287]
0.09834770858275 [0.135892614722] [0.0608028024435]
0.09504505991955 [0.129785895348] [0.0603042244911]
0.0932429414242 [0.125684544444] [0.0608013384044]
0.09134882874785 [0.121994972229] [0.0607026852667]
0.0894353985785 [0.119678393006] [0.059192404151]
0.0876981765032 [0.118694216013] [0.0567021369934]
0.08465536683819999 [0.115435354412] [0.0538753792644]
0.07903148233915 [0.107018873096] [0.0510440915823]
0.0702621545643 [0.0930216237903] [0.0475026853383]
0.06093349307775 [0.0779455602169] [0.0439214259386]
0.0537703353912 [0.066295593977] [0.0412450768054]
0.05008542723955 [0.0600489713252] [0.0401218831539]
0.049295706674450004 [0.0578512512147] [0.0407401621342]
0.0499440524727 [0.0569154657423] [0.0429726392031]
0.051126845181 [0.0567111819983] [0.0455425083637]
0.05190663039685 [0.0566044077277] [0.047208853066]
0.05211660824715 [0.0562982596457] [0.0479349568486]
0.052101418375950004 [0.0558451935649] [0.048357643187]
0.05193527974185 [0.0550865717232] [0.0487839877605]
0.0516697485 [0.0537660457194] [0.0495734512806]
0.05139580182735 [0.0519961677492] [0.0507954359055]
0.0512822885066 [0.0501244664192] [0.052440110594]
0.051959129050349995 [0.048933904618] [0.0549843534827]
0.0540883243084 [0.0497251041234] [0.0584515444934]
0.0578928720206 [0.0530843399465] [0.0627014040947]
0.06327565759420001 [0.0587658137083] [0.0677855014801]
0.07069578394295001 [0.0668249577284] [0.0745666101575]
0.0824602283537 [0.0800644382834] [0.084856018424]
0.100677959621 [0.100403465331] [0.100952453911]
0.1287997961045 [0.133102566004] [0.124497026205]
0.1638926342125 [0.180757194757] [0.147028073668]
0.18923805654050002 [0.222138911486] [0.156337201595]
0.19953022152150002 [0.23968270421] [0.159377738833]
0.2026746124025 [0.245698690414] [0.159650534391]
0.205231152475 [0.252625972033] [0.157836332917]
0.2090598121285 [0.264967471361] [0.153152152896]
0.210956946015 [0.276649266481] [0.145264625549]
0.208383306861 [0.281592965126] [0.135173648596]
0.1799816451965 [0.24744695425] [0.112516336143]
0.13907715305695 [0.193834602833] [0.0843197032809]
0.10277301631880001 [0.145006194711] [0.0605398379266]
0.07887912169105 [0.112768046558] [0.0449901968241]
