0.0429815091193 [0.0412507578731] [0.0447122603655]
0.039937341585750005 [0.0355054363608] [0.0443692468107]
0.03790154680605 [0.0320546329021] [0.04374846071]
0.0367845520377 [0.0302764587104] [0.043292645365]
0.03677693661305 [0.0296433325857] [0.0439105406404]
0.03839891683315 [0.0298265498132] [0.0469712838531]
0.0415578605607 [0.030230442062] [0.0528852790594]
0.045304460451 [0.0303243808448] [0.0602845400572]
0.0488852970302 [0.0297908782959] [0.0679797157645]
0.05150995217265 [0.0286948345602] [0.0743250697851]
0.0532742571086 [0.0273263715208] [0.0792221426964]
0.05398251954465 [0.0257003176957] [0.0822647213936]
0.05268794391305 [0.0237515885383] [0.0816242992878]
0.0476686321199 [0.0213559195399] [0.0739813446999]
0.0403360389173 [0.018731623888] [0.0619404539466]
0.03332867566495 [0.0158873666078] [0.0507699847221]
0.02825821191075 [0.0132906548679] [0.0432257689536]
0.025256158784 [0.0112606436014] [0.0392516739666]
0.023995412047975 [0.00990724842995] [0.038083575666]
0.023736120667325 [0.00922728236765] [0.038244958967]
0.02368044573812 [0.00899841822684] [0.0383624732494]
0.02341130003335 [0.0091103836894] [0.0377122163773]
0.022699448280055 [0.00930143706501] [0.0360974594951]
0.02169577078892 [0.00942782405764] [0.0339637175202]
0.020679529756285 [0.00949016213417] [0.0318688973784]
0.01982888253407 [0.00945921521634] [0.0301985498518]
0.01928899297489 [0.00945482309908] [0.0291231628507]
0.019090954679975 [0.00951356533915] [0.0286683440208]
0.019452260807145 [0.00982906296849] [0.0290754586458]
0.0209129424766 [0.0108285006136] [0.0309973843396]
0.02463142154735 [0.0136070018634] [0.0356558412313]
0.0328543400392 [0.0206260252744] [0.045082654804]
0.050369778648000005 [0.0390134938061] [0.0617260634899]
0.08703657612205 [0.088913731277] [0.0851594209671]
0.146905917674 [0.186253353953] [0.107558481395]
0.192188862711 [0.264066874981] [0.120310850441]
0.2059931904075 [0.288422167301] [0.123564213514]
0.191029120237 [0.268917679787] [0.113140560687]
0.1577057242395 [0.223728373647] [0.091683074832]
0.1214815191927 [0.170596569777] [0.0723664686084]
0.09719356335675 [0.134015128016] [0.0603719986975]
0.0839574728161 [0.113200455904] [0.0547144897282]
0.0765780173242 [0.100718267262] [0.0524377673864]
0.07298667728899999 [0.0941459909081] [0.0518273636699]
0.0720892418176 [0.0920998975635] [0.0520785860717]
0.0726526901126 [0.0926745682955] [0.0526308119297]
0.0737726017833 [0.0942397415638] [0.0533054620028]
0.0749576445669 [0.0959679037333] [0.0539473854005]
0.07598270289600001 [0.0976584553719] [0.0543069504201]
0.07692076265815 [0.0993511974812] [0.0544903278351]
0.0768523067236 [0.0993543341756] [0.0543502792716]
0.07599138095975 [0.0983005389571] [0.0536822229624]
0.07484489120545 [0.0971705764532] [0.0525192059577]
0.07450653612615 [0.0977080911398] [0.0513049811125]
0.07457073032855001 [0.0987269356847] [0.0504145249724]
0.07599902898075 [0.101780384779] [0.0502176731825]
0.07896392606205 [0.106610864401] [0.0513169877231]
0.0823493208734 [0.111994579434] [0.0527040623128]
0.08501690626165001 [0.116572119296] [0.0534616932273]
0.0866703763602 [0.119699940085] [0.0536408126354]
0.0876126699151 [0.121670521796] [0.0535548180342]
0.08818958327160001 [0.122957229614] [0.0534219369292]
0.0886107645929 [0.123827598989] [0.0533939301968]
0.0889168232679 [0.124284595251] [0.0535490512848]
0.0890781208874 [0.124463118613] [0.0536931231618]
0.0895919334145 [0.125147044659] [0.05403682217]
0.09107757359735 [0.127077564597] [0.0550775825977]
0.09449923597274999 [0.13118468225] [0.0578137896955]
0.10182644054305001 [0.139607191086] [0.0640456900001]
0.11576528847209999 [0.153697580099] [0.0778329968452]
0.1399877257645 [0.174938932061] [0.105036519468]
0.1790101602675 [0.204684153199] [0.153336167336]
0.2295738458635 [0.238171130419] [0.220976561308]
0.262753099203 [0.254867017269] [0.270639181137]
0.27035088837099996 [0.262956321239] [0.277745455503]
0.264105424285 [0.26331782341] [0.26489302516]
0.2579657137395 [0.263814300299] [0.25211712718]
0.2578042671085 [0.268074095249] [0.247534438968]
0.25987354666 [0.273909747601] [0.245837345719]
0.26261492073500003 [0.27891254425] [0.24631729722]
0.2649323195215 [0.281927645206] [0.247936993837]
0.267787143588 [0.284706860781] [0.250867426395]
0.272832840681 [0.288958251476] [0.256707429886]
0.27891772985450003 [0.291999310255] [0.265836149454]
0.286455124617 [0.295953214169] [0.276957035065]
0.2951014190915 [0.30047506094] [0.289727777243]
0.30299879610549996 [0.307980418205] [0.298017174006]
0.307971909642 [0.314769506454] [0.30117431283]
0.309234663844 [0.316793590784] [0.301675736904]
0.31033967435349996 [0.319014132023] [0.301665216684]
0.31270296871650005 [0.321973115206] [0.303432822227]
0.31765554845349997 [0.327545464039] [0.307765632868]
0.324299201369 [0.335294038057] [0.313304364681]
0.3268993794915 [0.341961741447] [0.311837017536]
0.324690505862 [0.347619742155] [0.301761269569]
0.317944779992 [0.346390247345] [0.289499312639]
0.30938787758349995 [0.342412531376] [0.276363223791]
0.299877718091 [0.338965088129] [0.260790348053]
0.289579950273 [0.336441159248] [0.242718741298]
0.2774118110535 [0.331547051668] [0.223276570439]
0.2674559801815 [0.327784180641] [0.207127779722]
0.260700210929 [0.322943985462] [0.198456436396]
0.2571839690205 [0.319468796253] [0.194899141788]
0.25783751904950003 [0.318692445755] [0.196982592344]
0.26223669201099997 [0.31948813796] [0.204985246062]
0.26890145987249997 [0.319692492485] [0.21811042726]
0.27643028646699996 [0.317440330982] [0.235420241952]
0.283968284726 [0.31336826086] [0.254568308592]
0.2890916615725 [0.306819587946] [0.271363735199]
0.292062908411 [0.300603210926] [0.283522605896]
0.290810674429 [0.29534047842] [0.286280870438]
0.28989280760299996 [0.288399189711] [0.291386425495]
0.278581559658 [0.261880815029] [0.295282304287]
0.24907515198000002 [0.20489795506] [0.2932523489]
0.210770227015 [0.140964463353] [0.280575990677]
0.17689412459725 [0.0984475538135] [0.255340695381]
0.15183483809235 [0.0760056376457] [0.227664038539]
0.13553681969665 [0.0654469132423] [0.205626726151]
0.1250246167181 [0.0582166910172] [0.191832542419]
0.11931813322005 [0.0533517412841] [0.185284525156]
