0.0368863912299 [0.0446303002536] [0.0291424822062]
0.03868641145525 [0.0489736869931] [0.0283991359174]
0.0405713375658 [0.0522163435817] [0.0289263315499]
0.04236578475685 [0.0543740540743] [0.0303575154394]
0.0429891049862 [0.0537835508585] [0.0321946591139]
0.04377042874695 [0.0534640401602] [0.0340768173337]
0.044311972335000005 [0.0538684614003] [0.0347554832697]
0.0441266279668 [0.0550390183926] [0.033214237541]
0.04340035188945 [0.0563102550805] [0.0304904486984]
0.0417106933892 [0.0568860843778] [0.0265353024006]
0.03978048171845 [0.0563571974635] [0.0232037659734]
0.0381564097479 [0.0551403351128] [0.021172484383]
0.0373672870919 [0.0542299374938] [0.02050463669]
0.0378298833966 [0.0546763241291] [0.0209834426641]
0.0402219137177 [0.0581641495228] [0.0222796779126]
0.0411415183917 [0.0581641495228] [0.0241188872606]
0.041774793528050004 [0.0581641495228] [0.0253854375333]
0.04160943534225 [0.0581641495228] [0.0250547211617]
0.04070063866675 [0.0581641495228] [0.0232371278107]
0.0303594339639 [0.0394409075379] [0.0212779603899]
0.028069922700500002 [0.0364633798599] [0.0196764655411]
0.0271695377305 [0.0355821922421] [0.0187568832189]
0.0273909950629 [0.0360171198845] [0.0187648702413]
0.0285305604339 [0.0370964817703] [0.0199646390975]
0.030488868244 [0.0384468100965] [0.0225309263915]
0.03293733205645 [0.0397097729146] [0.0261648911983]
0.03532916493715 [0.0409321933985] [0.0297261364758]
0.036850921809649995 [0.0420045107603] [0.031697332859]
0.0368536040187 [0.0424425601959] [0.0312646478415]
0.03557637892665 [0.0418253131211] [0.0293274447322]
0.0333490977064 [0.0406200140715] [0.0260781813413]
0.0301751028746 [0.03755229339] [0.0227979123592]
0.02806327771395 [0.0358107276261] [0.0203158278018]
0.02733983565125 [0.0359171815217] [0.0187624897808]
0.028457980602999998 [0.0386538952589] [0.0182620659471]
0.0310320984572 [0.0435259230435] [0.0185382738709]
0.033306366764 [0.0477156713605] [0.0188970621675]
0.033368530683250006 [0.0478877127171] [0.0188493486494]
0.03059445042165 [0.0429617017508] [0.0182271990925]
0.02708728052675 [0.0368582718074] [0.0173162892461]
0.024695046246049998 [0.0328957922757] [0.0164943002164]
0.02326919604095 [0.0304965898395] [0.0160418022424]
0.02269563637675 [0.0293976739049] [0.0159935988486]
0.02282129693775 [0.0293155834079] [0.0163270104676]
0.02358748111875 [0.0300317350775] [0.01714322716]
0.0251887831837 [0.0315322801471] [0.0188452862203]
0.0279486849904 [0.0336891338229] [0.0222082361579]
0.0321141527966 [0.0359096936882] [0.028318611905]
0.0373636223376 [0.0372071489692] [0.037520095706]
0.0417763907462 [0.0370375886559] [0.0465151928365]
0.04311141185465 [0.0361145362258] [0.0501082874835]
0.04283864423635 [0.0354961268604] [0.0501811616123]
0.0430675856769 [0.0360280610621] [0.0501071102917]
0.04473198764025 [0.0383296869695] [0.051134288311]
0.04832670651375 [0.0427369698882] [0.0539164431393]
0.054335512220899995 [0.0503159500659] [0.0583550743759]
0.061196384951499996 [0.0587879009545] [0.0636048689485]
0.06681434437635 [0.0655849054456] [0.0680437833071]
0.07013837248085 [0.0695369914174] [0.0707397535443]
0.07167452946305 [0.0717519819736] [0.0715970769525]
0.07260191813110001 [0.0734599530697] [0.0717438831925]
0.0731661096215 [0.0746329128742] [0.0716993063688]
0.07408284023405 [0.0759734362364] [0.0721922442317]
0.07668509334325 [0.079245492816] [0.0741246938705]
0.08232079446315 [0.0860801562667] [0.0785614326596]
0.09024853259325 [0.0957163497806] [0.0847807154059]
0.0982693247497 [0.106338173151] [0.0902004763484]
0.10211652144795 [0.113380521536] [0.0908525213599]
0.0941994599997 [0.110144741833] [0.0782541781664]
0.08313198760155 [0.0997053012252] [0.0665586739779]
0.07434908300635 [0.0907460749149] [0.0579520910978]
0.06888609565795 [0.0853814631701] [0.0523907281458]
0.064628155902 [0.0809894353151] [0.0482668764889]
0.060010125860600005 [0.0753410160542] [0.044679235667]
0.05444754846395 [0.0679373219609] [0.040957774967]
0.04914364404975 [0.0599398650229] [0.0383474230766]
0.0452105589211 [0.053754016757] [0.0366671010852]
0.0424898136407 [0.0493885576725] [0.0355910696089]
0.0404521394521 [0.0461165979505] [0.0347876809537]
0.0386349745095 [0.0436274111271] [0.0336425378919]
0.0372232776135 [0.0418639704585] [0.0325825847685]
0.0364468935877 [0.0407450906932] [0.0321486964822]
0.0363078471273 [0.0401246473193] [0.0324910469353]
0.03670428879555 [0.0398304238915] [0.0335781536996]
0.037258161231849996 [0.0395144112408] [0.0350019112229]
0.037634100764949996 [0.0389492101967] [0.0363189913332]
0.0376901105046 [0.0382122248411] [0.0371679961681]
0.03770354948935 [0.0377516262233] [0.0376554727554]
0.03838357515635 [0.0384220555425] [0.0383450947702]
0.04008487425745 [0.0408280082047] [0.0393417403102]
0.042741052806400004 [0.0448950715363] [0.0405870340765]
0.0456080455333 [0.0497572645545] [0.0414588265121]
0.0486074928194 [0.054861433804] [0.0423535518348]
0.051788000389950004 [0.0598777346313] [0.0436982661486]
0.053920323029199996 [0.0624362379313] [0.0454044081271]
0.0551231857389 [0.0644605234265] [0.0457858480513]
0.0552906990051 [0.0659917965531] [0.0445896014571]
