0.08030860871095 [0.124970339239] [0.0356468781829]
0.08150964044025 [0.127076372504] [0.0359429083765]
0.08314488828199999 [0.129945456982] [0.036344319582]
0.0847700461746 [0.13292221725] [0.0366178750992]
0.08299939334385 [0.130371659994] [0.0356271266937]
0.07422599010150001 [0.115700088441] [0.032751891762]
0.062824065797 [0.0955737531185] [0.0300743784755]
0.0538666564971 [0.0791888460517] [0.0285444669425]
0.04818109050395 [0.0684548020363] [0.0279073789716]
0.04460898879915 [0.0617192164063] [0.027498761192]
0.044898526743050005 [0.0615489706397] [0.0282480828464]
0.045407510362600004 [0.0612753592432] [0.029539661482]
0.045966562815 [0.0608048737049] [0.0311282519251]
0.0460421461612 [0.0596127361059] [0.0324715562165]
0.0411928873509 [0.049344971776] [0.0330408029258]
0.03802347555755 [0.0432471297681] [0.032799821347]
0.0359527468681 [0.0397462546825] [0.0321592390537]
0.034701628610499996 [0.0379993207753] [0.0314039364457]
0.03273323830215 [0.0369395390153] [0.028526937589]
0.03155962657185 [0.0357302501798] [0.0273890029639]
0.0298645338044 [0.0339505374432] [0.0257785301656]
0.02879057172685 [0.0318641550839] [0.0257169883698]
0.02829817589375 [0.0296760424972] [0.0269203092903]
0.029205366037800003 [0.0276542212814] [0.0307565107942]
0.0330664375797 [0.0261467751116] [0.0399861000478]
0.030767542310100003 [0.0262812469155] [0.0352538377047]
0.02926676813515 [0.026263890788] [0.0322696454823]
0.02869168762115 [0.0263122618198] [0.0310711134225]
0.028827252797799997 [0.0265135634691] [0.0311409421265]
0.0314201610163 [0.0310840625316] [0.031756259501]
0.035371502861350004 [0.0382764264941] [0.0324665792286]
0.03964539803565 [0.0461594127119] [0.0331313833594]
0.0424402616918 [0.0511728413403] [0.0337076820433]
0.0447305906564 [0.0517303086817] [0.0377308726311]
0.043004272505650004 [0.0490335635841] [0.0369749814272]
0.03986216150225 [0.044475581497] [0.0352487415075]
0.0352486334741 [0.0402729101479] [0.0302243568003]
0.0317930066958 [0.036589730531] [0.0269962828606]
0.029137695208199997 [0.0330758579075] [0.0251995325089]
0.0273278756067 [0.0297511592507] [0.0249045919627]
0.0262858355418 [0.0267905108631] [0.0257811602205]
0.02572423312815 [0.024431290105] [0.0270171761513]
0.0253762360662 [0.0229033846408] [0.0278490874916]
0.02513858769085 [0.0220725908875] [0.0282045844942]
0.02513419557365 [0.0217942595482] [0.0284741315991]
0.025408341549300002 [0.021813172847] [0.0290035102516]
0.025844410061850003 [0.021876424551] [0.0298123955727]
0.02630701847375 [0.0218307655305] [0.030783271417]
0.02674198057505 [0.0215523224324] [0.0319316387177]
0.02723624650385 [0.0209967922419] [0.0334757007658]
0.02801040932535 [0.0201737992465] [0.0358470194042]
0.02954814676195 [0.019185571] [0.0399107225239]
0.03337955940515 [0.0178331974894] [0.0489259213209]
0.0397897316143 [0.0163139458746] [0.063265517354]
0.04482317715885 [0.0150624886155] [0.0745838657022]
0.044072754681149996 [0.0153641328216] [0.0727813765407]
0.042537617497149995 [0.0168883558363] [0.068186879158]
0.04188807774335 [0.0187733639032] [0.0650027915835]
0.04174800403415 [0.0207079313695] [0.0627880766988]
0.042369550094 [0.0223704949021] [0.0623686052859]
0.04383371956645 [0.0237904600799] [0.063876979053]
0.0456020087004 [0.025155171752] [0.0660488456488]
0.04645087290555 [0.0264743436128] [0.0664274021983]
0.04704009369015 [0.0277677029371] [0.0663124844432]
0.04764923173935 [0.0289289969951] [0.0663694664836]
0.04834423121065 [0.030119670555] [0.0665687918663]
0.049219321459550006 [0.031654201448] [0.0667844414711]
0.05070970393720001 [0.0340066365898] [0.0674127712846]
0.0530139096081 [0.0374983400106] [0.0685294792056]
0.05616751872005 [0.0421740822494] [0.0701609551907]
0.06031488999725 [0.0488537251949] [0.0717760547996]
0.06635025329885 [0.0581959225237] [0.074504584074]
0.07241404801605 [0.0673998445272] [0.0774282515049]
0.07711960747839999 [0.0736480429769] [0.0805911719799]
0.07870165258645001 [0.0753612816334] [0.0820420235395]
0.07790007814764999 [0.0757108554244] [0.0800893008709]
0.07497353479265 [0.0743617415428] [0.0755853280425]
0.0704157948494 [0.0724108591676] [0.0684207305312]
0.0658613052219 [0.0703103840351] [0.0614122264087]
0.06252123601735 [0.0685401558876] [0.0565023161471]
0.0596755836159 [0.066027790308] [0.0533233769238]
0.05671317502855 [0.0622227974236] [0.0512035526335]
0.052827175706600005 [0.0562077350914] [0.0494466163218]
0.0484622195363 [0.0494113788009] [0.0475130602717]
0.0447951480746 [0.0442447774112] [0.045345518738]
0.041715811938050004 [0.0406534075737] [0.0427782163024]
0.03938124515115 [0.0382303409278] [0.0405321493745]
0.0373686738312 [0.0366750434041] [0.0380623042583]
0.035551598295550005 [0.0354976803064] [0.0356055162847]
0.0337552987039 [0.0342092625797] [0.0333013348281]
0.0321275871247 [0.0327032990754] [0.031551875174]
0.0308466786519 [0.031164880842] [0.0305284764618]
0.030078818090250002 [0.0298612974584] [0.0302963387221]
0.030064055696149998 [0.0290948394686] [0.0310332719237]
0.0306688901037 [0.0289426222444] [0.032395157963]
0.03174139745535 [0.0294863432646] [0.0339964516461]
0.0329538471997 [0.0304947718978] [0.0354129225016]
