0.10351112484950001 [0.123509474099] [0.0835127756]
0.10458854213345 [0.125692695379] [0.0834843888879]
0.1066600643098 [0.12750557065] [0.0858145579696]
0.10984015092239999 [0.129804074764] [0.0898762270808]
0.11138054355975 [0.128871038556] [0.0938900485635]
0.1045784130694 [0.114147499204] [0.0950093269348]
0.08792633190755 [0.0851788669825] [0.0906737968326]
0.0721435118467 [0.0607729814947] [0.0835140421987]
0.06171910464765 [0.0470841005445] [0.0763541087508]
0.05619282461705 [0.0403737463057] [0.0720119029284]
0.053298689425000004 [0.0369162559509] [0.0696811228991]
0.05254079401495 [0.0357194617391] [0.0693621262908]
0.05336621776225 [0.0360948443413] [0.0706375911832]
0.0552630852908 [0.0375140421093] [0.0730121284723]
0.058074375614550006 [0.0396477542818] [0.0765009969473]
0.06180293299255 [0.0422512553632] [0.0813546106219]
0.06602525524795 [0.0445295237005] [0.0875209867954]
0.0686996243894 [0.0441063642502] [0.0932928845286]
0.06946162879465001 [0.0438715517521] [0.0950517058372]
0.06701372377575 [0.0436870269477] [0.0903404206038]
0.0626372136176 [0.0439115390182] [0.081362888217]
0.0591170359403 [0.0455083362758] [0.0727257356048]
0.058227373287099995 [0.0499096103013] [0.0665451362729]
0.060894638299949996 [0.0594608895481] [0.0623283870518]
0.0694272220135 [0.080623947084] [0.058230496943]
0.08950164169055 [0.123149886727] [0.0558533966541]
0.12247699871675001 [0.190218612552] [0.0547353848815]
0.15211515687425 [0.250060886145] [0.0541694276035]
0.15172495692985 [0.250060886145] [0.0533890277147]
0.15092678181844998 [0.250060886145] [0.0517926774919]
0.14950369298475 [0.250060886145] [0.0489464998245]
0.14817567914739999 [0.250060886145] [0.0462904721498]
0.14710968360325 [0.250060886145] [0.0441584810615]
0.054254068061699995 [0.0653081089258] [0.0432000271976]
0.05430723167955 [0.0647271126509] [0.0438873507082]
0.055207597091749994 [0.0642332732677] [0.0461819209158]
0.05711045861245 [0.0645032227039] [0.049717694521]
0.06016916781664999 [0.0662607252598] [0.0540776103735]
0.06414014659825 [0.0696400254965] [0.0586402677]
0.0685268715024 [0.0741425976157] [0.0629111453891]
0.07230999693275 [0.0785598754883] [0.0660601183772]
0.0749710686505 [0.0819089636207] [0.0680331736803]
0.0764630846679 [0.0839061513543] [0.0690200179815]
0.07740594819185001 [0.0849715173244] [0.0698403790593]
0.07857163622975 [0.085730060935] [0.0714132115245]
0.0830977372825 [0.0912044122815] [0.0749910622835]
0.0906184837222 [0.0999947115779] [0.0812422558665]
0.0969002768396 [0.108382053673] [0.0854185000062]
0.09829515591245 [0.111084528267] [0.0855057835579]
0.0941344946621 [0.105952814221] [0.0823161751032]
0.0880022160709 [0.0998641327024] [0.0761402994394]
0.08242846652865 [0.0946873873472] [0.0701695457101]
0.0781329758465 [0.0902025029063] [0.0660634487867]
0.0743617452681 [0.0844037160277] [0.0643197745085]
0.07132414355870001 [0.0782203674316] [0.0644279196858]
0.06928089633580001 [0.0732893273234] [0.0652724653482]
0.06748516485095 [0.069721147418] [0.0652491822839]
0.0664171911776 [0.0676210299134] [0.0652133524418]
0.0647987946868 [0.0658133253455] [0.0637842640281]
0.0630559194833 [0.0640140250325] [0.0620978139341]
0.0615518372506 [0.0625191926956] [0.0605844818056]
0.06059321947395 [0.0616275258362] [0.0595589131117]
0.060331998392950004 [0.0614631697536] [0.0592008270323]
0.060851961374300004 [0.0620072595775] [0.0596966631711]
0.062217606231549996 [0.063078969717] [0.0613562427461]
0.06414863467215 [0.0646487697959] [0.0636484995484]
0.0664839372039 [0.0665826573968] [0.066385217011]
0.06955771520734999 [0.070346057415] [0.0687693729997]
0.07247196137905 [0.0748652517796] [0.0700786709785]
0.07350951805709999 [0.0780237689614] [0.0689952671528]
0.07351441681384999 [0.0798122137785] [0.0672166198492]
0.07369615882635 [0.08126065135] [0.0661316663027]
0.07552607357505 [0.0842079073191] [0.066844239831]
0.08041090890765 [0.0901119336486] [0.0707098841667]
0.08795161172745 [0.0974393934011] [0.0784638300538]
0.0928702503441 [0.103356659412] [0.0823838412762]
0.09164474159495001 [0.101384609938] [0.0819048732519]
0.0849262475967 [0.0941989868879] [0.0756535083055]
0.07938394322994999 [0.0887217819691] [0.0700461044908]
0.0754647664726 [0.0848753079772] [0.066054224968]
0.07239911332724999 [0.081781104207] [0.0630171224475]
0.0704353898764 [0.0796017944813] [0.0612689852715]
0.06920114345850001 [0.0780559629202] [0.0603463239968]
0.06770753487945 [0.0762669816613] [0.0591480880976]
0.06527145765720001 [0.0736708566546] [0.0568720586598]
0.06227671168745 [0.0706004798412] [0.0539529435337]
0.05982577055695 [0.0679494664073] [0.0517020747066]
0.05778723582625 [0.0657969862223] [0.0497774854302]
0.05653464980424999 [0.0642610490322] [0.0488082505763]
0.05606105178595 [0.0633066892624] [0.0488154143095]
0.05631311796605 [0.0629401132464] [0.0496861226857]
0.057181989774099995 [0.0631716772914] [0.0511923022568]
0.058888213709000006 [0.0646340921521] [0.0531423352659]
0.0626271534711 [0.0691703259945] [0.0560839809477]
0.06915443204345 [0.0777645856142] [0.0605442784727]
0.07505951821805 [0.0848198756576] [0.0652991607785]
0.0795428343117 [0.0915533006191] [0.0675323680043]
0.08294331282375 [0.0975505635142] [0.0683360621333]
0.08662247285225 [0.103863060474] [0.0693818852305]
0.09309545531880001 [0.113359808922] [0.0728311017156]
0.10505361855045 [0.128567695618] [0.0815395414829]
0.12209974601845 [0.148997828364] [0.0952016636729]
0.13865113258349998 [0.167993038893] [0.109309226274]
0.1412696577605 [0.170035988092] [0.112503327429]
0.134136941284 [0.16168987751] [0.106584005058]
0.12453191727420002 [0.150723934174] [0.0983399003744]
0.1165937818589 [0.141103997827] [0.0920835658908]
0.10795937478539999 [0.128771007061] [0.0871477425098]
0.09636346623285 [0.111655399203] [0.0810715332627]
0.08234326541425 [0.0925812199712] [0.0721053108573]
0.07011654600505 [0.0776907205582] [0.0625423714519]
0.06175692752005 [0.0686303675175] [0.0548834875226]
0.05676834657785 [0.063109613955] [0.0504270792007]
0.054538358002899995 [0.060419600457] [0.0486571155488]
0.0541463326663 [0.0596600174904] [0.0486326478422]
0.0545878838748 [0.06000123173] [0.0491745360196]
0.05518624931575 [0.0610290840268] [0.0493434146047]
0.055659955367399996 [0.0624138526618] [0.048906058073]
0.056269735097899995 [0.0643551722169] [0.0481842979789]
0.05737007409335 [0.0671273171902] [0.0476128309965]
0.05934917740525 [0.0710249319673] [0.0476734228432]
0.062426811084150005 [0.0761594623327] [0.0486941598356]
0.06696213036780001 [0.0828989297152] [0.0510253310204]
0.07383440248664999 [0.0922579914331] [0.0554108135402]
0.0842658989133 [0.105596803129] [0.0629349946976]
0.09936369583025001 [0.124446153641] [0.0742812380195]
0.1192838028073 [0.1499235183] [0.0886440873146]
0.135765619576 [0.169843375683] [0.101687863469]
0.1423946246505 [0.176155269146] [0.108633980155]
0.143286433071 [0.17517991364] [0.111392952502]
0.143666546792 [0.174653038383] [0.112680055201]
0.1445897109805 [0.174591183662] [0.114588238299]
0.1449322253465 [0.173590525985] [0.116273924708]
0.1438721492885 [0.170934572816] [0.116809725761]
0.139587722719 [0.165586099029] [0.113589346409]
0.1330202035605 [0.15795853734] [0.108081869781]
0.1248581968245 [0.148843735456] [0.100872658193]
0.11646771430955 [0.139293119311] [0.0936423093081]
0.10946431010975 [0.130595982075] [0.0883326381445]
0.10514219477795 [0.124689213932] [0.0855951756239]
0.10393663123245 [0.122035242617] [0.0858380198479]
0.1052919179201 [0.122020445764] [0.0885633900762]
0.10789223015325 [0.123357817531] [0.0924266427755]
0.1086703948678 [0.122885026038] [0.0944557636976]
0.10388194397105 [0.116084687412] [0.0916792005301]
0.09361633658405 [0.104009322822] [0.0832233503461]
0.08299107104539999 [0.0921894237399] [0.0737927183509]
0.07438414916399999 [0.0827484801412] [0.0660198181868]
0.06809447146955 [0.0760404020548] [0.0601485408843]
0.06371582858265 [0.071452267468] [0.0559793896973]
0.0604711510241 [0.0680538341403] [0.0528884679079]
0.058131482452149996 [0.0657139495015] [0.0505490154028]
0.057223161682499996 [0.0650612413883] [0.0493850819767]
