0.1458769366145 [0.218610137701] [0.073143735528]
0.1568313352765 [0.240246087313] [0.07341658324]
0.17037676274785 [0.267747372389] [0.0730061531067]
0.2159181721509 [0.359467804432] [0.0723685398698]
0.2217612601816 [0.371405482292] [0.0721170380712]
0.2286718040707 [0.383587777615] [0.0737558305264]
0.23659127578144998 [0.393683820963] [0.0794987305999]
0.24554765224459998 [0.398743659258] [0.0923516452312]
0.25620482862 [0.395264714956] [0.117144942284]
0.2685394883155 [0.377443253994] [0.159635722637]
0.28722153604 [0.355990976095] [0.218452095985]
0.29471394419700003 [0.316700726748] [0.272727161646]
0.2747240811585 [0.255983322859] [0.293464839458]
0.230691961944 [0.168894007802] [0.292489916086]
0.18676165118799998 [0.104311950505] [0.269211351871]
0.14550022780895 [0.0691143423319] [0.221886113286]
0.10532610863445 [0.0525086224079] [0.158143594861]
0.07426252029845 [0.0436859764159] [0.104839064181]
0.05491825193165 [0.0378856882453] [0.071950815618]
0.0437055118382 [0.033935111016] [0.0534759126604]
0.037296067923349996 [0.0311759859324] [0.0434161499143]
0.03380976058545 [0.0291901640594] [0.0384293571115]
0.03212498966605 [0.0277729239315] [0.0364770554006]
0.0315164793283 [0.026888422668] [0.0361445359886]
0.0314913131297 [0.0266230516136] [0.0363595746458]
0.031776481307999996 [0.0270018074661] [0.0365511551499]
0.03214947506785 [0.0279425084591] [0.0363564416766]
0.03238572459665 [0.0290510561317] [0.0357203930616]
0.032340801320950005 [0.0301665533334] [0.0345150493085]
0.032086659222850006 [0.0314272791147] [0.032746039331]
0.03194326628 [0.0333721451461] [0.0305143874139]
0.03270167950545 [0.0370202288032] [0.0283831302077]
0.0354297105223 [0.0436954759061] [0.0271639451385]
0.040695251897000004 [0.0537200942636] [0.0276704095304]
0.047384210862250004 [0.0642146840692] [0.0305537376553]
0.05391221679745 [0.0726719871163] [0.0351524464786]
0.05761405453085 [0.0759948939085] [0.0392332151532]
0.055958479642899996 [0.0716550126672] [0.0402619466186]
0.050974868238 [0.0635582134128] [0.0383915230632]
0.0455999746919 [0.0555526055396] [0.0356473438442]
0.041065914556400004 [0.0488937869668] [0.033238042146]
0.03776186145845 [0.0436577610672] [0.0318659618497]
0.0352319534868 [0.039275187999] [0.0311887189746]
0.0334374485537 [0.0358588583767] [0.0310160387307]
0.032464209944 [0.0336693376303] [0.0312590822577]
0.0321846716106 [0.0326046645641] [0.0317646786571]
0.03253462538125 [0.0326284877956] [0.0324407629669]
0.033495945856 [0.0333207026124] [0.0336711890996]
0.0349719692022 [0.0343680121005] [0.0355759263039]
0.03680083155635 [0.0353087075055] [0.0382929556072]
0.03899353556335 [0.0362903699279] [0.0416967011988]
0.0414872709662 [0.0376637168229] [0.0453108251095]
0.0443531740457 [0.0401293076575] [0.0485770404339]
0.04757290147245 [0.0439825057983] [0.0511632971466]
0.050792876631 [0.0487898997962] [0.0527958534658]
0.0542110297829 [0.0543091855943] [0.0541128739715]
0.05831107124685 [0.0608211532235] [0.0558009892702]
0.062591413036 [0.0672428831458] [0.0579399429262]
0.06656455248595 [0.0731180012226] [0.0600111037493]
0.0698634106666 [0.0783304423094] [0.0613963790238]
0.07257442176340001 [0.082625426352] [0.0625234171748]
0.0752048380673 [0.0856880322099] [0.0647216439247]
0.07789622992275 [0.0880761966109] [0.0677162632346]
0.0798165500164 [0.0893769934773] [0.0702561065555]
0.0801242813468 [0.0886987522244] [0.0715498104692]
0.07882173359395 [0.0861919224262] [0.0714515447617]
0.07593676820395 [0.0813332721591] [0.0705402642488]
0.07283221930264999 [0.0759831145406] [0.0696813240647]
0.06963079422715 [0.0698288306594] [0.0694327577949]
0.0672191567719 [0.0641998201609] [0.0702384933829]
0.0655842795968 [0.0592944547534] [0.0718741044402]
0.0642517562956 [0.0548795871437] [0.0736239254475]
0.06341445818545 [0.0512288734317] [0.0756000429392]
0.0636550616473 [0.0483266375959] [0.0789834856987]
0.0657705925405 [0.0461931079626] [0.0853480771184]
0.07017683424055 [0.044583145529] [0.0957705229521]
0.075371230021 [0.043279286474] [0.107463173568]
0.0797544028612 [0.0422878302634] [0.117220975459]
0.08339015953224999 [0.0416514240205] [0.125128895044]
0.0863756947219 [0.0414873883128] [0.131264001131]
0.0900848992168 [0.0422794148326] [0.137890383601]
0.0952291954307 [0.0447508729994] [0.145707517862]
0.10360074229539999 [0.0500714369118] [0.157130047679]
0.1178577654064 [0.0602272376418] [0.175488293171]
0.14170882478365 [0.0802317485213] [0.203185901046]
0.175281535834 [0.117161192] [0.233401879668]
0.2097387462855 [0.171814188361] [0.24766330421]
0.21470639109599998 [0.2088021487] [0.220610633492]
0.19420587271450002 [0.205025225878] [0.183386519551]
0.16772821545599997 [0.186980336905] [0.148476094007]
0.145889911801 [0.168408825994] [0.123370997608]
0.13077772036149998 [0.154982566833] [0.10657287389]
0.12156205251835 [0.14680787921] [0.0963162258267]
0.112992670387 [0.137237355113] [0.088747985661]
0.0997691638768 [0.117187537253] [0.0823507905006]
0.08482770621775 [0.0935842171311] [0.0760711953044]
0.07289997860790001 [0.0761649161577] [0.0696350410581]
0.06550852581855 [0.0665898546576] [0.0644271969795]
0.06050690822305 [0.0604728199542] [0.0605409964919]
0.057536508888 [0.0568704865873] [0.0582025311887]
0.05634513124825 [0.0551768951118] [0.0575133673847]
0.056469008326549996 [0.0546865053475] [0.0582515113056]
0.05765498429535 [0.0550333112478] [0.0602766573429]
0.0599752776325 [0.0562610626221] [0.0636894926429]
0.06373853050175 [0.0585044361651] [0.0689726248384]
0.06929587200285 [0.0616704002023] [0.0769213438034]
0.07648425176740001 [0.0650773122907] [0.0878911912441]
0.0851918533442 [0.0679617747664] [0.102421931922]
0.0940307304261 [0.0699859634042] [0.118075497448]
0.10364397615195 [0.0721551477909] [0.135132804513]
0.11729515343895 [0.0765575319529] [0.158032774925]
0.1392109990119 [0.0854266434908] [0.192995354533]
0.1773866675795 [0.109532646835] [0.245240688324]
0.23014315962799997 [0.160383522511] [0.299902796745]
0.281799398363 [0.239633187652] [0.323965609074]
0.2858342379335 [0.260888963938] [0.310779511929]
0.259158656001 [0.240951746702] [0.2773655653]
0.2233163118365 [0.212534710765] [0.234097912908]
0.191625230014 [0.186209157109] [0.197041302919]
0.167972289026 [0.165622338653] [0.170322239399]
0.149920590222 [0.148944556713] [0.150896623731]
