0.221069820225 [0.209397807717] [0.232741832733]
0.233049824834 [0.2157317698] [0.250367879868]
0.24383939057600001 [0.220769390464] [0.266909390688]
0.2536608055235 [0.223840340972] [0.283481270075]
0.2649995610115 [0.230116680264] [0.299882441759]
0.277495101094 [0.238237649202] [0.316752552986]
0.290515303612 [0.245917260647] [0.335113346577]
0.301493600011 [0.250825792551] [0.352161407471]
0.30946153402300003 [0.250987946987] [0.367935121059]
0.31449086964100004 [0.247823566198] [0.381158173084]
0.315910153091 [0.24450789392] [0.387312412262]
0.3153359889985 [0.242862343788] [0.387809634209]
0.31133195012799997 [0.239212706685] [0.383451193571]
0.3065780252215 [0.234367638826] [0.378788411617]
0.299877434969 [0.225256860256] [0.374498009682]
0.29219403863 [0.216208159924] [0.368179917336]
0.2788076251745 [0.208097994328] [0.349517256021]
0.261074654758 [0.200291976333] [0.321857333183]
0.2435216456655 [0.193147361279] [0.293895930052]
0.22809407860050002 [0.186318293214] [0.269869863987]
0.2157211005685 [0.180762737989] [0.250679463148]
0.205623075366 [0.176725924015] [0.234520226717]
0.196544162929 [0.174566969275] [0.218521356583]
0.187467858195 [0.173536688089] [0.201399028301]
0.1778728961945 [0.171336442232] [0.184409350157]
0.16913133114599999 [0.168765038252] [0.16949762404]
0.16161620616900002 [0.164440497756] [0.158791914582]
0.1561153531075 [0.160158202052] [0.152072504163]
0.150038719177 [0.157130166888] [0.142947271466]
0.1420078352095 [0.152691602707] [0.131324067712]
0.129809502512 [0.141266644001] [0.118352361023]
0.11105997860450001 [0.119744978845] [0.102374978364]
0.09417337179169999 [0.100483909249] [0.0878628343344]
0.08137974888085 [0.0856396332383] [0.0771198645234]
0.07189350575209999 [0.0751248300076] [0.0686621814966]
0.0651050172746 [0.0670017674565] [0.0632082670927]
0.060121286660449996 [0.0611522383988] [0.0590903349221]
0.05498447455465 [0.0544626861811] [0.0555062629282]
0.050179312005599996 [0.0482953973114] [0.0520632266998]
0.0468716323376 [0.0445219539106] [0.0492213107646]
0.0449906848371 [0.0428797416389] [0.0471016280353]
0.04378902725875 [0.0417960770428] [0.0457819774747]
0.0430810302496 [0.0409524217248] [0.0452096387744]
0.0426011104137 [0.0403039120138] [0.0448983088136]
0.04219936579465 [0.0397501029074] [0.0446486286819]
0.0418507568538 [0.039294809103] [0.0444067046046]
0.0417119525373 [0.0391167923808] [0.0443071126938]
0.041893867775799995 [0.0393454767764] [0.0444422587752]
0.0427968353033 [0.0400480590761] [0.0455456115305]
0.0440959651023 [0.0409110113978] [0.0472809188068]
0.0456380750984 [0.0417392626405] [0.0495368875563]
0.04715803079305 [0.0424001961946] [0.0519158653915]
0.04923603124915 [0.0430619455874] [0.0554101169109]
0.05249615944925 [0.0440832525492] [0.0609090663493]
0.0570611003786 [0.0462035797536] [0.0679186210036]
0.06348968669775 [0.0519911050797] [0.0749882683158]
0.07125969231125 [0.0629833936691] [0.0795359909534]
0.07802369818089999 [0.0765997543931] [0.0794476419687]
0.0786760747433 [0.0830153897405] [0.0743367597461]
0.07475904747845 [0.083094149828] [0.0664239451289]
0.0686327982694 [0.0798889622092] [0.0573766343296]
0.0621749274433 [0.0745999142528] [0.0497499406338]
0.0573221798986 [0.0701913535595] [0.0444530062377]
0.05381376482545 [0.0670448839664] [0.0405826456845]
0.0508479587734 [0.0643082559109] [0.0373876616359]
0.0483134109527 [0.0616290718317] [0.0349977500737]
0.0461810734123 [0.0591302514076] [0.033231895417]
0.0443999078125 [0.0568055249751] [0.0319942906499]
0.043131172657000005 [0.0551010966301] [0.0311612486839]
0.04273084551095 [0.0548394545913] [0.0306222364306]
0.04312384314835 [0.0560222603381] [0.0302254259586]
0.0440824655816 [0.0583196468651] [0.0298452842981]
0.0453309118748 [0.061186760664] [0.0294750630856]
0.0467416467145 [0.0643261447549] [0.0291571486741]
0.048576919361949994 [0.0679928585887] [0.0291609801352]
0.0511724688113 [0.0724332779646] [0.029911659658]
0.05481773242355 [0.0775237828493] [0.0321116819978]
0.05941340513525 [0.0826353803277] [0.0361914299428]
0.06463036499915001 [0.0880421772599] [0.0412185527384]
0.0708526764065 [0.0937968045473] [0.0479085482657]
0.07906017638765 [0.100714437664] [0.0574059151113]
0.09101730957615001 [0.109825722873] [0.0722088962793]
0.10593216866265001 [0.119883567095] [0.0919807702303]
0.11803711950750001 [0.126127004623] [0.109947234392]
0.1227859556675 [0.126046180725] [0.11952573061]
0.1179477572445 [0.119405984879] [0.11648952961]
0.1078407391905 [0.108528628945] [0.107152849436]
0.0973633415997 [0.0966673642397] [0.0980593189597]
0.08707565441725 [0.0851714387536] [0.0889798700809]
0.0781267285347 [0.0761940553784] [0.080059401691]
0.07123164832595 [0.0697326883674] [0.0727306082845]
0.067153327167 [0.0658397749066] [0.0684668794274]
0.0657801292837 [0.0645769014955] [0.0669833570719]
0.0661868788302 [0.0651200935245] [0.0672536641359]
0.0673448778689 [0.0665869936347] [0.0681027621031]
0.06851932778955 [0.0682609677315] [0.0687776878476]
0.06934099644425 [0.0697245523334] [0.0689574405551]
0.06959719955919999 [0.070555716753] [0.0686386823654]
0.06890351325275 [0.0702456906438] [0.0675613358617]
0.06661681830880001 [0.0679603591561] [0.0652732774615]
0.0620402172208 [0.0623963586986] [0.061684075743]
0.056500421837000006 [0.0554594807327] [0.0575413629413]
0.0522962883115 [0.0498745776713] [0.0547179989517]
0.0502674430609 [0.0458954200149] [0.0546394661069]
0.050549903884499994 [0.0439102053642] [0.0571896024048]
0.0524458959699 [0.0434783175588] [0.061413474381]
0.053394373506300004 [0.0433246418834] [0.0634641051292]
0.0518235433847 [0.0423536114395] [0.0612934753299]
0.0490483697504 [0.0403188727796] [0.0577778667212]
0.0465488638729 [0.0378239490092] [0.0552737787366]
0.04433778114615 [0.0350942201912] [0.0535813421011]
0.0420830100775 [0.0324452184141] [0.0517208017409]
0.04011823423205 [0.0302681364119] [0.0499683320522]
0.03889680467545 [0.0290157832205] [0.0487778261304]
0.03890624362975 [0.0291597042233] [0.0486527830362]
0.0406964896247 [0.0311167817563] [0.0502761974931]
0.044639049097850006 [0.0350206457078] [0.0542574524879]
0.050635367631900005 [0.0410497710109] [0.0602209642529]
0.0573247820139 [0.0475249215961] [0.0671246424317]
0.0631702709943 [0.0521847940981] [0.0741557478905]
0.06788579188285 [0.0550289340317] [0.080742649734]
